Applications Graphics Acceleration Info:
Uptime: 338469291 Realtime: 373143401

** Graphics info for pid 12998 [com.auroratv.lab] **

Stats since: 338457775524387ns
Total frames rendered: 424
Janky frames: 9 (2.12%)
Janky frames (legacy): 376 (88.68%)
50th percentile: 24ms
90th percentile: 36ms
95th percentile: 44ms
99th percentile: 93ms
Number Missed Vsync: 1
Number High input latency: 829
Number Slow UI thread: 7
Number Slow bitmap uploads: 0
Number Slow issue draw commands: 8
Number Frame deadline missed: 9
Number Frame deadline missed (legacy): 10
HISTOGRAM: 5ms=0 6ms=0 7ms=0 8ms=0 9ms=0 10ms=0 11ms=0 12ms=0 13ms=5 14ms=10 15ms=8 16ms=2 17ms=2 18ms=0 19ms=1 20ms=3 21ms=5 22ms=32 23ms=97 24ms=62 25ms=23 26ms=18 27ms=1 28ms=1 29ms=2 30ms=3 31ms=11 32ms=36 34ms=48 36ms=25 38ms=2 40ms=4 42ms=0 44ms=3 46ms=2 48ms=3 53ms=3 57ms=2 61ms=0 65ms=0 69ms=0 73ms=0 77ms=0 81ms=0 85ms=1 89ms=3 93ms=2 97ms=3 101ms=0 105ms=1 109ms=0 113ms=0 117ms=0 121ms=0 125ms=0 129ms=0 133ms=0 150ms=0 200ms=0 250ms=0 300ms=0 350ms=0 400ms=0 450ms=0 500ms=0 550ms=0 600ms=0 650ms=0 700ms=0 750ms=0 800ms=0 850ms=0 900ms=0 950ms=0 1000ms=0 1050ms=0 1100ms=0 1150ms=0 1200ms=0 1250ms=0 1300ms=0 1350ms=0 1400ms=0 1450ms=0 1500ms=0 1550ms=0 1600ms=0 1650ms=0 1700ms=0 1750ms=0 1800ms=0 1850ms=0 1900ms=0 1950ms=0 2000ms=0 2050ms=0 2100ms=0 2150ms=0 2200ms=0 2250ms=0 2300ms=0 2350ms=0 2400ms=0 2450ms=0 2500ms=0 2550ms=0 2600ms=0 2650ms=0 2700ms=0 2750ms=0 2800ms=0 2850ms=0 2900ms=0 2950ms=0 3000ms=0 3050ms=0 3100ms=0 3150ms=0 3200ms=0 3250ms=0 3300ms=0 3350ms=0 3400ms=0 3450ms=0 3500ms=0 3550ms=0 3600ms=0 3650ms=0 3700ms=0 3750ms=0 3800ms=0 3850ms=0 3900ms=0 3950ms=0 4000ms=0 4050ms=0 4100ms=0 4150ms=0 4200ms=0 4250ms=0 4300ms=0 4350ms=0 4400ms=0 4450ms=0 4500ms=0 4550ms=0 4600ms=0 4650ms=0 4700ms=0 4750ms=0 4800ms=0 4850ms=0 4900ms=0 4950ms=0
50th gpu percentile: 7ms
90th gpu percentile: 10ms
95th gpu percentile: 13ms
99th gpu percentile: 4950ms
GPU HISTOGRAM: 1ms=0 2ms=0 3ms=0 4ms=0 5ms=0 6ms=1 7ms=323 8ms=16 9ms=37 10ms=23 11ms=0 12ms=2 13ms=1 14ms=2 15ms=0 16ms=1 17ms=0 18ms=0 19ms=4 20ms=2 21ms=1 22ms=1 23ms=0 24ms=0 25ms=1 4950ms=9

Pipeline=Skia (OpenGL)
Memory policy:
  Max surface area: 2073600
  Max resource usage: 99.53MB (x48)
  Background retention: 50% (altUiHidden = true)
  GPU Context timeout: 10
Contexts: 1 (stopped = 0)
CPU Caches:
  Glyph Cache: 1.86 MB (1 entry)
  Glyph Count: 95 
Total CPU memory usage:
  1949877 bytes, 1.86 MB (0.00 bytes is purgeable)
GPU Caches:
  Image:
    Texture: 16.46 MB (46 entries)
  Other:
    Other: 180.04 KB (1 entry)
    Buffer Object: 464.00 bytes (2 entries)
    StencilAttachment: 15.00 KB (4 entries)
  Scratch:
    RenderTarget: 12.84 MB (40 entries)
    Texture: 4.04 MB (6 entries)
    Buffer Object: 78.03 KB (3 entries)
Total GPU memory usage:
  35235660 bytes, 33.60 MB (14.04 MB is purgeable)

Profile data in ms:

	com.auroratv.lab/com.auroratv.MainActivity/android.view.ViewRootImpl@854baec (visibility=0)
Window: com.auroratv.lab/com.auroratv.MainActivity
Stats since: 338457775523262ns
Total frames rendered: 424
Janky frames: 9 (2.12%)
Janky frames (legacy): 376 (88.68%)
50th percentile: 24ms
90th percentile: 36ms
95th percentile: 44ms
99th percentile: 93ms
Number Missed Vsync: 1
Number High input latency: 829
Number Slow UI thread: 7
Number Slow bitmap uploads: 0
Number Slow issue draw commands: 8
Number Frame deadline missed: 9
Number Frame deadline missed (legacy): 10
HISTOGRAM: 5ms=0 6ms=0 7ms=0 8ms=0 9ms=0 10ms=0 11ms=0 12ms=0 13ms=5 14ms=10 15ms=8 16ms=2 17ms=2 18ms=0 19ms=1 20ms=3 21ms=5 22ms=32 23ms=97 24ms=62 25ms=23 26ms=18 27ms=1 28ms=1 29ms=2 30ms=3 31ms=11 32ms=36 34ms=48 36ms=25 38ms=2 40ms=4 42ms=0 44ms=3 46ms=2 48ms=3 53ms=3 57ms=2 61ms=0 65ms=0 69ms=0 73ms=0 77ms=0 81ms=0 85ms=1 89ms=3 93ms=2 97ms=3 101ms=0 105ms=1 109ms=0 113ms=0 117ms=0 121ms=0 125ms=0 129ms=0 133ms=0 150ms=0 200ms=0 250ms=0 300ms=0 350ms=0 400ms=0 450ms=0 500ms=0 550ms=0 600ms=0 650ms=0 700ms=0 750ms=0 800ms=0 850ms=0 900ms=0 950ms=0 1000ms=0 1050ms=0 1100ms=0 1150ms=0 1200ms=0 1250ms=0 1300ms=0 1350ms=0 1400ms=0 1450ms=0 1500ms=0 1550ms=0 1600ms=0 1650ms=0 1700ms=0 1750ms=0 1800ms=0 1850ms=0 1900ms=0 1950ms=0 2000ms=0 2050ms=0 2100ms=0 2150ms=0 2200ms=0 2250ms=0 2300ms=0 2350ms=0 2400ms=0 2450ms=0 2500ms=0 2550ms=0 2600ms=0 2650ms=0 2700ms=0 2750ms=0 2800ms=0 2850ms=0 2900ms=0 2950ms=0 3000ms=0 3050ms=0 3100ms=0 3150ms=0 3200ms=0 3250ms=0 3300ms=0 3350ms=0 3400ms=0 3450ms=0 3500ms=0 3550ms=0 3600ms=0 3650ms=0 3700ms=0 3750ms=0 3800ms=0 3850ms=0 3900ms=0 3950ms=0 4000ms=0 4050ms=0 4100ms=0 4150ms=0 4200ms=0 4250ms=0 4300ms=0 4350ms=0 4400ms=0 4450ms=0 4500ms=0 4550ms=0 4600ms=0 4650ms=0 4700ms=0 4750ms=0 4800ms=0 4850ms=0 4900ms=0 4950ms=0
50th gpu percentile: 7ms
90th gpu percentile: 10ms
95th gpu percentile: 13ms
99th gpu percentile: 4950ms
GPU HISTOGRAM: 1ms=0 2ms=0 3ms=0 4ms=0 5ms=0 6ms=1 7ms=323 8ms=16 9ms=37 10ms=23 11ms=0 12ms=2 13ms=1 14ms=2 15ms=0 16ms=1 17ms=0 18ms=0 19ms=4 20ms=2 21ms=1 22ms=1 23ms=0 24ms=0 25ms=1 4950ms=9



---PROFILEDATA---
Flags,FrameTimelineVsyncId,IntendedVsync,Vsync,InputEventId,HandleInputStart,AnimationStart,PerformTraversalsStart,DrawStart,FrameDeadline,FrameInterval,FrameStartTime,SyncQueued,SyncStart,IssueDrawCommandsStart,SwapBuffers,FrameCompleted,DequeueBufferDuration,QueueBufferDuration,GpuCompleted,SwapBuffersCompleted,DisplayPresentTime,CommandSubmissionCompleted,
0,117284198,338464546557274,338464546557274,0,338464546807098,338464546808515,338464547298057,338464547442723,338464598841291,338464546801223,16800342,338464547643765,338464553760598,338464554656640,338464569707223,338464576386723,11970667,290083,338464576386723,338464570356473,-1,338464569707223,
0,117284206,338464563357616,338464563357616,0,338464563611807,338464563613182,338464564097973,338464564240723,338464615641633,338464563606432,16800342,338464564442807,338464570487973,338464571462807,338464586499432,338464593084015,11968958,336333,338464593084015,338464587128515,-1,338464586499432,
0,117284214,338464580157958,338464580157958,0,338464580413932,338464580415182,338464580956723,338464581104307,338464632441975,338464580408432,16800342,338464581489682,338464587292098,338464588260223,338464603273807,338464609793223,11974250,291417,338464609793223,338464603925348,-1,338464603273807,
0,117284222,338464596958300,338464596958300,0,338464597215598,338464597216682,338464597651098,338464597799223,338464649242317,338464597210223,16800342,338464598007848,338464604087973,338464605047182,338464620142515,338464626658223,12004625,358667,338464626658223,338464620796932,-1,338464620142515,
0,117284230,338464613758642,338464613758642,0,338464614010932,338464614012223,338464614434848,338464614579140,338464666042659,338464614005307,16800342,338464614766932,338464620936223,338464621897265,338464636878640,338464643382682,11960500,295667,338464643382682,338464637463307,-1,338464636878640,
0,117284238,338464630558984,338464630558984,0,338464630807265,338464630808473,338464631234640,338464631378473,338464682843001,338464630801390,16800342,338464631565515,338464637596807,338464638571432,338464653637807,338464660132015,12127375,309375,338464660132015,338464654282890,-1,338464653637807,
0,117284246,338464647359326,338464647359326,0,338464647606390,338464647607723,338464648111973,338464648258807,338464699643343,338464647600890,16800342,338464648430598,338464654417640,338464655371682,338464670488515,338464676982307,12096459,289666,338464676982307,338464671069307,-1,338464670488515,
0,117284254,338464664159668,338464664159668,0,338464664411140,338464664412432,338464664835640,338464664979057,338464716443685,338464664405348,16800342,338464665148432,338464671269473,338464672233015,338464687113515,338464693711432,11971792,287667,338464693711432,338464687761223,-1,338464687113515,
0,117284262,338464680960010,338464680960010,0,338464681236265,338464681237348,338464681669932,338464681811848,338464733244027,338464681230765,16800342,338464681959307,338464687894598,338464688899723,338464704110557,338464710602390,12159625,354083,338464710602390,338464704759265,-1,338464704110557,
0,117284270,338464697760352,338464697760352,0,338464698012723,338464698014515,338464698513807,338464698658098,338464750044369,338464698007223,16800342,338464698803098,338464704893390,338464705852223,338464722250140,338464728801182,12669916,355375,338464728801182,338464722979682,-1,338464722250140,
0,117284278,338464714560694,338464714560694,0,338464714812640,338464714813932,338464715579640,338464715751098,338464766844711,338464714807098,16800342,338464715917307,338464723149432,338464724299473,338464739615723,338464746209140,10977792,530958,338464746209140,338464740682973,-1,338464739615723,
0,117284286,338464731361036,338464731361036,0,338464731710015,338464731711723,338464742833932,338464743049307,338464783645053,338464731702015,16800342,338464743178973,338464743356598,338464745194557,338464755596723,338464762124973,6831500,412833,338464762124973,338464756393307,-1,338464755596723,
0,117284294,338464748161378,338464748161378,0,338464748535140,338464748536973,338464749016015,338464749232557,338464800445395,338464748527223,16800342,338464749277932,338464756558598,338464757424140,338464772910182,338464779463682,11730708,367708,338464779463682,338464773656890,-1,338464772910182,
0,117284302,338464764961720,338464764961720,0,338464765368765,338464765371348,338464765985848,338464766309223,338464817245737,338464765359223,16800342,338464766359848,338464773819807,338464774654890,338464790511182,338464797014765,11290708,367375,338464797014765,338464791255223,-1,338464790511182,
0,117284310,338464781762062,338464781762062,0,338464782170807,338464782173057,338464782816307,338464783044432,338464834046079,338464782160973,16800342,338464783095182,338464791414223,338464792332557,338464807731390,338464814289890,10482792,732250,338464814289890,338464808968473,-1,338464807731390,
0,117284318,338464798562404,338464798562404,0,338464798968557,338464798971223,338464799606223,338464799833598,338464850846421,338464798959348,16800342,338464799884557,338464809129515,338464810066890,338464824120473,338464830666598,9476458,432917,338464830666598,338464825001015,-1,338464824120473,
0,117284326,338464815362746,338464815362746,0,338464815707848,338464815709598,338464816295848,338464816495848,338464867646763,338464815699765,16800342,338464816540765,338464825189015,338464826168765,338464839897515,338464846586307,9835500,437917,338464846586307,338464840914265,-1,338464839897515,
0,117284334,338464832163088,338464832163088,0,338464832515473,338464832517432,338464833066848,338464833300682,338464884447105,338464832506890,16800342,338464833345890,338464841216390,338464842419848,338464856814598,338464863329098,10543667,385291,338464863329098,338464857582432,-1,338464856814598,
0,117284342,338464848963430,338464848963430,0,338464849382057,338464849384140,338464850026098,338464850253557,338464901247447,338464849371848,16800342,338464850302932,338464857744057,338464858600473,338464874437182,338464881052348,11587292,367500,338464881052348,338464875184223,-1,338464874437182,
0,117284350,338464865763772,338464865763772,0,338464866167390,338464866170182,338464866681390,338464866900848,338464918047789,338464866158098,16800342,338464866948348,338464875347182,338464876230515,338464891286348,338464897835557,10518208,489833,338464897835557,338464892224973,-1,338464891286348,
0,117284358,338464882564114,338464882564114,0,338464882979765,338464882982307,338464883624890,338464883850848,338464934848131,338464882969807,16800342,338464883901890,338464892675432,338464893513682,338464908438390,338464914979890,10026166,439083,338464914979890,338464909450307,-1,338464908438390,
0,117284366,338464899364456,338464899364456,0,338464899712432,338464899714265,338464900332182,338464900535723,338464951648473,338464899704223,16800342,338464900582015,338464909639140,338464910757348,338464924373973,338464931012682,9403333,798958,338464931012682,338464925625515,-1,338464924373973,
0,117284374,338464916164798,338464916164798,0,338464916513765,338464916515432,338464916989640,338464917185807,338464968448815,338464916505973,16800342,338464917230765,338464925809807,338464926827557,338464940611515,338464947230223,9994042,611208,338464947230223,338464941664182,-1,338464940611515,
0,117284511,338465235371296,338465235371296,-126453083,338465235637682,338465235638807,338465285391807,338465285644099,338465254054629,338465235631974,16800342,338465299163682,338465299289390,338465301004849,338465304081599,338465322915599,21417,321708,338465322915599,338465304700057,-1,338465304081599,
0,117284518,338465252171638,338465285772322,0,338465301529474,338465301530599,338465302224474,338465302475974,338465354856681,338465301515432,16800342,338465303239224,338465304838432,338465305804390,338465310648015,338465347337557,17084,12068042,338465347337557,338465323009140,-1,338465310648015,
0,117284525,338465302572664,338465302572664,0,338465306487765,338465306489265,338465307239182,338465307408265,338465371657023,338465306479099,16800342,338465307649390,338465323142015,338465324061557,338465344845724,338465372134974,15571125,2264708,338465372134974,338465347413432,-1,338465344845724,
0,117284532,338465319373006,338465319373006,0,338465324419099,338465324420474,338465328190474,338465328364349,338465405257707,338465324413182,16800342,338465329947682,338465347548224,338465348581682,338465361471224,338465389138557,7787958,10446834,338465389138557,338465372233182,-1,338465361471224,
0,117284540,338465336173348,338465336173348,0,338465348987390,338465348989140,338465349507015,338465349656307,338465422058049,338465348980099,16800342,338465349873265,338465372364390,338465373253932,338465394754224,338465403710640,16663375,297000,338465403710640,338465395341140,-1,338465394754224,
0,117284548,338465352973690,338465369774032,0,338465373517307,338465373518307,338465373998432,338465374132557,338465438858391,338465373506849,16800342,338465374336974,338465395528599,338465396486557,338465411224849,338465420409474,10193125,301792,338465420409474,338465411814515,-1,338465411224849,
0,117284557,338465386574374,338465386574374,0,338465396752140,338465396753140,338465397237557,338465397371682,338465455658733,338465396747140,16800342,338465397569932,338465411950390,338465412968057,338465427290849,338465436262432,10478292,303041,338465436262432,338465427887724,-1,338465427290849,
0,117284565,338465403374716,338465403374716,0,338465413251890,338465413252849,338465413716265,338465413852099,338465472459075,338465413246849,16800342,338465414354182,338465428046349,338465428991890,338465444153390,338465453115515,11297792,519875,338465453115515,338465444973015,-1,338465444153390,
0,117284573,338465420175058,338465420175058,0,338465429523349,338465429524640,338465429966515,338465430119557,338465489259417,338465429516682,16800342,338465430323640,338465445102890,338465446063307,338465460742724,338465469719890,11027834,284000,338465469719890,338465461327724,-1,338465460742724,
0,117284581,338465436975400,338465436975400,0,338465446359682,338465446360932,338465446838932,338465446972140,338465506059759,338465446354390,16800342,338465447162224,338465461460765,338465462342515,338465477330265,338465486326640,11506959,368167,338465486326640,338465477994515,-1,338465477330265,
0,117284589,338465453775742,338465453775742,0,338465462611099,338465462612015,338465463074640,338465463206932,338465522860101,338465462605765,16800342,338465463396265,338465478129390,338465479029432,338465494348432,338465503367182,11626291,347542,338465503367182,338465495059015,-1,338465494348432,
0,117284597,338465470576084,338465470576084,0,338465479295182,338465479296224,338465479699224,338465479831974,338465539660443,338465479289640,16800342,338465480071557,338465495189432,338465496164224,338465511090265,338465520132474,11285250,283208,338465520132474,338465511726724,-1,338465511090265,
0,117284605,338465487376426,338465487376426,0,338465496462807,338465496463807,338465496870140,338465497003057,338465556460785,338465496457515,16800342,338465497197974,338465511874974,338465512861640,338465530798140,338465539807640,11960375,393667,338465539807640,338465531621557,-1,338465530798140,
0,117284613,338465504176768,338465504176768,0,338465513126265,338465513127140,338465513539599,338465513672974,338465573261127,338465513121140,16800342,338465513863140,338465531920224,338465533342599,338465546719974,338465555716390,8284542,371166,338465555716390,338465547481390,-1,338465546719974,
0,117284621,338465520977110,338465520977110,0,338465533733182,338465533734932,338465534347515,338465534540724,338465590061469,338465533724599,16800342,338465534825849,338465547653182,338465549240390,338465564181890,338465570836307,9407292,663250,338465570836307,338465565245432,-1,338465564181890,
0,117284629,338465537777452,338465537777452,0,338465549956432,338465549958515,338465550617140,338465550920265,338465606861811,338465549945724,16800342,338465551229432,338465565415349,338465566663432,338465580911390,338465587559724,8846167,369666,338465587559724,338465581673349,-1,338465580911390,
0,117284637,338465554577794,338465554577794,0,338465567028640,338465567030224,338465567791599,338465568069015,338465623662153,338465567020599,16800342,338465568357182,338465582073890,338465583215182,338465598590557,338465605254349,9124084,888166,338465605254349,338465599926724,-1,338465598590557,
0,117284645,338465571378136,338465571378136,0,338465583437724,338465583438807,338465584204640,338465584397474,338465640462495,338465583430557,16800342,338465584733974,338465600131974,338465601282057,338465614234599,338465620880765,7531292,407459,338465620880765,338465615064182,-1,338465614234599,
0,117284653,338465588178478,338465588178478,0,338465601507390,338465601508765,338465602057807,338465602321057,338465657262837,338465601500057,16800342,338465602593265,338465615253099,338465616559432,338465631051724,338465637725807,9015417,683292,338465637725807,338465632201265,-1,338465631051724,
0,117284661,338465604978820,338465604978820,0,338465616906849,338465616908349,338465617495224,338465617904807,338465674063179,338465616897932,16800342,338465618197890,338465632400224,338465633953432,338465647616057,338465654262140,8384416,504541,338465654262140,338465648512849,-1,338465647616057,
0,117284669,338465621779162,338465621779162,0,338465634214807,338465634216349,338465635115640,338465635353890,338465690863521,338465634205807,16800342,338465635706307,338465648688724,338465650061057,338465664118682,338465670759974,9487083,370167,338465670759974,338465664885557,-1,338465664118682,
0,117284677,338465638579504,338465638579504,0,338465650316349,338465650318015,338465650940140,338465651433515,338465707663863,338465650307432,16800342,338465651813557,338465665059099,338465666200057,338465681603765,338465688294724,10180042,372583,338465688294724,338465682365682,-1,338465681603765,
0,117284685,338465655379846,338465655379846,0,338465666495099,338465666496765,338465667052140,338465667244015,338465724464205,338465666486057,16800342,338465667522390,338465682538140,338465683674015,338465698782765,338465705462849,9534875,440917,338465705462849,338465699713515,-1,338465698782765,
0,117284693,338465672180188,338465672180188,0,338465683899140,338465683900390,338465684427807,338465684611557,338465741264547,338465683892182,16800342,338465685126390,338465699914974,338465701255599,338465715050724,338465721713224,8572542,408250,338465721713224,338465715895932,-1,338465715050724,
0,117284701,338465688980530,338465688980530,0,338465701526515,338465701527932,338465702330307,338465702513182,338465758064889,338465701513807,16800342,338465702776474,338465716121557,338465717350890,338465730976349,338465737628140,9040791,416584,338465737628140,338465731816515,-1,338465730976349,
0,117284709,338465705780872,338465705780872,0,338465717634057,338465717635307,338465718184807,338465718626724,338465774865231,338465717626099,16800342,338465718924515,338465732056724,338465733311432,338465749349140,338465756063599,10350500,443917,338465756063599,338465750254682,-1,338465749349140,
0,117284717,338465722581214,338465722581214,0,338465733553557,338465733555015,338465734185099,338465734384224,338465791665573,338465733545265,16800342,338465734670682,338465750457682,338465751889390,338465765738807,338465772468349,8140958,560458,338465772468349,338465766762182,-1,338465765738807,
0,117284725,338465739381556,338465739381556,0,338465752399140,338465752400390,338465752949599,338465753131724,338465808465915,338465752391807,16800342,338465753442265,338465766965890,338465768487140,338465781280932,338465787921141,8338417,376917,338465787921141,338465782064391,-1,338465781280932,
0,117284733,338465756181898,338465756181898,0,338465769001890,338465769004057,338465769486057,338465769700390,338465825266257,338465768990515,16800342,338465770107265,338465782292974,338465783611099,338465798102974,338465804795307,10130584,371666,338465804795307,338465798858099,-1,338465798102974,
0,117284741,338465772982240,338465772982240,0,338465783866557,338465783868224,338465784463349,338465784715016,338465842066599,338465783857349,16800342,338465785000849,338465799032641,338465800215849,338465815422057,338465822092224,10534250,417958,338465822092224,338465816234724,-1,338465815422057,
0,117284749,338465789782582,338465789782582,0,338465800449307,338465800450599,338465800835474,338465801022766,338465858866941,338465800442141,16800342,338465801301932,338465816410432,338465817527266,338465833114349,338465839727766,10098250,475625,338465839727766,338465833990974,-1,338465833114349,
0,117284757,338465806582924,338465806582924,0,338465817740974,338465817742016,338465818169224,338465818399891,338465875667283,338465817733974,16800342,338465818644141,338465834169599,338465835289516,338465850494682,338465857155516,9104375,551708,338465857155516,338465851511099,-1,338465850494682,
0,117284765,338465823383266,338465823383266,0,338465835507932,338465835509057,338465835923224,338465836367724,338465892467625,338465835500099,16800342,338465836679307,338465851714224,338465853149724,338465866055766,338465872791474,7761000,438542,338465872791474,338465866950599,-1,338465866055766,
0,117284773,338465840183608,338465840183608,0,338465853405974,338465853407266,338465853822182,338465854009724,338465909267967,338465853398682,16800342,338465854248807,338465867261557,338465868732766,338465882798266,338465889438224,9011209,460125,338465889438224,338465883717141,-1,338465882798266,
0,117284781,338465856983950,338465856983950,0,338465868990766,338465868992432,338465869502724,338465869941307,338465926068309,338465868981766,16800342,338465870234307,338465883921099,338465885345599,338465899517349,338465906250016,9337333,403334,338465906250016,338465900414474,-1,338465899517349,
0,117284789,338465873784292,338465873784292,0,338465885634932,338465885636766,338465886088099,338465886302391,338465942868651,338465885625849,16800342,338465886929099,338465900589391,338465901825224,338465917090224,338465923695474,9731875,468625,338465923695474,338465917952349,-1,338465917090224,
0,117284797,338465890584634,338465890584634,0,338465902067849,338465902069057,338465902454932,338465902641016,338465959668993,338465902060682,16800342,338465902959807,338465918127974,338465919361349,338465934956849,338465941730557,9239375,791209,338465941730557,338465936591766,-1,338465934956849,
0,117284805,338465907384976,338465907384976,0,338465919581182,338465919582391,338465920245057,338465920440307,338465976469335,338465919573766,16800342,338465920686266,338465936755182,338465937805766,338465949108599,338465955710807,7066500,653667,338465955710807,338465950154182,-1,338465949108599,
0,117284813,338465924185318,338465924185318,0,338465938011557,338465938012891,338465938378891,338465938579932,338465993269677,338465938005766,16800342,338465938795307,338465950309974,338465951307557,338465966880474,338465973460932,10368167,615958,338465973460932,338465967931891,-1,338465966880474,
0,117284821,338465940985660,338465940985660,0,338465951518141,338465951519182,338465951880099,338465952102349,338466010070019,338465951512432,16800342,338465952368182,338465968139099,338465969208516,338465981661016,338465988250724,8974541,602083,338465988250724,338465982619224,-1,338465981661016,
0,117284829,338465957786002,338465957786002,0,338465969423682,338465969424641,338465969765391,338465969921557,338466026870361,338465969417766,16800342,338465970145307,338465982766474,338465983683891,338465998190016,338466004757557,11140292,561334,338466004757557,338465999070474,-1,338465998190016,
0,117284837,338465974586344,338465974586344,0,338465983866266,338465983867474,338465984296766,338465984453557,338466043670703,338465983861391,16800342,338465984658599,338465999208266,338466000159349,338466014790766,338466021333641,11406208,542875,338466021333641,338466015635391,-1,338466014790766,
0,117284845,338465991386686,338465991386686,-451430336,338466000568349,338466000570057,338466000887266,338466001036182,338466060471045,338466000563016,16800342,338466001225641,338466015766599,338466016661932,338466031588224,338466038140599,11726167,339292,338466038140599,338466032231182,-1,338466031588224,
0,117284853,338466008187028,338466008187028,0,338466017510807,338466017512141,338466017829224,338466018006682,338466077271387,338466017504891,16800342,338466018311932,338466032364891,338466033233266,338466048464224,338466055037724,11976500,541459,338466055037724,338466049308724,-1,338466048464224,
0,117284861,338466024987370,338466024987370,-963755632,338466033628391,338466033629557,338466033927432,338466034067682,338466094071729,338466033622891,16800342,338466034246349,338466049452766,338466050306807,338466065965641,338466072598099,11840916,631959,338466072598099,338466066941932,-1,338466065965641,
0,117284869,338466041787712,338466041787712,0,338466051458807,338466051460141,338466051794182,338466051977099,338466110872071,338466051453307,16800342,338466052277349,338466067084724,338466068121724,338466082156099,338466088830557,10677709,550208,338466088830557,338466083023599,-1,338466082156099,
0,117284877,338466058588054,338466058588054,0,338466068302516,338466068303599,338466070337557,338466070508432,338466127672413,338466068297016,16800342,338466071159516,338466083156141,338466084196266,338466099132266,338466105697766,11434459,572084,338466105697766,338466100078766,-1,338466099132266,
0,117284885,338466075388396,338466075388396,0,338466084423224,338466084424266,338466096155141,338466096325349,338466144472755,338466084417974,16800342,338466100555141,338466100670682,338466101949932,338466116818682,338466123564724,10455250,541500,338466123564724,338466117654182,-1,338466116818682,
0,117284893,338466092188738,338466092188738,0,338466102528516,338466102529891,338466106226641,338466106401599,338466161273097,338466102521057,16800342,338466107712307,338466117786932,338466118784724,338466133534099,338466142408349,10405000,517625,338466142408349,338466134415557,-1,338466133534099,
0,117284901,338466108989080,338466108989080,0,338466119128141,338466119129474,338466119708974,338466119884641,338466178073439,338466119121516,16800342,338466120149891,338466134559599,338466135463266,338466149487391,338466157714099,10470167,558542,338466157714099,338466150394599,-1,338466149487391,
0,117284909,338466125789422,338466125789422,0,338466135784599,338466135785891,338466136379182,338466136523807,338466194873781,338466135778141,16800342,338466136737016,338466150550391,338466151499766,338466166045932,338466173615099,11274333,564834,338466173615099,338466166948224,-1,338466166045932,
0,117284917,338466142589764,338466142589764,0,338466151802182,338466151803141,338466152338932,338466152482932,338466211674123,338466151797516,16800342,338466152696516,338466167080641,338466168043766,338466182870849,338466190006516,11498959,555958,338466190006516,338466183717766,-1,338466182870849,
0,117284925,338466159390106,338466159390106,0,338466168402391,338466168403807,338466168950349,338466169099682,338466228474465,338466168396349,16800342,338466169315432,338466183849557,338466184863516,338466199726724,338466206631307,11559625,534208,338466206631307,338466200585891,-1,338466199726724,
0,117284933,338466176190448,338466176190448,0,338466185129682,338466185130516,338466185622974,338466185835307,338466245274807,338466185124932,16800342,338466186043932,338466200719516,338466201696057,338466216167057,338466222812307,11500375,554042,338466222812307,338466217020266,-1,338466216167057,
0,117284941,338466192990790,338466192990790,0,338466201954849,338466201955682,338466202476516,338466202614432,338466262075149,338466201949766,16800342,338466202816849,338466217169766,338466218059516,338466232863349,338466239553099,11914750,510292,338466239553099,338466233749682,-1,338466232863349,
0,117284949,338466209791132,338466209791132,0,338466218489724,338466218491182,338466218954932,338466219097141,338466278875491,338466218483807,16800342,338466219553266,338466233881474,338466234788766,338466249711724,338466256288016,11987917,562458,338466256288016,338466250567766,-1,338466249711724,
0,117284957,338466226591474,338466226591474,0,338466234956266,338466234957016,338466235545057,338466235685849,338466295675833,338466234951766,16800342,338466236109599,338466250698641,338466251682974,338466266328266,338466272909182,11881583,575583,338466272909182,338466267224557,-1,338466266328266,
0,117284965,338466243391816,338466243391816,0,338466251999432,338466252024516,338466252464849,338466252677224,338466312476175,338466251994182,16800342,338466252874682,338466267355349,338466268281391,338466283198141,338466289724891,12134917,528583,338466289724891,338466284054099,-1,338466283198141,
0,117284973,338466260192158,338466260192158,0,338466268445016,338466268445766,338466268872307,338466269083766,338466329276517,338466268440141,16800342,338466269283516,338466284185974,338466285178099,338466300358307,338466306885057,12133834,513834,338466306885057,338466301186599,-1,338466300358307,
0,117284981,338466276992500,338466276992500,0,338466285343141,338466285343932,338466285773224,338466285914141,338466346076859,338466285338224,16800342,338466286172891,338466301374141,338466302233932,338466319186557,338466325883932,12271333,860334,338466325883932,338466320536182,-1,338466319186557,
0,117284989,338466293792842,338466293792842,0,338466302437724,338466302438432,338466302862182,338466303004224,338466362877201,338466302432849,16800342,338466303173766,338466320791099,338466322163307,338466335655766,338466342349224,9121584,737875,338466342349224,338466336902641,-1,338466335655766,
0,117284997,338466310593184,338466310593184,0,338466322395599,338466322397016,338466322994057,338466323192974,338466379677543,338466322387682,16800342,338466323445557,338466337123682,338466338521766,338466351937224,338466358526891,9753916,676458,338466358526891,338466353018391,-1,338466351937224,
0,117285005,338466327393526,338466327393526,0,338466338751182,338466338752516,338466339347891,338466339595141,338466396477885,338466338742891,16800342,338466339820807,338466353171599,338466354316349,338466367946099,338466374518766,10313209,2061041,338466374518766,338466370373682,-1,338466367946099,
0,117285013,338466344193868,338466344193868,0,338466354519599,338466354520682,338466355118599,338466355290974,338466413278227,338466354513474,16800342,338466355470349,338466370521932,338466371594516,338466384836974,338466391381724,9822708,375334,338466391381724,338466385548474,-1,338466384836974,
0,117285021,338466360994210,338466360994210,0,338466371818224,338466371819474,338466372864182,338466373041057,338466430078569,338466371812224,16800342,338466373227516,338466385693307,338466386777557,338466401196932,338466407671766,11252666,618209,338466407671766,338466402137099,-1,338466401196932,
0,117285029,338466377794552,338466377794552,0,338466386964099,338466386965349,338466392815432,338466392966391,338466446878911,338466386958891,16800342,338466393058599,338466402315391,338466403528516,338466418451016,338466424962141,11410333,724833,338466424962141,338466419560932,-1,338466418451016,
0,117285037,338466394594894,338466394594894,0,338466404292141,338466404293474,338466404713432,338466404903724,338466463679253,338466404283766,16800342,338466404943641,338466419719766,338466420722141,338466436295349,338466442827141,11498416,443417,338466442827141,338466437168724,-1,338466436295349,
0,117285045,338466411395236,338466411395236,0,338466420938141,338466420939766,338466421417141,338466421606474,338466480479595,338466420930807,16800342,338466421650974,338466437344016,338466438311432,338466452128307,338466458637974,10256125,374541,338466458637974,338466452875641,-1,338466452128307,
0,117285053,338466428195578,338466428195578,0,338466438535641,338466438537182,338466439077766,338466439267682,338466497279937,338466438527141,16800342,338466439313099,338466453025057,338466453810516,338466469368224,338466475874766,11882417,423291,338466475874766,338466470183016,-1,338466469368224,
0,117285061,338466444995920,338466444995920,0,338466454002224,338466454003307,338466454473724,338466454643016,338466514080279,338466453995307,16800342,338466454684307,338466470344432,338466471196557,338466487174641,338466493693224,11484792,471917,338466493693224,338466488085599,-1,338466487174641,
0,117285069,338466461796262,338466461796262,0,338466471404016,338466471405266,338466471825099,338466472172766,338466530880621,338466471396641,16800342,338466472219766,338466488251141,338466489240224,338466503609266,338466510162683,10275208,464417,338466510162683,338466504504099,-1,338466503609266,
0,117285077,338466478596604,338466478596604,0,338466489448724,338466489450058,338466489889433,338466490070016,338466547680963,338466489441474,16800342,338466490112891,338466504678766,338466505607766,338466520798891,338466527350016,10552500,453000,338466527350016,338466521708599,-1,338466520798891,
0,117285085,338466495396946,338466495396946,0,338466505833558,338466505835308,338466506387183,338466506583391,338466564481305,338466505825766,16800342,338466506629224,338466521895891,338466522892724,338466536666558,338466543282224,10046084,451542,338466543282224,338466537738308,-1,338466536666558,
0,117285093,338466512197288,338466512197288,0,338466523137141,338466523138724,338466523617683,338466523822974,338466581281647,338466523128349,16800342,338466523871391,338466537927266,338466538935933,338466553461099,338466560045891,10822958,382541,338466560045891,338466554232474,-1,338466553461099,
0,117285101,338466528997630,338466528997630,0,338466539253224,338466539255183,338466539740141,338466539965683,338466598081989,338466539243391,16800342,338466540063849,338466554394474,338466555242058,338466571035016,338466577545391,11571208,383708,338466577545391,338466571824474,-1,338466571035016,
0,117285109,338466545797972,338466545797972,0,338466555454891,338466555456641,338466555959266,338466556180016,338466614882331,338466555447474,16800342,338466556221433,338466571990766,338466572882516,338466588437058,338466594974849,10780541,886417,338466594974849,338466589761058,-1,338466588437058,
0,117285117,338466562598314,338466562598314,0,338466573092683,338466573094183,338466573652224,338466573831016,338466631682673,338466573085433,16800342,338466573874724,338466589921974,338466590811183,338466605277016,338466611881474,9699584,872083,338466611881474,338466606687724,-1,338466605277016,
0,117285171,338466680200708,338466680200708,0,338466680503141,338466680504641,338466696146891,338466696449933,338466698884041,338466680496266,16800342,338466703628516,338466703772933,338466704794099,338466707727266,338466715466683,27833,421959,338466715466683,338466708578724,-1,338466707727266,
0,117285178,338466697001050,338466697001050,0,338466705186766,338466705188558,338466706676558,338466706946058,338466749285067,338466705176433,16800342,338466707340891,338466708728183,338466709649183,338466723121933,338466731941641,22750,443792,338466731941641,338466724054433,-1,338466723121933,
0,117285185,338466713801392,338466713801392,0,338466714213891,338466714215933,338466716323433,338466716611933,338466766085409,338466714205141,16800342,338466716651308,338466724226391,338466725204558,338466736250349,338466744993183,26875,435125,338466744993183,338466737070433,-1,338466736250349,
0,117285193,338466730601734,338466730601734,0,338466731265974,338466731267766,338466733166141,338466733445849,338466782885751,338466731257558,16800342,338466733905266,338466737228266,338466738101808,338466746126849,338466754985224,19083,990916,338466754985224,338466747624974,-1,338466746126849,
0,117285201,338466747402076,338466747402076,0,338466747727474,338466747729308,338466748969474,338466749175558,338466799686093,338466747719891,16800342,338466749598266,338466749714474,338466754876349,338466760685266,338466771918349,31542,380541,338466771918349,338466761412183,-1,338466760685266,
0,117285209,338466764202418,338466764202418,0,338466764538641,338466764540224,338466765669349,338466765845308,338466816486435,338466764531766,16800342,338466766174683,338466766285349,338466767117641,338466774107349,338466785311016,1257333,385500,338466785311016,338466774850016,-1,338466774107349,
0,117285217,338466781002760,338466781002760,0,338466781322724,338466781324391,338466782419308,338466782596641,338466833286777,338466781315433,16800342,338466782988516,338466783112683,338466784074391,338466788732724,338466795577183,748833,412375,338466795577183,338466789682058,-1,338466788732724,
0,117285225,338466797803102,338466797803102,0,338466798163766,338466798165724,338466799388724,338466799586641,338466850087119,338466798155683,16800342,338466800125224,338466800275058,338466801237599,338466805900183,338466812601349,649125,372708,338466812601349,338466806648724,-1,338466805900183,
0,117285233,338466814603444,338466814603444,0,338466814989016,338466814990974,338466816434266,338466816690724,338466866887461,338466814980599,16800342,338466817130849,338466817326433,338466818416433,338466824511974,338466831218974,729666,367917,338466831218974,338466825259933,-1,338466824511974,
0,117285241,338466831403786,338466831403786,0,338466831736433,338466831738224,338466832954516,338466833138266,338466883687803,338466831728849,16800342,338466833545974,338466833663641,338466834566599,338466839546933,338466846272683,738542,522500,338466846272683,338466840468808,-1,338466839546933,
0,117285249,338466848204128,338466848204128,0,338466848596599,338466848598641,338466850050266,338466850383474,338466900488145,338466848587516,16800342,338466850816641,338466850959016,338466852082683,338466856718558,338466863440724,173541,510292,338466863440724,338466857649558,-1,338466856718558,
0,117285257,338466865004470,338466865004470,0,338466865420808,338466865422891,338466866635141,338466866828391,338466917288487,338466865412683,16800342,338466867204433,338466867329849,338466868443308,338466874189849,338466880921224,1018709,448917,338466880921224,338466875088266,-1,338466874189849,
0,117285265,338466881804812,338466881804812,0,338466882160266,338466882162183,338466883322558,338466883558766,338466934088829,338466882152516,16800342,338466884137099,338466884262516,338466885218599,338466889717183,338466896510933,629292,927833,338466896510933,338466891172933,-1,338466889717183,
0,117285273,338466898605154,338466898605154,0,338466899024683,338466899027058,338466900469058,338466900671016,338466950889171,338466899014683,16800342,338466901061266,338466901231974,338466902237849,338466906827933,338466913548349,406125,666583,338466913548349,338466907983183,-1,338466906827933,
0,117285281,338466915405496,338466915405496,0,338466915812808,338466915815058,338466917401099,338466917630224,338466967689513,338466915803141,16800342,338466918089433,338466918240933,338466919634474,338466924200016,338466930914599,124083,702334,338466930914599,338466925289183,-1,338466924200016,
0,117285289,338466932205838,338466932205838,0,338466932623933,338466932626349,338466934369183,338466934598683,338466984489855,338466932614224,16800342,338466935161849,338466935318183,338466936700516,338466941385683,338466948095099,23250,675459,338466948095099,338466942444558,-1,338466941385683,
0,117285297,338466949006180,338466949006180,0,338466949393183,338466949395516,338466950727891,338466950926391,338467001290197,338466949363599,16800342,338466952592266,338466952748308,338466954031474,338466959172766,338466965800558,27000,884250,338466965800558,338466960507766,-1,338466959172766,
0,117285305,338466965806522,338466965806522,0,338466966164683,338466966166891,338466968543974,338466968767266,338467018090539,338466966156516,16800342,338466969219349,338466969358891,338466970774766,338466976314308,338466983054141,24917,451833,338466983054141,338466977329349,-1,338466976314308,
0,117285313,338466982606864,338466982606864,0,338466982982474,338466982984308,338466983337891,338466983540641,338467034890881,338466982974724,16800342,338466983855808,338466983981308,338466984975974,338466990164683,338466996763933,1521917,381584,338466996763933,338466990947183,-1,338466990164683,
0,117285321,338466999407206,338466999407206,0,338466999817141,338466999819433,338467000201016,338467000451724,338467051691223,338466999807099,16800342,338467000765391,338467000952308,338467002090474,338467007012599,338467013502599,1438500,374834,338467013502599,338467007758683,-1,338467007012599,
---PROFILEDATA---


View hierarchy:

  com.auroratv.lab/com.auroratv.MainActivity/android.view.ViewRootImpl@854baec
  357 views, 634.99 kB of render nodes


Total ViewRootImpl   : 1
Total attached Views : 357
Total RenderNode     : 634.99 kB (used) / 2550.89 kB (capacity)

