16683333
0	0	0
0	0	0
0	0	0
0	0	0
0	0	0
0	0	0
0	0	0
0	0	0
0	0	0
0	0	0
0	0	0
0	0	0
0	0	0
0	0	0
0	0	0
0	0	0
0	0	0
0	0	0
0	0	0
0	0	0
0	0	0
0	0	0
0	0	0
0	0	0
0	0	0
0	0	0
0	0	0
0	0	0
0	0	0
0	0	0
0	0	0
0	0	0
0	0	0
0	0	0
0	0	0
0	0	0
0	0	0
0	0	0
0	0	0
0	0	0
0	0	0
0	0	0
0	0	0
0	0	0
0	0	0
0	0	0
0	0	0
0	0	0
0	0	0
0	0	0
0	0	0
0	0	0
0	0	0
0	0	0
0	0	0
0	0	0
0	0	0
0	0	0
0	0	0
0	0	0
0	0	0
0	0	0
0	0	0
0	0	0
0	0	0
0	0	0
0	0	0
0	0	0
0	0	0
0	0	0
0	0	0
0	0	0
0	0	0
0	0	0
0	0	0
0	0	0
0	0	0
0	0	0
0	0	0
0	0	0
0	0	0
0	0	0
0	0	0
0	0	0
0	0	0
0	0	0
0	0	0
0	0	0
0	0	0
0	0	0
0	0	0
0	0	0
0	0	0
0	0	0
0	0	0
0	0	0
0	0	0
0	0	0
0	0	0
0	0	0
0	0	0
0	0	0
0	0	0
0	0	0
0	0	0
0	0	0
0	0	0
0	0	0
0	0	0
0	0	0
0	0	0
0	0	0
0	0	0
0	0	0
0	0	0
0	0	0
0	0	0
0	0	0
0	0	0
0	0	0
0	0	0
0	0	0
0	0	0
0	0	0
0	0	0
0	0	0
0	0	0

===
16683333
0	0	0
0	0	0
0	0	0
0	0	0
0	0	0
0	0	0
0	0	0
0	0	0
0	0	0
0	0	0
0	0	0
0	0	0
0	0	0
0	0	0
0	0	0
0	0	0
0	0	0
0	0	0
0	0	0
0	0	0
0	0	0
0	0	0
0	0	0
0	0	0
0	0	0
0	0	0
0	0	0
0	0	0
0	0	0
0	0	0
0	0	0
0	0	0
0	0	0
0	0	0
0	0	0
0	0	0
0	0	0
0	0	0
0	0	0
0	0	0
0	0	0
0	0	0
0	0	0
0	0	0
0	0	0
0	0	0
0	0	0
0	0	0
0	0	0
0	0	0
0	0	0
0	0	0
0	0	0
0	0	0
0	0	0
0	0	0
0	0	0
0	0	0
0	0	0
0	0	0
0	0	0
0	0	0
0	0	0
0	0	0
0	0	0
0	0	0
0	0	0
0	0	0
0	0	0
0	0	0
0	0	0
0	0	0
0	0	0
0	0	0
0	0	0
0	0	0
0	0	0
0	0	0
0	0	0
0	0	0
0	0	0
0	0	0
0	0	0
0	0	0
0	0	0
0	0	0
0	0	0
0	0	0
0	0	0
0	0	0
0	0	0
0	0	0
337386516369168	337386532035496	337386529042376
337386534879418	337386548718829	337386549682584
337386554917709	337386565402162	337386569789043
337386568591834	337386582085495	337386585365959
337386585548126	337386598768828	337386606752126
337386600066751	337386632135494	337386626505501
337386613430459	337386648818827	337386645598293
337386646203751	337386665502160	337386662002334
337386663824251	337386682185493	337386670180209
337386681012001	337386698868826	337386687362084
337386698334168	337386715552159	337386704669751
337386716467084	337386732235492	337386722815626
337386733509293	337386748918825	337386739814543
337386752679043	337386765602158	337386759034084
337386765415918	337386782285491	337386771758959
337386782484209	337386798968824	337386788751084
337386799574293	337386815652157	337386805870168
337386816879876	337386832335490	337386823118043
337386833449543	337386849018823	337386839489334
337387439935960	337387449618811	337387458264918
337387458461210	337387482985477	337387483821168
337387476298210	337387499668810	337387497992001
337387507868585	337387533035476	337387516435918
337387524285001	337387549718809	337387532993418
337387538571710	337387566402142	337387547317043
337387555193793	337387583085475	337387563703126
337387572406835	337387599768808	337387580941001
337387588149043	337387616452141	337387596723126
337387605273960	337387633135474	337387613876751
337387621344293	337387649818807	337387629966418
337387638385626	337387666502140	337387647000376
337387657273626	337387683185473	337387665803918
337387674951168	337387699868806	337387683377460
337387695357293	337387716552139	337387701504501
337387708427585	337387733235472	337387714541043

===
16683333
0	0	0
0	0	0
0	0	0
0	0	0
0	0	0
0	0	0
0	0	0
0	0	0
0	0	0
0	0	0
0	0	0
0	0	0
0	0	0
0	0	0
0	0	0
0	0	0
0	0	0
0	0	0
0	0	0
0	0	0
0	0	0
0	0	0
0	0	0
0	0	0
0	0	0
0	0	0
0	0	0
0	0	0
0	0	0
0	0	0
0	0	0
0	0	0
0	0	0
337386516369168	337386532035496	337386529042376
337386534879418	337386548718829	337386549682584
337386554917709	337386565402162	337386569789043
337386568591834	337386582085495	337386585365959
337386585548126	337386598768828	337386606752126
337386600066751	337386632135494	337386626505501
337386613430459	337386648818827	337386645598293
337386646203751	337386665502160	337386662002334
337386663824251	337386682185493	337386670180209
337386681012001	337386698868826	337386687362084
337386698334168	337386715552159	337386704669751
337386716467084	337386732235492	337386722815626
337386733509293	337386748918825	337386739814543
337386752679043	337386765602158	337386759034084
337386765415918	337386782285491	337386771758959
337386782484209	337386798968824	337386788751084
337386799574293	337386815652157	337386805870168
337386816879876	337386832335490	337386823118043
337386833449543	337386849018823	337386839489334
337387439935960	337387449618811	337387458264918
337387458461210	337387482985477	337387483821168
337387476298210	337387499668810	337387497992001
337387507868585	337387533035476	337387516435918
337387524285001	337387549718809	337387532993418
337387538571710	337387566402142	337387547317043
337387555193793	337387583085475	337387563703126
337387572406835	337387599768808	337387580941001
337387588149043	337387616452141	337387596723126
337387605273960	337387633135474	337387613876751
337387621344293	337387649818807	337387629966418
337387638385626	337387666502140	337387647000376
337387657273626	337387683185473	337387665803918
337387674951168	337387699868806	337387683377460
337387695357293	337387716552139	337387701504501
337387708427585	337387733235472	337387714541043
337387723353335	337387749918805	337387729494126
337387739644210	337387766602138	337387745810668
337387760221085	337387783285471	337387766268251
337387773560418	337387799968804	337387779574418
337387789898585	337387816652137	337387795940376
337387807917168	337387833335470	337387814047876
337387825229085	337387850018803	337387831289960
337387842324793	337387866702136	337387848397418
337387859306210	337387883385469	337387865422293
337387876613168	337387900068802	337387882686293
337387893091918	337387916752135	337387899178627
337387909626835	337387933435468	337387915604710
337387925890502	337387950118801	337387931995752
337387943447127	337387966802134	337387949623460
337387960645168	337387983485467	337387966787793
337387977170085	337388000168800	337387983233043
337387993145752	337388016852133	337387999202377
337388009222252	337388033535466	337388015421835
337388027750793	337388050218799	337388033839960
337388043741793	337388066902132	337388049808835
337388059744877	337388083585465	337388065862835
337388077004793	337388100268798	337388083192502
337388095191460	337388116952131	337388101398543
337388109764543	337388133635464	337388115975002
337388125699502	337388150318797	337388131821168
337388143008127	337388167002130	337388149087002
337388159974252	337388183685463	337388166087918
337388177051585	337388200368796	337388183162293
337388199167877	337388217052129	337388205332793
337388211802835	337388233735462	337388220202918
337388226418502	337388250418795	337388234206335
337388243540918	337388267102128	337388250666293
337388260117502	337388283785461	337388266749418
337388277244793	337388300468794	337388283708627
337388293655335	337388317152127	337388299897877
337388310426918	337388333835460	337388316570502
337388327351293	337388350518793	337388333498085
337388343370043	337388367202126	337388349484002
337388360717418	337388383885459	337388366831627
337388376891793	337388400568792	337388383005210
337388393738918	337388417252125	337388399883335
337388410380752	337388433935458	337388416488793
337388427207210	337388450618791	337388433244377
337388443754168	337388467302124	337388449668668
337388461296252	337388483985457	337388467371585
337388481660252	337388500668790	337388487524252
337388496488960	337388517352123	337388502563627
337388512868502	337388534035456	337388518884460
337388529977043	337388550718789	337388536232543
337388547086502	337388567402122	337388552987752
337388564874960	337388584085455	337388570812377
337388580899377	337388600768788	337388586874585
337388596574085	337388617452121	337388602621377
337388613835127	337388634135454	337388619876544
337388631259169	337388650818787	337388637170085
337388648293585	337388667502120	337388654307252
337388665267585	337388684185453	337388671246252
337388681575085	337388700868786	337388687557085
337388697351502	337388717552119	337388703384585

===
16683333
337387708427585	337387733235472	337387714541043
337387723353335	337387749918805	337387729494126
337387739644210	337387766602138	337387745810668
337387760221085	337387783285471	337387766268251
337387773560418	337387799968804	337387779574418
337387789898585	337387816652137	337387795940376
337387807917168	337387833335470	337387814047876
337387825229085	337387850018803	337387831289960
337387842324793	337387866702136	337387848397418
337387859306210	337387883385469	337387865422293
337387876613168	337387900068802	337387882686293
337387893091918	337387916752135	337387899178627
337387909626835	337387933435468	337387915604710
337387925890502	337387950118801	337387931995752
337387943447127	337387966802134	337387949623460
337387960645168	337387983485467	337387966787793
337387977170085	337388000168800	337387983233043
337387993145752	337388016852133	337387999202377
337388009222252	337388033535466	337388015421835
337388027750793	337388050218799	337388033839960
337388043741793	337388066902132	337388049808835
337388059744877	337388083585465	337388065862835
337388077004793	337388100268798	337388083192502
337388095191460	337388116952131	337388101398543
337388109764543	337388133635464	337388115975002
337388125699502	337388150318797	337388131821168
337388143008127	337388167002130	337388149087002
337388159974252	337388183685463	337388166087918
337388177051585	337388200368796	337388183162293
337388199167877	337388217052129	337388205332793
337388211802835	337388233735462	337388220202918
337388226418502	337388250418795	337388234206335
337388243540918	337388267102128	337388250666293
337388260117502	337388283785461	337388266749418
337388277244793	337388300468794	337388283708627
337388293655335	337388317152127	337388299897877
337388310426918	337388333835460	337388316570502
337388327351293	337388350518793	337388333498085
337388343370043	337388367202126	337388349484002
337388360717418	337388383885459	337388366831627
337388376891793	337388400568792	337388383005210
337388393738918	337388417252125	337388399883335
337388410380752	337388433935458	337388416488793
337388427207210	337388450618791	337388433244377
337388443754168	337388467302124	337388449668668
337388461296252	337388483985457	337388467371585
337388481660252	337388500668790	337388487524252
337388496488960	337388517352123	337388502563627
337388512868502	337388534035456	337388518884460
337388529977043	337388550718789	337388536232543
337388547086502	337388567402122	337388552987752
337388564874960	337388584085455	337388570812377
337388580899377	337388600768788	337388586874585
337388596574085	337388617452121	337388602621377
337388613835127	337388634135454	337388619876544
337388631259169	337388650818787	337388637170085
337388648293585	337388667502120	337388654307252
337388665267585	337388684185453	337388671246252
337388681575085	337388700868786	337388687557085
337388697351502	337388717552119	337388703384585
337389070687627	337389084585445	337389088990794
337389080133460	337389117952111	337389114279669
337389101460210	337389134635444	337389140317335
337389134354669	337389168002110	337389165919835
337389150736544	337389184685443	337389191943335
337389184093835	337389201368776	337389200991919
337389200708252	337389218052109	337389209566502
337389217504794	337389234735442	337389226063335
337389234260960	337389251418775	337389242857336
337389250766836	337389268102108	337389259392419
337389267371836	337389284785441	337389275880169
337389287999419	337389301468774	337389296449211
337389303484211	337389318152107	337389309577586
337389320554836	337389334835440	337389326686336
337389337627627	337389351518773	337389343806002
337389354666502	337389368202106	337389360802752
337389368961919	337389384885439	337389375085502
337389388036877	337389401568772	337389394069419
337389405565294	337389418252105	337389411565127
337389421110377	337389434935438	337389427126336
337389437639419	337389451618771	337389443817752
337389455281211	337389468302104	337389461330877
337389471064127	337389484985437	337389477148336
337389487540127	337389501668770	337389493771544
337389504818877	337389518352103	337389510935794
337389522364377	337389535035436	337389528446127
337389539381086	337389551718769	337389545437086
337389556533586	337389568402102	337389562609544
337389572262836	337389585085435	337389578316711
337389589007252	337389601768768	337389595102836
337389606451169	337389618452101	337389612571877
337389623763086	337389635135434	337389629922836
337389640361836	337389651818767	337389646420377
337389656915336	337389668502100	337389662972336
337389672659919	337389685185433	337389678748294
337389689748169	337389701868766	337389695861461
337389707637919	337389718552099	337389713804627
337389725075544	337389735235432	337389731090544
337389740643377	337389751918765	337389746717211
337389758680544	337389768602098	337389764772586
337389773093711	337389785285431	337389779377586
337389788933919	337389801968764	337389794982919
337389805788794	337389818652097	337389811925627
337389822031794	337389835335430	337389828252044
337389840969794	337389852018763	337389847196961
337389858132419	337389868702096	337389864369211
337389874490586	337389885385429	337389880863794
337389891330377	337389902068762	337389899844336
337389907008336	337389935435428	337389914728836
337389922638669	337389952118761	337389929732877
337389939339878	337389968802094	337389946132336
337389956219919	337389985485427	337389962724669
337389972775753	337390002168760	337389978964711
337389989584669	337390018852093	337389995806461
337390006366836	337390035535426	337390012566461
337390022833253	337390052218759	337390029006086
337390039675753	337390068902092	337390045835253
337390056657919	337390085585425	337390062762419
337390073281044	337390102268758	337390079380711
337390090093503	337390118952091	337390096199961
337390106864711	337390135635424	337390112958336
337390123911961	337390152318757	337390130111461
337390143172044	337390169002090	337390149241003
337390159847336	337390185685423	337390165989253
337390176530544	337390202368756	337390182542919
337390194052419	337390219052089	337390200032711
337390210441378	337390235735422	337390216347669

===
16683333
337388580899377	337388600768788	337388586874585
337388596574085	337388617452121	337388602621377
337388613835127	337388634135454	337388619876544
337388631259169	337388650818787	337388637170085
337388648293585	337388667502120	337388654307252
337388665267585	337388684185453	337388671246252
337388681575085	337388700868786	337388687557085
337388697351502	337388717552119	337388703384585
337389070687627	337389084585445	337389088990794
337389080133460	337389117952111	337389114279669
337389101460210	337389134635444	337389140317335
337389134354669	337389168002110	337389165919835
337389150736544	337389184685443	337389191943335
337389184093835	337389201368776	337389200991919
337389200708252	337389218052109	337389209566502
337389217504794	337389234735442	337389226063335
337389234260960	337389251418775	337389242857336
337389250766836	337389268102108	337389259392419
337389267371836	337389284785441	337389275880169
337389287999419	337389301468774	337389296449211
337389303484211	337389318152107	337389309577586
337389320554836	337389334835440	337389326686336
337389337627627	337389351518773	337389343806002
337389354666502	337389368202106	337389360802752
337389368961919	337389384885439	337389375085502
337389388036877	337389401568772	337389394069419
337389405565294	337389418252105	337389411565127
337389421110377	337389434935438	337389427126336
337389437639419	337389451618771	337389443817752
337389455281211	337389468302104	337389461330877
337389471064127	337389484985437	337389477148336
337389487540127	337389501668770	337389493771544
337389504818877	337389518352103	337389510935794
337389522364377	337389535035436	337389528446127
337389539381086	337389551718769	337389545437086
337389556533586	337389568402102	337389562609544
337389572262836	337389585085435	337389578316711
337389589007252	337389601768768	337389595102836
337389606451169	337389618452101	337389612571877
337389623763086	337389635135434	337389629922836
337389640361836	337389651818767	337389646420377
337389656915336	337389668502100	337389662972336
337389672659919	337389685185433	337389678748294
337389689748169	337389701868766	337389695861461
337389707637919	337389718552099	337389713804627
337389725075544	337389735235432	337389731090544
337389740643377	337389751918765	337389746717211
337389758680544	337389768602098	337389764772586
337389773093711	337389785285431	337389779377586
337389788933919	337389801968764	337389794982919
337389805788794	337389818652097	337389811925627
337389822031794	337389835335430	337389828252044
337389840969794	337389852018763	337389847196961
337389858132419	337389868702096	337389864369211
337389874490586	337389885385429	337389880863794
337389891330377	337389902068762	337389899844336
337389907008336	337389935435428	337389914728836
337389922638669	337389952118761	337389929732877
337389939339878	337389968802094	337389946132336
337389956219919	337389985485427	337389962724669
337389972775753	337390002168760	337389978964711
337389989584669	337390018852093	337389995806461
337390006366836	337390035535426	337390012566461
337390022833253	337390052218759	337390029006086
337390039675753	337390068902092	337390045835253
337390056657919	337390085585425	337390062762419
337390073281044	337390102268758	337390079380711
337390090093503	337390118952091	337390096199961
337390106864711	337390135635424	337390112958336
337390123911961	337390152318757	337390130111461
337390143172044	337390169002090	337390149241003
337390159847336	337390185685423	337390165989253
337390176530544	337390202368756	337390182542919
337390194052419	337390219052089	337390200032711
337390210441378	337390235735422	337390216347669
337390227004628	337390252418755	337390233042128
337390242689336	337390269102088	337390248758711
337390259295628	337390285785421	337390265330544
337390275420044	337390302468754	337390281764878
337390292702669	337390319152087	337390298736586
337390311019628	337390335835420	337390317006294
337390328758919	337390352518753	337390334658086
337390344206961	337390369202086	337390350185669
337390360696919	337390385885419	337390366680961
337390728936628	337390752918745	337390747231628
337390735085420	337390769602078	337390772415711
337390764981086	337390802968744	337390794324211
337390780563836	337390819652077	337390802973378
337390813521836	337390836335410	337390822222003
337390830361378	337390853018743	337390839148753
337390847384295	337390869702076	337390855924503
337390863796253	337390886385409	337390872328836
337390880812420	337390903068742	337390889402961
337390897451711	337390919752075	337390906055586
337390914485670	337390936435408	337390923100461
337390930819378	337390953118741	337390939427003
337390947517211	337390969802074	337390956075420
337390967063211	337390986485407	337390975454420
337390983407628	337391003168740	337390989520836
337391001112378	337391019852073	337391007233253
337391017945420	337391036535406	337391024081711
337391033829003	337391053218739	337391039969670
337391051536086	337391069902072	337391057666336
337391068236420	337391086585405	337391074196461
337391084783253	337391103268738	337391090956170
337391100489378	337391119952071	337391106642836
337391118207295	337391136635404	337391124306711
337391135391170	337391153318737	337391141474545
337391152647420	337391170002070	337391158701878
337391169745211	337391186685403	337391175819170
337391185560003	337391203368736	337391191518586
337391201772336	337391220052069	337391207886753
337391218945503	337391236735402	337391225051586
337391236577836	337391253418735	337391242678170
337391253500045	337391270102068	337391259578878
337391269020295	337391286785401	337391275100086
337391285268836	337391303468734	337391291397253
337391302431753	337391320152067	337391308534003
337391320196003	337391336835400	337391326178295
337391337043462	337391353518733	337391343149003
337391354268128	337391370202066	337391360328170
337391369627295	337391386885399	337391375682337
337391386743045	337391403568732	337391392594753
337391404071878	337391420252065	337391410119003
337391419432045	337391436935398	337391425214003
337391435049378	337391453618731	337391441249962
337391452458712	337391470302064	337391458654837

===
16683333
337389805788794	337389818652097	337389811925627
337389822031794	337389835335430	337389828252044
337389840969794	337389852018763	337389847196961
337389858132419	337389868702096	337389864369211
337389874490586	337389885385429	337389880863794
337389891330377	337389902068762	337389899844336
337389907008336	337389935435428	337389914728836
337389922638669	337389952118761	337389929732877
337389939339878	337389968802094	337389946132336
337389956219919	337389985485427	337389962724669
337389972775753	337390002168760	337389978964711
337389989584669	337390018852093	337389995806461
337390006366836	337390035535426	337390012566461
337390022833253	337390052218759	337390029006086
337390039675753	337390068902092	337390045835253
337390056657919	337390085585425	337390062762419
337390073281044	337390102268758	337390079380711
337390090093503	337390118952091	337390096199961
337390106864711	337390135635424	337390112958336
337390123911961	337390152318757	337390130111461
337390143172044	337390169002090	337390149241003
337390159847336	337390185685423	337390165989253
337390176530544	337390202368756	337390182542919
337390194052419	337390219052089	337390200032711
337390210441378	337390235735422	337390216347669
337390227004628	337390252418755	337390233042128
337390242689336	337390269102088	337390248758711
337390259295628	337390285785421	337390265330544
337390275420044	337390302468754	337390281764878
337390292702669	337390319152087	337390298736586
337390311019628	337390335835420	337390317006294
337390328758919	337390352518753	337390334658086
337390344206961	337390369202086	337390350185669
337390360696919	337390385885419	337390366680961
337390728936628	337390752918745	337390747231628
337390735085420	337390769602078	337390772415711
337390764981086	337390802968744	337390794324211
337390780563836	337390819652077	337390802973378
337390813521836	337390836335410	337390822222003
337390830361378	337390853018743	337390839148753
337390847384295	337390869702076	337390855924503
337390863796253	337390886385409	337390872328836
337390880812420	337390903068742	337390889402961
337390897451711	337390919752075	337390906055586
337390914485670	337390936435408	337390923100461
337390930819378	337390953118741	337390939427003
337390947517211	337390969802074	337390956075420
337390967063211	337390986485407	337390975454420
337390983407628	337391003168740	337390989520836
337391001112378	337391019852073	337391007233253
337391017945420	337391036535406	337391024081711
337391033829003	337391053218739	337391039969670
337391051536086	337391069902072	337391057666336
337391068236420	337391086585405	337391074196461
337391084783253	337391103268738	337391090956170
337391100489378	337391119952071	337391106642836
337391118207295	337391136635404	337391124306711
337391135391170	337391153318737	337391141474545
337391152647420	337391170002070	337391158701878
337391169745211	337391186685403	337391175819170
337391185560003	337391203368736	337391191518586
337391201772336	337391220052069	337391207886753
337391218945503	337391236735402	337391225051586
337391236577836	337391253418735	337391242678170
337391253500045	337391270102068	337391259578878
337391269020295	337391286785401	337391275100086
337391285268836	337391303468734	337391291397253
337391302431753	337391320152067	337391308534003
337391320196003	337391336835400	337391326178295
337391337043462	337391353518733	337391343149003
337391354268128	337391370202066	337391360328170
337391369627295	337391386885399	337391375682337
337391386743045	337391403568732	337391392594753
337391404071878	337391420252065	337391410119003
337391419432045	337391436935398	337391425214003
337391435049378	337391453618731	337391441249962
337391452458712	337391470302064	337391458654837
337391468565087	337391486985397	337391474699795
337391485333587	337391503668730	337391491547878
337391502077170	337391520352063	337391508239128
337391518436753	337391537035396	337391524597045
337391536753170	337391553718729	337391542894462
337391553493712	337391570402062	337391559653587
337391570133378	337391587085395	337391576253753
337391586991670	337391603768728	337391594687128
337391603680878	337391620452061	337391610800753
337391619730587	337391637135394	337391626512795
337391636658087	337391653818727	337391643107128
337391652876878	337391670502060	337391659104878
337391669651962	337391687185393	337391675857128
337391686319920	337391703868726	337391692500253
337391703134170	337391720552059	337391709299170
337391719832962	337391737235392	337391725969170
337391736677837	337391753918725	337391742774253
337391753411337	337391770602058	337391759506045
337391770197503	337391787285391	337391776317295
337391788858128	337391803968724	337391794921753
337391806497753	337391820652057	337391812528337
337391822401128	337391837335390	337391828404003
337391840383545	337391854018723	337391846379295
337391856507462	337391870702056	337391862598753
337391872924962	337391887385389	337391878934628
337391889555962	337391904068722	337391895587253
337391907381253	337391920752055	337391913423462
337391924680378	337391937435388	337391930689003
337391940501587	337391954118721	337391946551045
337391956505170	337391970802054	337391962473628
337391973215087	337391987485387	337391979329462
337391990909962	337392004168720	337391997002170
337392008220628	337392020852053	337392014123128
337392025499295	337392037535386	337392031455087
337392041144795	337392054218719	337392047150629
337392057204795	337392070902052	337392063245170
337392464661879	337392487985377	337392482964170
337392471593795	337392521352043	337392508145337
337392494212587	337392538035376	337392522240837
337392526944712	337392554718709	337392535525587
337392543555379	337392571402042	337392552264629
337392560483504	337392588085375	337392569255754
337392577110462	337392604768708	337392585646795
337392593953920	337392621452041	337392602504212
337392610748295	337392638135374	337392619297420
337392627590212	337392654818707	337392636200629
337392644271295	337392671502040	337392652884379
337392661086795	337392688185373	337392669719045
337392678889837	337392704868706	337392687405379
337392697328129	337392721552039	337392705784545

===
16683333
337391269020295	337391286785401	337391275100086
337391285268836	337391303468734	337391291397253
337391302431753	337391320152067	337391308534003
337391320196003	337391336835400	337391326178295
337391337043462	337391353518733	337391343149003
337391354268128	337391370202066	337391360328170
337391369627295	337391386885399	337391375682337
337391386743045	337391403568732	337391392594753
337391404071878	337391420252065	337391410119003
337391419432045	337391436935398	337391425214003
337391435049378	337391453618731	337391441249962
337391452458712	337391470302064	337391458654837
337391468565087	337391486985397	337391474699795
337391485333587	337391503668730	337391491547878
337391502077170	337391520352063	337391508239128
337391518436753	337391537035396	337391524597045
337391536753170	337391553718729	337391542894462
337391553493712	337391570402062	337391559653587
337391570133378	337391587085395	337391576253753
337391586991670	337391603768728	337391594687128
337391603680878	337391620452061	337391610800753
337391619730587	337391637135394	337391626512795
337391636658087	337391653818727	337391643107128
337391652876878	337391670502060	337391659104878
337391669651962	337391687185393	337391675857128
337391686319920	337391703868726	337391692500253
337391703134170	337391720552059	337391709299170
337391719832962	337391737235392	337391725969170
337391736677837	337391753918725	337391742774253
337391753411337	337391770602058	337391759506045
337391770197503	337391787285391	337391776317295
337391788858128	337391803968724	337391794921753
337391806497753	337391820652057	337391812528337
337391822401128	337391837335390	337391828404003
337391840383545	337391854018723	337391846379295
337391856507462	337391870702056	337391862598753
337391872924962	337391887385389	337391878934628
337391889555962	337391904068722	337391895587253
337391907381253	337391920752055	337391913423462
337391924680378	337391937435388	337391930689003
337391940501587	337391954118721	337391946551045
337391956505170	337391970802054	337391962473628
337391973215087	337391987485387	337391979329462
337391990909962	337392004168720	337391997002170
337392008220628	337392020852053	337392014123128
337392025499295	337392037535386	337392031455087
337392041144795	337392054218719	337392047150629
337392057204795	337392070902052	337392063245170
337392464661879	337392487985377	337392482964170
337392471593795	337392521352043	337392508145337
337392494212587	337392538035376	337392522240837
337392526944712	337392554718709	337392535525587
337392543555379	337392571402042	337392552264629
337392560483504	337392588085375	337392569255754
337392577110462	337392604768708	337392585646795
337392593953920	337392621452041	337392602504212
337392610748295	337392638135374	337392619297420
337392627590212	337392654818707	337392636200629
337392644271295	337392671502040	337392652884379
337392661086795	337392688185373	337392669719045
337392678889837	337392704868706	337392687405379
337392697328129	337392721552039	337392705784545
337392714219670	337392738235372	337392720400587
337392729683254	337392754918705	337392735897546
337392745741004	337392771602038	337392751900212
337392763117671	337392788285371	337392769265462
337392779958337	337392804968704	337392786092587
337392797900087	337392821652037	337392804042712
337392814525004	337392838335370	337392820645171
337392832225171	337392855018703	337392838342087
337392849023046	337392871702036	337392855078171
337392864773671	337392888385369	337392870844171
337392881470421	337392905068702	337392887447004
337392897945796	337392921752035	337392904185712
337392915390462	337392938435368	337392921702004
337392932928712	337392955118701	337392939051837
337392949735879	337392971802034	337392955800546
337392965771629	337392988485367	337392971837004
337392981901921	337393005168700	337392988318337
337392999450504	337393021852033	337393005579379
337393016428129	337393038535366	337393022554129
337393033790587	337393055218699	337393039900837
337393050435587	337393071902032	337393056508462
337393066351712	337393088585365	337393072416921
337393082750504	337393105268698	337393088992462
337393099830671	337393121952031	337393105934337
337393117376754	337393138635364	337393123461962
337393133162587	337393155318697	337393139326379
337393149275962	337393172002030	337393155441796
337393165821046	337393188685363	337393172030504
337393181791046	337393205368696	337393187983879
337393198677212	337393222052029	337393204885129
337393215425462	337393238735362	337393221566087
337393232140962	337393255418695	337393238287879
337393249891879	337393272102028	337393256113546
337393267064754	337393288785361	337393273195212
337393283084254	337393305468694	337393289264296
337393301081754	337393322152027	337393309478962
337393317695046	337393338835360	337393325450171
337393333446462	337393355518693	337393340569212
337393349873129	337393372202026	337393356592921
337393366581629	337393388885359	337393373040837
337393383802587	337393405568692	337393390077004
337393400702046	337393422252025	337393406917546
337393416679337	337393438935358	337393422888671
337393433482046	337393455618691	337393439639004
337393450302296	337393472302024	337393456379671
337393466934754	337393488985357	337393473049546
337393483720879	337393505668690	337393489827963
337393503234754	337393522352023	337393509296088
337393520082421	337393539035356	337393526082379
337393536292463	337393555718689	337393542547921
337393552267921	337393572402022	337393558419171
337393571178338	337393589085355	337393577131921
337393586386088	337393605768688	337393592364254
337393603043338	337393622452021	337393609079504
337393620319088	337393639135354	337393626368004
337393637777171	337393655818687	337393643803796
337393654847171	337393672502020	337393660827588
337393671204463	337393689185353	337393677216088
337393687001421	337393705868686	337393693002046
337393703752546	337393722552019	337393709805171
337393721230421	337393739235352	337393727340879
337393738635213	337393755918685	337393744678379
337393755509754	337393772602018	337393761498504
337393771669296	337393789285351	337393777818379
337393787779504	337393805968684	337393793819421

===
16683333
337392714219670	337392738235372	337392720400587
337392729683254	337392754918705	337392735897546
337392745741004	337392771602038	337392751900212
337392763117671	337392788285371	337392769265462
337392779958337	337392804968704	337392786092587
337392797900087	337392821652037	337392804042712
337392814525004	337392838335370	337392820645171
337392832225171	337392855018703	337392838342087
337392849023046	337392871702036	337392855078171
337392864773671	337392888385369	337392870844171
337392881470421	337392905068702	337392887447004
337392897945796	337392921752035	337392904185712
337392915390462	337392938435368	337392921702004
337392932928712	337392955118701	337392939051837
337392949735879	337392971802034	337392955800546
337392965771629	337392988485367	337392971837004
337392981901921	337393005168700	337392988318337
337392999450504	337393021852033	337393005579379
337393016428129	337393038535366	337393022554129
337393033790587	337393055218699	337393039900837
337393050435587	337393071902032	337393056508462
337393066351712	337393088585365	337393072416921
337393082750504	337393105268698	337393088992462
337393099830671	337393121952031	337393105934337
337393117376754	337393138635364	337393123461962
337393133162587	337393155318697	337393139326379
337393149275962	337393172002030	337393155441796
337393165821046	337393188685363	337393172030504
337393181791046	337393205368696	337393187983879
337393198677212	337393222052029	337393204885129
337393215425462	337393238735362	337393221566087
337393232140962	337393255418695	337393238287879
337393249891879	337393272102028	337393256113546
337393267064754	337393288785361	337393273195212
337393283084254	337393305468694	337393289264296
337393301081754	337393322152027	337393309478962
337393317695046	337393338835360	337393325450171
337393333446462	337393355518693	337393340569212
337393349873129	337393372202026	337393356592921
337393366581629	337393388885359	337393373040837
337393383802587	337393405568692	337393390077004
337393400702046	337393422252025	337393406917546
337393416679337	337393438935358	337393422888671
337393433482046	337393455618691	337393439639004
337393450302296	337393472302024	337393456379671
337393466934754	337393488985357	337393473049546
337393483720879	337393505668690	337393489827963
337393503234754	337393522352023	337393509296088
337393520082421	337393539035356	337393526082379
337393536292463	337393555718689	337393542547921
337393552267921	337393572402022	337393558419171
337393571178338	337393589085355	337393577131921
337393586386088	337393605768688	337393592364254
337393603043338	337393622452021	337393609079504
337393620319088	337393639135354	337393626368004
337393637777171	337393655818687	337393643803796
337393654847171	337393672502020	337393660827588
337393671204463	337393689185353	337393677216088
337393687001421	337393705868686	337393693002046
337393703752546	337393722552019	337393709805171
337393721230421	337393739235352	337393727340879
337393738635213	337393755918685	337393744678379
337393755509754	337393772602018	337393761498504
337393771669296	337393789285351	337393777818379
337393787779504	337393805968684	337393793819421
337394149517380	337394156318677	337394167708546
337394158229296	337394189685343	337394191887880
337394175252588	337394206368676	337394217197880
337394208208255	337394239735342	337394242394005
337394224869713	337394256418675	337394257519796
337394258079255	337394273102008	337394266771713
337394274054380	337394289785341	337394282604713
337394290731171	337394306468674	337394299272796
337394307493130	337394323152007	337394316074463
337394324369963	337394339835340	337394332979713
337394341155296	337394356518673	337394349765088
337394358427963	337394373202006	337394367061421
337394374766213	337394389885339	337394383288880
337394393061088	337394406568672	337394401561338
337394411193963	337394423252005	337394417318546
337394428708505	337394439935338	337394434684755
337394444535213	337394456618671	337394450626463
337394460693505	337394473302004	337394466853380
337394477721338	337394489985337	337394483863505
337394495088213	337394506668670	337394501219005
337394512439588	337394523352003	337394518568755
337394529290046	337394540035336	337394535371588
337394545491505	337394556718669	337394551595505
337394561704380	337394573402002	337394567850963
337394579271421	337394590085335	337394585340338
337394596168255	337394606768668	337394602281255
337394613417630	337394623452001	337394619498880
337394629589505	337394640135334	337394635684171
337394645473588	337394673502000	337394651547171
337394662262755	337394690185333	337394668372796
337394679662921	337394706868666	337394685759046
337394697673338	337394723551999	337394703776213
337394714819671	337394740235332	337394720873755
337394729662880	337394756918665	337394735749671
337394746649171	337394773601998	337394752739963
337394763715005	337394790285331	337394769741505
337394781502796	337394806968664	337394787653796
337394797088463	337394823651997	337394803117546
337394814200755	337394840335330	337394820221296
337394832131463	337394857018663	337394838096880
337394846746630	337394873701996	337394853002422
337394864320963	337394890385329	337394870425963
337394881879838	337394907068662	337394887987463
337394899416338	337394923751995	337394905536505
337394915060755	337394940435328	337394921141963
337394930749963	337394957118661	337394937054922
337394947864963	337394973801994	337394953988630
337394965579713	337394990485327	337394971685255
337394983185297	337395007168660	337394989323213
337394997134547	337395023851993	337395003273922
337395013498255	337395040535326	337395019642547
337395030531088	337395057218659	337395036727463
337395046782963	337395073901992	337395052936755
337395063314005	337395090585325	337395069457880
337395080315463	337395107268658	337395086496630
337395096956963	337395123951991	337395103128297
337395114593380	337395140635324	337395120781588
337395131046547	337395157318657	337395137203255
337395147770047	337395174001990	337395153897338
337395165654755	337395190685323	337395171922255
337395182686338	337395207368656	337395191142005
337395198266005	337395224051989	337395206025838

===
16683333
337393349873129	337393372202026	337393356592921
337393366581629	337393388885359	337393373040837
337393383802587	337393405568692	337393390077004
337393400702046	337393422252025	337393406917546
337393416679337	337393438935358	337393422888671
337393433482046	337393455618691	337393439639004
337393450302296	337393472302024	337393456379671
337393466934754	337393488985357	337393473049546
337393483720879	337393505668690	337393489827963
337393503234754	337393522352023	337393509296088
337393520082421	337393539035356	337393526082379
337393536292463	337393555718689	337393542547921
337393552267921	337393572402022	337393558419171
337393571178338	337393589085355	337393577131921
337393586386088	337393605768688	337393592364254
337393603043338	337393622452021	337393609079504
337393620319088	337393639135354	337393626368004
337393637777171	337393655818687	337393643803796
337393654847171	337393672502020	337393660827588
337393671204463	337393689185353	337393677216088
337393687001421	337393705868686	337393693002046
337393703752546	337393722552019	337393709805171
337393721230421	337393739235352	337393727340879
337393738635213	337393755918685	337393744678379
337393755509754	337393772602018	337393761498504
337393771669296	337393789285351	337393777818379
337393787779504	337393805968684	337393793819421
337394149517380	337394156318677	337394167708546
337394158229296	337394189685343	337394191887880
337394175252588	337394206368676	337394217197880
337394208208255	337394239735342	337394242394005
337394224869713	337394256418675	337394257519796
337394258079255	337394273102008	337394266771713
337394274054380	337394289785341	337394282604713
337394290731171	337394306468674	337394299272796
337394307493130	337394323152007	337394316074463
337394324369963	337394339835340	337394332979713
337394341155296	337394356518673	337394349765088
337394358427963	337394373202006	337394367061421
337394374766213	337394389885339	337394383288880
337394393061088	337394406568672	337394401561338
337394411193963	337394423252005	337394417318546
337394428708505	337394439935338	337394434684755
337394444535213	337394456618671	337394450626463
337394460693505	337394473302004	337394466853380
337394477721338	337394489985337	337394483863505
337394495088213	337394506668670	337394501219005
337394512439588	337394523352003	337394518568755
337394529290046	337394540035336	337394535371588
337394545491505	337394556718669	337394551595505
337394561704380	337394573402002	337394567850963
337394579271421	337394590085335	337394585340338
337394596168255	337394606768668	337394602281255
337394613417630	337394623452001	337394619498880
337394629589505	337394640135334	337394635684171
337394645473588	337394673502000	337394651547171
337394662262755	337394690185333	337394668372796
337394679662921	337394706868666	337394685759046
337394697673338	337394723551999	337394703776213
337394714819671	337394740235332	337394720873755
337394729662880	337394756918665	337394735749671
337394746649171	337394773601998	337394752739963
337394763715005	337394790285331	337394769741505
337394781502796	337394806968664	337394787653796
337394797088463	337394823651997	337394803117546
337394814200755	337394840335330	337394820221296
337394832131463	337394857018663	337394838096880
337394846746630	337394873701996	337394853002422
337394864320963	337394890385329	337394870425963
337394881879838	337394907068662	337394887987463
337394899416338	337394923751995	337394905536505
337394915060755	337394940435328	337394921141963
337394930749963	337394957118661	337394937054922
337394947864963	337394973801994	337394953988630
337394965579713	337394990485327	337394971685255
337394983185297	337395007168660	337394989323213
337394997134547	337395023851993	337395003273922
337395013498255	337395040535326	337395019642547
337395030531088	337395057218659	337395036727463
337395046782963	337395073901992	337395052936755
337395063314005	337395090585325	337395069457880
337395080315463	337395107268658	337395086496630
337395096956963	337395123951991	337395103128297
337395114593380	337395140635324	337395120781588
337395131046547	337395157318657	337395137203255
337395147770047	337395174001990	337395153897338
337395165654755	337395190685323	337395171922255
337395182686338	337395207368656	337395191142005
337395198266005	337395224051989	337395206025838
337395215521755	337395240735322	337395222720922
337395232465380	337395257418655	337395239324380
337395248709172	337395274101988	337395255145463
337395264988630	337395290785321	337395271219255
337395281494672	337395307468654	337395287695338
337395298271713	337395324151987	337395304450380
337395315146630	337395340835320	337395321254505
337395331938588	337395357518653	337395338029547
337395348547338	337395374201986	337395354696047
337395367576505	337395390885319	337395373800505
337395385544130	337395407568652	337395391521672
337395402208880	337395424251985	337395408240172
337395417860338	337395440935318	337395424156213
337395433089297	337395457618651	337395439190172
337395451192838	337395474301984	337395457226463
337395468281672	337395490985317	337395474188005
337395485407588	337395507668650	337395491386213
337395502559630	337395524351983	337395508534380
337395517718213	337395541035316	337395521842213
337395540221089	337395557718649	337395544991380
337395558193547	337395574401982	337395562907922
337395570141255	337395591085315	337395574933172
337395589097922	337395607768648	337395595356964
337395603451464	337395624451981	337395609794672
337395619529839	337395641135314	337395625802214
337395642122880	337395657818647	337395648384630
337395653559589	337395674501980	337395659823339
337395674365422	337395691185313	337395682080505
337395687796172	337395707868646	337395694004464
337395703316422	337395724551979	337395709569339
337395720543755	337395741235312	337395726826464
337395738413297	337395757918645	337395744607630
337395754865755	337395774601978	337395761200380
337395771752047	337395791285311	337395777898505
337395787613297	337395807968644	337395793857589
337395803480214	337395824651977	337395809718089
337395820714172	337395841335310	337395826889172
337395838246422	337395858018643	337395844242005

===
16683333
337393349873129	337393372202026	337393356592921
337393366581629	337393388885359	337393373040837
337393383802587	337393405568692	337393390077004
337393400702046	337393422252025	337393406917546
337393416679337	337393438935358	337393422888671
337393433482046	337393455618691	337393439639004
337393450302296	337393472302024	337393456379671
337393466934754	337393488985357	337393473049546
337393483720879	337393505668690	337393489827963
337393503234754	337393522352023	337393509296088
337393520082421	337393539035356	337393526082379
337393536292463	337393555718689	337393542547921
337393552267921	337393572402022	337393558419171
337393571178338	337393589085355	337393577131921
337393586386088	337393605768688	337393592364254
337393603043338	337393622452021	337393609079504
337393620319088	337393639135354	337393626368004
337393637777171	337393655818687	337393643803796
337393654847171	337393672502020	337393660827588
337393671204463	337393689185353	337393677216088
337393687001421	337393705868686	337393693002046
337393703752546	337393722552019	337393709805171
337393721230421	337393739235352	337393727340879
337393738635213	337393755918685	337393744678379
337393755509754	337393772602018	337393761498504
337393771669296	337393789285351	337393777818379
337393787779504	337393805968684	337393793819421
337394149517380	337394156318677	337394167708546
337394158229296	337394189685343	337394191887880
337394175252588	337394206368676	337394217197880
337394208208255	337394239735342	337394242394005
337394224869713	337394256418675	337394257519796
337394258079255	337394273102008	337394266771713
337394274054380	337394289785341	337394282604713
337394290731171	337394306468674	337394299272796
337394307493130	337394323152007	337394316074463
337394324369963	337394339835340	337394332979713
337394341155296	337394356518673	337394349765088
337394358427963	337394373202006	337394367061421
337394374766213	337394389885339	337394383288880
337394393061088	337394406568672	337394401561338
337394411193963	337394423252005	337394417318546
337394428708505	337394439935338	337394434684755
337394444535213	337394456618671	337394450626463
337394460693505	337394473302004	337394466853380
337394477721338	337394489985337	337394483863505
337394495088213	337394506668670	337394501219005
337394512439588	337394523352003	337394518568755
337394529290046	337394540035336	337394535371588
337394545491505	337394556718669	337394551595505
337394561704380	337394573402002	337394567850963
337394579271421	337394590085335	337394585340338
337394596168255	337394606768668	337394602281255
337394613417630	337394623452001	337394619498880
337394629589505	337394640135334	337394635684171
337394645473588	337394673502000	337394651547171
337394662262755	337394690185333	337394668372796
337394679662921	337394706868666	337394685759046
337394697673338	337394723551999	337394703776213
337394714819671	337394740235332	337394720873755
337394729662880	337394756918665	337394735749671
337394746649171	337394773601998	337394752739963
337394763715005	337394790285331	337394769741505
337394781502796	337394806968664	337394787653796
337394797088463	337394823651997	337394803117546
337394814200755	337394840335330	337394820221296
337394832131463	337394857018663	337394838096880
337394846746630	337394873701996	337394853002422
337394864320963	337394890385329	337394870425963
337394881879838	337394907068662	337394887987463
337394899416338	337394923751995	337394905536505
337394915060755	337394940435328	337394921141963
337394930749963	337394957118661	337394937054922
337394947864963	337394973801994	337394953988630
337394965579713	337394990485327	337394971685255
337394983185297	337395007168660	337394989323213
337394997134547	337395023851993	337395003273922
337395013498255	337395040535326	337395019642547
337395030531088	337395057218659	337395036727463
337395046782963	337395073901992	337395052936755
337395063314005	337395090585325	337395069457880
337395080315463	337395107268658	337395086496630
337395096956963	337395123951991	337395103128297
337395114593380	337395140635324	337395120781588
337395131046547	337395157318657	337395137203255
337395147770047	337395174001990	337395153897338
337395165654755	337395190685323	337395171922255
337395182686338	337395207368656	337395191142005
337395198266005	337395224051989	337395206025838
337395215521755	337395240735322	337395222720922
337395232465380	337395257418655	337395239324380
337395248709172	337395274101988	337395255145463
337395264988630	337395290785321	337395271219255
337395281494672	337395307468654	337395287695338
337395298271713	337395324151987	337395304450380
337395315146630	337395340835320	337395321254505
337395331938588	337395357518653	337395338029547
337395348547338	337395374201986	337395354696047
337395367576505	337395390885319	337395373800505
337395385544130	337395407568652	337395391521672
337395402208880	337395424251985	337395408240172
337395417860338	337395440935318	337395424156213
337395433089297	337395457618651	337395439190172
337395451192838	337395474301984	337395457226463
337395468281672	337395490985317	337395474188005
337395485407588	337395507668650	337395491386213
337395502559630	337395524351983	337395508534380
337395517718213	337395541035316	337395521842213
337395540221089	337395557718649	337395544991380
337395558193547	337395574401982	337395562907922
337395570141255	337395591085315	337395574933172
337395589097922	337395607768648	337395595356964
337395603451464	337395624451981	337395609794672
337395619529839	337395641135314	337395625802214
337395642122880	337395657818647	337395648384630
337395653559589	337395674501980	337395659823339
337395674365422	337395691185313	337395682080505
337395687796172	337395707868646	337395694004464
337395703316422	337395724551979	337395709569339
337395720543755	337395741235312	337395726826464
337395738413297	337395757918645	337395744607630
337395754865755	337395774601978	337395761200380
337395771752047	337395791285311	337395777898505
337395787613297	337395807968644	337395793857589
337395803480214	337395824651977	337395809718089
337395820714172	337395841335310	337395826889172
337395838246422	337395858018643	337395844242005

