16683333
0	0	0
0	0	0
0	0	0
0	0	0
0	0	0
0	0	0
0	0	0
0	0	0
0	0	0
0	0	0
0	0	0
0	0	0
0	0	0
0	0	0
0	0	0
0	0	0
0	0	0
0	0	0
0	0	0
0	0	0
0	0	0
0	0	0
0	0	0
0	0	0
0	0	0
0	0	0
0	0	0
0	0	0
0	0	0
0	0	0
0	0	0
0	0	0
0	0	0
0	0	0
0	0	0
0	0	0
0	0	0
0	0	0
0	0	0
0	0	0
0	0	0
0	0	0
0	0	0
0	0	0
0	0	0
0	0	0
0	0	0
0	0	0
0	0	0
0	0	0
0	0	0
0	0	0
0	0	0
0	0	0
0	0	0
0	0	0
0	0	0
0	0	0
0	0	0
0	0	0
0	0	0
0	0	0
0	0	0
0	0	0
0	0	0
0	0	0
0	0	0
0	0	0
0	0	0
0	0	0
0	0	0
0	0	0
0	0	0
0	0	0
0	0	0
0	0	0
0	0	0
0	0	0
0	0	0
0	0	0
0	0	0
0	0	0
0	0	0
0	0	0
0	0	0
0	0	0
0	0	0
0	0	0
0	0	0
0	0	0
0	0	0
0	0	0
0	0	0
0	0	0
0	0	0
0	0	0
0	0	0
0	0	0
0	0	0
0	0	0
0	0	0
0	0	0
0	0	0
0	0	0
0	0	0
0	0	0
0	0	0
0	0	0
0	0	0
0	0	0
0	0	0
0	0	0
0	0	0
0	0	0
0	0	0
0	0	0
0	0	0
0	0	0
0	0	0
0	0	0
0	0	0
0	0	0
0	0	0
0	0	0
0	0	0
0	0	0
338938403532116	338938419461612	338938416254741

===
16683333
0	0	0
0	0	0
0	0	0
0	0	0
0	0	0
0	0	0
0	0	0
0	0	0
0	0	0
0	0	0
0	0	0
0	0	0
0	0	0
0	0	0
0	0	0
0	0	0
0	0	0
0	0	0
0	0	0
0	0	0
0	0	0
0	0	0
0	0	0
0	0	0
0	0	0
0	0	0
0	0	0
0	0	0
0	0	0
0	0	0
0	0	0
0	0	0
0	0	0
0	0	0
0	0	0
0	0	0
0	0	0
0	0	0
0	0	0
0	0	0
0	0	0
0	0	0
0	0	0
0	0	0
0	0	0
0	0	0
0	0	0
0	0	0
0	0	0
0	0	0
0	0	0
0	0	0
0	0	0
0	0	0
0	0	0
0	0	0
0	0	0
0	0	0
0	0	0
0	0	0
0	0	0
0	0	0
0	0	0
0	0	0
0	0	0
0	0	0
0	0	0
0	0	0
0	0	0
0	0	0
0	0	0
0	0	0
0	0	0
0	0	0
0	0	0
0	0	0
0	0	0
0	0	0
0	0	0
0	0	0
0	0	0
0	0	0
0	0	0
0	0	0
0	0	0
0	0	0
0	0	0
0	0	0
0	0	0
0	0	0
0	0	0
0	0	0
0	0	0
0	0	0
0	0	0
0	0	0
0	0	0
0	0	0
0	0	0
0	0	0
0	0	0
0	0	0
338938403532116	338938419461612	338938416254741
338938425067991	338938436144945	338938440236533
338938443243033	338938469511611	338938458426699
338938459553991	338938486194944	338938474596991
338938484448741	338938502878277	338938499499116
338938501826949	338938519561610	338938510009866
338938514120991	338938536244943	338938520469491
338938530551199	338938552928276	338938536959866
338938550962908	338938569611609	338938557403449
338938563932866	338938586294942	338938570416574
338938580264783	338938602978275	338938586725283
338938600031741	338938619661608	338938606470616
338938613337658	338938636344941	338938619792408
338938629953158	338938653028274	338938636449658
338938648987824	338938669711607	338938655353366
338938666333949	338938686394940	338938672700199
338938683018074	338938703078273	338938689313866
338938699036366	338938719761606	338938705396824
338938715503408	338938736444939	338938721818158
338938732926074	338938753128272	338938739063741
338939541644408	338939553928256	338939561171908
338939580187241	338939603978255	338939602216033
338939595760408	338939620661588	338939625540825
338939630575450	338939654028254	338939653286950
338939645530158	338939670711587	338939679531991

===
16683333
0	0	0
0	0	0
0	0	0
0	0	0
0	0	0
0	0	0
0	0	0
0	0	0
0	0	0
0	0	0
0	0	0
0	0	0
0	0	0
0	0	0
0	0	0
0	0	0
0	0	0
0	0	0
0	0	0
0	0	0
0	0	0
0	0	0
0	0	0
0	0	0
0	0	0
0	0	0
0	0	0
0	0	0
0	0	0
0	0	0
0	0	0
0	0	0
0	0	0
0	0	0
0	0	0
0	0	0
0	0	0
0	0	0
338938403532116	338938419461612	338938416254741
338938425067991	338938436144945	338938440236533
338938443243033	338938469511611	338938458426699
338938459553991	338938486194944	338938474596991
338938484448741	338938502878277	338938499499116
338938501826949	338938519561610	338938510009866
338938514120991	338938536244943	338938520469491
338938530551199	338938552928276	338938536959866
338938550962908	338938569611609	338938557403449
338938563932866	338938586294942	338938570416574
338938580264783	338938602978275	338938586725283
338938600031741	338938619661608	338938606470616
338938613337658	338938636344941	338938619792408
338938629953158	338938653028274	338938636449658
338938648987824	338938669711607	338938655353366
338938666333949	338938686394940	338938672700199
338938683018074	338938703078273	338938689313866
338938699036366	338938719761606	338938705396824
338938715503408	338938736444939	338938721818158
338938732926074	338938753128272	338938739063741
338939541644408	338939553928256	338939561171908
338939580187241	338939603978255	338939602216033
338939595760408	338939620661588	338939625540825
338939630575450	338939654028254	338939653286950
338939645530158	338939670711587	338939679531991
338939685683741	338939687394920	338939695862200
338939700956075	338939704078253	338939711235491
338939715871575	338939720761586	338939725788616
338939728814033	338939737444919	338939738419617
338939743156325	338939754128252	338939752752908
338939758842950	338939770811585	338939768478575
338939777739867	338939787494918	338939787345158
338939793540117	338939804178251	338939803113992
338939810044825	338939820861584	338939819692075
338939826370700	338939837544917	338939835946408
338939844251867	338939854228250	338939853031908
338939859977200	338939870911583	338939863679492
338939879410158	338939887594916	338939883069908
338939893987783	338939904278249	338939897682325
338939911583742	338939920961582	338939915363408
338939927732950	338939937644915	338939931339575
338939944907158	338939954328248	338939948563242
338939961538242	338939971011581	338939965217533
338939978477325	338940004378247	338939982229200
338939995826325	338940021061580	338939999529533
338940012171033	338940037744913	338940015865492
338940031939575	338940054428246	338940035695658
338940044385992	338940071111579	338940048270033
338940075674075	338940087794912	338940080680117
338940087894533	338940104478245	338940093010908
338940099503617	338940121161578	338940104524283
338940201916658	338940221261576	338940206872617
338940216069283	338940237944909	338940219866200
338940246791367	338940254628242	338940253290367
338940257039033	338940271311575	338940263371492
338940264582742	338940287994908	338940270806033
338940279868658	338940304678241	338940285989283
338940295572992	338940321361574	338940301733283
338940312636825	338940338044907	338940318730700
338940330659408	338940354728240	338940336698783
338940348465533	338940371411573	338940351934658
338940364366867	338940388094906	338940367831033
338940383040492	338940404778239	338940386506283
338940399363950	338940421461572	338940402834867
338940416792658	338940438144905	338940420244908
338940435149950	338940454828238	338940438606784
338940449191825	338940471511571	338940452584867
338940463947367	338940488194904	338940467328242
338940482680992	338940504878237	338940486083617
338940496574325	338940521561570	338940500032617
338940512094825	338940538244903	338940515552492
338940532317700	338940554928236	338940535979242
338940553112242	338940571611569	338940559185075
338940572826409	338940588294902	338940577482617
338940586831409	338940604978235	338940591524742
338940668432450	338940688394900	338940676423367
338940689584992	338940705078233	338940697027992
338940727914367	338940738444899	338940734566242
338940733528825	338940755128232	338940740634700
338940747293909	338940771811565	338940753302034
338940764470992	338940788494898	338940767944659
338940780853742	338940805178231	338940784332242
338940797692284	338940821861564	338940801151534
338940814788575	338940838544897	338940818223617
338940830909367	338940855228230	338940834351492
338940849878700	338940871911563	338940853274909
338940868160575	338940888594896	338940871488284
338940884553742	338940905278229	338940887943325
338940900553575	338940921961562	338940904055284

===
16683333
338939645530158	338939670711587	338939679531991
338939685683741	338939687394920	338939695862200
338939700956075	338939704078253	338939711235491
338939715871575	338939720761586	338939725788616
338939728814033	338939737444919	338939738419617
338939743156325	338939754128252	338939752752908
338939758842950	338939770811585	338939768478575
338939777739867	338939787494918	338939787345158
338939793540117	338939804178251	338939803113992
338939810044825	338939820861584	338939819692075
338939826370700	338939837544917	338939835946408
338939844251867	338939854228250	338939853031908
338939859977200	338939870911583	338939863679492
338939879410158	338939887594916	338939883069908
338939893987783	338939904278249	338939897682325
338939911583742	338939920961582	338939915363408
338939927732950	338939937644915	338939931339575
338939944907158	338939954328248	338939948563242
338939961538242	338939971011581	338939965217533
338939978477325	338940004378247	338939982229200
338939995826325	338940021061580	338939999529533
338940012171033	338940037744913	338940015865492
338940031939575	338940054428246	338940035695658
338940044385992	338940071111579	338940048270033
338940075674075	338940087794912	338940080680117
338940087894533	338940104478245	338940093010908
338940099503617	338940121161578	338940104524283
338940201916658	338940221261576	338940206872617
338940216069283	338940237944909	338940219866200
338940246791367	338940254628242	338940253290367
338940257039033	338940271311575	338940263371492
338940264582742	338940287994908	338940270806033
338940279868658	338940304678241	338940285989283
338940295572992	338940321361574	338940301733283
338940312636825	338940338044907	338940318730700
338940330659408	338940354728240	338940336698783
338940348465533	338940371411573	338940351934658
338940364366867	338940388094906	338940367831033
338940383040492	338940404778239	338940386506283
338940399363950	338940421461572	338940402834867
338940416792658	338940438144905	338940420244908
338940435149950	338940454828238	338940438606784
338940449191825	338940471511571	338940452584867
338940463947367	338940488194904	338940467328242
338940482680992	338940504878237	338940486083617
338940496574325	338940521561570	338940500032617
338940512094825	338940538244903	338940515552492
338940532317700	338940554928236	338940535979242
338940553112242	338940571611569	338940559185075
338940572826409	338940588294902	338940577482617
338940586831409	338940604978235	338940591524742
338940668432450	338940688394900	338940676423367
338940689584992	338940705078233	338940697027992
338940727914367	338940738444899	338940734566242
338940733528825	338940755128232	338940740634700
338940747293909	338940771811565	338940753302034
338940764470992	338940788494898	338940767944659
338940780853742	338940805178231	338940784332242
338940797692284	338940821861564	338940801151534
338940814788575	338940838544897	338940818223617
338940830909367	338940855228230	338940834351492
338940849878700	338940871911563	338940853274909
338940868160575	338940888594896	338940871488284
338940884553742	338940905278229	338940887943325
338940900553575	338940921961562	338940904055284
338940920147242	338940938644895	338940923537159
338940932609825	338940955328228	338940935999659
338940953517409	338940972011561	338940956703700
338940966985742	338940988694894	338940969875159
338940983732325	338941005378227	338940987121534
338941000087909	338941022061560	338941003374950
338941021877867	338941038744893	338941025339784
338941041778117	338941055428226	338941046339075
338941059173909	338941072111559	338941063815700
338941144988034	338941155528224	338941150933534
338941170981826	338941172211557	338941176642742
338941212267826	338941222261556	338941218902409
338941218253409	338941238944889	338941225033492
338941234657992	338941255628222	338941240717701
338941251372034	338941272311555	338941257397201
338941268802951	338941288994888	338941274755659
338941284539826	338941305678221	338941290509076
338941301866367	338941322361554	338941307765201
338941320848826	338941339044887	338941324342117
338941337613534	338941355728220	338941341058909
338941354036701	338941372411553	338941357443867
338941370555159	338941389094886	338941373916909
338941387719076	338941405778219	338941391122742
338941405185284	338941422461552	338941408647326
338941424114117	338941439144885	338941428126992
338941437578034	338941455828218	338941441990451
338941453067617	338941472511551	338941457475409
338941470075701	338941489194884	338941474442867
338941492263909	338941505878217	338941496506201
338941506186701	338941522561550	338941510743367
338941522163784	338941539244883	338941528176451
338941538292951	338941555928216	338941542966451
338941554276951	338941572611549	338941558948742
338941621435826	338941622661548	338941626246159
338941637992117	338941639344881	338941643515492
338941668337659	338941672711547	338941673312659
338941673014867	338941689394880	338941677991826
338941687539326	338941706078213	338941692123701
338941704444117	338941722761546	338941708952742
338941721735201	338941739444879	338941726202909
338941738172117	338941756128212	338941742108284
338941754944034	338941772811545	338941758399951
338941771596409	338941789494878	338941775047034
338941788602784	338941806178211	338941792033867
338941807996326	338941822861544	338941811405326
338941825337451	338941839544877	338941828718326
338941842541368	338941856228210	338941846296701
338941859861993	338941872911543	338941864196909
338941875784993	338941889594876	338941880102451
338941891913243	338941906278209	338941896240451
338941909448701	338941922961542	338941913775576
338941924158784	338941939644875	338941928476909
338941940573826	338941956328208	338941945011034
338941956674368	338941973011541	338941960101159
338941982507493	338941989694874	338941986040451
338941991612243	338942006378207	338941996388909
338942015739743	338942023061540	338942020456659
338942032653034	338942039744873	338942037451243
338942103270076	338942106478205	338942108154368
338942115200368	338942123161538	338942119560659
338942151500951	338942156528204	338942155410951
338942156721201	338942173211537	338942160379326

===
16683333
338940966985742	338940988694894	338940969875159
338940983732325	338941005378227	338940987121534
338941000087909	338941022061560	338941003374950
338941021877867	338941038744893	338941025339784
338941041778117	338941055428226	338941046339075
338941059173909	338941072111559	338941063815700
338941144988034	338941155528224	338941150933534
338941170981826	338941172211557	338941176642742
338941212267826	338941222261556	338941218902409
338941218253409	338941238944889	338941225033492
338941234657992	338941255628222	338941240717701
338941251372034	338941272311555	338941257397201
338941268802951	338941288994888	338941274755659
338941284539826	338941305678221	338941290509076
338941301866367	338941322361554	338941307765201
338941320848826	338941339044887	338941324342117
338941337613534	338941355728220	338941341058909
338941354036701	338941372411553	338941357443867
338941370555159	338941389094886	338941373916909
338941387719076	338941405778219	338941391122742
338941405185284	338941422461552	338941408647326
338941424114117	338941439144885	338941428126992
338941437578034	338941455828218	338941441990451
338941453067617	338941472511551	338941457475409
338941470075701	338941489194884	338941474442867
338941492263909	338941505878217	338941496506201
338941506186701	338941522561550	338941510743367
338941522163784	338941539244883	338941528176451
338941538292951	338941555928216	338941542966451
338941554276951	338941572611549	338941558948742
338941621435826	338941622661548	338941626246159
338941637992117	338941639344881	338941643515492
338941668337659	338941672711547	338941673312659
338941673014867	338941689394880	338941677991826
338941687539326	338941706078213	338941692123701
338941704444117	338941722761546	338941708952742
338941721735201	338941739444879	338941726202909
338941738172117	338941756128212	338941742108284
338941754944034	338941772811545	338941758399951
338941771596409	338941789494878	338941775047034
338941788602784	338941806178211	338941792033867
338941807996326	338941822861544	338941811405326
338941825337451	338941839544877	338941828718326
338941842541368	338941856228210	338941846296701
338941859861993	338941872911543	338941864196909
338941875784993	338941889594876	338941880102451
338941891913243	338941906278209	338941896240451
338941909448701	338941922961542	338941913775576
338941924158784	338941939644875	338941928476909
338941940573826	338941956328208	338941945011034
338941956674368	338941973011541	338941960101159
338941982507493	338941989694874	338941986040451
338941991612243	338942006378207	338941996388909
338942015739743	338942023061540	338942020456659
338942032653034	338942039744873	338942037451243
338942103270076	338942106478205	338942108154368
338942115200368	338942123161538	338942119560659
338942151500951	338942156528204	338942155410951
338942156721201	338942173211537	338942160379326
338942176045243	338942189894870	338942180574409
338942192175034	338942206578203	338942196693243
338942209568868	338942223261536	338942214158743
338942225623159	338942239944869	338942230064909
338942241902076	338942256628202	338942246366368
338942258832159	338942273311535	338942263251618
338942278675618	338942289994868	338942283015701
338942294558659	338942306678201	338942298918868
338942311513909	338942323361534	338942315883909
338942328212576	338942356728200	338942332583159
338942345634243	338942373411533	338942350001659
338942362487451	338942390094866	338942366841159
338942380278409	338942390094866	338942384422618
338942394845034	338942423461532	338942399226076
338942411338284	338942440144865	338942415712743
338942428463201	338942456828198	338942432735576
338942444402118	338942473511531	338942448854659
338942466735618	338942490194864	338942470881451
338942485668034	338942506878197	338942491603826
338942496623701	338942523561530	338942502570534
338942512972284	338942540244863	338942518974576
338942577274368	338942590294862	338942583275410
338942592161451	338942606978195	338942597596285
338942621645118	338942640344861	338942626637326
338942626828576	338942657028194	338942631475285
338942645752701	338942673711527	338942650370993
338942661866826	338942690394860	338942666411410
338942678747826	338942707078193	338942683238243
338942695932951	338942723761526	338942700334618
338942712378451	338942740444859	338942716852826
338942729100910	338942757128192	338942733541868
338942745961868	338942773811525	338942750399785
338942765835368	338942790494858	338942770159743
338942782492826	338942807178191	338942786775785
338942798385910	338942823861524	338942802754410
338942815770660	338942840544857	338942820114785
338942832929535	338942857228190	338942837302285
338942851093285	338942873911523	338942855402326
338942866101535	338942890594856	338942870384243
338942881673410	338942907278189	338942886022785
338942898873951	338942923961522	338942903243660
338942915186493	338942940644855	338942919595910
338942931283410	338942957328188	338942935663160
338942949043326	338942974011521	338942953469826
338942966239743	338942990694854	338942972233035
338942982216576	338943007378187	338942988216118
338942998654951	338943024061520	338943004700243
338943063882660	338943074111519	338943069912951
338943078926576	338943090794852	338943084531993
338943108926285	338943124161518	338943113951285
338943114254535	338943140844851	338943118875618
338943132672451	338943157528184	338943137252951
338943149376576	338943174211517	338943153892660
338943166113035	338943190894850	338943169620951
338943183732410	338943207578183	338943187226743
338943199691368	338943224261516	338943203170076
338943216603368	338943240944849	338943220089743
338943233197577	338943257628182	338943236642785
338943253324160	338943274311515	338943256749868
338943269125660	338943290994848	338943272477535
338943285931035	338943307678181	338943290282493
338943303060035	338943324361514	338943307481368
338943319946743	338943341044847	338943324275368
338943338027243	338943357728180	338943342315160
338943353611660	338943374411513	338943357907952
338943370296410	338943391094846	338943374399868
338943386913368	338943407778179	338943390280285
338943403503035	338943424461512	338943406862243

===
16683333
338942428463201	338942456828198	338942432735576
338942444402118	338942473511531	338942448854659
338942466735618	338942490194864	338942470881451
338942485668034	338942506878197	338942491603826
338942496623701	338942523561530	338942502570534
338942512972284	338942540244863	338942518974576
338942577274368	338942590294862	338942583275410
338942592161451	338942606978195	338942597596285
338942621645118	338942640344861	338942626637326
338942626828576	338942657028194	338942631475285
338942645752701	338942673711527	338942650370993
338942661866826	338942690394860	338942666411410
338942678747826	338942707078193	338942683238243
338942695932951	338942723761526	338942700334618
338942712378451	338942740444859	338942716852826
338942729100910	338942757128192	338942733541868
338942745961868	338942773811525	338942750399785
338942765835368	338942790494858	338942770159743
338942782492826	338942807178191	338942786775785
338942798385910	338942823861524	338942802754410
338942815770660	338942840544857	338942820114785
338942832929535	338942857228190	338942837302285
338942851093285	338942873911523	338942855402326
338942866101535	338942890594856	338942870384243
338942881673410	338942907278189	338942886022785
338942898873951	338942923961522	338942903243660
338942915186493	338942940644855	338942919595910
338942931283410	338942957328188	338942935663160
338942949043326	338942974011521	338942953469826
338942966239743	338942990694854	338942972233035
338942982216576	338943007378187	338942988216118
338942998654951	338943024061520	338943004700243
338943063882660	338943074111519	338943069912951
338943078926576	338943090794852	338943084531993
338943108926285	338943124161518	338943113951285
338943114254535	338943140844851	338943118875618
338943132672451	338943157528184	338943137252951
338943149376576	338943174211517	338943153892660
338943166113035	338943190894850	338943169620951
338943183732410	338943207578183	338943187226743
338943199691368	338943224261516	338943203170076
338943216603368	338943240944849	338943220089743
338943233197577	338943257628182	338943236642785
338943253324160	338943274311515	338943256749868
338943269125660	338943290994848	338943272477535
338943285931035	338943307678181	338943290282493
338943303060035	338943324361514	338943307481368
338943319946743	338943341044847	338943324275368
338943338027243	338943357728180	338943342315160
338943353611660	338943374411513	338943357907952
338943370296410	338943391094846	338943374399868
338943386913368	338943407778179	338943390280285
338943403503035	338943424461512	338943406862243
338943421184035	338943441144845	338943424481993
338943435770077	338943457828178	338943439161160
338943453536202	338943474511511	338943456913827
338943469563785	338943491194844	338943472873035
338943485988702	338943507878177	338943489597243
338943503875910	338943524561510	338943508174910
338943521898368	338943541244843	338943526198452
338943539000618	338943557928176	338943543286035
338943556378410	338943574611509	338943560520868
338943571769202	338943591294842	338943576057785
338943589013368	338943607978175	338943593309743
338943605819118	338943624661508	338943610086327
338943622090910	338943641344841	338943626361827
338943637943827	338943658028174	338943642257035
338943654831868	338943674711507	338943659140160
338943673204368	338943691394840	338943677517118
338943687296160	338943708078173	338943691647035
338943704834077	338943724761506	338943709263952
338943721225243	338943741444839	338943725641827
338943737231993	338943758128172	338943741681035
338943755092285	338943774811505	338943759435493
338943771006202	338943791494838	338943775356743
338943789556618	338943808178171	338943794620285
338943804871910	338943824861504	338943809036327
338943822628327	338943841544837	338943826881243
338943838434868	338943858228170	338943842767702
338943856113868	338943874911503	338943860488035
338943875682702	338943891594836	338943880162577
338943889053410	338943908278169	338943893177327
338943905582785	338943924961502	338943910208243
338943922962035	338943941644835	338943926886077
338943939305869	338943958328168	338943942826369
338943956207744	338943975011501	338943959686869
338943973212702	338943991694834	338943976753327
338943990090369	338944008378167	338943993610744
338944007316535	338944025061500	338944010713119
338944023985785	338944041744833	338944027472660
338944040630910	338944058428166	338944044051660
338944056997369	338944075111499	338944060468119
338944074810369	338944091794832	338944078306619
338944091986035	338944108478165	338944095448660
338944111652869	338944125161498	338944115112410
338944127360952	338944141844831	338944131802369
338944144425410	338944158528164	338944149104160
338944160468410	338944175211497	338944164920535
338944175091452	338944191894830	338944179598077
338944191853160	338944208578163	338944196360369
338944208536452	338944225261496	338944213080869
338944225286994	338944241944829	338944229696244
338944242039035	338944258628162	338944246545369
338944259010744	338944275311495	338944264405785
338944275364244	338944291994828	338944280651452
338944291893035	338944308678161	338944297331244
338944308422202	338944325361494	338944313984452
338944325324077	338944342044827	338944330900827
338944348323869	338944358728160	338944352773702
338944359348785	338944375411493	338944363912494
338944376138285	338944392094826	338944380700827
338944392500994	338944408778159	338944396421952
338944409229910	338944425461492	338944412813827
338944425971202	338944442144825	338944429504410
338944442784660	338944458828158	338944446278619
338944459530244	338944475511491	338944463030535
338944476899619	338944492194824	338944480388535
338944493618202	338944508878157	338944497127202
338944510314744	338944525561490	338944513716744
338944527056119	338944542244823	338944530571660
338944546929994	338944558928156	338944550365285
338944563361994	338944575611489	338944566814327
338944579728035	338944592294822	338944584056785
338944596129744	338944608978155	338944600618785
338944613824285	338944625661488	338944618282327
338944631789161	338944642344821	338944636222911
338944646783827	338944659028154	338944651351994

===
16683333
338943789556618	338943808178171	338943794620285
338943804871910	338943824861504	338943809036327
338943822628327	338943841544837	338943826881243
338943838434868	338943858228170	338943842767702
338943856113868	338943874911503	338943860488035
338943875682702	338943891594836	338943880162577
338943889053410	338943908278169	338943893177327
338943905582785	338943924961502	338943910208243
338943922962035	338943941644835	338943926886077
338943939305869	338943958328168	338943942826369
338943956207744	338943975011501	338943959686869
338943973212702	338943991694834	338943976753327
338943990090369	338944008378167	338943993610744
338944007316535	338944025061500	338944010713119
338944023985785	338944041744833	338944027472660
338944040630910	338944058428166	338944044051660
338944056997369	338944075111499	338944060468119
338944074810369	338944091794832	338944078306619
338944091986035	338944108478165	338944095448660
338944111652869	338944125161498	338944115112410
338944127360952	338944141844831	338944131802369
338944144425410	338944158528164	338944149104160
338944160468410	338944175211497	338944164920535
338944175091452	338944191894830	338944179598077
338944191853160	338944208578163	338944196360369
338944208536452	338944225261496	338944213080869
338944225286994	338944241944829	338944229696244
338944242039035	338944258628162	338944246545369
338944259010744	338944275311495	338944264405785
338944275364244	338944291994828	338944280651452
338944291893035	338944308678161	338944297331244
338944308422202	338944325361494	338944313984452
338944325324077	338944342044827	338944330900827
338944348323869	338944358728160	338944352773702
338944359348785	338944375411493	338944363912494
338944376138285	338944392094826	338944380700827
338944392500994	338944408778159	338944396421952
338944409229910	338944425461492	338944412813827
338944425971202	338944442144825	338944429504410
338944442784660	338944458828158	338944446278619
338944459530244	338944475511491	338944463030535
338944476899619	338944492194824	338944480388535
338944493618202	338944508878157	338944497127202
338944510314744	338944525561490	338944513716744
338944527056119	338944542244823	338944530571660
338944546929994	338944558928156	338944550365285
338944563361994	338944575611489	338944566814327
338944579728035	338944592294822	338944584056785
338944596129744	338944608978155	338944600618785
338944613824285	338944625661488	338944618282327
338944631789161	338944642344821	338944636222911
338944646783827	338944659028154	338944651351994
338944662745036	338944692394820	338944667317369
338944679649036	338944692394820	338944683174077
338944699671327	338944709078153	338944703199327
338944713419994	338944725761486	338944716958244
338944729984702	338944742444819	338944734189286
338944746027411	338944759128152	338944750150411
338944762639494	338944775811485	338944766861744
338944779090327	338944792494818	338944783404786
338944796296077	338944809178151	338944800130994
338944815811077	338944842544817	338944820281036
338944829272577	338944859228150	338944833792619
338944846154202	338944875911483	338944850740744
338944863032161	338944892594816	338944866957702
338944879684161	338944909278149	338944883211661
338944896317244	338944925961482	338944899879411
338944913632827	338944942644815	338944917121286
338944930035786	338944959328148	338944933503452
338944946895411	338944976011481	338944950404869
338944963740077	338944992694814	338944967230994
338944980611494	338945009378147	338944984106827
338944997234577	338945026061480	338945000963994
338945017362827	338945042744813	338945020829661
338945033422661	338945059428146	338945036893036
338945050331661	338945076111479	338945053759619
338945066969494	338945092794812	338945070430786
338945085080786	338945109478145	338945088523702
338945100341577	338945126161478	338945103872827
338945116790744	338945142844811	338945120247536
338945134196536	338945159528144	338945137685952
338945150207411	338945176211477	338945153741369
338945166189911	338945192894810	338945169751952
338945182934577	338945209578143	338945186475286
338945199685911	338945226261476	338945203232619
338945217001619	338945242944809	338945220968452
338945232878744	338945259628142	338945236997077
338945249380202	338945276311475	338945253641119
338945266285036	338945292994808	338945270625036
338945283170411	338945309678141	338945287530994
338945303646077	338945326361474	338945308121911
338945316646994	338945343044807	338945321155827
338945333560036	338945359728140	338945338149119
338945350289411	338945376411473	338945354205369
338945366999911	338945393094806	338945370439744
338945383826078	338945409778139	338945387425786
338945400656203	338945426461472	338945404127619
338945417392369	338945443144805	338945420811703
338945434350453	338945459828138	338945437839203
338945451059703	338945476511471	338945454548161
338945467945369	338945493194804	338945471519911
338945484759703	338945509878137	338945488245036
338945502245786	338945526561470	338945505787953
338945521967869	338945543244803	338945525341661
338945537645536	338945559928136	338945541170286
338945554995786	338945576611469	338945558487286
338945572477203	338945593294802	338945575708828
338945587605328	338945609978135	338945591081119
338945605382453	338945626661468	338945608881286
338945620324369	338945643344801	338945623894203
338945636595328	338945660028134	338945640145369
338945653367703	338945676711467	338945657896661
338945670293619	338945693394800	338945674876953
338945686407953	338945710078133	338945691003369
338945704145411	338945726761466	338945709173578
338945719873786	338945743444799	338945725216119
338945736719494	338945760128132	338945742266953
338945753479911	338945776811465	338945759014869
338945770162494	338945793494798	338945774509828
338945791234911	338945810178131	338945795671078
338945804213119	338945826861464	338945808737286
338945821168869	338945843544797	338945825713453
338945837564453	338945860228130	338945841496786
338945854480369	338945876911463	338945857949119
338945871546661	338945893594796	338945875046994
338945887943828	338945910278129	338945891418536
338945904773161	338945926961462	338945908269536

===
16683333
338945033422661	338945059428146	338945036893036
338945050331661	338945076111479	338945053759619
338945066969494	338945092794812	338945070430786
338945085080786	338945109478145	338945088523702
338945100341577	338945126161478	338945103872827
338945116790744	338945142844811	338945120247536
338945134196536	338945159528144	338945137685952
338945150207411	338945176211477	338945153741369
338945166189911	338945192894810	338945169751952
338945182934577	338945209578143	338945186475286
338945199685911	338945226261476	338945203232619
338945217001619	338945242944809	338945220968452
338945232878744	338945259628142	338945236997077
338945249380202	338945276311475	338945253641119
338945266285036	338945292994808	338945270625036
338945283170411	338945309678141	338945287530994
338945303646077	338945326361474	338945308121911
338945316646994	338945343044807	338945321155827
338945333560036	338945359728140	338945338149119
338945350289411	338945376411473	338945354205369
338945366999911	338945393094806	338945370439744
338945383826078	338945409778139	338945387425786
338945400656203	338945426461472	338945404127619
338945417392369	338945443144805	338945420811703
338945434350453	338945459828138	338945437839203
338945451059703	338945476511471	338945454548161
338945467945369	338945493194804	338945471519911
338945484759703	338945509878137	338945488245036
338945502245786	338945526561470	338945505787953
338945521967869	338945543244803	338945525341661
338945537645536	338945559928136	338945541170286
338945554995786	338945576611469	338945558487286
338945572477203	338945593294802	338945575708828
338945587605328	338945609978135	338945591081119
338945605382453	338945626661468	338945608881286
338945620324369	338945643344801	338945623894203
338945636595328	338945660028134	338945640145369
338945653367703	338945676711467	338945657896661
338945670293619	338945693394800	338945674876953
338945686407953	338945710078133	338945691003369
338945704145411	338945726761466	338945709173578
338945719873786	338945743444799	338945725216119
338945736719494	338945760128132	338945742266953
338945753479911	338945776811465	338945759014869
338945770162494	338945793494798	338945774509828
338945791234911	338945810178131	338945795671078
338945804213119	338945826861464	338945808737286
338945821168869	338945843544797	338945825713453
338945837564453	338945860228130	338945841496786
338945854480369	338945876911463	338945857949119
338945871546661	338945893594796	338945875046994
338945887943828	338945910278129	338945891418536
338945904773161	338945926961462	338945908269536
338945922264494	338945943644795	338945925772369
338945938706119	338945960328128	338945942209703
338945956042744	338945977011461	338945959511578
338945972210119	338945993694794	338945976437119
338945989979328	338946010378127	338945994415411
338946007887578	338946027061460	338946012327411
338946025508078	338946043744793	338946029899703
338946043046036	338946060428126	338946047502828
338946058706536	338946077111459	338946063245953
338946076115495	338946093794792	338946080568245
338946091424161	338946110478125	338946095912245
338946107053578	338946127161458	338946111626370
338946124638203	338946143844791	338946129158245
338946141099703	338946160528124	338946145588411
338946156799661	338946177211457	338946161382703
338946174179078	338946193894790	338946179587911
338946191143786	338946210578123	338946195250203
338946206957953	338946227261456	338946211206911
338946223888953	338946243944789	338946228238120
338946240648495	338946260628122	338946245005120
338946262546536	338946277311455	338946266993120
338946274470995	338946293994788	338946278992620
338946291487286	338946310678121	338946296075411
338946307931911	338946327361454	338946311873911
338946325142328	338946344044787	338946328673953
338946341636620	338946360728120	338946345015828
338946358111411	338946377411453	338946361615161
338946374806536	338946394094786	338946378294953
338946392199203	338946410778119	338946395669786
338946408938536	338946427461452	338946412434286
338946425605328	338946444144785	338946429108828
338946442338745	338946460828118	338946445842911
338946461525703	338946477511451	338946464870661
338946477949661	338946494194784	338946481423911
338946495616620	338946510878117	338946499101536
338946514131786	338946527561450	338946517769661
338946528554286	338946544244783	338946531881328
338946545331995	338946560928116	338946548822161
338946564152245	338946577611449	338946567624703
338946578460745	338946594294782	338946581957995
338946594370703	338946610978115	338946597868036
338946611457203	338946627661448	338946615085911
338946629589786	338946644344781	338946633188953
338946647469828	338946661028114	338946651813995
338946663595120	338946677711447	338946667837411
338946679979745	338946694394780	338946684450953
338946697313703	338946711078113	338946701932661
338946716252161	338946727761446	338946720824703
338946729869578	338946744444779	338946734583953
338946749618078	338946761128112	338946754455120
338946764382870	338946777811445	338946769210037
338946781601412	338946794494778	338946785764828
338946798781370	338946811178111	338946802591120
338946815225370	338946827861444	338946819010703
338946831657453	338946844544777	338946835458078
338946847971078	338946861228110	338946851641453
338946865367703	338946877911443	338946869177370
338946882328453	338946894594776	338946886098120
338946898454037	338946911278109	338946902233703
338946915469870	338946927961442	338946919266870
338946934015037	338946944644775	338946937849120
338946952163953	338946961328108	338946955838870
338946968693245	338946978011441	338946972479953
338946986978912	338946994694774	338946990562787
338947001180787	338947011378107	338947004988078
338947019694162	338947028061440	338947023395787
338947036054037	338947044744773	338947039884162
338947053271245	338947061428106	338947057045578
338947068070870	338947078111439	338947071831787
338947085128120	338947094794772	338947089023328
338947100748787	338947111478105	338947104605120
338947115737787	338947128161438	338947119589953
338947137194037	338947144844771	338947147194620
338947153435370	338947161528104	338947163526120

===
16683333
338946007887578	338946027061460	338946012327411
338946025508078	338946043744793	338946029899703
338946043046036	338946060428126	338946047502828
338946058706536	338946077111459	338946063245953
338946076115495	338946093794792	338946080568245
338946091424161	338946110478125	338946095912245
338946107053578	338946127161458	338946111626370
338946124638203	338946143844791	338946129158245
338946141099703	338946160528124	338946145588411
338946156799661	338946177211457	338946161382703
338946174179078	338946193894790	338946179587911
338946191143786	338946210578123	338946195250203
338946206957953	338946227261456	338946211206911
338946223888953	338946243944789	338946228238120
338946240648495	338946260628122	338946245005120
338946262546536	338946277311455	338946266993120
338946274470995	338946293994788	338946278992620
338946291487286	338946310678121	338946296075411
338946307931911	338946327361454	338946311873911
338946325142328	338946344044787	338946328673953
338946341636620	338946360728120	338946345015828
338946358111411	338946377411453	338946361615161
338946374806536	338946394094786	338946378294953
338946392199203	338946410778119	338946395669786
338946408938536	338946427461452	338946412434286
338946425605328	338946444144785	338946429108828
338946442338745	338946460828118	338946445842911
338946461525703	338946477511451	338946464870661
338946477949661	338946494194784	338946481423911
338946495616620	338946510878117	338946499101536
338946514131786	338946527561450	338946517769661
338946528554286	338946544244783	338946531881328
338946545331995	338946560928116	338946548822161
338946564152245	338946577611449	338946567624703
338946578460745	338946594294782	338946581957995
338946594370703	338946610978115	338946597868036
338946611457203	338946627661448	338946615085911
338946629589786	338946644344781	338946633188953
338946647469828	338946661028114	338946651813995
338946663595120	338946677711447	338946667837411
338946679979745	338946694394780	338946684450953
338946697313703	338946711078113	338946701932661
338946716252161	338946727761446	338946720824703
338946729869578	338946744444779	338946734583953
338946749618078	338946761128112	338946754455120
338946764382870	338946777811445	338946769210037
338946781601412	338946794494778	338946785764828
338946798781370	338946811178111	338946802591120
338946815225370	338946827861444	338946819010703
338946831657453	338946844544777	338946835458078
338946847971078	338946861228110	338946851641453
338946865367703	338946877911443	338946869177370
338946882328453	338946894594776	338946886098120
338946898454037	338946911278109	338946902233703
338946915469870	338946927961442	338946919266870
338946934015037	338946944644775	338946937849120
338946952163953	338946961328108	338946955838870
338946968693245	338946978011441	338946972479953
338946986978912	338946994694774	338946990562787
338947001180787	338947011378107	338947004988078
338947019694162	338947028061440	338947023395787
338947036054037	338947044744773	338947039884162
338947053271245	338947061428106	338947057045578
338947068070870	338947078111439	338947071831787
338947085128120	338947094794772	338947089023328
338947100748787	338947111478105	338947104605120
338947115737787	338947128161438	338947119589953
338947137194037	338947144844771	338947147194620
338947153435370	338947161528104	338947163526120
338947170926203	338947178211437	338947181817912
338947190842328	338947194894770	338947200933370
338947208755787	338947228261436	338947218684120
338947223906787	338947244944769	338947233823828
338947240338870	338947261628102	338947249939620
338947255654287	338947278311435	338947264973578
338947270034537	338947294994768	338947278590412
338947286542453	338947311678101	338947295012662
338947302605495	338947328361434	338947311077287
338947319150578	338947345044767	338947327552662
338947337576287	338947361728100	338947345880245
338947352901162	338947378411433	338947361271995
338947371309328	338947395094766	338947377992537
338947387052953	338947411778099	338947391651828
338947408305120	338947428461432	338947413597662
338947423460912	338947445144765	338947428853954
338947440288495	338947461828098	338947446919829
338947454579120	338947478511431	338947461417412
338947472964787	338947495194764	338947479821079
338947487033662	338947511878097	338947493856537
338947505677912	338947528561430	338947512558995
338947522567662	338947545244763	338947529364370
338947540056579	338947561928096	338947546828954
338947556920495	338947578611429	338947563531579
338947572096287	338947595294762	338947578902870
338947589424870	338947611978095	338947596276329
338947606200162	338947628661428	338947613023787
338947621457954	338947645344761	338947628131620
338947637259370	338947662028094	338947643796579
338947655221245	338947678711427	338947661173454
338947672147162	338947695394760	338947677864870
338947688953245	338947712078093	338947695029454
338947705762079	338947728761426	338947711872120
338947722851745	338947745444759	338947728939412
338947739447454	338947762128092	338947745526704
338947756158454	338947778811425	338947762212995
338947772752704	338947795494758	338947778832245
338947788258579	338947812178091	338947794294037
338947806520079	338947828861424	338947812608912
338947823787287	338947845544757	338947829993287
338947841871870	338947862228090	338947847930662
338947856081412	338947878911423	338947862192495
338947873515245	338947895594756	338947879668787
338947889963954	338947912278089	338947896049954
338947907355037	338947928961422	338947913402079
338947925640579	338947945644755	338947931417662
338947940629162	338947962328088	338947946643120
338947956928037	338947979011421	338947962933412
338947973498412	338947995694754	338947979591370
338947990881537	338948012378087	338947996955495
338948008827495	338948029061420	338948015097662
338948025418912	338948045744753	338948031312620
338948041785787	338948062428086	338948047862787
338948057822579	338948079111419	338948063924370
338948074934829	338948095794752	338948081019204
338948091694912	338948112478085	338948097859329
338948109538995	338948129161418	338948115663787
338948125896121	338948145844751	338948131863704

===
16683333
338946007887578	338946027061460	338946012327411
338946025508078	338946043744793	338946029899703
338946043046036	338946060428126	338946047502828
338946058706536	338946077111459	338946063245953
338946076115495	338946093794792	338946080568245
338946091424161	338946110478125	338946095912245
338946107053578	338946127161458	338946111626370
338946124638203	338946143844791	338946129158245
338946141099703	338946160528124	338946145588411
338946156799661	338946177211457	338946161382703
338946174179078	338946193894790	338946179587911
338946191143786	338946210578123	338946195250203
338946206957953	338946227261456	338946211206911
338946223888953	338946243944789	338946228238120
338946240648495	338946260628122	338946245005120
338946262546536	338946277311455	338946266993120
338946274470995	338946293994788	338946278992620
338946291487286	338946310678121	338946296075411
338946307931911	338946327361454	338946311873911
338946325142328	338946344044787	338946328673953
338946341636620	338946360728120	338946345015828
338946358111411	338946377411453	338946361615161
338946374806536	338946394094786	338946378294953
338946392199203	338946410778119	338946395669786
338946408938536	338946427461452	338946412434286
338946425605328	338946444144785	338946429108828
338946442338745	338946460828118	338946445842911
338946461525703	338946477511451	338946464870661
338946477949661	338946494194784	338946481423911
338946495616620	338946510878117	338946499101536
338946514131786	338946527561450	338946517769661
338946528554286	338946544244783	338946531881328
338946545331995	338946560928116	338946548822161
338946564152245	338946577611449	338946567624703
338946578460745	338946594294782	338946581957995
338946594370703	338946610978115	338946597868036
338946611457203	338946627661448	338946615085911
338946629589786	338946644344781	338946633188953
338946647469828	338946661028114	338946651813995
338946663595120	338946677711447	338946667837411
338946679979745	338946694394780	338946684450953
338946697313703	338946711078113	338946701932661
338946716252161	338946727761446	338946720824703
338946729869578	338946744444779	338946734583953
338946749618078	338946761128112	338946754455120
338946764382870	338946777811445	338946769210037
338946781601412	338946794494778	338946785764828
338946798781370	338946811178111	338946802591120
338946815225370	338946827861444	338946819010703
338946831657453	338946844544777	338946835458078
338946847971078	338946861228110	338946851641453
338946865367703	338946877911443	338946869177370
338946882328453	338946894594776	338946886098120
338946898454037	338946911278109	338946902233703
338946915469870	338946927961442	338946919266870
338946934015037	338946944644775	338946937849120
338946952163953	338946961328108	338946955838870
338946968693245	338946978011441	338946972479953
338946986978912	338946994694774	338946990562787
338947001180787	338947011378107	338947004988078
338947019694162	338947028061440	338947023395787
338947036054037	338947044744773	338947039884162
338947053271245	338947061428106	338947057045578
338947068070870	338947078111439	338947071831787
338947085128120	338947094794772	338947089023328
338947100748787	338947111478105	338947104605120
338947115737787	338947128161438	338947119589953
338947137194037	338947144844771	338947147194620
338947153435370	338947161528104	338947163526120
338947170926203	338947178211437	338947181817912
338947190842328	338947194894770	338947200933370
338947208755787	338947228261436	338947218684120
338947223906787	338947244944769	338947233823828
338947240338870	338947261628102	338947249939620
338947255654287	338947278311435	338947264973578
338947270034537	338947294994768	338947278590412
338947286542453	338947311678101	338947295012662
338947302605495	338947328361434	338947311077287
338947319150578	338947345044767	338947327552662
338947337576287	338947361728100	338947345880245
338947352901162	338947378411433	338947361271995
338947371309328	338947395094766	338947377992537
338947387052953	338947411778099	338947391651828
338947408305120	338947428461432	338947413597662
338947423460912	338947445144765	338947428853954
338947440288495	338947461828098	338947446919829
338947454579120	338947478511431	338947461417412
338947472964787	338947495194764	338947479821079
338947487033662	338947511878097	338947493856537
338947505677912	338947528561430	338947512558995
338947522567662	338947545244763	338947529364370
338947540056579	338947561928096	338947546828954
338947556920495	338947578611429	338947563531579
338947572096287	338947595294762	338947578902870
338947589424870	338947611978095	338947596276329
338947606200162	338947628661428	338947613023787
338947621457954	338947645344761	338947628131620
338947637259370	338947662028094	338947643796579
338947655221245	338947678711427	338947661173454
338947672147162	338947695394760	338947677864870
338947688953245	338947712078093	338947695029454
338947705762079	338947728761426	338947711872120
338947722851745	338947745444759	338947728939412
338947739447454	338947762128092	338947745526704
338947756158454	338947778811425	338947762212995
338947772752704	338947795494758	338947778832245
338947788258579	338947812178091	338947794294037
338947806520079	338947828861424	338947812608912
338947823787287	338947845544757	338947829993287
338947841871870	338947862228090	338947847930662
338947856081412	338947878911423	338947862192495
338947873515245	338947895594756	338947879668787
338947889963954	338947912278089	338947896049954
338947907355037	338947928961422	338947913402079
338947925640579	338947945644755	338947931417662
338947940629162	338947962328088	338947946643120
338947956928037	338947979011421	338947962933412
338947973498412	338947995694754	338947979591370
338947990881537	338948012378087	338947996955495
338948008827495	338948029061420	338948015097662
338948025418912	338948045744753	338948031312620
338948041785787	338948062428086	338948047862787
338948057822579	338948079111419	338948063924370
338948074934829	338948095794752	338948081019204
338948091694912	338948112478085	338948097859329
338948109538995	338948129161418	338948115663787
338948125896121	338948145844751	338948131863704

