Applications Graphics Acceleration Info:
Uptime: 339015744 Realtime: 373689854

** Graphics info for pid 20407 [com.auroratv.lab] **

Stats since: 339005668552231ns
Total frames rendered: 288
Janky frames: 17 (5.90%)
Janky frames (legacy): 187 (64.93%)
50th percentile: 23ms
90th percentile: 32ms
95th percentile: 36ms
99th percentile: 150ms
Number Missed Vsync: 3
Number High input latency: 488
Number Slow UI thread: 5
Number Slow bitmap uploads: 1
Number Slow issue draw commands: 16
Number Frame deadline missed: 17
Number Frame deadline missed (legacy): 11
HISTOGRAM: 5ms=1 6ms=8 7ms=15 8ms=3 9ms=2 10ms=1 11ms=0 12ms=13 13ms=5 14ms=5 15ms=5 16ms=0 17ms=0 18ms=0 19ms=1 20ms=1 21ms=7 22ms=35 23ms=82 24ms=31 25ms=12 26ms=3 27ms=4 28ms=11 29ms=3 30ms=6 31ms=3 32ms=6 34ms=5 36ms=6 38ms=4 40ms=0 42ms=0 44ms=0 46ms=0 48ms=0 53ms=1 57ms=1 61ms=1 65ms=1 69ms=0 73ms=0 77ms=1 81ms=0 85ms=0 89ms=0 93ms=0 97ms=0 101ms=0 105ms=0 109ms=0 113ms=0 117ms=0 121ms=0 125ms=1 129ms=0 133ms=1 150ms=1 200ms=0 250ms=1 300ms=0 350ms=1 400ms=0 450ms=0 500ms=0 550ms=0 600ms=0 650ms=0 700ms=0 750ms=0 800ms=0 850ms=0 900ms=0 950ms=0 1000ms=0 1050ms=0 1100ms=0 1150ms=0 1200ms=0 1250ms=0 1300ms=0 1350ms=0 1400ms=0 1450ms=0 1500ms=0 1550ms=0 1600ms=0 1650ms=0 1700ms=0 1750ms=0 1800ms=0 1850ms=0 1900ms=0 1950ms=0 2000ms=0 2050ms=0 2100ms=0 2150ms=0 2200ms=0 2250ms=0 2300ms=0 2350ms=0 2400ms=0 2450ms=0 2500ms=0 2550ms=0 2600ms=0 2650ms=0 2700ms=0 2750ms=0 2800ms=0 2850ms=0 2900ms=0 2950ms=0 3000ms=0 3050ms=0 3100ms=0 3150ms=0 3200ms=0 3250ms=0 3300ms=0 3350ms=0 3400ms=0 3450ms=0 3500ms=0 3550ms=0 3600ms=0 3650ms=0 3700ms=0 3750ms=0 3800ms=0 3850ms=0 3900ms=0 3950ms=0 4000ms=0 4050ms=0 4100ms=0 4150ms=0 4200ms=0 4250ms=0 4300ms=0 4350ms=0 4400ms=0 4450ms=0 4500ms=0 4550ms=0 4600ms=0 4650ms=0 4700ms=0 4750ms=0 4800ms=0 4850ms=0 4900ms=0 4950ms=0
50th gpu percentile: 7ms
90th gpu percentile: 21ms
95th gpu percentile: 4950ms
99th gpu percentile: 4950ms
GPU HISTOGRAM: 1ms=44 2ms=10 3ms=6 4ms=1 5ms=1 6ms=7 7ms=170 8ms=2 9ms=1 10ms=1 11ms=0 12ms=0 13ms=0 14ms=1 15ms=2 16ms=1 17ms=0 18ms=0 19ms=7 20ms=4 21ms=2 22ms=1 23ms=0 24ms=4 25ms=3 4950ms=20

Pipeline=Skia (OpenGL)
Memory policy:
  Max surface area: 2073600
  Max resource usage: 99.53MB (x48)
  Background retention: 50% (altUiHidden = true)
  GPU Context timeout: 10
Contexts: 1 (stopped = 0)
CPU Caches:
  Glyph Cache: 554.50 KB (1 entry)
  Glyph Count: 82 
Total CPU memory usage:
  567808 bytes, 554.50 KB (0.00 bytes is purgeable)
GPU Caches:
  Image:
    Texture: 9.36 MB (29 entries)
  Other:
    Other: 94.91 KB (1 entry)
    Buffer Object: 464.00 bytes (2 entries)
    StencilAttachment: 10.00 KB (2 entries)
  Scratch:
    RenderTarget: 11.59 MB (39 entries)
    Texture: 2.04 MB (5 entries)
    Buffer Object: 78.03 KB (3 entries)
Total GPU memory usage:
  24295796 bytes, 23.17 MB (5.82 MB is purgeable)

Profile data in ms:

	com.auroratv.lab/com.auroratv.MainActivity/android.view.ViewRootImpl@b991f02 (visibility=0)
Window: com.auroratv.lab/com.auroratv.MainActivity
Stats since: 339005776817398ns
Total frames rendered: 288
Janky frames: 17 (5.90%)
Janky frames (legacy): 187 (64.93%)
50th percentile: 23ms
90th percentile: 32ms
95th percentile: 36ms
99th percentile: 150ms
Number Missed Vsync: 3
Number High input latency: 488
Number Slow UI thread: 5
Number Slow bitmap uploads: 1
Number Slow issue draw commands: 16
Number Frame deadline missed: 17
Number Frame deadline missed (legacy): 11
HISTOGRAM: 5ms=1 6ms=8 7ms=15 8ms=3 9ms=2 10ms=1 11ms=0 12ms=13 13ms=5 14ms=5 15ms=5 16ms=0 17ms=0 18ms=0 19ms=1 20ms=1 21ms=7 22ms=35 23ms=82 24ms=31 25ms=12 26ms=3 27ms=4 28ms=11 29ms=3 30ms=6 31ms=3 32ms=6 34ms=5 36ms=6 38ms=4 40ms=0 42ms=0 44ms=0 46ms=0 48ms=0 53ms=1 57ms=1 61ms=1 65ms=1 69ms=0 73ms=0 77ms=1 81ms=0 85ms=0 89ms=0 93ms=0 97ms=0 101ms=0 105ms=0 109ms=0 113ms=0 117ms=0 121ms=0 125ms=1 129ms=0 133ms=1 150ms=1 200ms=0 250ms=1 300ms=0 350ms=1 400ms=0 450ms=0 500ms=0 550ms=0 600ms=0 650ms=0 700ms=0 750ms=0 800ms=0 850ms=0 900ms=0 950ms=0 1000ms=0 1050ms=0 1100ms=0 1150ms=0 1200ms=0 1250ms=0 1300ms=0 1350ms=0 1400ms=0 1450ms=0 1500ms=0 1550ms=0 1600ms=0 1650ms=0 1700ms=0 1750ms=0 1800ms=0 1850ms=0 1900ms=0 1950ms=0 2000ms=0 2050ms=0 2100ms=0 2150ms=0 2200ms=0 2250ms=0 2300ms=0 2350ms=0 2400ms=0 2450ms=0 2500ms=0 2550ms=0 2600ms=0 2650ms=0 2700ms=0 2750ms=0 2800ms=0 2850ms=0 2900ms=0 2950ms=0 3000ms=0 3050ms=0 3100ms=0 3150ms=0 3200ms=0 3250ms=0 3300ms=0 3350ms=0 3400ms=0 3450ms=0 3500ms=0 3550ms=0 3600ms=0 3650ms=0 3700ms=0 3750ms=0 3800ms=0 3850ms=0 3900ms=0 3950ms=0 4000ms=0 4050ms=0 4100ms=0 4150ms=0 4200ms=0 4250ms=0 4300ms=0 4350ms=0 4400ms=0 4450ms=0 4500ms=0 4550ms=0 4600ms=0 4650ms=0 4700ms=0 4750ms=0 4800ms=0 4850ms=0 4900ms=0 4950ms=0
50th gpu percentile: 7ms
90th gpu percentile: 21ms
95th gpu percentile: 4950ms
99th gpu percentile: 4950ms
GPU HISTOGRAM: 1ms=44 2ms=10 3ms=6 4ms=1 5ms=1 6ms=7 7ms=170 8ms=2 9ms=1 10ms=1 11ms=0 12ms=0 13ms=0 14ms=1 15ms=2 16ms=1 17ms=0 18ms=0 19ms=7 20ms=4 21ms=2 22ms=1 23ms=0 24ms=4 25ms=3 4950ms=20



---PROFILEDATA---
Flags,FrameTimelineVsyncId,IntendedVsync,Vsync,InputEventId,HandleInputStart,AnimationStart,PerformTraversalsStart,DrawStart,FrameDeadline,FrameInterval,FrameStartTime,SyncQueued,SyncStart,IssueDrawCommandsStart,SwapBuffers,FrameCompleted,DequeueBufferDuration,QueueBufferDuration,GpuCompleted,SwapBuffersCompleted,DisplayPresentTime,CommandSubmissionCompleted,
0,117512434,339010175091856,339010175091856,0,339010175349567,339010175351358,339010175822442,339010175994442,339010210575646,339010175344150,16800457,339010176101192,339010176192942,339010176862608,339010181664567,339010210761275,1757375,9718208,339010210761275,339010191765275,-1,339010181664567,
0,117512442,339010191892313,339010191892313,0,339010192172858,339010192174275,339010192680733,339010192852650,339010244176560,339010192167775,16800457,339010192900567,339010192992817,339010193711733,339010197993317,339010228723858,1642000,12573209,339010228723858,339010210877192,-1,339010197993317,
0,117512450,339010208692770,339010208692770,0,339010208984067,339010208985525,339010209723692,339010209922817,339010260977017,339010208977692,16800457,339010209977733,339010210989900,339010211772275,339010216763483,339010235256733,849250,11762542,339010235256733,339010228863733,-1,339010216763483,
0,117512458,339010225493227,339010225493227,0,339010225813275,339010225814858,339010226452983,339010226691525,339010277777474,339010225806400,16800457,339010226742608,339010228989108,339010229706025,339010249843233,339010256522900,16009833,479625,339010256522900,339010250695483,-1,339010249843233,
0,117512466,339010242293684,339010242293684,0,339010242645275,339010242646608,339010243259317,339010243473192,339010294577931,339010242610608,16800457,339010243522317,339010250817150,339010251516233,339010265319358,339010271950233,10984167,351000,339010271950233,339010265954192,-1,339010265319358,
0,117512474,339010259094141,339010259094141,0,339010259391900,339010259393233,339010259880275,339010260101358,339010311378388,339010259386317,16800457,339010260152067,339010266083108,339010266803900,339010282257067,339010288693525,12675959,275375,339010288693525,339010282832525,-1,339010282257067,
0,117512482,339010275894598,339010275894598,0,339010276237775,339010276239150,339010276739525,339010276912817,339010328178845,339010276231817,16800457,339010277316275,339010283012692,339010283727817,339010298835983,339010305235358,12407250,298167,339010305235358,339010299483150,-1,339010298835983,
0,117512490,339010292695055,339010292695055,0,339010292981275,339010292982650,339010293450067,339010293630942,339010344979302,339010292975692,16800457,339010293668108,339010299641442,339010300340858,339010315836650,339010322272108,12696000,320083,339010322272108,339010316520817,-1,339010315836650,
0,117512498,339010309495512,339010309495512,0,339010309832692,339010309834150,339010310276775,339010310571317,339010361779759,339010309826067,16800457,339010310618358,339010316661775,339010317492858,339010333303983,339010339869567,12324625,368084,339010339869567,339010333992025,-1,339010333303983,
0,117512506,339010326295969,339010326295969,0,339010326572442,339010326573942,339010326967275,339010327135567,339010378580216,339010326566067,16800457,339010327173525,339010334121317,339010334784358,339010349868692,339010356445234,11901251,353208,339010356445234,339010350536234,-1,339010349868692,
0,117512514,339010343096426,339010343096426,0,339010343467900,339010343469359,339010343994150,339010344198942,339010395380673,339010343461317,16800457,339010344240817,339010350663359,339010351306275,339010366197317,339010372587234,11969250,368291,339010372587234,339010366860775,-1,339010366197317,
0,117512522,339010359896883,339010359896883,0,339010360203317,339010360204859,339010360599150,339010360763234,339010412181130,339010360198359,16800457,339010360799817,339010366986067,339010367622692,339010383105692,339010389512942,12558583,278500,339010389512942,339010383697400,-1,339010383105692,
0,117512530,339010376697340,339010376697340,0,339010376986359,339010376987567,339010377448567,339010377631567,339010428981587,339010376980359,16800457,339010377672817,339010383822484,339010384572275,339010400082859,339010406557484,12621167,780834,339010406557484,339010401419650,-1,339010400082859,
0,117512538,339010393497797,339010393497797,0,339010393771400,339010393772525,339010394166817,339010394330984,339010445782044,339010393765942,16800457,339010394367567,339010401711817,339010402715234,339010418139859,339010424584275,11678375,729208,339010424584275,339010419286984,-1,339010418139859,
0,117512546,339010410298254,339010410298254,0,339010411004192,339010411005984,339010411526817,339010411751025,339010462582501,339010410996817,16800457,339010411798859,339010419450984,339010420361775,339010436365900,339010442851400,11921708,397000,339010442851400,339010437198984,-1,339010436365900,
0,117512554,339010427098711,339010427098711,0,339010427739650,339010427741775,339010428461942,339010428863067,339010479382958,339010427729567,16800457,339010428922525,339010437369359,339010438254650,339010452721317,339010459269817,10063417,398333,339010459269817,339010453527150,-1,339010452721317,
0,117512562,339010443899168,339010443899168,0,339010444415400,339010444417817,339010445087984,339010445355900,339010496183415,339010444405359,16800457,339010445409317,339010453689984,339010454558067,339010469549067,339010476038942,10500041,863583,339010476038942,339010470874900,-1,339010469549067,
0,117512570,339010460699625,339010460699625,0,339010461070900,339010461073317,339010461628109,339010461854525,339010512983872,339010461063067,16800457,339010461902859,339010471064442,339010472168275,339010485897567,339010492394025,9249209,829792,339010492394025,339010487191442,-1,339010485897567,
0,117512578,339010477500082,339010477500082,0,339010477967400,339010477969442,339010478557525,339010478797109,339010529784329,339010477959025,16800457,339010478846442,339010487383275,339010488496650,339010502439942,339010509150859,9693375,918834,339010509150859,339010503896150,-1,339010502439942,
0,117512586,339010494300539,339010494300539,0,339010494672275,339010494674192,339010495257109,339010495490900,339010546584786,339010494663984,16800457,339010495557484,339010504230109,339010505376442,339010519016900,339010525573275,9755166,831583,339010525573275,339010520252650,-1,339010519016900,
0,117512594,339010511100996,339010511100996,0,339010511534859,339010511537150,339010512354942,339010512721900,339010563385243,339010511525192,16800457,339010512776984,339010520411900,339010521381775,339010536155650,339010542657359,10910166,360125,339010542657359,339010536899150,-1,339010536155650,
0,117512602,339010527901453,339010527901453,0,339010528456650,339010528459109,339010529294025,339010529716484,339010580185700,339010528445859,16800457,339010529771359,339010537062275,339010537962567,339010554100192,339010560648650,11064084,379292,339010560648650,339010554917609,-1,339010554100192,
0,117512610,339010544701910,339010544701910,0,339010545147442,339010545149900,339010545807984,339010546204400,339010596986157,339010545136734,16800457,339010546258942,339010555078817,339010556078067,339010570347942,339010576833025,9628583,446833,339010576833025,339010571249567,-1,339010570347942,
0,117512618,339010561502367,339010561502367,0,339010561955442,339010561957442,339010562519109,339010562759442,339010613786614,339010561944900,16800457,339010562812109,339010571438025,339010572534317,339010587241984,339010593945775,9739250,556625,339010593945775,339010588482109,-1,339010587241984,
0,117512626,339010578302824,339010578302824,0,339010578693942,339010578695650,339010579581192,339010579825734,339010630587071,339010578685275,16800457,339010579876775,339010588769317,339010589958192,339010603805025,339010610497275,9122250,762833,339010610497275,339010605059567,-1,339010603805025,
0,117512634,339010595103281,339010595103281,0,339010595557609,339010595559567,339010596221525,339010596513775,339010647387528,339010595548900,16800457,339010596561150,339010605228067,339010606273567,339010620364234,339010626845942,10365125,391875,339010626845942,339010621163525,-1,339010620364234,
0,117512642,339010611903738,339010611903738,0,339010612334275,339010612336567,339010613055609,339010613385692,339010664187985,339010612323609,16800457,339010613440317,339010621335025,339010622213275,339010637329734,339010643795942,10985750,380250,339010643795942,339010638122442,-1,339010637329734,
0,117512772,339010914311964,339010914311964,-661529317,339010914642359,339010914643859,339010915505150,339010915736900,339010932995297,339010914636275,16800457,339010916524817,339010919078400,339010919830775,339010923477067,339010942227484,23500,656167,339010942227484,339010924443109,-1,339010923477067,
0,117512779,339010931112421,339010931112421,0,339010931407609,339010931408942,339010932937192,339010933108817,339010966596211,339010931402025,16800457,339010933483317,339010933594275,339010934343109,339010937559484,339010961662859,17959,4478500,339010961662859,339010942344359,-1,339010937559484,
0,117512787,339010947912878,339010947912878,0,339010948208442,339010948209734,339010948888817,339010949081192,339010983396668,339010948202984,16800457,339010949131359,339010949240567,339010950094692,339010954500400,339010980594692,1497875,6953375,339010980594692,339010961785775,-1,339010954500400,
0,117512795,339010964713335,339010964713335,0,339010964970859,339010964972192,339010965473775,339010965686025,339011000197125,339010964965067,16800457,339010965730817,339010965826650,339010966492359,339010970897984,339010994640192,1823417,9493917,339010994640192,339010980754817,-1,339010970897984,
0,117512803,339010981513792,339010981513792,0,339010981768025,339010981769400,339010982277942,339010982487692,339011016997582,339010981762609,16800457,339010982535984,339010982631734,339010983710734,339010987630650,339011001057817,1300250,5559500,339011001057817,339010994752192,-1,339010987630650,
0,117512811,339010998314249,339010998314249,0,339010998574275,339010998575609,339010999009234,339010999172234,339011033798039,339010998568400,16800457,339010999215984,339010999362484,339011000127025,339011004779775,339011011400900,1731208,283958,339011011400900,339011005386025,-1,339011004779775,
0,117512819,339011015114706,339011015114706,0,339011015457442,339011015458775,339011015938400,339011016149859,339011050598496,339011015451025,16800457,339011016198775,339011016299984,339011017051359,339011021640192,339011028317650,1454166,295625,339011028317650,339011022389609,-1,339011021640192,
0,117512827,339011031915163,339011031915163,0,339011032214984,339011032216359,339011032764567,339011032954109,339011067398953,339011032208567,16800457,339011033000692,339011033101025,339011033758775,339011038331942,339011044956192,1566625,283708,339011044956192,339011038927109,-1,339011038331942,
0,117512835,339011048715620,339011048715620,0,339011049065067,339011049066526,339011049549317,339011049724651,339011084199410,339011049056817,16800457,339011049773984,339011049868901,339011050579776,339011056073859,339011062675234,2616916,342458,339011062675234,339011056709484,-1,339011056073859,
0,117512843,339011065516077,339011065516077,0,339011065795984,339011065797234,339011066396484,339011066573567,339011100999867,339011065789567,16800457,339011066620401,339011066714442,339011067363984,339011071477859,339011077786526,1819333,267792,339011077786526,339011072050942,-1,339011071477859,
0,117512851,339011082316534,339011082316534,0,339011082586942,339011082588317,339011083106401,339011083297484,339011117800324,339011082581026,16800457,339011083743442,339011083873442,339011084661651,339011088794442,339011095093234,1263916,329041,339011095093234,339011089438276,-1,339011088794442,
0,117512859,339011099116991,339011099116991,0,339011099423234,339011099424776,339011099887109,339011100112526,339011134600781,339011099416984,16800457,339011100151984,339011100252192,339011100982317,339011105191526,339011111447109,1588125,616125,339011111447109,339011106121984,-1,339011105191526,
0,117512867,339011115917448,339011115917448,0,339011116243109,339011116244817,339011116783317,339011116979651,339011151401238,339011116237026,16800457,339011117018859,339011117127276,339011117823026,339011121812942,339011128116026,1450833,576166,339011128116026,339011122692359,-1,339011121812942,
0,117512875,339011132717905,339011132717905,0,339011133030901,339011133032234,339011133423109,339011133587901,339011168201695,339011133024942,16800457,339011133625526,339011133716609,339011134438401,339011138694026,339011144973151,1655167,502000,339011144973151,339011139488734,-1,339011138694026,
0,117512883,339011149518362,339011149518362,0,339011149792192,339011149793526,339011150207776,339011150388817,339011185002152,339011149786276,16800457,339011150426942,339011150530234,339011151188192,339011155534359,339011161808317,1881042,561000,339011161808317,339011156402526,-1,339011155534359,
0,117512891,339011166318819,339011166318819,0,339011166598651,339011166600067,339011166990276,339011167153359,339011201802609,339011166592692,16800457,339011167189484,339011167281901,339011167931901,339011172295401,339011178613109,1791708,517791,339011178613109,339011173159942,-1,339011172295401,
0,117512899,339011183119276,339011183119276,0,339011183403234,339011183404692,339011183836942,339011183995859,339011218603066,339011183397234,16800457,339011184083859,339011184182484,339011184848651,339011189126234,339011195425692,1710000,492917,339011195425692,339011189939942,-1,339011189126234,
0,117512907,339011199919733,339011199919733,0,339011200219942,339011200221317,339011200607234,339011200770984,339011235403523,339011200214401,16800457,339011200815234,339011200925359,339011201578317,339011205815317,339011212090442,1728333,577000,339011212090442,339011206688859,-1,339011205815317,
0,117512915,339011216720190,339011216720190,0,339011217007401,339011217008817,339011217391859,339011217549734,339011252203980,339011217001609,16800457,339011217586651,339011217679484,339011218318984,339011222554401,339011228875984,1801791,552875,339011228875984,339011223458901,-1,339011222554401,
0,117512923,339011233520647,339011233520647,0,339011234023026,339011234025109,339011234566734,339011234877609,339011269004437,339011234014026,16800457,339011234945567,339011235075401,339011235839817,339011240616984,339011246986651,1584667,618625,339011246986651,339011241651234,-1,339011240616984,
0,117512931,339011250321104,339011250321104,0,339011250740484,339011250742359,339011251249567,339011251465776,339011285804894,339011250731859,16800457,339011251511817,339011251645151,339011252620942,339011259094276,339011265536026,1779167,925000,339011265536026,339011260667109,-1,339011259094276,
0,117512939,339011267121561,339011267121561,0,339011267505067,339011267507067,339011268060526,339011268276401,339011302605351,339011267496692,16800457,339011268322567,339011268462067,339011269449234,339011274732984,339011281077109,1616833,820459,339011281077109,339011276184692,-1,339011274732984,
0,117512947,339011283922018,339011283922018,0,339011284402776,339011284405109,339011285191109,339011285416276,339011319405808,339011284393026,16800457,339011285463901,339011285604692,339011286565192,339011291760192,339011298165609,1484333,668583,339011298165609,339011292904026,-1,339011291760192,
0,117512955,339011300722475,339011300722475,0,339011301153192,339011301155442,339011301754442,339011302008526,339011336206265,339011301143151,16800457,339011302059109,339011302224984,339011303532109,339011309069567,339011315495817,1656750,716458,339011315495817,339011310330317,-1,339011309069567,
0,117512963,339011317522932,339011317522932,0,339011318018317,339011318020526,339011318629901,339011318886526,339011353006722,339011318007359,16800457,339011318939151,339011319137817,339011320512651,339011326562442,339011332898151,1520667,803958,339011332898151,339011327774234,-1,339011326562442,
0,117512971,339011334323389,339011334323389,0,339011334679484,339011334681401,339011335327401,339011335550651,339011369807179,339011334670984,16800457,339011335599901,339011335757484,339011337046276,339011343389817,339011349786317,1749917,935500,339011349786317,339011344884276,-1,339011343389817,
0,117512979,339011351123846,339011351123846,0,339011351486901,339011351488942,339011352120067,339011352350526,339011386607636,339011351478109,16800457,339011352399901,339011352562026,339011353411901,339011359155484,339011365565484,1694875,620500,339011365565484,339011360275401,-1,339011359155484,
0,117512987,339011367924303,339011367924303,0,339011368353359,339011368355234,339011368920067,339011369150109,339011403408093,339011368345192,16800457,339011369198151,339011369333734,339011370305692,339011375673109,339011382030276,1521542,391667,339011382030276,339011376552276,-1,339011375673109,
0,117512995,339011384724760,339011384724760,0,339011385163359,339011385165734,339011385795734,339011386062776,339011420208550,339011385152859,16800457,339011386116984,339011386287276,339011387569859,339011392638234,339011399049692,1434750,360834,339011399049692,339011393414359,-1,339011392638234,
0,117513003,339011401525217,339011401525217,0,339011401960609,339011401962901,339011402894317,339011403156651,339011437009007,339011401951234,16800457,339011403209026,339011403376026,339011404779401,339011410378026,339011416765026,1341041,362709,339011416765026,339011411151359,-1,339011410378026,
0,117513011,339011418325674,339011418325674,0,339011418743692,339011418746276,339011419382067,339011419643484,339011453809464,339011418734109,16800457,339011419694567,339011419864776,339011421257067,339011427214484,339011433522317,1441542,505083,339011433522317,339011428165609,-1,339011427214484,
0,117513140,339011720733900,339011720733900,-267708677,339011721210026,339011721211526,339011721988526,339011722247567,339011739417233,339011721204067,16800457,339011722846276,339011722985776,339011723906317,339011727486151,339011745637651,23791,434959,339011745637651,339011728270401,-1,339011727486151,
0,117513147,339011737534357,339011737534357,0,339011737832109,339011737833818,339011740844401,339011741035776,339011773018147,339011737826026,16800457,339011741934318,339011742070734,339011742897901,339011746219984,339011765699109,19916,364917,339011765699109,339011746927193,-1,339011746219984,
0,117513155,339011754334814,339011754334814,0,339011754637984,339011754639276,339011755304359,339011755480526,339011789818604,339011754631776,16800457,339011755528234,339011755629484,339011757060651,339011760758151,339011784691484,1003417,4676125,339011784691484,339011765811609,-1,339011760758151,
0,117513163,339011771135271,339011771135271,0,339011771444443,339011771445901,339011772081443,339011772279109,339011806619061,339011771438693,16800457,339011772328609,339011772430401,339011773268609,339011777425651,339011803644526,1345041,6973292,339011803644526,339011784789943,-1,339011777425651,
0,117513171,339011787935728,339011787935728,0,339011788215484,339011788216818,339011788968818,339011789177443,339011823419518,339011788209984,16800457,339011789228068,339011789346568,339011790261526,339011794372484,339011822661109,1177166,9047292,339011822661109,339011803743401,-1,339011794372484,
0,117513179,339011804736185,339011804736185,0,339011804989734,339011804990984,339011805634568,339011805822318,339011840219975,339011804984234,16800457,339011805869318,339011805981193,339011806756651,339011811020693,339011841638276,1424917,11429625,339011841638276,339011822762151,-1,339011811020693,
0,117513187,339011821536642,339011821536642,0,339011821825693,339011821827026,339011822436359,339011822605151,339011873820889,339011821819609,16800457,339011822687359,339011822871568,339011823668359,339011827917901,339011860692359,1392833,13427875,339011860692359,339011841739401,-1,339011827917901,
0,117513195,339011838337099,339011838337099,0,339011838622443,339011838623776,339011839355609,339011839536484,339011890621346,339011838616276,16800457,339011839586693,339011841866651,339011842577526,339011861275276,339011880354318,16050250,266209,339011880354318,339011861819151,-1,339011861275276,
0,117513203,339011855137556,339011855137556,0,339011855457776,339011855459068,339011856151568,339011856319859,339011907421803,339011855451818,16800457,339011856369026,339011861942318,339011862610526,339011877844859,339011886827984,12738625,2309833,339011886827984,339011880458484,-1,339011877844859,
0,117513211,339011871938013,339011871938013,0,339011872227151,339011872228526,339011872859234,339011873043901,339011924222260,339011872221068,16800457,339011873094693,339011880586276,339011881233859,339011894558734,339011900989943,10957041,270625,339011900989943,339011895137068,-1,339011894558734,
0,117513219,339011888738470,339011888738470,0,339011889059068,339011889060901,339011889694151,339011889860234,339011941022717,339011889052443,16800457,339011890195193,339011895322276,339011896070318,339011911621734,339011918013359,12969000,299208,339011918013359,339011912204943,-1,339011911621734,
0,117513227,339011905538927,339011905538927,0,339011905813026,339011905814276,339011906550651,339011906730609,339011957823174,339011905807651,16800457,339011906768693,339011912329943,339011913029651,339011928336109,339011934713859,12675375,301083,339011934713859,339011928938859,-1,339011928336109,
0,117513235,339011922339384,339011922339384,0,339011922623943,339011922625276,339011923166443,339011923361234,339011974623631,339011922618276,16800457,339011923399859,339011929068568,339011929772193,339011945342901,339011951751484,12897167,285417,339011951751484,339011945924568,-1,339011945342901,
0,117513243,339011939139841,339011939139841,0,339011939431734,339011939433401,339011940050318,339011940239193,339011991424088,339011939426276,16800457,339011940279109,339011946055651,339011946692401,339011962110193,339011968501776,12741084,277959,339011968501776,339011962683901,-1,339011962110193,
0,117513251,339011955940298,339011955940298,0,339011956252818,339011956254109,339011956790651,339011956955901,339012008224545,339011956246984,16800457,339011956994193,339011962805859,339011963441568,339011979034818,339011985535776,13001167,336459,339011985535776,339011979786693,-1,339011979034818,
0,117513259,339011972740755,339011972740755,0,339011973012068,339011973013359,339011973573734,339011973773693,339012025025002,339011973006651,16800457,339011973838484,339011979917109,339011980619693,339011995548359,339012001964734,12445000,306167,339012001964734,339011996145526,-1,339011995548359,
0,117513267,339011989541212,339011989541212,0,339011989812901,339011989823693,339011990384359,339011990567276,339012041825459,339011989807568,16800457,339011990605651,339011996271401,339011996891109,339012013356026,339012019782276,12834292,271625,339012019782276,339012013955526,-1,339012013356026,
0,117513275,339012006341669,339012006341669,0,339012006623526,339012006624984,339012007156609,339012007349068,339012058625916,339012006618401,16800457,339012007386818,339012014085776,339012014711193,339012029676651,339012036078776,11916875,266667,339012036078776,339012030248734,-1,339012029676651,
0,117513283,339012023142126,339012023142126,0,339012023407401,339012023408651,339012024110068,339012024287693,339012075426373,339012023401609,16800457,339012024330776,339012030373859,339012031169401,339012048338734,339012054836568,12789417,448708,339012054836568,339012049258818,-1,339012048338734,
0,117513291,339012039942583,339012039942583,0,339012040364484,339012040366234,339012041115109,339012041325859,339012092226830,339012040356443,16800457,339012041373068,339012049448484,339012050489901,339012064410943,339012070845484,10375250,699875,339012070845484,339012065504901,-1,339012064410943,
0,117513299,339012056743040,339012056743040,0,339012057164443,339012057166776,339012057914818,339012058124568,339012109027287,339012057154859,16800457,339012058171443,339012065714651,339012066559734,339012081688193,339012088233734,11624958,688583,339012088233734,339012082758693,-1,339012081688193,
0,117513307,339012073543497,339012073543497,0,339012073975609,339012073977776,339012074892901,339012075198984,339012125827744,339012073965734,16800457,339012075252276,339012082927359,339012083789443,339012100211859,339012106657276,10930542,489708,339012106657276,339012101151693,-1,339012100211859,
0,117513315,339012090343954,339012090343954,0,339012090792276,339012090794859,339012091734651,339012091995276,339012142628201,339012090782401,16800457,339012092101193,339012101273526,339012101895068,339012115275109,339012121859068,9341417,410666,339012121859068,339012116207901,-1,339012115275109,
0,117513323,339012107144411,339012107144411,0,339012107415026,339012107416318,339012108042193,339012108295193,339012159428658,339012107409401,16800457,339012108347859,339012116370984,339012117213484,339012132769818,339012139233068,11162083,361833,339012139233068,339012133536318,-1,339012132769818,
0,117513331,339012123944868,339012123944868,0,339012124458651,339012124461068,339012125495068,339012125746276,339012176229115,339012124448276,16800457,339012125799193,339012133824943,339012134671109,339012150215318,339012156656193,10552084,366291,339012156656193,339012150971609,-1,339012150215318,
0,117513339,339012140745325,339012140745325,0,339012141224276,339012141226609,339012142085776,339012142333276,339012193029572,339012141214526,16800457,339012142389109,339012151132484,339012152635734,339012167982443,339012174629109,9504667,450083,339012174629109,339012169009776,-1,339012167982443,
0,117513347,339012157545782,339012157545782,0,339012157898234,339012157900276,339012158591401,339012158842109,339012209830029,339012157889359,16800457,339012158908818,339012169202734,339012170339651,339012183239484,339012189756901,8026709,486708,339012189756901,339012184198318,-1,339012183239484,
0,117513355,339012174346239,339012174346239,0,339012174777068,339012174778901,339012175562859,339012175812984,339012226630486,339012174769193,16800457,339012175863276,339012184392651,339012185624443,339012199829401,339012206362151,9531333,527333,339012206362151,339012200807401,-1,339012199829401,
0,117513363,339012191146696,339012191146696,0,339012191515901,339012191517734,339012192293818,339012192502151,339012243430943,339012191507859,16800457,339012192549068,339012201168276,339012202227109,339012216116568,339012222600109,9837541,362000,339012222600109,339012216984609,-1,339012216116568,
0,117513371,339012207947153,339012207947153,0,339012208400068,339012208402318,339012209314984,339012209575859,339012260231400,339012208390359,16800457,339012209631734,339012217147609,339012217989818,339012233432776,339012239919568,11099792,356583,339012239919568,339012234229026,-1,339012233432776,
0,117513379,339012224747610,339012224747610,0,339012225180109,339012225182401,339012226150776,339012226520734,339012277031857,339012225170318,16800457,339012226575401,339012234393234,339012235310526,339012250798276,339012257259693,10644333,558208,339012257259693,339012251826401,-1,339012250798276,
0,117513502,339012510355379,339012510355379,-394650549,339012511243401,339012511244776,339012512223485,339012512502526,339012529038712,339012511236901,16800457,339012513179401,339012513335193,339012514124401,339012517168068,339012535978943,22083,335375,339012535978943,339012517817485,-1,339012517168068,
0,117513509,339012527155836,339012527155836,-969849830,339012527485485,339012527486776,339012529524818,339012529784360,339012562639626,339012527478943,16800457,339012530355901,339012530486735,339012531305193,339012535187193,339012555463193,19750,548625,339012555463193,339012536120526,-1,339012535187193,
0,117513517,339012543956293,339012543956293,0,339012544277026,339012544278318,339012544960901,339012545133985,339012579440083,339012544270943,16800457,339012545181443,339012545287568,339012546222693,339012550281776,339012574380943,1161334,4974750,339012574380943,339012555574568,-1,339012550281776,
0,117513525,339012560756750,339012560756750,0,339012561045735,339012561047068,339012561730985,339012561919860,339012596240540,339012561039568,16800457,339012561989235,339012562083735,339012564084985,339012566842693,339012593299360,175375,7341083,339012593299360,339012574485568,-1,339012566842693,
0,117513533,339012577557207,339012577557207,0,339012577809193,339012577810818,339012578554818,339012578741443,339012613040997,339012577803901,16800457,339012578790485,339012578890568,339012580862901,339012583462193,339012612197318,109917,9614666,339012612197318,339012593405860,-1,339012583462193,
0,117513541,339012594357664,339012594357664,0,339012594630026,339012594631360,339012595257318,339012595512485,339012629841454,339012594624360,16800457,339012595561693,339012595655276,339012597637193,339012600239943,339012631083026,86292,11750791,339012631083026,339012612329485,-1,339012600239943,
0,117513549,339012611158121,339012611158121,0,339012611492860,339012611494401,339012612154735,339012612341026,339012663442368,339012611486901,16800457,339012612400151,339012612494068,339012614417693,339012617170193,339012649922360,116875,13709000,339012649922360,339012631186526,-1,339012617170193,
0,117513557,339012627958578,339012627958578,0,339012628273318,339012628274651,339012629007651,339012629184901,339012680242825,339012628267235,16800457,339012629236026,339012631301443,339012631964110,339012650890360,339012658416860,16219500,606583,339012658416860,339012651800193,-1,339012650890360,
0,117513565,339012644759035,339012644759035,0,339012645042526,339012645043943,339012645687401,339012645860276,339012697043282,339012645036818,16800457,339012645909485,339012651928443,339012652666651,339012667490985,339012674124985,12292917,381625,339012674124985,339012668189235,-1,339012667490985,
0,117513573,339012661559492,339012661559492,0,339012661830110,339012661831401,339012662457401,339012662626901,339012713843739,339012661824401,16800457,339012662676443,339012668317360,339012668990776,339012684568401,339012690917860,13011333,532875,339012690917860,339012685445235,-1,339012684568401,
0,117513581,339012678359949,339012678359949,0,339012678663360,339012678664901,339012679282360,339012679453360,339012730644196,339012678658235,16800457,339012679891443,339012685588443,339012686298693,339012700939110,339012707236276,12179125,485291,339012707236276,339012701730651,-1,339012700939110,
0,117513589,339012695160406,339012695160406,0,339012695446860,339012695448110,339012696116151,339012696285985,339012747444653,339012695440651,16800457,339012696323610,339012701851735,339012702466901,339012717872110,339012724203276,12871291,498791,339012724203276,339012718658985,-1,339012717872110,
0,117513597,339012711960863,339012711960863,0,339012712289443,339012712290693,339012712940735,339012713110693,339012764245110,339012712283318,16800457,339012713152401,339012718785360,339012719434151,339012734559943,339012740819776,12871417,269417,339012740819776,339012735111360,-1,339012734559943,
0,117513605,339012728761320,339012728761320,0,339012729079568,339012729081235,339012729641818,339012729819068,339012781045567,339012729073485,16800457,339012729865235,339012735234235,339012735882443,339012751365985,339012757648068,13059750,269583,339012757648068,339012751924151,-1,339012751365985,
0,117513613,339012745561777,339012745561777,0,339012745848735,339012745850526,339012746501151,339012746671360,339012797846024,339012745843235,16800457,339012746711360,339012752124776,339012752748068,339012768163651,339012774418943,13081000,508917,339012774418943,339012768960318,-1,339012768163651,
0,117513621,339012762362234,339012762362234,0,339012762634401,339012762635776,339012763301360,339012763469568,339012814646481,339012762628610,16800457,339012763508276,339012769085193,339012769748610,339012784852901,339012791113443,12807625,554792,339012791113443,339012785706651,-1,339012784852901,
0,117513629,339012779162691,339012779162691,0,339012779443110,339012779444485,339012781158068,339012781353651,339012831446938,339012779437151,16800457,339012781398526,339012785835776,339012786454318,339012802128443,339012808424235,13156750,542792,339012808424235,339012802971485,-1,339012802128443,
0,117513637,339012795963148,339012795963148,0,339012796283485,339012796285193,339012796931818,339012797114276,339012848247395,339012796277610,16800457,339012797157735,339012803101068,339012803735110,339012821573193,339012827869860,12679166,290125,339012827869860,339012822181901,-1,339012821573193,
0,117513645,339012812763605,339012812763605,0,339012813093276,339012813094693,339012813746693,339012814012610,339012865047852,339012813086693,16800457,339012814084610,339012822311693,339012823010943,339012835875568,339012842268276,10197834,303334,339012842268276,339012836549110,-1,339012835875568,
0,117513653,339012829564062,339012829564062,0,339012829887610,339012829889068,339012830722776,339012830942026,339012881848309,339012829880860,16800457,339012830995735,339012836686068,339012837362026,339012852393943,339012858671901,12486209,512584,339012858671901,339012853207568,-1,339012852393943,
0,117513661,339012846364519,339012846364519,0,339012846675693,339012846677110,339012847216568,339012847413651,339012898648766,339012846669818,16800457,339012847470235,339012853334943,339012853989068,339012869795026,339012876109818,12882333,653750,339012876109818,339012870819610,-1,339012869795026,
0,117513669,339012863164976,339012863164976,0,339012863496276,339012863498110,339012864265776,339012864454860,339012915449223,339012863489318,16800457,339012864498068,339012870972735,339012871755193,339012887734401,339012894094776,12278583,745958,339012894094776,339012888945318,-1,339012887734401,
0,117513677,339012879965433,339012879965433,0,339012880516401,339012880518193,339012881263193,339012881511651,339012932249680,339012880508735,16800457,339012881559318,339012889105360,339012890079776,339012904281193,339012910597735,10835334,674459,339012910597735,339012905337526,-1,339012904281193,
0,117513685,339012896765890,339012896765890,0,339012897158776,339012897160776,339012897914818,339012898727526,339012949050137,339012897150526,16800457,339012898784985,339012905496860,339012906357193,339012922349401,339012928709193,11494791,749959,339012928709193,339012923522443,-1,339012922349401,
0,117513693,339012913566347,339012913566347,0,339012914009526,339012914011735,339012914807151,339012915051735,339012965850594,339012914000068,16800457,339012915104401,339012923695276,339012924680276,339012937626985,339012943962193,9556416,673583,339012943962193,339012938676276,-1,339012937626985,
0,117513701,339012930366804,339012930366804,0,339012930769360,339012930771610,339012931798693,339012932074943,339012982651051,339012930760276,16800457,339012932125818,339012938836401,339012939709485,339012954883693,339012961213693,11723542,736417,339012961213693,339012956064401,-1,339012954883693,
0,117513709,339012947167261,339012947167261,0,339012947601485,339012947603568,339012948561068,339012948852693,339012999451508,339012947591693,16800457,339012948910776,339012956227776,339012957064985,339012972976151,339012979302651,11277792,812333,339012979302651,339012974177651,-1,339012972976151,
0,117513717,339012963967718,339012963967718,0,339012964470110,339012964472860,339012965325360,339012965572568,339013016251965,339012964459235,16800457,339012965624943,339012974344151,339012975314485,339012989287360,339012995713693,9819500,794375,339012995713693,339012990548026,-1,339012989287360,
0,117513725,339012980768175,339012980768175,0,339012981126360,339012981128360,339012981818568,339012982069985,339013033052422,339012981118360,16800457,339012982117651,339012990736860,339012991727026,339013007478735,339013013992068,9817334,893708,339013013992068,339013008840651,-1,339013007478735,
0,117513733,339012997568632,339012997568632,0,339012997936485,339012997938318,339012998669068,339012998968776,339013049852879,339012997928610,16800457,339012999019985,339013009034110,339013010150693,339013021658526,339013028037943,8115208,669417,339013028037943,339013022716693,-1,339013021658526,
0,117513741,339013014369089,339013014369089,0,339013014725193,339013014727193,339013015641985,339013015876818,339013066653336,339013014716776,16800457,339013015924985,339013022879943,339013023725235,339013038630568,339013045003776,11490083,697709,339013045003776,339013039709776,-1,339013038630568,
---PROFILEDATA---


View hierarchy:

  com.auroratv.lab/com.auroratv.MainActivity/android.view.ViewRootImpl@b991f02
  356 views, 632.46 kB of render nodes


Total ViewRootImpl   : 1
Total attached Views : 356
Total RenderNode     : 632.46 kB (used) / 2540.37 kB (capacity)

