16683333
0	0	0
0	0	0
0	0	0
0	0	0
0	0	0
0	0	0
0	0	0
0	0	0
0	0	0
0	0	0
0	0	0
0	0	0
0	0	0
0	0	0
0	0	0
0	0	0
0	0	0
0	0	0
0	0	0
0	0	0
0	0	0
0	0	0
0	0	0
0	0	0
0	0	0
0	0	0
0	0	0
0	0	0
0	0	0
0	0	0
0	0	0
0	0	0
0	0	0
0	0	0
0	0	0
0	0	0
0	0	0
0	0	0
0	0	0
0	0	0
0	0	0
0	0	0
0	0	0
0	0	0
0	0	0
0	0	0
0	0	0
0	0	0
0	0	0
0	0	0
0	0	0
0	0	0
0	0	0
0	0	0
0	0	0
0	0	0
0	0	0
0	0	0
0	0	0
0	0	0
0	0	0
0	0	0
0	0	0
0	0	0
0	0	0
0	0	0
0	0	0
0	0	0
0	0	0
0	0	0
0	0	0
0	0	0
0	0	0
0	0	0
0	0	0
0	0	0
0	0	0
0	0	0
0	0	0
0	0	0
0	0	0
0	0	0
0	0	0
0	0	0
0	0	0
0	0	0
0	0	0
0	0	0
0	0	0
0	0	0
0	0	0
0	0	0
0	0	0
0	0	0
0	0	0
0	0	0
0	0	0
0	0	0
0	0	0
0	0	0
0	0	0
0	0	0
0	0	0
0	0	0
0	0	0
0	0	0
0	0	0
0	0	0
0	0	0
0	0	0
0	0	0
0	0	0
0	0	0
0	0	0
0	0	0
0	0	0
0	0	0
0	0	0
0	0	0
0	0	0
0	0	0
0	0	0
0	0	0
0	0	0
0	0	0
0	0	0
337358034076112	337358036902732	337358046701987

===
16683333
0	0	0
0	0	0
0	0	0
0	0	0
0	0	0
0	0	0
0	0	0
0	0	0
0	0	0
0	0	0
0	0	0
0	0	0
0	0	0
0	0	0
0	0	0
0	0	0
0	0	0
0	0	0
0	0	0
0	0	0
0	0	0
0	0	0
0	0	0
0	0	0
0	0	0
0	0	0
0	0	0
0	0	0
0	0	0
0	0	0
0	0	0
0	0	0
0	0	0
0	0	0
0	0	0
0	0	0
0	0	0
0	0	0
0	0	0
0	0	0
0	0	0
0	0	0
0	0	0
0	0	0
0	0	0
0	0	0
0	0	0
0	0	0
0	0	0
0	0	0
0	0	0
0	0	0
0	0	0
0	0	0
0	0	0
0	0	0
0	0	0
0	0	0
0	0	0
0	0	0
0	0	0
0	0	0
0	0	0
0	0	0
0	0	0
0	0	0
0	0	0
0	0	0
0	0	0
0	0	0
0	0	0
0	0	0
0	0	0
0	0	0
0	0	0
0	0	0
0	0	0
0	0	0
0	0	0
0	0	0
0	0	0
0	0	0
0	0	0
0	0	0
0	0	0
0	0	0
0	0	0
0	0	0
0	0	0
337358034076112	337358036902732	337358046701987
337358056313696	337358070269398	337358071052029
337358074862237	337358086952731	337358089700404
337358096721487	337358103636064	337358111505987
337358111868862	337358137002730	337358132748862
337358120874987	337358153686063	337358146949529
337358156976571	337358170369396	337358163364987
337358173114029	337358187052729	337358179457404
337358187061446	337358203736062	337358193465321
337358203637529	337358220419395	337358210033154
337358222346321	337358237102728	337358228831737
337358238199362	337358253786061	337358244611321
337358254981112	337358270469394	337358261393987
337358271413196	337358287152727	337358277807404
337358288291737	337358303836060	337358294709737
337358305065987	337358320519393	337358311368779
337358323167154	337358337202726	337358329416987
337358340559196	337358353886059	337358346808237
337358357027696	337358370569392	337358362938279
337358948887029	337358971169380	337358967325404
337358973394238	337359004536046	337358997976946
337358987355071	337359037902712	337359024943738
337359014729821	337359054586045	337359049156279
337359047947404	337359071269378	337359058064738
337359062678571	337359087952711	337359071246321
337359080358738	337359104636044	337359088927321
337359095539363	337359121319377	337359104093446
337359112534946	337359138002710	337359121139779
337359128595488	337359154686043	337359137213279
337359145314154	337359171369376	337359153930363
337359162013988	337359188052709	337359170576904
337359181099863	337359204736042	337359189591738
337359201581155	337359221419375	337359207861238
337359214135530	337359238102708	337359220282946
337359232486738	337359254786041	337359238626613
337359249165780	337359271469374	337359255284238
337359265585863	337359288152707	337359271713655
337359281985821	337359304836040	337359288096488

===
16683333
0	0	0
0	0	0
0	0	0
0	0	0
0	0	0
0	0	0
0	0	0
0	0	0
0	0	0
0	0	0
0	0	0
0	0	0
0	0	0
0	0	0
337358034076112	337358036902732	337358046701987
337358056313696	337358070269398	337358071052029
337358074862237	337358086952731	337358089700404
337358096721487	337358103636064	337358111505987
337358111868862	337358137002730	337358132748862
337358120874987	337358153686063	337358146949529
337358156976571	337358170369396	337358163364987
337358173114029	337358187052729	337358179457404
337358187061446	337358203736062	337358193465321
337358203637529	337358220419395	337358210033154
337358222346321	337358237102728	337358228831737
337358238199362	337358253786061	337358244611321
337358254981112	337358270469394	337358261393987
337358271413196	337358287152727	337358277807404
337358288291737	337358303836060	337358294709737
337358305065987	337358320519393	337358311368779
337358323167154	337358337202726	337358329416987
337358340559196	337358353886059	337358346808237
337358357027696	337358370569392	337358362938279
337358948887029	337358971169380	337358967325404
337358973394238	337359004536046	337358997976946
337358987355071	337359037902712	337359024943738
337359014729821	337359054586045	337359049156279
337359047947404	337359071269378	337359058064738
337359062678571	337359087952711	337359071246321
337359080358738	337359104636044	337359088927321
337359095539363	337359121319377	337359104093446
337359112534946	337359138002710	337359121139779
337359128595488	337359154686043	337359137213279
337359145314154	337359171369376	337359153930363
337359162013988	337359188052709	337359170576904
337359181099863	337359204736042	337359189591738
337359201581155	337359221419375	337359207861238
337359214135530	337359238102708	337359220282946
337359232486738	337359254786041	337359238626613
337359249165780	337359271469374	337359255284238
337359265585863	337359288152707	337359271713655
337359281985821	337359304836040	337359288096488
337359299029738	337359321519373	337359305102780
337359314851863	337359338202706	337359321001613
337359335002196	337359354886039	337359341117196
337359348269780	337359371569372	337359354492863
337359364828946	337359388252705	337359370933530
337359381292196	337359404936038	337359387429530
337359397825321	337359421619371	337359403966071
337359415594030	337359438302704	337359421742905
337359432724155	337359454986037	337359438823155
337359449811655	337359471669370	337359455909321
337359467009696	337359488352703	337359473107113
337359483529696	337359505036036	337359489571863
337359500840780	337359521719369	337359506978821
337359518504905	337359538402702	337359524608696
337359534817738	337359555086035	337359540927488
337359550802113	337359571769368	337359556918488
337359567855238	337359588452701	337359573999613
337359585053571	337359605136034	337359591177280
337359601948655	337359621819367	337359608069363
337359617789446	337359638502700	337359623907488
337359634544446	337359655186033	337359640663946
337359651902655	337359671869366	337359658023863
337359669770780	337359688552699	337359675884780
337359684110946	337359705236032	337359690312613
337359701370280	337359721919365	337359707512530
337359717328363	337359738602698	337359723492196
337359732904988	337359755286031	337359740650071
337359750438155	337359771969364	337359756624655
337359768243571	337359788652697	337359774315488
337359786579321	337359805336030	337359793201030
337359802220821	337359822019363	337359808834613
337359819208238	337359838702696	337359825828280
337359836868488	337359855386029	337359843484655
337359853994905	337359872069362	337359859387030
337359869870655	337359888752695	337359876517446
337359886845447	337359905436028	337359893457197
337359902853780	337359922119361	337359909488822
337359920127655	337359938802694	337359926355655
337359936153322	337359955486027	337359942345072
337359952967822	337359972169360	337359959294822
337359967988572	337359988852693	337359974208947
337359984992530	337360005536026	337359991204780
337360001598113	337360022219359	337360007816405
337360018498863	337360038902692	337360024695030
337360035325988	337360055586025	337360041526447
337360054660113	337360072269358	337360060870905
337360073241238	337360088952691	337360079421030
337360088711363	337360105636024	337360094807197
337360105337863	337360122319357	337360111523905
337360121484447	337360139002690	337360127670488
337360138307822	337360155686023	337360144479655
337360156342405	337360172369356	337360162485863
337360172317613	337360189052689	337360178519863
337360189224822	337360205736022	337360195412197
337360206657780	337360222419355	337360212821655
337360224503822	337360239102688	337360230688822
337360240473447	337360255786021	337360246612738
337360256524322	337360272469354	337360262665613
337360272620613	337360289152687	337360278827322
337360290100197	337360305836020	337360296281405
337360307712072	337360322519353	337360313840280
337360324988030	337360339202686	337360331152113
337360341277988	337360355886019	337360347389363
337360357163113	337360372569352	337360363263572
337360374343197	337360389252685	337360380488822
337360389431613	337360405936018	337360395631405
337360406681655	337360422619351	337360413259197
337360423329863	337360439302684	337360429535113
337360438940947	337360455986017	337360445156822
337360455732905	337360472669350	337360461849363
337360472579155	337360489352683	337360478736072
337360489048988	337360506036016	337360495329655
337360507239113	337360522719349	337360513461030
337360523218697	337360539402682	337360529465988
337360539627822	337360556086015	337360545849613

===
16683333
0	0	0
0	0	0
337358034076112	337358036902732	337358046701987
337358056313696	337358070269398	337358071052029
337358074862237	337358086952731	337358089700404
337358096721487	337358103636064	337358111505987
337358111868862	337358137002730	337358132748862
337358120874987	337358153686063	337358146949529
337358156976571	337358170369396	337358163364987
337358173114029	337358187052729	337358179457404
337358187061446	337358203736062	337358193465321
337358203637529	337358220419395	337358210033154
337358222346321	337358237102728	337358228831737
337358238199362	337358253786061	337358244611321
337358254981112	337358270469394	337358261393987
337358271413196	337358287152727	337358277807404
337358288291737	337358303836060	337358294709737
337358305065987	337358320519393	337358311368779
337358323167154	337358337202726	337358329416987
337358340559196	337358353886059	337358346808237
337358357027696	337358370569392	337358362938279
337358948887029	337358971169380	337358967325404
337358973394238	337359004536046	337358997976946
337358987355071	337359037902712	337359024943738
337359014729821	337359054586045	337359049156279
337359047947404	337359071269378	337359058064738
337359062678571	337359087952711	337359071246321
337359080358738	337359104636044	337359088927321
337359095539363	337359121319377	337359104093446
337359112534946	337359138002710	337359121139779
337359128595488	337359154686043	337359137213279
337359145314154	337359171369376	337359153930363
337359162013988	337359188052709	337359170576904
337359181099863	337359204736042	337359189591738
337359201581155	337359221419375	337359207861238
337359214135530	337359238102708	337359220282946
337359232486738	337359254786041	337359238626613
337359249165780	337359271469374	337359255284238
337359265585863	337359288152707	337359271713655
337359281985821	337359304836040	337359288096488
337359299029738	337359321519373	337359305102780
337359314851863	337359338202706	337359321001613
337359335002196	337359354886039	337359341117196
337359348269780	337359371569372	337359354492863
337359364828946	337359388252705	337359370933530
337359381292196	337359404936038	337359387429530
337359397825321	337359421619371	337359403966071
337359415594030	337359438302704	337359421742905
337359432724155	337359454986037	337359438823155
337359449811655	337359471669370	337359455909321
337359467009696	337359488352703	337359473107113
337359483529696	337359505036036	337359489571863
337359500840780	337359521719369	337359506978821
337359518504905	337359538402702	337359524608696
337359534817738	337359555086035	337359540927488
337359550802113	337359571769368	337359556918488
337359567855238	337359588452701	337359573999613
337359585053571	337359605136034	337359591177280
337359601948655	337359621819367	337359608069363
337359617789446	337359638502700	337359623907488
337359634544446	337359655186033	337359640663946
337359651902655	337359671869366	337359658023863
337359669770780	337359688552699	337359675884780
337359684110946	337359705236032	337359690312613
337359701370280	337359721919365	337359707512530
337359717328363	337359738602698	337359723492196
337359732904988	337359755286031	337359740650071
337359750438155	337359771969364	337359756624655
337359768243571	337359788652697	337359774315488
337359786579321	337359805336030	337359793201030
337359802220821	337359822019363	337359808834613
337359819208238	337359838702696	337359825828280
337359836868488	337359855386029	337359843484655
337359853994905	337359872069362	337359859387030
337359869870655	337359888752695	337359876517446
337359886845447	337359905436028	337359893457197
337359902853780	337359922119361	337359909488822
337359920127655	337359938802694	337359926355655
337359936153322	337359955486027	337359942345072
337359952967822	337359972169360	337359959294822
337359967988572	337359988852693	337359974208947
337359984992530	337360005536026	337359991204780
337360001598113	337360022219359	337360007816405
337360018498863	337360038902692	337360024695030
337360035325988	337360055586025	337360041526447
337360054660113	337360072269358	337360060870905
337360073241238	337360088952691	337360079421030
337360088711363	337360105636024	337360094807197
337360105337863	337360122319357	337360111523905
337360121484447	337360139002690	337360127670488
337360138307822	337360155686023	337360144479655
337360156342405	337360172369356	337360162485863
337360172317613	337360189052689	337360178519863
337360189224822	337360205736022	337360195412197
337360206657780	337360222419355	337360212821655
337360224503822	337360239102688	337360230688822
337360240473447	337360255786021	337360246612738
337360256524322	337360272469354	337360262665613
337360272620613	337360289152687	337360278827322
337360290100197	337360305836020	337360296281405
337360307712072	337360322519353	337360313840280
337360324988030	337360339202686	337360331152113
337360341277988	337360355886019	337360347389363
337360357163113	337360372569352	337360363263572
337360374343197	337360389252685	337360380488822
337360389431613	337360405936018	337360395631405
337360406681655	337360422619351	337360413259197
337360423329863	337360439302684	337360429535113
337360438940947	337360455986017	337360445156822
337360455732905	337360472669350	337360461849363
337360472579155	337360489352683	337360478736072
337360489048988	337360506036016	337360495329655
337360507239113	337360522719349	337360513461030
337360523218697	337360539402682	337360529465988
337360539627822	337360556086015	337360545849613
337360557901613	337360572769348	337360564200863
337360574330238	337360589452681	337360580630530
337360590574072	337360606136014	337360596835447
337360607243655	337360622819347	337360613430739
337360624557030	337360639502680	337360630791947
337360640839405	337360656186013	337360647044947
337360664703322	337360672869346	337360666745947
337360746115614	337360739602678	337360752387280
337360826106572	337360839702676	337360838485447
337361055729114	337361073269338	337361073120030
337361775267114	337361790652657	337361792607489
337361783168364	337361807335990	337361799685364

===
16683333
337358323167154	337358337202726	337358329416987
337358340559196	337358353886059	337358346808237
337358357027696	337358370569392	337358362938279
337358948887029	337358971169380	337358967325404
337358973394238	337359004536046	337358997976946
337358987355071	337359037902712	337359024943738
337359014729821	337359054586045	337359049156279
337359047947404	337359071269378	337359058064738
337359062678571	337359087952711	337359071246321
337359080358738	337359104636044	337359088927321
337359095539363	337359121319377	337359104093446
337359112534946	337359138002710	337359121139779
337359128595488	337359154686043	337359137213279
337359145314154	337359171369376	337359153930363
337359162013988	337359188052709	337359170576904
337359181099863	337359204736042	337359189591738
337359201581155	337359221419375	337359207861238
337359214135530	337359238102708	337359220282946
337359232486738	337359254786041	337359238626613
337359249165780	337359271469374	337359255284238
337359265585863	337359288152707	337359271713655
337359281985821	337359304836040	337359288096488
337359299029738	337359321519373	337359305102780
337359314851863	337359338202706	337359321001613
337359335002196	337359354886039	337359341117196
337359348269780	337359371569372	337359354492863
337359364828946	337359388252705	337359370933530
337359381292196	337359404936038	337359387429530
337359397825321	337359421619371	337359403966071
337359415594030	337359438302704	337359421742905
337359432724155	337359454986037	337359438823155
337359449811655	337359471669370	337359455909321
337359467009696	337359488352703	337359473107113
337359483529696	337359505036036	337359489571863
337359500840780	337359521719369	337359506978821
337359518504905	337359538402702	337359524608696
337359534817738	337359555086035	337359540927488
337359550802113	337359571769368	337359556918488
337359567855238	337359588452701	337359573999613
337359585053571	337359605136034	337359591177280
337359601948655	337359621819367	337359608069363
337359617789446	337359638502700	337359623907488
337359634544446	337359655186033	337359640663946
337359651902655	337359671869366	337359658023863
337359669770780	337359688552699	337359675884780
337359684110946	337359705236032	337359690312613
337359701370280	337359721919365	337359707512530
337359717328363	337359738602698	337359723492196
337359732904988	337359755286031	337359740650071
337359750438155	337359771969364	337359756624655
337359768243571	337359788652697	337359774315488
337359786579321	337359805336030	337359793201030
337359802220821	337359822019363	337359808834613
337359819208238	337359838702696	337359825828280
337359836868488	337359855386029	337359843484655
337359853994905	337359872069362	337359859387030
337359869870655	337359888752695	337359876517446
337359886845447	337359905436028	337359893457197
337359902853780	337359922119361	337359909488822
337359920127655	337359938802694	337359926355655
337359936153322	337359955486027	337359942345072
337359952967822	337359972169360	337359959294822
337359967988572	337359988852693	337359974208947
337359984992530	337360005536026	337359991204780
337360001598113	337360022219359	337360007816405
337360018498863	337360038902692	337360024695030
337360035325988	337360055586025	337360041526447
337360054660113	337360072269358	337360060870905
337360073241238	337360088952691	337360079421030
337360088711363	337360105636024	337360094807197
337360105337863	337360122319357	337360111523905
337360121484447	337360139002690	337360127670488
337360138307822	337360155686023	337360144479655
337360156342405	337360172369356	337360162485863
337360172317613	337360189052689	337360178519863
337360189224822	337360205736022	337360195412197
337360206657780	337360222419355	337360212821655
337360224503822	337360239102688	337360230688822
337360240473447	337360255786021	337360246612738
337360256524322	337360272469354	337360262665613
337360272620613	337360289152687	337360278827322
337360290100197	337360305836020	337360296281405
337360307712072	337360322519353	337360313840280
337360324988030	337360339202686	337360331152113
337360341277988	337360355886019	337360347389363
337360357163113	337360372569352	337360363263572
337360374343197	337360389252685	337360380488822
337360389431613	337360405936018	337360395631405
337360406681655	337360422619351	337360413259197
337360423329863	337360439302684	337360429535113
337360438940947	337360455986017	337360445156822
337360455732905	337360472669350	337360461849363
337360472579155	337360489352683	337360478736072
337360489048988	337360506036016	337360495329655
337360507239113	337360522719349	337360513461030
337360523218697	337360539402682	337360529465988
337360539627822	337360556086015	337360545849613
337360557901613	337360572769348	337360564200863
337360574330238	337360589452681	337360580630530
337360590574072	337360606136014	337360596835447
337360607243655	337360622819347	337360613430739
337360624557030	337360639502680	337360630791947
337360640839405	337360656186013	337360647044947
337360664703322	337360672869346	337360666745947
337360746115614	337360739602678	337360752387280
337360826106572	337360839702676	337360838485447
337361055729114	337361073269338	337361073120030
337361775267114	337361790652657	337361792607489
337361783168364	337361807335990	337361799685364
337361837302156	337361840702656	337361839534822
337362655492906	337362658185973	337362662636781
337362673021406	337362674869306	337362680113740
337362691575781	337362691552639	337362698647698
337362705930531	337362708235972	337362712977615
337362722438365	337362724919305	337362729627365
337362739680365	337362741602638	337362746819990
337362756719073	337362758285971	337362763794865
337362775574823	337362774969304	337362782370490
337362791407615	337362791652637	337362798563656
337362806741490	337362808335970	337362813193448
337362823868406	337362825019303	337362826177823
337362843725948	337362841702636	337362846195156
337362858233948	337362858385969	337362860537323
337362875349198	337362875069302	337362877561948
337362892723906	337362891752635	337362894982948
337362906860948	337362908435968	337362909168990
337362924782740	337362925119301	337362926968906

===
16683333
337359684110946	337359705236032	337359690312613
337359701370280	337359721919365	337359707512530
337359717328363	337359738602698	337359723492196
337359732904988	337359755286031	337359740650071
337359750438155	337359771969364	337359756624655
337359768243571	337359788652697	337359774315488
337359786579321	337359805336030	337359793201030
337359802220821	337359822019363	337359808834613
337359819208238	337359838702696	337359825828280
337359836868488	337359855386029	337359843484655
337359853994905	337359872069362	337359859387030
337359869870655	337359888752695	337359876517446
337359886845447	337359905436028	337359893457197
337359902853780	337359922119361	337359909488822
337359920127655	337359938802694	337359926355655
337359936153322	337359955486027	337359942345072
337359952967822	337359972169360	337359959294822
337359967988572	337359988852693	337359974208947
337359984992530	337360005536026	337359991204780
337360001598113	337360022219359	337360007816405
337360018498863	337360038902692	337360024695030
337360035325988	337360055586025	337360041526447
337360054660113	337360072269358	337360060870905
337360073241238	337360088952691	337360079421030
337360088711363	337360105636024	337360094807197
337360105337863	337360122319357	337360111523905
337360121484447	337360139002690	337360127670488
337360138307822	337360155686023	337360144479655
337360156342405	337360172369356	337360162485863
337360172317613	337360189052689	337360178519863
337360189224822	337360205736022	337360195412197
337360206657780	337360222419355	337360212821655
337360224503822	337360239102688	337360230688822
337360240473447	337360255786021	337360246612738
337360256524322	337360272469354	337360262665613
337360272620613	337360289152687	337360278827322
337360290100197	337360305836020	337360296281405
337360307712072	337360322519353	337360313840280
337360324988030	337360339202686	337360331152113
337360341277988	337360355886019	337360347389363
337360357163113	337360372569352	337360363263572
337360374343197	337360389252685	337360380488822
337360389431613	337360405936018	337360395631405
337360406681655	337360422619351	337360413259197
337360423329863	337360439302684	337360429535113
337360438940947	337360455986017	337360445156822
337360455732905	337360472669350	337360461849363
337360472579155	337360489352683	337360478736072
337360489048988	337360506036016	337360495329655
337360507239113	337360522719349	337360513461030
337360523218697	337360539402682	337360529465988
337360539627822	337360556086015	337360545849613
337360557901613	337360572769348	337360564200863
337360574330238	337360589452681	337360580630530
337360590574072	337360606136014	337360596835447
337360607243655	337360622819347	337360613430739
337360624557030	337360639502680	337360630791947
337360640839405	337360656186013	337360647044947
337360664703322	337360672869346	337360666745947
337360746115614	337360739602678	337360752387280
337360826106572	337360839702676	337360838485447
337361055729114	337361073269338	337361073120030
337361775267114	337361790652657	337361792607489
337361783168364	337361807335990	337361799685364
337361837302156	337361840702656	337361839534822
337362655492906	337362658185973	337362662636781
337362673021406	337362674869306	337362680113740
337362691575781	337362691552639	337362698647698
337362705930531	337362708235972	337362712977615
337362722438365	337362724919305	337362729627365
337362739680365	337362741602638	337362746819990
337362756719073	337362758285971	337362763794865
337362775574823	337362774969304	337362782370490
337362791407615	337362791652637	337362798563656
337362806741490	337362808335970	337362813193448
337362823868406	337362825019303	337362826177823
337362843725948	337362841702636	337362846195156
337362858233948	337362858385969	337362860537323
337362875349198	337362875069302	337362877561948
337362892723906	337362891752635	337362894982948
337362906860948	337362908435968	337362909168990
337362924782740	337362925119301	337362926968906
337363545802032	337363559085955	337363553362532
337363567250782	337363592452621	337363576818448
337363578016448	337363609135954	337363587625990
337363595888073	337363625819287	337363605523115
337363613028490	337363642502620	337363622693948
337363630339032	337363659185953	337363640032657
337363646825615	337363675869286	337363656633865
337363663546157	337363692552619	337363673290740
337363680236365	337363709235952	337363686363240
337363697007282	337363725919285	337363700232032
337363714238615	337363742602618	337363717116657
337363730471907	337363759285951	337363733372365
337363747392282	337363775969284	337363750340032
337363764473282	337363792652617	337363767420282
337363780848323	337363809335950	337363783794615
337363797758698	337363826019283	337363800711907
337363814390115	337363842702616	337363817354823
337363831426615	337363859385949	337363834363115
337363851380948	337363876069282	337363854292490
337363866107657	337363892752615	337363869021448
337363882720532	337363909435948	337363885572782
337363899752240	337363926119281	337363903598407
337363918064282	337363942802614	337363922044448
337363935333490	337363959485947	337363940028240
337363949978032	337363976169280	337363954682323
337363966336823	337363992852613	337363971273448
337363983431657	337364009535946	337363988358573
337364000785573	337364026219279	337364005700698
337364016858490	337364042902612	337364021738615
337364033637990	337364059585945	337364038573990
337364051245740	337364076269278	337364056150740
337364067348448	337364092952611	337364071448365
337364084107240	337364109635944	337364088054074
337364100662240	337364126319277	337364104631699
337364117277782	337364143002610	337364120334032
337364134114907	337364159685943	337364137209574
337364150936782	337364176369276	337364154035074
337364167543074	337364193052609	337364170640199
337364184431032	337364209735942	337364187503074
337364201309407	337364226419275	337364204354407
337364217916657	337364243102608	337364221874740
337364235250990	337364259785941	337364239223532
337364251994490	337364276469274	337364256084824
337364270197740	337364293152607	337364274216740
337364311373532	337364326519273	337364315292740

===
16683333
337362756719073	337362758285971	337362763794865
337362775574823	337362774969304	337362782370490
337362791407615	337362791652637	337362798563656
337362806741490	337362808335970	337362813193448
337362823868406	337362825019303	337362826177823
337362843725948	337362841702636	337362846195156
337362858233948	337362858385969	337362860537323
337362875349198	337362875069302	337362877561948
337362892723906	337362891752635	337362894982948
337362906860948	337362908435968	337362909168990
337362924782740	337362925119301	337362926968906
337363545802032	337363559085955	337363553362532
337363567250782	337363592452621	337363576818448
337363578016448	337363609135954	337363587625990
337363595888073	337363625819287	337363605523115
337363613028490	337363642502620	337363622693948
337363630339032	337363659185953	337363640032657
337363646825615	337363675869286	337363656633865
337363663546157	337363692552619	337363673290740
337363680236365	337363709235952	337363686363240
337363697007282	337363725919285	337363700232032
337363714238615	337363742602618	337363717116657
337363730471907	337363759285951	337363733372365
337363747392282	337363775969284	337363750340032
337363764473282	337363792652617	337363767420282
337363780848323	337363809335950	337363783794615
337363797758698	337363826019283	337363800711907
337363814390115	337363842702616	337363817354823
337363831426615	337363859385949	337363834363115
337363851380948	337363876069282	337363854292490
337363866107657	337363892752615	337363869021448
337363882720532	337363909435948	337363885572782
337363899752240	337363926119281	337363903598407
337363918064282	337363942802614	337363922044448
337363935333490	337363959485947	337363940028240
337363949978032	337363976169280	337363954682323
337363966336823	337363992852613	337363971273448
337363983431657	337364009535946	337363988358573
337364000785573	337364026219279	337364005700698
337364016858490	337364042902612	337364021738615
337364033637990	337364059585945	337364038573990
337364051245740	337364076269278	337364056150740
337364067348448	337364092952611	337364071448365
337364084107240	337364109635944	337364088054074
337364100662240	337364126319277	337364104631699
337364117277782	337364143002610	337364120334032
337364134114907	337364159685943	337364137209574
337364150936782	337364176369276	337364154035074
337364167543074	337364193052609	337364170640199
337364184431032	337364209735942	337364187503074
337364201309407	337364226419275	337364204354407
337364217916657	337364243102608	337364221874740
337364235250990	337364259785941	337364239223532
337364251994490	337364276469274	337364256084824
337364270197740	337364293152607	337364274216740
337364311373532	337364326519273	337364315292740
337364322238115	337364343202606	337364326613990
337364338833615	337364359885939	337364342895199
337364355661199	337364376569272	337364359739699
337364372521324	337364393252605	337364376412782
337364396398282	337364409935938	337364400577990
337364405877032	337364426619271	337364409848490
337364421895199	337364443302604	337364425749490
337364438244532	337364459985937	337364441287824
337364454955240	337364476669270	337364457983865
337364470729115	337364493352603	337364473728782
337364486645824	337364510035936	337364489638324
337364503527532	337364526719269	337364506519157
337364520476115	337364543402602	337364523459824
337364537217449	337364560085935	337364541050740
337364553985699	337364576769268	337364557840574
337364570872907	337364593452601	337364574646490
337364640434657	337364643502600	337364647005157
337364657128032	337364660185933	337364665604990
337364670638074	337364676869266	337364679122907
337364688105157	337364693552599	337364696523282
337364704099615	337364710235932	337364712524782
337364721665740	337364726919265	337364729950449
337364737810407	337364743602598	337364746125574
337364754669365	337364760285931	337364758565365
337364772612532	337364776969264	337364776482699
337364788547616	337364793652597	337364791811157
337364805104324	337364810335930	337364808089699
337364821651157	337364827019263	337364824763324
337364838194741	337364843702596	337364841329282
337364854789032	337364860385929	337364857957782
337364871858782	337364877069262	337364874975491
337364888612866	337364893752595	337364891770241
337364905249532	337364910435928	337364908378157
337364922331949	337364927119261	337364925452532
337364938999032	337364943802594	337364942113324
337364958174824	337364960485927	337364961347282
337364974527449	337364977169260	337364978525657
337364990556949	337364993852593	337364994617282
337365008118532	337365010535926	337365012089324
337365036854366	337365043902592	337365040937866
337365045253782	337365060585925	337365050057616
337365058334532	337365077269258	337365063285574
337365075200699	337365093952591	337365079360991
337365091950574	337365110635924	337365095925032
337365108953282	337365127319257	337365112840782
337365125722532	337365144002590	337365129622116
337365143743824	337365160685923	337365147595449
337365159226824	337365177369256	337365163120532
337365176087782	337365194052589	337365179258532
337365193245991	337365210735922	337365196234324
337365209576032	337365227419255	337365212679407
337365225975074	337365244102588	337365229081366
337365242916032	337365260785921	337365245932116
337365259521699	337365277469254	337365262622407
337365276277824	337365294152587	337365279357574
337365294423491	337365310835920	337365298375532
337365309750532	337365327519253	337365313697574
337365328606157	337365344202586	337365332525282
337365346345824	337365360885919	337365349690449
337365362258157	337365377569252	337365366203657
337365378724741	337365394252585	337365382673949
337365394666616	337365410935918	337365398672949
337365425627282	337365427619251	337365429691074
337365439126824	337365444302584	337365444972491
337365445123324	337365460985917	337365449204991
337365461377241	337365477669250	337365465369782
337365478107658	337365494352583	337365482036199
337365515235783	337365511035916	337365518481491
337365521615866	337365527719249	337365524649283
337365536942741	337365544402582	337365539927033
337365551898949	337365561085915	337365554863408

===
16683333
337364537217449	337364560085935	337364541050740
337364553985699	337364576769268	337364557840574
337364570872907	337364593452601	337364574646490
337364640434657	337364643502600	337364647005157
337364657128032	337364660185933	337364665604990
337364670638074	337364676869266	337364679122907
337364688105157	337364693552599	337364696523282
337364704099615	337364710235932	337364712524782
337364721665740	337364726919265	337364729950449
337364737810407	337364743602598	337364746125574
337364754669365	337364760285931	337364758565365
337364772612532	337364776969264	337364776482699
337364788547616	337364793652597	337364791811157
337364805104324	337364810335930	337364808089699
337364821651157	337364827019263	337364824763324
337364838194741	337364843702596	337364841329282
337364854789032	337364860385929	337364857957782
337364871858782	337364877069262	337364874975491
337364888612866	337364893752595	337364891770241
337364905249532	337364910435928	337364908378157
337364922331949	337364927119261	337364925452532
337364938999032	337364943802594	337364942113324
337364958174824	337364960485927	337364961347282
337364974527449	337364977169260	337364978525657
337364990556949	337364993852593	337364994617282
337365008118532	337365010535926	337365012089324
337365036854366	337365043902592	337365040937866
337365045253782	337365060585925	337365050057616
337365058334532	337365077269258	337365063285574
337365075200699	337365093952591	337365079360991
337365091950574	337365110635924	337365095925032
337365108953282	337365127319257	337365112840782
337365125722532	337365144002590	337365129622116
337365143743824	337365160685923	337365147595449
337365159226824	337365177369256	337365163120532
337365176087782	337365194052589	337365179258532
337365193245991	337365210735922	337365196234324
337365209576032	337365227419255	337365212679407
337365225975074	337365244102588	337365229081366
337365242916032	337365260785921	337365245932116
337365259521699	337365277469254	337365262622407
337365276277824	337365294152587	337365279357574
337365294423491	337365310835920	337365298375532
337365309750532	337365327519253	337365313697574
337365328606157	337365344202586	337365332525282
337365346345824	337365360885919	337365349690449
337365362258157	337365377569252	337365366203657
337365378724741	337365394252585	337365382673949
337365394666616	337365410935918	337365398672949
337365425627282	337365427619251	337365429691074
337365439126824	337365444302584	337365444972491
337365445123324	337365460985917	337365449204991
337365461377241	337365477669250	337365465369782
337365478107658	337365494352583	337365482036199
337365515235783	337365511035916	337365518481491
337365521615866	337365527719249	337365524649283
337365536942741	337365544402582	337365539927033
337365551898949	337365561085915	337365554863408
337365568315449	337365577769248	337365571314408
337365584126824	337365594452581	337365587071699
337365596389741	337365611135914	337365599375074
337365612709449	337365627819247	337365615637949
337365629359699	337365644502580	337365632340699
337365646932158	337365661185913	337365649790074
337365662596408	337365677869246	337365665554033
337365765278991	337365761285911	337365772108199
337365780492699	337365777969244	337365789060741
337365795871949	337365794652577	337365804328116
337365812797991	337365811335910	337365821250283
337365829526324	337365828019243	337365837940158
337365846257533	337365844702576	337365854533574
337365863825699	337365861385909	337365872081324
337365880397283	337365878069242	337365888668033
337365896715074	337365911435908	337365905079824
337365913364991	337365928119241	337365920338408
337365930441491	337365944802574	337365933560783
337365946890241	337365961485907	337365949991949
337365963600408	337365978169240	337365966719866
337365980493783	337365994852573	337365983592908
337365997303866	337366011535906	337366000462741
337366014023533	337366028219239	337366017127491
337366031006491	337366044902572	337366034605824
337366047780366	337366061585905	337366051773741
337366064621741	337366078269238	337366068669824
337366085023783	337366094952571	337366088860116
337366098677866	337366111635904	337366102676616
337366115479741	337366128319237	337366119469158
337366132161199	337366145002570	337366136122241
337366163725658	337366178369236	337366167778533
337366171271658	337366195052569	337366176077283
337366185578575	337366211735902	337366190528825
337366201705283	337366228419235	337366206732825
337366218594741	337366245102568	337366223685908
337366235350158	337366261785901	337366240351075
337366253438325	337366278469234	337366256275616
337366270546950	337366295152567	337366274290450
337366286692575	337366311835900	337366290613491
337366301862325	337366328519233	337366305058033
337366319136158	337366345202566	337366322135783
337366334955408	337366361885899	337366338056200
337366351900908	337366378569232	337366354995158
337366368188783	337366395252565	337366371273700
337366385157575	337366411935898	337366388179700
337366402248908	337366428619231	337366405318533
337366418555241	337366445302564	337366421679908
337366435446283	337366461985897	337366438530158
337366453756575	337366478669230	337366456825700
337366469848241	337366495352563	337366473869325
337366486230366	337366512035896	337366490254825
337366503333408	337366528719229	337366507248366
337366519655491	337366545402562	337366523697158
337366560707741	337366562085895	337366564766241
337366567062491	337366578769228	337366571225075
337366579444658	337366595452561	337366583510325
337366591956700	337366612135894	337366595933366
337366625426200	337366628819227	337366629369783
337366630929450	337366645502560	337366635289325
337366645918408	337366662185893	337366649798783
337366661477033	337366678869226	337366665188158
337366675165533	337366695552559	337366679004033
337366689431741	337366712235892	337366692407991
337366704458033	337366728919225	337366707471325
337366721055325	337366745602558	337366724053741
337366738188116	337366762285891	337366741190533
337366754493491	337366778969224	337366757478325
337366771188825	337366795652557	337366774181116
337366787963116	337366812335890	337366791784075

===
16683333
337365629359699	337365644502580	337365632340699
337365646932158	337365661185913	337365649790074
337365662596408	337365677869246	337365665554033
337365765278991	337365761285911	337365772108199
337365780492699	337365777969244	337365789060741
337365795871949	337365794652577	337365804328116
337365812797991	337365811335910	337365821250283
337365829526324	337365828019243	337365837940158
337365846257533	337365844702576	337365854533574
337365863825699	337365861385909	337365872081324
337365880397283	337365878069242	337365888668033
337365896715074	337365911435908	337365905079824
337365913364991	337365928119241	337365920338408
337365930441491	337365944802574	337365933560783
337365946890241	337365961485907	337365949991949
337365963600408	337365978169240	337365966719866
337365980493783	337365994852573	337365983592908
337365997303866	337366011535906	337366000462741
337366014023533	337366028219239	337366017127491
337366031006491	337366044902572	337366034605824
337366047780366	337366061585905	337366051773741
337366064621741	337366078269238	337366068669824
337366085023783	337366094952571	337366088860116
337366098677866	337366111635904	337366102676616
337366115479741	337366128319237	337366119469158
337366132161199	337366145002570	337366136122241
337366163725658	337366178369236	337366167778533
337366171271658	337366195052569	337366176077283
337366185578575	337366211735902	337366190528825
337366201705283	337366228419235	337366206732825
337366218594741	337366245102568	337366223685908
337366235350158	337366261785901	337366240351075
337366253438325	337366278469234	337366256275616
337366270546950	337366295152567	337366274290450
337366286692575	337366311835900	337366290613491
337366301862325	337366328519233	337366305058033
337366319136158	337366345202566	337366322135783
337366334955408	337366361885899	337366338056200
337366351900908	337366378569232	337366354995158
337366368188783	337366395252565	337366371273700
337366385157575	337366411935898	337366388179700
337366402248908	337366428619231	337366405318533
337366418555241	337366445302564	337366421679908
337366435446283	337366461985897	337366438530158
337366453756575	337366478669230	337366456825700
337366469848241	337366495352563	337366473869325
337366486230366	337366512035896	337366490254825
337366503333408	337366528719229	337366507248366
337366519655491	337366545402562	337366523697158
337366560707741	337366562085895	337366564766241
337366567062491	337366578769228	337366571225075
337366579444658	337366595452561	337366583510325
337366591956700	337366612135894	337366595933366
337366625426200	337366628819227	337366629369783
337366630929450	337366645502560	337366635289325
337366645918408	337366662185893	337366649798783
337366661477033	337366678869226	337366665188158
337366675165533	337366695552559	337366679004033
337366689431741	337366712235892	337366692407991
337366704458033	337366728919225	337366707471325
337366721055325	337366745602558	337366724053741
337366738188116	337366762285891	337366741190533
337366754493491	337366778969224	337366757478325
337366771188825	337366795652557	337366774181116
337366787963116	337366812335890	337366791784075
337366889782825	337366895752555	337366894169658
337366906912575	337366929119221	337366919098825
337366921860658	337366945802554	337366933764200
337366939684492	337366962485887	337366951577825
337366957544575	337366979169220	337366969392367
337366973490867	337366995852553	337366985097658
337366991075367	337367012535886	337367002751450
337367006954075	337367029219219	337367010776908
337367023678242	337367045902552	337367027515533
337367040384992	337367062585885	337367043618617
337367057144533	337367079269218	337367060258575
337367073932450	337367095952551	337367077040200
337367090722992	337367112635884	337367093826867
337367107473325	337367129319217	337367110584700
337367124140033	337367146002550	337367128089242
337367140938158	337367162685883	337367144928158
337367157715367	337367179369216	337367161700950
337367174516992	337367196052549	337367178493075
337367193413200	337367212735882	337367197467158
337367208912075	337367229419215	337367212977242
337367225853992	337367246102548	337367229856867
337367263324575	337367262785881	337367267526367
337367269205492	337367279469214	337367273817992
337367278941033	337367296152547	337367283779033
337367292756992	337367312835880	337367297755533
337367309416242	337367329519213	337367314509617
337367326030783	337367346202546	337367329904242
337367342913742	337367362885879	337367346813283
337367360246242	337367379569212	337367364162408
337367376695617	337367396252545	337367380622033
337367394423325	337367412935878	337367397608533
337367411132700	337367429619211	337367414225617
337367426692408	337367446302544	337367429783367
337367443277450	337367462985877	337367446382117
337367459937992	337367479669210	337367463055242
337367476782492	337367496352543	337367479874325
337367493693700	337367513035876	337367496793033
337367510257408	337367529719209	337367513336908
337367527064158	337367546402542	337367530657742
337367543864867	337367563085875	337367547817325
337367560667117	337367579769208	337367564623367
337367580147742	337367596452541	337367584044492
337367595368617	337367613135874	337367599307742
337367612334117	337367629819207	337367616287367
337367628890492	337367646502540	337367632925367
337367664786325	337367663185873	337367668773492
337367670349534	337367679869206	337367674444200
337367684905950	337367696552539	337367688937575
337367699708117	337367713235872	337367703719742
337367719190242	337367729919205	337367723142075
337367750295450	337367746602538	337367754304575
337367756438367	337367763285871	337367760311617
337367769353659	337367779969204	337367773205409
337367786940909	337367796652537	337367790776534
337367798938034	337367813335870	337367802768159
337367813162117	337367830019203	337367816990242
337367830030742	337367846702536	337367833859617
337367846796409	337367863385869	337367850124534
337367863304534	337367880069202	337367866301867
337367879948575	337367896752535	337367882941409
337367897197409	337367913435868	337367900185409
337367913570784	337367930119201	337367916552659

===
16683333
337366721055325	337366745602558	337366724053741
337366738188116	337366762285891	337366741190533
337366754493491	337366778969224	337366757478325
337366771188825	337366795652557	337366774181116
337366787963116	337366812335890	337366791784075
337366889782825	337366895752555	337366894169658
337366906912575	337366929119221	337366919098825
337366921860658	337366945802554	337366933764200
337366939684492	337366962485887	337366951577825
337366957544575	337366979169220	337366969392367
337366973490867	337366995852553	337366985097658
337366991075367	337367012535886	337367002751450
337367006954075	337367029219219	337367010776908
337367023678242	337367045902552	337367027515533
337367040384992	337367062585885	337367043618617
337367057144533	337367079269218	337367060258575
337367073932450	337367095952551	337367077040200
337367090722992	337367112635884	337367093826867
337367107473325	337367129319217	337367110584700
337367124140033	337367146002550	337367128089242
337367140938158	337367162685883	337367144928158
337367157715367	337367179369216	337367161700950
337367174516992	337367196052549	337367178493075
337367193413200	337367212735882	337367197467158
337367208912075	337367229419215	337367212977242
337367225853992	337367246102548	337367229856867
337367263324575	337367262785881	337367267526367
337367269205492	337367279469214	337367273817992
337367278941033	337367296152547	337367283779033
337367292756992	337367312835880	337367297755533
337367309416242	337367329519213	337367314509617
337367326030783	337367346202546	337367329904242
337367342913742	337367362885879	337367346813283
337367360246242	337367379569212	337367364162408
337367376695617	337367396252545	337367380622033
337367394423325	337367412935878	337367397608533
337367411132700	337367429619211	337367414225617
337367426692408	337367446302544	337367429783367
337367443277450	337367462985877	337367446382117
337367459937992	337367479669210	337367463055242
337367476782492	337367496352543	337367479874325
337367493693700	337367513035876	337367496793033
337367510257408	337367529719209	337367513336908
337367527064158	337367546402542	337367530657742
337367543864867	337367563085875	337367547817325
337367560667117	337367579769208	337367564623367
337367580147742	337367596452541	337367584044492
337367595368617	337367613135874	337367599307742
337367612334117	337367629819207	337367616287367
337367628890492	337367646502540	337367632925367
337367664786325	337367663185873	337367668773492
337367670349534	337367679869206	337367674444200
337367684905950	337367696552539	337367688937575
337367699708117	337367713235872	337367703719742
337367719190242	337367729919205	337367723142075
337367750295450	337367746602538	337367754304575
337367756438367	337367763285871	337367760311617
337367769353659	337367779969204	337367773205409
337367786940909	337367796652537	337367790776534
337367798938034	337367813335870	337367802768159
337367813162117	337367830019203	337367816990242
337367830030742	337367846702536	337367833859617
337367846796409	337367863385869	337367850124534
337367863304534	337367880069202	337367866301867
337367879948575	337367896752535	337367882941409
337367897197409	337367913435868	337367900185409
337367913570784	337367930119201	337367916552659
337368299359117	337368313835860	337368308351701
337368317835159	337368330519193	337368326839867
337368334266701	337368347202526	337368343761326
337368350713659	337368363885859	337368362805534
337368366905034	337368380569192	337368374577367
337368383893867	337368397252525	337368387843367
337368401009117	337368413935858	337368405018534
337368417421159	337368430619191	337368421298159
337368438145909	337368447302524	337368442218076
337368453459409	337368463985857	337368458245367
337368468690034	337368480669190	337368473415784
337368485004909	337368497352523	337368489120576
337368502027784	337368514035856	337368506152951
337368518910159	337368530719189	337368522963951
337368535676284	337368547402522	337368539746284
337368553601992	337368564085855	337368557818284
337368570658617	337368580769188	337368575626742
337368585873659	337368597452521	337368590124409
337368602673659	337368614135854	337368606983951
337368619236076	337368630819187	337368623521492
337368636484242	337368647502520	337368640671159
337368653843076	337368664185853	337368658019367
337368670854284	337368680869186	337368675184992
337368688416409	337368697552519	337368693437451
337368703522117	337368714235852	337368707918492
337368720606201	337368730919185	337368724996451
337368736975201	337368747602518	337368741381117
337368754531492	337368764285851	337368758864326
337368771190534	337368780969184	337368775527742
337368788684909	337368797652517	337368793191617
337368805594784	337368814335850	337368810761284
337368822215534	337368831019183	337368826592367
337368838694451	337368847702516	337368842909867
337368853836451	337368864385849	337368858122076
337368870971617	337368881069182	337368875122701
337368888277409	337368897752515	337368892303534
337368904285659	337368914435848	337368908463534
337368921262784	337368931119181	337368925401534
337368938272826	337368947802514	337368941790242
337368954755617	337368964485847	337368958140992
337368971407909	337368981169180	337368974790618
337368987749951	337368997852513	337368991135201
337369004774201	337369014535846	337369008150618
337369021548618	337369031219179	337369024912743
337369039150618	337369047902512	337369042547368
337369056821451	337369064585845	337369060079993
337369072826826	337369081269178	337369076107284
337369093724493	337369097952511	337369096879326
337369108826326	337369114635844	337369112098159
337369126586659	337369131319177	337369130715534
337369143246451	337369148002510	337369147401659
337369159225534	337369164685843	337369163340868
337369176285118	337369181369176	337369180240451
337369191258618	337369198052509	337369195204993
337369210041701	337369214735842	337369213993409
337369227197368	337369231419175	337369231121451
337369243515993	337369248102508	337369247445701
337369259463659	337369264785841	337369263415118
337369276718909	337369281469174	337369280710034
337369294448534	337369298152507	337369298297368

===
16683333
337367269205492	337367279469214	337367273817992
337367278941033	337367296152547	337367283779033
337367292756992	337367312835880	337367297755533
337367309416242	337367329519213	337367314509617
337367326030783	337367346202546	337367329904242
337367342913742	337367362885879	337367346813283
337367360246242	337367379569212	337367364162408
337367376695617	337367396252545	337367380622033
337367394423325	337367412935878	337367397608533
337367411132700	337367429619211	337367414225617
337367426692408	337367446302544	337367429783367
337367443277450	337367462985877	337367446382117
337367459937992	337367479669210	337367463055242
337367476782492	337367496352543	337367479874325
337367493693700	337367513035876	337367496793033
337367510257408	337367529719209	337367513336908
337367527064158	337367546402542	337367530657742
337367543864867	337367563085875	337367547817325
337367560667117	337367579769208	337367564623367
337367580147742	337367596452541	337367584044492
337367595368617	337367613135874	337367599307742
337367612334117	337367629819207	337367616287367
337367628890492	337367646502540	337367632925367
337367664786325	337367663185873	337367668773492
337367670349534	337367679869206	337367674444200
337367684905950	337367696552539	337367688937575
337367699708117	337367713235872	337367703719742
337367719190242	337367729919205	337367723142075
337367750295450	337367746602538	337367754304575
337367756438367	337367763285871	337367760311617
337367769353659	337367779969204	337367773205409
337367786940909	337367796652537	337367790776534
337367798938034	337367813335870	337367802768159
337367813162117	337367830019203	337367816990242
337367830030742	337367846702536	337367833859617
337367846796409	337367863385869	337367850124534
337367863304534	337367880069202	337367866301867
337367879948575	337367896752535	337367882941409
337367897197409	337367913435868	337367900185409
337367913570784	337367930119201	337367916552659
337368299359117	337368313835860	337368308351701
337368317835159	337368330519193	337368326839867
337368334266701	337368347202526	337368343761326
337368350713659	337368363885859	337368362805534
337368366905034	337368380569192	337368374577367
337368383893867	337368397252525	337368387843367
337368401009117	337368413935858	337368405018534
337368417421159	337368430619191	337368421298159
337368438145909	337368447302524	337368442218076
337368453459409	337368463985857	337368458245367
337368468690034	337368480669190	337368473415784
337368485004909	337368497352523	337368489120576
337368502027784	337368514035856	337368506152951
337368518910159	337368530719189	337368522963951
337368535676284	337368547402522	337368539746284
337368553601992	337368564085855	337368557818284
337368570658617	337368580769188	337368575626742
337368585873659	337368597452521	337368590124409
337368602673659	337368614135854	337368606983951
337368619236076	337368630819187	337368623521492
337368636484242	337368647502520	337368640671159
337368653843076	337368664185853	337368658019367
337368670854284	337368680869186	337368675184992
337368688416409	337368697552519	337368693437451
337368703522117	337368714235852	337368707918492
337368720606201	337368730919185	337368724996451
337368736975201	337368747602518	337368741381117
337368754531492	337368764285851	337368758864326
337368771190534	337368780969184	337368775527742
337368788684909	337368797652517	337368793191617
337368805594784	337368814335850	337368810761284
337368822215534	337368831019183	337368826592367
337368838694451	337368847702516	337368842909867
337368853836451	337368864385849	337368858122076
337368870971617	337368881069182	337368875122701
337368888277409	337368897752515	337368892303534
337368904285659	337368914435848	337368908463534
337368921262784	337368931119181	337368925401534
337368938272826	337368947802514	337368941790242
337368954755617	337368964485847	337368958140992
337368971407909	337368981169180	337368974790618
337368987749951	337368997852513	337368991135201
337369004774201	337369014535846	337369008150618
337369021548618	337369031219179	337369024912743
337369039150618	337369047902512	337369042547368
337369056821451	337369064585845	337369060079993
337369072826826	337369081269178	337369076107284
337369093724493	337369097952511	337369096879326
337369108826326	337369114635844	337369112098159
337369126586659	337369131319177	337369130715534
337369143246451	337369148002510	337369147401659
337369159225534	337369164685843	337369163340868
337369176285118	337369181369176	337369180240451
337369191258618	337369198052509	337369195204993
337369210041701	337369214735842	337369213993409
337369227197368	337369231419175	337369231121451
337369243515993	337369248102508	337369247445701
337369259463659	337369264785841	337369263415118
337369276718909	337369281469174	337369280710034
337369294448534	337369298152507	337369298297368
337369690284701	337369698552499	337369699137701
337369777069618	337369781969164	337369786728993
337369799529535	337369815335830	337369808207368
337369833061660	337369882069162	337369875598243
337369839722868	337369898752495	337369899983785
337369897465493	337369915435828	337369910621035
337369924466035	337369932119161	337369934703160
337369931407618	337369948802494	337369940875118
337369947476035	337369965485827	337369953555243
337369964679910	337369982169160	337369970749368
337369982435826	337369998852493	337369988480451
337369999435951	337370015535826	337370005493118
337370016804576	337370032219159	337370022855535
337370034646451	337370048902492	337370040302410
337370049473160	337370065585825	337370055510285
337370067573910	337370082269158	337370073613910
337370084284576	337370098952491	337370090232785
337370101115035	337370115635824	337370107124368
337370117428618	337370132319157	337370123449535
337370133518576	337370149002490	337370139672285
337370150371535	337370165685823	337370156421118
337370168085035	337370182369156	337370174156868
337370184957410	337370199052489	337370191032160
337370201689243	337370215735822	337370207591618
337370217585743	337370232419155	337370223635035
337370234667326	337370249102488	337370240722451
337370252311451	337370265785821	337370258359868

===
16683333
337367269205492	337367279469214	337367273817992
337367278941033	337367296152547	337367283779033
337367292756992	337367312835880	337367297755533
337367309416242	337367329519213	337367314509617
337367326030783	337367346202546	337367329904242
337367342913742	337367362885879	337367346813283
337367360246242	337367379569212	337367364162408
337367376695617	337367396252545	337367380622033
337367394423325	337367412935878	337367397608533
337367411132700	337367429619211	337367414225617
337367426692408	337367446302544	337367429783367
337367443277450	337367462985877	337367446382117
337367459937992	337367479669210	337367463055242
337367476782492	337367496352543	337367479874325
337367493693700	337367513035876	337367496793033
337367510257408	337367529719209	337367513336908
337367527064158	337367546402542	337367530657742
337367543864867	337367563085875	337367547817325
337367560667117	337367579769208	337367564623367
337367580147742	337367596452541	337367584044492
337367595368617	337367613135874	337367599307742
337367612334117	337367629819207	337367616287367
337367628890492	337367646502540	337367632925367
337367664786325	337367663185873	337367668773492
337367670349534	337367679869206	337367674444200
337367684905950	337367696552539	337367688937575
337367699708117	337367713235872	337367703719742
337367719190242	337367729919205	337367723142075
337367750295450	337367746602538	337367754304575
337367756438367	337367763285871	337367760311617
337367769353659	337367779969204	337367773205409
337367786940909	337367796652537	337367790776534
337367798938034	337367813335870	337367802768159
337367813162117	337367830019203	337367816990242
337367830030742	337367846702536	337367833859617
337367846796409	337367863385869	337367850124534
337367863304534	337367880069202	337367866301867
337367879948575	337367896752535	337367882941409
337367897197409	337367913435868	337367900185409
337367913570784	337367930119201	337367916552659
337368299359117	337368313835860	337368308351701
337368317835159	337368330519193	337368326839867
337368334266701	337368347202526	337368343761326
337368350713659	337368363885859	337368362805534
337368366905034	337368380569192	337368374577367
337368383893867	337368397252525	337368387843367
337368401009117	337368413935858	337368405018534
337368417421159	337368430619191	337368421298159
337368438145909	337368447302524	337368442218076
337368453459409	337368463985857	337368458245367
337368468690034	337368480669190	337368473415784
337368485004909	337368497352523	337368489120576
337368502027784	337368514035856	337368506152951
337368518910159	337368530719189	337368522963951
337368535676284	337368547402522	337368539746284
337368553601992	337368564085855	337368557818284
337368570658617	337368580769188	337368575626742
337368585873659	337368597452521	337368590124409
337368602673659	337368614135854	337368606983951
337368619236076	337368630819187	337368623521492
337368636484242	337368647502520	337368640671159
337368653843076	337368664185853	337368658019367
337368670854284	337368680869186	337368675184992
337368688416409	337368697552519	337368693437451
337368703522117	337368714235852	337368707918492
337368720606201	337368730919185	337368724996451
337368736975201	337368747602518	337368741381117
337368754531492	337368764285851	337368758864326
337368771190534	337368780969184	337368775527742
337368788684909	337368797652517	337368793191617
337368805594784	337368814335850	337368810761284
337368822215534	337368831019183	337368826592367
337368838694451	337368847702516	337368842909867
337368853836451	337368864385849	337368858122076
337368870971617	337368881069182	337368875122701
337368888277409	337368897752515	337368892303534
337368904285659	337368914435848	337368908463534
337368921262784	337368931119181	337368925401534
337368938272826	337368947802514	337368941790242
337368954755617	337368964485847	337368958140992
337368971407909	337368981169180	337368974790618
337368987749951	337368997852513	337368991135201
337369004774201	337369014535846	337369008150618
337369021548618	337369031219179	337369024912743
337369039150618	337369047902512	337369042547368
337369056821451	337369064585845	337369060079993
337369072826826	337369081269178	337369076107284
337369093724493	337369097952511	337369096879326
337369108826326	337369114635844	337369112098159
337369126586659	337369131319177	337369130715534
337369143246451	337369148002510	337369147401659
337369159225534	337369164685843	337369163340868
337369176285118	337369181369176	337369180240451
337369191258618	337369198052509	337369195204993
337369210041701	337369214735842	337369213993409
337369227197368	337369231419175	337369231121451
337369243515993	337369248102508	337369247445701
337369259463659	337369264785841	337369263415118
337369276718909	337369281469174	337369280710034
337369294448534	337369298152507	337369298297368
337369690284701	337369698552499	337369699137701
337369777069618	337369781969164	337369786728993
337369799529535	337369815335830	337369808207368
337369833061660	337369882069162	337369875598243
337369839722868	337369898752495	337369899983785
337369897465493	337369915435828	337369910621035
337369924466035	337369932119161	337369934703160
337369931407618	337369948802494	337369940875118
337369947476035	337369965485827	337369953555243
337369964679910	337369982169160	337369970749368
337369982435826	337369998852493	337369988480451
337369999435951	337370015535826	337370005493118
337370016804576	337370032219159	337370022855535
337370034646451	337370048902492	337370040302410
337370049473160	337370065585825	337370055510285
337370067573910	337370082269158	337370073613910
337370084284576	337370098952491	337370090232785
337370101115035	337370115635824	337370107124368
337370117428618	337370132319157	337370123449535
337370133518576	337370149002490	337370139672285
337370150371535	337370165685823	337370156421118
337370168085035	337370182369156	337370174156868
337370184957410	337370199052489	337370191032160
337370201689243	337370215735822	337370207591618
337370217585743	337370232419155	337370223635035
337370234667326	337370249102488	337370240722451
337370252311451	337370265785821	337370258359868

