16683333
0	0	0
0	0	0
0	0	0
0	0	0
0	0	0
0	0	0
0	0	0
0	0	0
0	0	0
0	0	0
0	0	0
0	0	0
0	0	0
0	0	0
0	0	0
0	0	0
0	0	0
0	0	0
0	0	0
0	0	0
0	0	0
0	0	0
0	0	0
0	0	0
0	0	0
0	0	0
0	0	0
0	0	0
0	0	0
0	0	0
0	0	0
0	0	0
0	0	0
0	0	0
0	0	0
0	0	0
0	0	0
0	0	0
0	0	0
0	0	0
0	0	0
0	0	0
0	0	0
0	0	0
0	0	0
0	0	0
0	0	0
0	0	0
0	0	0
0	0	0
0	0	0
0	0	0
0	0	0
0	0	0
0	0	0
0	0	0
0	0	0
0	0	0
0	0	0
0	0	0
0	0	0
0	0	0
0	0	0
0	0	0
0	0	0
0	0	0
0	0	0
0	0	0
0	0	0
0	0	0
0	0	0
0	0	0
0	0	0
0	0	0
0	0	0
0	0	0
0	0	0
0	0	0
0	0	0
0	0	0
0	0	0
0	0	0
0	0	0
0	0	0
0	0	0
0	0	0
0	0	0
0	0	0
0	0	0
0	0	0
0	0	0
0	0	0
0	0	0
0	0	0
0	0	0
0	0	0
0	0	0
0	0	0
0	0	0
0	0	0
0	0	0
0	0	0
0	0	0
0	0	0
0	0	0
0	0	0
0	0	0
0	0	0
0	0	0
0	0	0
0	0	0
0	0	0
0	0	0
0	0	0
0	0	0
0	0	0
0	0	0
0	0	0
0	0	0
0	0	0
0	0	0
0	0	0
0	0	0
0	0	0
0	0	0
0	0	0
0	0	0

===
16683333
0	0	0
0	0	0
0	0	0
0	0	0
0	0	0
0	0	0
0	0	0
0	0	0
0	0	0
0	0	0
0	0	0
0	0	0
0	0	0
0	0	0
0	0	0
0	0	0
0	0	0
0	0	0
0	0	0
0	0	0
0	0	0
0	0	0
0	0	0
0	0	0
0	0	0
0	0	0
0	0	0
0	0	0
0	0	0
0	0	0
0	0	0
0	0	0
0	0	0
0	0	0
0	0	0
0	0	0
0	0	0
0	0	0
0	0	0
0	0	0
0	0	0
0	0	0
0	0	0
0	0	0
0	0	0
0	0	0
0	0	0
0	0	0
0	0	0
0	0	0
0	0	0
0	0	0
0	0	0
0	0	0
0	0	0
0	0	0
0	0	0
0	0	0
0	0	0
0	0	0
0	0	0
0	0	0
0	0	0
0	0	0
0	0	0
0	0	0
0	0	0
0	0	0
0	0	0
0	0	0
0	0	0
0	0	0
0	0	0
0	0	0
0	0	0
0	0	0
0	0	0
0	0	0
0	0	0
0	0	0
0	0	0
0	0	0
0	0	0
0	0	0
0	0	0
0	0	0
0	0	0
0	0	0
0	0	0
338913236946146	338913244312115	338913249606896
338913260103146	338913277678781	338913274925104
338913277025396	338913294362114	338913292454812
338913306948562	338913311045447	338913311976271
338913322004229	338913327728780	338913328453896
338913333933146	338913344412113	338913340385187
338913346628812	338913361095446	338913352997229
338913365925771	338913377778779	338913372429396
338913380707271	338913394462112	338913387137562
338913398241896	338913411145445	338913404699937
338913415646937	338913427828778	338913421961687
338913432934062	338913444512111	338913439321437
338913449158312	338913477878777	338913455565979
338913466146854	338913477878777	338913472586187
338913483505021	338913511245443	338913489898729
338913499930646	338913527928776	338913506332271
338913516985396	338913544612109	338913523299146
338913533701354	338913561295442	338913539988146
338913551137521	338913577978775	338913557262979
338913852984354	338913878278769	338913872549729
338913890588229	338913911645435	338913912624771
338913906435688	338913945012101	338913935832479
338913926072271	338913961695434	338913959391229
338913958450604	338913995062100	338913985687729
338913990231896	338914011745433	338914000668771
338914009314063	338914028428766	338914019444563
338914024931521	338914045112099	338914035170646
338914043271521	338914061795432	338914053233563
338914061288229	338914078478765	338914070986938
338914073830896	338914095162098	338914083479479
338914091022896	338914111845431	338914100702146
338914106583771	338914128528764	338914116239354
338914124397188	338914145212097	338914134034813
338914139551979	338914161895430	338914149158229
338914157127438	338914178578763	338914165936188
338914173065021	338914195262096	338914176772188
338914190027271	338914211945429	338914193701938
338914206251271	338914228628762	338914209963354

===
16683333
0	0	0
0	0	0
0	0	0
0	0	0
0	0	0
0	0	0
0	0	0
0	0	0
0	0	0
0	0	0
0	0	0
0	0	0
0	0	0
0	0	0
0	0	0
0	0	0
0	0	0
0	0	0
0	0	0
0	0	0
0	0	0
0	0	0
0	0	0
0	0	0
0	0	0
0	0	0
0	0	0
0	0	0
338913236946146	338913244312115	338913249606896
338913260103146	338913277678781	338913274925104
338913277025396	338913294362114	338913292454812
338913306948562	338913311045447	338913311976271
338913322004229	338913327728780	338913328453896
338913333933146	338913344412113	338913340385187
338913346628812	338913361095446	338913352997229
338913365925771	338913377778779	338913372429396
338913380707271	338913394462112	338913387137562
338913398241896	338913411145445	338913404699937
338913415646937	338913427828778	338913421961687
338913432934062	338913444512111	338913439321437
338913449158312	338913477878777	338913455565979
338913466146854	338913477878777	338913472586187
338913483505021	338913511245443	338913489898729
338913499930646	338913527928776	338913506332271
338913516985396	338913544612109	338913523299146
338913533701354	338913561295442	338913539988146
338913551137521	338913577978775	338913557262979
338913852984354	338913878278769	338913872549729
338913890588229	338913911645435	338913912624771
338913906435688	338913945012101	338913935832479
338913926072271	338913961695434	338913959391229
338913958450604	338913995062100	338913985687729
338913990231896	338914011745433	338914000668771
338914009314063	338914028428766	338914019444563
338914024931521	338914045112099	338914035170646
338914043271521	338914061795432	338914053233563
338914061288229	338914078478765	338914070986938
338914073830896	338914095162098	338914083479479
338914091022896	338914111845431	338914100702146
338914106583771	338914128528764	338914116239354
338914124397188	338914145212097	338914134034813
338914139551979	338914161895430	338914149158229
338914157127438	338914178578763	338914165936188
338914173065021	338914195262096	338914176772188
338914190027271	338914211945429	338914193701938
338914206251271	338914228628762	338914209963354
338914224297521	338914245312095	338914228205229
338914240647896	338914261995428	338914244427313
338914256645938	338914278678761	338914260346271
338914273424938	338914295362094	338914277100063
338914291341354	338914312045427	338914295031188
338914308301146	338914328728760	338914311975479
338914327681063	338914345412093	338914331418563
338914343076729	338914362095426	338914346819604
338914359081979	338914378778759	338914362756313
338914374809896	338914395462092	338914378506646
338914391447938	338914412145425	338914395193688
338914408377354	338914428828758	338914412118771
338914426829771	338914445512091	338914430484188
338914443179604	338914462195424	338914446854396
338914461317646	338914478878757	338914464973063
338914478168604	338914495562090	338914481781104
338914493123563	338914512245423	338914496992563
338914511926146	338914528928756	338914515601688
338914528683771	338914545612089	338914532314854
338914545242896	338914562295422	338914548864479
338914560876979	338914578978755	338914564554271
338914578449938	338914595662088	338914582119521
338914596299771	338914612345421	338914600090438
338914611569313	338914629028754	338914615204605
338914629935271	338914645712087	338914633572063
338914643025063	338914662395420	338914646593688
338914662733230	338914679078753	338914666114396
338914676303771	338914695762086	338914679950355
338914693759146	338914712445419	338914697351646
338914711373063	338914729128752	338914715006396
338914731013146	338914745812085	338914734713105
338914744524188	338914762495418	338914748173230
338914762397188	338914779178751	338914766019938
338914779111896	338914795862084	338914782649313
338914794418896	338914812545417	338914798108771
338914810656771	338914829228750	338914814325855
338914828367855	338914845912083	338914832042605
338914845852230	338914862595416	338914849492105
338914863444813	338914879278749	338914866608313
338915079899105	338915096162078	338915090531980
338915104691771	338915112845411	338915118547938
338915120295355	338915129528744	338915134170146
338915136091271	338915146212077	338915149919771
338915153877271	338915162895410	338915162955188
338915170636855	338915179578743	338915174638646
338915189193188	338915196262076	338915193968646
338915211589146	338915212945409	338915217172105
338915230727730	338915229628742	338915236355688
338915244616188	338915246312075	338915249668188
338915261171438	338915262995408	338915266364480
338915277507230	338915279678741	338915282485022
338915294780147	338915296362074	338915299570730
338915312865272	338915313045407	338915317777605
338915330478813	338915329728740	338915335521480
338915353200397	338915363095406	338915358386938
338915374719730	338915379778739	338915379848897
338915391207730	338915396462072	338915396478855
338915408437897	338915413145405	338915413661105
338915422611272	338915429828738	338915427760730
338915438065605	338915446512071	338915442922813
338915455282688	338915463195404	338915460090147

===
16683333
338913990231896	338914011745433	338914000668771
338914009314063	338914028428766	338914019444563
338914024931521	338914045112099	338914035170646
338914043271521	338914061795432	338914053233563
338914061288229	338914078478765	338914070986938
338914073830896	338914095162098	338914083479479
338914091022896	338914111845431	338914100702146
338914106583771	338914128528764	338914116239354
338914124397188	338914145212097	338914134034813
338914139551979	338914161895430	338914149158229
338914157127438	338914178578763	338914165936188
338914173065021	338914195262096	338914176772188
338914190027271	338914211945429	338914193701938
338914206251271	338914228628762	338914209963354
338914224297521	338914245312095	338914228205229
338914240647896	338914261995428	338914244427313
338914256645938	338914278678761	338914260346271
338914273424938	338914295362094	338914277100063
338914291341354	338914312045427	338914295031188
338914308301146	338914328728760	338914311975479
338914327681063	338914345412093	338914331418563
338914343076729	338914362095426	338914346819604
338914359081979	338914378778759	338914362756313
338914374809896	338914395462092	338914378506646
338914391447938	338914412145425	338914395193688
338914408377354	338914428828758	338914412118771
338914426829771	338914445512091	338914430484188
338914443179604	338914462195424	338914446854396
338914461317646	338914478878757	338914464973063
338914478168604	338914495562090	338914481781104
338914493123563	338914512245423	338914496992563
338914511926146	338914528928756	338914515601688
338914528683771	338914545612089	338914532314854
338914545242896	338914562295422	338914548864479
338914560876979	338914578978755	338914564554271
338914578449938	338914595662088	338914582119521
338914596299771	338914612345421	338914600090438
338914611569313	338914629028754	338914615204605
338914629935271	338914645712087	338914633572063
338914643025063	338914662395420	338914646593688
338914662733230	338914679078753	338914666114396
338914676303771	338914695762086	338914679950355
338914693759146	338914712445419	338914697351646
338914711373063	338914729128752	338914715006396
338914731013146	338914745812085	338914734713105
338914744524188	338914762495418	338914748173230
338914762397188	338914779178751	338914766019938
338914779111896	338914795862084	338914782649313
338914794418896	338914812545417	338914798108771
338914810656771	338914829228750	338914814325855
338914828367855	338914845912083	338914832042605
338914845852230	338914862595416	338914849492105
338914863444813	338914879278749	338914866608313
338915079899105	338915096162078	338915090531980
338915104691771	338915112845411	338915118547938
338915120295355	338915129528744	338915134170146
338915136091271	338915146212077	338915149919771
338915153877271	338915162895410	338915162955188
338915170636855	338915179578743	338915174638646
338915189193188	338915196262076	338915193968646
338915211589146	338915212945409	338915217172105
338915230727730	338915229628742	338915236355688
338915244616188	338915246312075	338915249668188
338915261171438	338915262995408	338915266364480
338915277507230	338915279678741	338915282485022
338915294780147	338915296362074	338915299570730
338915312865272	338915313045407	338915317777605
338915330478813	338915329728740	338915335521480
338915353200397	338915363095406	338915358386938
338915374719730	338915379778739	338915379848897
338915391207730	338915396462072	338915396478855
338915408437897	338915413145405	338915413661105
338915422611272	338915429828738	338915427760730
338915438065605	338915446512071	338915442922813
338915455282688	338915463195404	338915460090147
338915472417355	338915479878737	338915477142063
338915489402063	338915496562070	338915493466730
338915506259897	338915513245403	338915510077563
338915521960522	338915529928736	338915525778022
338915539192063	338915546612069	338915542957022
338915553285105	338915563295402	338915557027897
338915569141605	338915579978735	338915572972522
338915587621855	338915596662068	338915591330938
338915602160022	338915613345401	338915605832897
338915619236313	338915630028734	338915622938147
338915635892813	338915646712067	338915639596688
338915653577313	338915663395400	338915657293230
338915670374313	338915680078733	338915674082813
338915688078397	338915696762066	338915691729980
338915702400772	338915713445399	338915706011605
338915718877938	338915730128732	338915722522355
338915735746480	338915746812065	338915739336188
338915753012313	338915763495398	338915756630813
338915769694813	338915780178731	338915773329355
338915788789980	338915796862064	338915792344813
338915802682897	338915813545397	338915806311188
338915820137230	338915830228730	338915823700063
338915836641272	338915846912063	338915839951022
338915851720022	338915863595396	338915855020438
338915868314063	338915880278729	338915871591397
338915885442313	338915896962062	338915888735980
338915902713063	338915913645395	338915906009313
338915919841980	338915930328728	338915923143438
338915936639855	338915947012061	338915939987063
338915953190605	338915980378727	338915956512897
338915969217689	338915980378727	338915972499105
338915986046522	338916013745393	338915989343689
338916002467272	338916030428726	338916005749647
338916020839522	338916047112059	338916024155189
338916037087314	338916063795392	338916040374480
338916054513147	338916080478725	338916057814064
338916071456230	338916097162058	338916074736897
338916087745522	338916113845391	338916091066230
338916102234022	338916130528724	338916105533772
338916118846189	338916147212057	338916122193855
338916137343814	338916163895390	338916140657897
338916152802605	338916180578723	338916156125022
338916169586772	338916197262056	338916172900939
338916186290272	338916213945389	338916189612105
338916202690855	338916230628722	338916205979064
338916219558272	338916247312055	338916222845064
338916236330397	338916263995388	338916239633689
338916253604147	338916280678721	338916256913939
338916271240397	338916297362054	338916274540647
338916287219022	338916314045387	338916290522522
338916303998564	338916330728720	338916307360647
338916320650730	338916347412053	338916323785897

===
16683333
338913990231896	338914011745433	338914000668771
338914009314063	338914028428766	338914019444563
338914024931521	338914045112099	338914035170646
338914043271521	338914061795432	338914053233563
338914061288229	338914078478765	338914070986938
338914073830896	338914095162098	338914083479479
338914091022896	338914111845431	338914100702146
338914106583771	338914128528764	338914116239354
338914124397188	338914145212097	338914134034813
338914139551979	338914161895430	338914149158229
338914157127438	338914178578763	338914165936188
338914173065021	338914195262096	338914176772188
338914190027271	338914211945429	338914193701938
338914206251271	338914228628762	338914209963354
338914224297521	338914245312095	338914228205229
338914240647896	338914261995428	338914244427313
338914256645938	338914278678761	338914260346271
338914273424938	338914295362094	338914277100063
338914291341354	338914312045427	338914295031188
338914308301146	338914328728760	338914311975479
338914327681063	338914345412093	338914331418563
338914343076729	338914362095426	338914346819604
338914359081979	338914378778759	338914362756313
338914374809896	338914395462092	338914378506646
338914391447938	338914412145425	338914395193688
338914408377354	338914428828758	338914412118771
338914426829771	338914445512091	338914430484188
338914443179604	338914462195424	338914446854396
338914461317646	338914478878757	338914464973063
338914478168604	338914495562090	338914481781104
338914493123563	338914512245423	338914496992563
338914511926146	338914528928756	338914515601688
338914528683771	338914545612089	338914532314854
338914545242896	338914562295422	338914548864479
338914560876979	338914578978755	338914564554271
338914578449938	338914595662088	338914582119521
338914596299771	338914612345421	338914600090438
338914611569313	338914629028754	338914615204605
338914629935271	338914645712087	338914633572063
338914643025063	338914662395420	338914646593688
338914662733230	338914679078753	338914666114396
338914676303771	338914695762086	338914679950355
338914693759146	338914712445419	338914697351646
338914711373063	338914729128752	338914715006396
338914731013146	338914745812085	338914734713105
338914744524188	338914762495418	338914748173230
338914762397188	338914779178751	338914766019938
338914779111896	338914795862084	338914782649313
338914794418896	338914812545417	338914798108771
338914810656771	338914829228750	338914814325855
338914828367855	338914845912083	338914832042605
338914845852230	338914862595416	338914849492105
338914863444813	338914879278749	338914866608313
338915079899105	338915096162078	338915090531980
338915104691771	338915112845411	338915118547938
338915120295355	338915129528744	338915134170146
338915136091271	338915146212077	338915149919771
338915153877271	338915162895410	338915162955188
338915170636855	338915179578743	338915174638646
338915189193188	338915196262076	338915193968646
338915211589146	338915212945409	338915217172105
338915230727730	338915229628742	338915236355688
338915244616188	338915246312075	338915249668188
338915261171438	338915262995408	338915266364480
338915277507230	338915279678741	338915282485022
338915294780147	338915296362074	338915299570730
338915312865272	338915313045407	338915317777605
338915330478813	338915329728740	338915335521480
338915353200397	338915363095406	338915358386938
338915374719730	338915379778739	338915379848897
338915391207730	338915396462072	338915396478855
338915408437897	338915413145405	338915413661105
338915422611272	338915429828738	338915427760730
338915438065605	338915446512071	338915442922813
338915455282688	338915463195404	338915460090147
338915472417355	338915479878737	338915477142063
338915489402063	338915496562070	338915493466730
338915506259897	338915513245403	338915510077563
338915521960522	338915529928736	338915525778022
338915539192063	338915546612069	338915542957022
338915553285105	338915563295402	338915557027897
338915569141605	338915579978735	338915572972522
338915587621855	338915596662068	338915591330938
338915602160022	338915613345401	338915605832897
338915619236313	338915630028734	338915622938147
338915635892813	338915646712067	338915639596688
338915653577313	338915663395400	338915657293230
338915670374313	338915680078733	338915674082813
338915688078397	338915696762066	338915691729980
338915702400772	338915713445399	338915706011605
338915718877938	338915730128732	338915722522355
338915735746480	338915746812065	338915739336188
338915753012313	338915763495398	338915756630813
338915769694813	338915780178731	338915773329355
338915788789980	338915796862064	338915792344813
338915802682897	338915813545397	338915806311188
338915820137230	338915830228730	338915823700063
338915836641272	338915846912063	338915839951022
338915851720022	338915863595396	338915855020438
338915868314063	338915880278729	338915871591397
338915885442313	338915896962062	338915888735980
338915902713063	338915913645395	338915906009313
338915919841980	338915930328728	338915923143438
338915936639855	338915947012061	338915939987063
338915953190605	338915980378727	338915956512897
338915969217689	338915980378727	338915972499105
338915986046522	338916013745393	338915989343689
338916002467272	338916030428726	338916005749647
338916020839522	338916047112059	338916024155189
338916037087314	338916063795392	338916040374480
338916054513147	338916080478725	338916057814064
338916071456230	338916097162058	338916074736897
338916087745522	338916113845391	338916091066230
338916102234022	338916130528724	338916105533772
338916118846189	338916147212057	338916122193855
338916137343814	338916163895390	338916140657897
338916152802605	338916180578723	338916156125022
338916169586772	338916197262056	338916172900939
338916186290272	338916213945389	338916189612105
338916202690855	338916230628722	338916205979064
338916219558272	338916247312055	338916222845064
338916236330397	338916263995388	338916239633689
338916253604147	338916280678721	338916256913939
338916271240397	338916297362054	338916274540647
338916287219022	338916314045387	338916290522522
338916303998564	338916330728720	338916307360647
338916320650730	338916347412053	338916323785897

===
16683333
338914240647896	338914261995428	338914244427313
338914256645938	338914278678761	338914260346271
338914273424938	338914295362094	338914277100063
338914291341354	338914312045427	338914295031188
338914308301146	338914328728760	338914311975479
338914327681063	338914345412093	338914331418563
338914343076729	338914362095426	338914346819604
338914359081979	338914378778759	338914362756313
338914374809896	338914395462092	338914378506646
338914391447938	338914412145425	338914395193688
338914408377354	338914428828758	338914412118771
338914426829771	338914445512091	338914430484188
338914443179604	338914462195424	338914446854396
338914461317646	338914478878757	338914464973063
338914478168604	338914495562090	338914481781104
338914493123563	338914512245423	338914496992563
338914511926146	338914528928756	338914515601688
338914528683771	338914545612089	338914532314854
338914545242896	338914562295422	338914548864479
338914560876979	338914578978755	338914564554271
338914578449938	338914595662088	338914582119521
338914596299771	338914612345421	338914600090438
338914611569313	338914629028754	338914615204605
338914629935271	338914645712087	338914633572063
338914643025063	338914662395420	338914646593688
338914662733230	338914679078753	338914666114396
338914676303771	338914695762086	338914679950355
338914693759146	338914712445419	338914697351646
338914711373063	338914729128752	338914715006396
338914731013146	338914745812085	338914734713105
338914744524188	338914762495418	338914748173230
338914762397188	338914779178751	338914766019938
338914779111896	338914795862084	338914782649313
338914794418896	338914812545417	338914798108771
338914810656771	338914829228750	338914814325855
338914828367855	338914845912083	338914832042605
338914845852230	338914862595416	338914849492105
338914863444813	338914879278749	338914866608313
338915079899105	338915096162078	338915090531980
338915104691771	338915112845411	338915118547938
338915120295355	338915129528744	338915134170146
338915136091271	338915146212077	338915149919771
338915153877271	338915162895410	338915162955188
338915170636855	338915179578743	338915174638646
338915189193188	338915196262076	338915193968646
338915211589146	338915212945409	338915217172105
338915230727730	338915229628742	338915236355688
338915244616188	338915246312075	338915249668188
338915261171438	338915262995408	338915266364480
338915277507230	338915279678741	338915282485022
338915294780147	338915296362074	338915299570730
338915312865272	338915313045407	338915317777605
338915330478813	338915329728740	338915335521480
338915353200397	338915363095406	338915358386938
338915374719730	338915379778739	338915379848897
338915391207730	338915396462072	338915396478855
338915408437897	338915413145405	338915413661105
338915422611272	338915429828738	338915427760730
338915438065605	338915446512071	338915442922813
338915455282688	338915463195404	338915460090147
338915472417355	338915479878737	338915477142063
338915489402063	338915496562070	338915493466730
338915506259897	338915513245403	338915510077563
338915521960522	338915529928736	338915525778022
338915539192063	338915546612069	338915542957022
338915553285105	338915563295402	338915557027897
338915569141605	338915579978735	338915572972522
338915587621855	338915596662068	338915591330938
338915602160022	338915613345401	338915605832897
338915619236313	338915630028734	338915622938147
338915635892813	338915646712067	338915639596688
338915653577313	338915663395400	338915657293230
338915670374313	338915680078733	338915674082813
338915688078397	338915696762066	338915691729980
338915702400772	338915713445399	338915706011605
338915718877938	338915730128732	338915722522355
338915735746480	338915746812065	338915739336188
338915753012313	338915763495398	338915756630813
338915769694813	338915780178731	338915773329355
338915788789980	338915796862064	338915792344813
338915802682897	338915813545397	338915806311188
338915820137230	338915830228730	338915823700063
338915836641272	338915846912063	338915839951022
338915851720022	338915863595396	338915855020438
338915868314063	338915880278729	338915871591397
338915885442313	338915896962062	338915888735980
338915902713063	338915913645395	338915906009313
338915919841980	338915930328728	338915923143438
338915936639855	338915947012061	338915939987063
338915953190605	338915980378727	338915956512897
338915969217689	338915980378727	338915972499105
338915986046522	338916013745393	338915989343689
338916002467272	338916030428726	338916005749647
338916020839522	338916047112059	338916024155189
338916037087314	338916063795392	338916040374480
338916054513147	338916080478725	338916057814064
338916071456230	338916097162058	338916074736897
338916087745522	338916113845391	338916091066230
338916102234022	338916130528724	338916105533772
338916118846189	338916147212057	338916122193855
338916137343814	338916163895390	338916140657897
338916152802605	338916180578723	338916156125022
338916169586772	338916197262056	338916172900939
338916186290272	338916213945389	338916189612105
338916202690855	338916230628722	338916205979064
338916219558272	338916247312055	338916222845064
338916236330397	338916263995388	338916239633689
338916253604147	338916280678721	338916256913939
338916271240397	338916297362054	338916274540647
338916287219022	338916314045387	338916290522522
338916303998564	338916330728720	338916307360647
338916320650730	338916347412053	338916323785897
338918962382482	338918983378667	338918973288273
338918984344607	338919000062000	338918998079315
338919001551940	338919016745333	338919015083773
338919016408482	338919033428666	338919029694648
338919034977023	338919050111999	338919048752732
338919050517898	338919066795332	338919061643857
338919065963523	338919083478665	338919070412732
338919083693523	338919100161998	338919088732523
338919098945648	338919116845331	338919103692273
338919117580773	338919133528664	338919122449982
338919135702232	338919150211997	338919140513273
338919153136648	338919166895330	338919158047357
338919167351190	338919183578663	338919172739565
338919186500315	338919200261996	338919191435273
338919204541315	338919216945329	338919209440815

===
16683333
338915602160022	338915613345401	338915605832897
338915619236313	338915630028734	338915622938147
338915635892813	338915646712067	338915639596688
338915653577313	338915663395400	338915657293230
338915670374313	338915680078733	338915674082813
338915688078397	338915696762066	338915691729980
338915702400772	338915713445399	338915706011605
338915718877938	338915730128732	338915722522355
338915735746480	338915746812065	338915739336188
338915753012313	338915763495398	338915756630813
338915769694813	338915780178731	338915773329355
338915788789980	338915796862064	338915792344813
338915802682897	338915813545397	338915806311188
338915820137230	338915830228730	338915823700063
338915836641272	338915846912063	338915839951022
338915851720022	338915863595396	338915855020438
338915868314063	338915880278729	338915871591397
338915885442313	338915896962062	338915888735980
338915902713063	338915913645395	338915906009313
338915919841980	338915930328728	338915923143438
338915936639855	338915947012061	338915939987063
338915953190605	338915980378727	338915956512897
338915969217689	338915980378727	338915972499105
338915986046522	338916013745393	338915989343689
338916002467272	338916030428726	338916005749647
338916020839522	338916047112059	338916024155189
338916037087314	338916063795392	338916040374480
338916054513147	338916080478725	338916057814064
338916071456230	338916097162058	338916074736897
338916087745522	338916113845391	338916091066230
338916102234022	338916130528724	338916105533772
338916118846189	338916147212057	338916122193855
338916137343814	338916163895390	338916140657897
338916152802605	338916180578723	338916156125022
338916169586772	338916197262056	338916172900939
338916186290272	338916213945389	338916189612105
338916202690855	338916230628722	338916205979064
338916219558272	338916247312055	338916222845064
338916236330397	338916263995388	338916239633689
338916253604147	338916280678721	338916256913939
338916271240397	338916297362054	338916274540647
338916287219022	338916314045387	338916290522522
338916303998564	338916330728720	338916307360647
338916320650730	338916347412053	338916323785897
338918962382482	338918983378667	338918973288273
338918984344607	338919000062000	338918998079315
338919001551940	338919016745333	338919015083773
338919016408482	338919033428666	338919029694648
338919034977023	338919050111999	338919048752732
338919050517898	338919066795332	338919061643857
338919065963523	338919083478665	338919070412732
338919083693523	338919100161998	338919088732523
338919098945648	338919116845331	338919103692273
338919117580773	338919133528664	338919122449982
338919135702232	338919150211997	338919140513273
338919153136648	338919166895330	338919158047357
338919167351190	338919183578663	338919172739565
338919186500315	338919200261996	338919191435273
338919204541315	338919216945329	338919209440815
338919225134482	338919233628662	338919230332273
338919248496690	338919250311995	338919254180107
338919267179023	338919266995328	338919272151940
338919286921565	338919300361994	338919292024315
338919305680857	338919317045327	338919310919482
338919323766565	338919333728660	338919328882898
338919341559732	338919350411993	338919346619732
338919358434315	338919367095326	338919363590982
338919374040107	338919383778659	338919379159648
338919389058232	338919400461992	338919393436523
338919404561940	338919417145325	338919408806190
338919418977232	338919433828658	338919423329815
338919435490648	338919450511991	338919439849357
338919453853773	338919467195324	338919458290773
338919468316940	338919483878657	338919472709190
338919483802232	338919500561990	338919487942315
338919507217482	338919517245323	338919511212149
338919518571774	338919533928656	338919522624649
338919540579524	338919550611989	338919544645607
338919625180190	338919634028654	338919630217190
338919660318940	338919667395320	338919666252024
338919676106940	338919684078653	338919682047190
338919689667024	338919700761986	338919695912690
338919704176274	338919717445319	338919709840940
338919719011357	338919734128652	338919724570732
338919735926232	338919750811985	338919741589607
338919753854774	338919767495318	338919759524732
338919767635982	338919784178651	338919773248899
338919785073399	338919800861984	338919790695440
338919801340107	338919817545317	338919806867857
338919817729482	338919834228650	338919823232190
338919837135774	338919850911983	338919840453857
338919851705232	338919867595316	338919855470982
338919867973149	338919884278649	338919871717065
338919885329482	338919900961982	338919889050774
338919901603024	338919917645315	338919905357649
338919918709649	338919934328648	338919922448690
338919934741190	338919951011981	338919938500065
338919950313399	338919967695314	338919953806232
338919965845940	338919984378647	338919969426440
338919982570315	338920001061980	338919986110982
338919999892399	338920017745313	338920003434815
338920016904190	338920034428646	338920020405065
338920032783315	338920051111979	338920036330607
338920049567482	338920067795312	338920053122482
338920066441274	338920084478645	338920070008440
338920083324065	338920101161978	338920086910024
338920100107857	338920117845311	338920103655357
338920116941732	338920134528644	338920120558065
338920134210399	338920151211977	338920138702357
338920150359065	338920167895310	338920154910732
338920167244274	338920184578643	338920171821816
338920183987024	338920201261976	338920188527107
338920200817357	338920217945309	338920205235357
338920218066274	338920234628642	338920222480857
338920234461024	338920251311975	338920238956649
338920251498066	338920267995308	338920255873149
338920268045607	338920284678641	338920272421441
338920284749482	338920301361974	338920289151482
338920301702732	338920318045307	338920306119441
338920318661191	338920334728640	338920323071816
338920336903982	338920351411973	338920341255274
338920352465899	338920368095306	338920355945191
338920370236107	338920384778639	338920373721482
338920385523107	338920401461972	338920388929024
338920402407857	338920418145305	338920405778566
338920419210399	338920434828638	338920422571274
338920436691566	338920451511971	338920440073607

===
16683333
338919507217482	338919517245323	338919511212149
338919518571774	338919533928656	338919522624649
338919540579524	338919550611989	338919544645607
338919625180190	338919634028654	338919630217190
338919660318940	338919667395320	338919666252024
338919676106940	338919684078653	338919682047190
338919689667024	338919700761986	338919695912690
338919704176274	338919717445319	338919709840940
338919719011357	338919734128652	338919724570732
338919735926232	338919750811985	338919741589607
338919753854774	338919767495318	338919759524732
338919767635982	338919784178651	338919773248899
338919785073399	338919800861984	338919790695440
338919801340107	338919817545317	338919806867857
338919817729482	338919834228650	338919823232190
338919837135774	338919850911983	338919840453857
338919851705232	338919867595316	338919855470982
338919867973149	338919884278649	338919871717065
338919885329482	338919900961982	338919889050774
338919901603024	338919917645315	338919905357649
338919918709649	338919934328648	338919922448690
338919934741190	338919951011981	338919938500065
338919950313399	338919967695314	338919953806232
338919965845940	338919984378647	338919969426440
338919982570315	338920001061980	338919986110982
338919999892399	338920017745313	338920003434815
338920016904190	338920034428646	338920020405065
338920032783315	338920051111979	338920036330607
338920049567482	338920067795312	338920053122482
338920066441274	338920084478645	338920070008440
338920083324065	338920101161978	338920086910024
338920100107857	338920117845311	338920103655357
338920116941732	338920134528644	338920120558065
338920134210399	338920151211977	338920138702357
338920150359065	338920167895310	338920154910732
338920167244274	338920184578643	338920171821816
338920183987024	338920201261976	338920188527107
338920200817357	338920217945309	338920205235357
338920218066274	338920234628642	338920222480857
338920234461024	338920251311975	338920238956649
338920251498066	338920267995308	338920255873149
338920268045607	338920284678641	338920272421441
338920284749482	338920301361974	338920289151482
338920301702732	338920318045307	338920306119441
338920318661191	338920334728640	338920323071816
338920336903982	338920351411973	338920341255274
338920352465899	338920368095306	338920355945191
338920370236107	338920384778639	338920373721482
338920385523107	338920401461972	338920388929024
338920402407857	338920418145305	338920405778566
338920419210399	338920434828638	338920422571274
338920436691566	338920451511971	338920440073607
338920453196899	338920484878637	338920457555482
338920470656191	338920484878637	338920474939191
338920489447066	338920501561970	338920493792107
338920503353274	338920518245303	338920507729566
338920520073524	338920534928636	338920524441441
338920537007857	338920551611969	338920541397649
338920553909024	338920568295302	338920558193191
338920570343191	338920584978635	338920575044399
338920586965191	338920601661968	338920591373566
338920603846274	338920618345301	338920608217899
338920620725357	338920635028634	338920625132941
338920637336691	338920651711967	338920641752232
338920654511399	338920668395300	338920658918816
338920671126816	338920685078633	338920675584566
338920687753566	338920701761966	338920692122816
338920704762941	338920718445299	338920709162274
338920721484191	338920735128632	338920725889607
338920738176441	338920751811965	338920742570024
338920755085441	338920768495298	338920759475691
338920772206024	338920801861964	338920776653107
338920788915649	338920818545297	338920793375232
338920805862066	338920835228630	338920810277274
338920822547149	338920851911963	338920826914691
338920839253732	338920868595296	338920843645232
338920856061357	338920885278629	338920860413774
338920872918399	338920901961962	338920877312983
338920889548233	338920918645295	338920893967899
338920906783691	338920935328628	338920911129816
338920923155441	338920952011961	338920927682191
338920939862649	338920968695294	338920944325774
338920956814983	338920985378627	338920961180441
338920973360399	338921002061960	338920977752858
338920990741774	338921018745293	338920995223524
338921007749066	338921035428626	338921012194066
338921024117608	338921052111959	338921028486816
338921041204691	338921068795292	338921045587691
338921057586316	338921085478625	338921061920899
338921074381358	338921102161958	338921078796149
338921090898358	338921118845291	338921095296316
338921108121274	338921135528624	338921112492316
338921125281566	338921152211957	338921129660858
338921141616858	338921168895290	338921146025274
338921158758941	338921185578623	338921163123774
338921175023441	338921202261956	338921179404691
338921191920399	338921218945289	338921196329733
338921208560149	338921235628622	338921212962108
338921225554149	338921252311955	338921230058691
338921242231941	338921268995288	338921246692441
338921259233649	338921285678621	338921263703733
338921276726816	338921302361954	338921281116233
338921292747983	338921319045287	338921297175941
338921309445941	338921335728620	338921313836149
338921326358733	338921352411953	338921330722733
338921343221733	338921369095286	338921347594691
338921359820024	338921385778619	338921364228149
338921376819399	338921402461952	338921381253816
338921393574858	338921419145285	338921397962483
338921410385524	338921435828618	338921414779066
338921427164816	338921452511951	338921431567274
338921443919399	338921469195284	338921448309774
338921460584108	338921485878617	338921464984441
338921477630816	338921502561950	338921482037191
338921494294691	338921519245283	338921498685983
338921511182733	338921535928616	338921515519483
338921528066316	338921552611949	338921532476941
338921544803649	338921569295282	338921549148358
338921564086900	338921585978615	338921568402483
338921580840691	338921602661948	338921585086400
338921598931441	338921619345281	338921603331233
338921613973191	338921636028614	338921618304150
338921630473275	338921652711947	338921634841525
338921647891233	338921669395280	338921652185275
338921665433525	338921686078613	338921669803733
338921683297983	338921702761946	338921687623233
338921698285150	338921719445279	338921702711733

===
16683333
338920822547149	338920851911963	338920826914691
338920839253732	338920868595296	338920843645232
338920856061357	338920885278629	338920860413774
338920872918399	338920901961962	338920877312983
338920889548233	338920918645295	338920893967899
338920906783691	338920935328628	338920911129816
338920923155441	338920952011961	338920927682191
338920939862649	338920968695294	338920944325774
338920956814983	338920985378627	338920961180441
338920973360399	338921002061960	338920977752858
338920990741774	338921018745293	338920995223524
338921007749066	338921035428626	338921012194066
338921024117608	338921052111959	338921028486816
338921041204691	338921068795292	338921045587691
338921057586316	338921085478625	338921061920899
338921074381358	338921102161958	338921078796149
338921090898358	338921118845291	338921095296316
338921108121274	338921135528624	338921112492316
338921125281566	338921152211957	338921129660858
338921141616858	338921168895290	338921146025274
338921158758941	338921185578623	338921163123774
338921175023441	338921202261956	338921179404691
338921191920399	338921218945289	338921196329733
338921208560149	338921235628622	338921212962108
338921225554149	338921252311955	338921230058691
338921242231941	338921268995288	338921246692441
338921259233649	338921285678621	338921263703733
338921276726816	338921302361954	338921281116233
338921292747983	338921319045287	338921297175941
338921309445941	338921335728620	338921313836149
338921326358733	338921352411953	338921330722733
338921343221733	338921369095286	338921347594691
338921359820024	338921385778619	338921364228149
338921376819399	338921402461952	338921381253816
338921393574858	338921419145285	338921397962483
338921410385524	338921435828618	338921414779066
338921427164816	338921452511951	338921431567274
338921443919399	338921469195284	338921448309774
338921460584108	338921485878617	338921464984441
338921477630816	338921502561950	338921482037191
338921494294691	338921519245283	338921498685983
338921511182733	338921535928616	338921515519483
338921528066316	338921552611949	338921532476941
338921544803649	338921569295282	338921549148358
338921564086900	338921585978615	338921568402483
338921580840691	338921602661948	338921585086400
338921598931441	338921619345281	338921603331233
338921613973191	338921636028614	338921618304150
338921630473275	338921652711947	338921634841525
338921647891233	338921669395280	338921652185275
338921665433525	338921686078613	338921669803733
338921683297983	338921702761946	338921687623233
338921698285150	338921719445279	338921702711733
338921713617608	338921736128612	338921718028191
338921730198066	338921752811945	338921734617691
338921747816983	338921769495278	338921752165400
338921763903066	338921786178611	338921768184650
338921781482316	338921802861944	338921785797775
338921799570733	338921819545277	338921803772900
338921815349483	338921836228610	338921819749441
338921832668316	338921852911943	338921837058316
338921849856483	338921869595276	338921854227483
338921867452066	338921886278609	338921871744191
338921884501316	338921902961942	338921888967816
338921900596025	338921919645275	338921904909483
338921916161191	338921936328608	338921920515650
338921932992108	338921953011941	338921937375275
338921950495191	338921969695274	338921954861691
338921967890233	338921986378607	338921971252525
338921983260066	338922003061940	338921986651275
338922001049566	338922019745273	338922004432733
338922018842316	338922036428606	338922022218150
338922034107108	338922053111939	338922037541316
338922052245191	338922069795272	338922055630025
338922069180650	338922086478605	338922073592816
338922085386233	338922103161938	338922089808441
338922101150275	338922119845271	338922105621108
338922118002650	338922136528604	338922122464275
338922135874691	338922153211937	338922140339775
338922153396525	338922169895270	338922157443858
338922169583275	338922186578603	338922173999941
338922185410191	338922203261936	338922189751900
338922201848400	338922219945269	338922206327150
338922219426525	338922236628602	338922223810275
338922237069233	338922253311935	338922241493441
338922253740816	338922269995268	338922258117108
338922270245525	338922286678601	338922274596858
338922286330358	338922303361934	338922290663067
338922302296275	338922320045267	338922306766275
338922318157150	338922336728600	338922322526608
338922334848733	338922353411933	338922339272983
338922351366858	338922370095266	338922355800275
338922368563942	338922386778599	338922373023650
338922385506150	338922403461932	338922388923025
338922404459483	338922420145265	338922408337942
338922419769025	338922436828598	338922423669608
338922436089983	338922453511931	338922439935900
338922453280442	338922470195264	338922457154275
338922469756900	338922486878597	338922473649650
338922486915942	338922503561930	338922490815525
338922503800317	338922520245263	338922507662858
338922520490733	338922536928596	338922524381692
338922536892567	338922553611929	338922540437733
338922553646108	338922570295262	338922557192942
338922570235525	338922586978595	338922573698858
338922586313567	338922603661928	338922589837525
338922602977775	338922620345261	338922606459317
338922619879150	338922637028594	338922623414275
338922636699900	338922653711927	338922640166317
338922653417067	338922670395260	338922656889150
338922670390817	338922687078593	338922673846983
338922689908317	338922703761926	338922694320567
338922709602400	338922720445259	338922713981775
338922722960442	338922737128592	338922727400775
338922739732983	338922753811925	338922744171775
338922756812233	338922770495258	338922761216567
338922774515525	338922787178591	338922778889483
338922790387608	338922803861924	338922794757650
338922807240067	338922820545257	338922811707192
338922824866983	338922837228590	338922829386692
338922842049608	338922853911923	338922846569483
338922857893608	338922870595256	338922862377900
338922874418983	338922887278589	338922878763692
338922891357775	338922903961922	338922895837317
338922908677692	338922920645255	338922912064025
338922926200525	338922937328588	338922929650442
338922943358400	338922954011921	338922946638192

===
16683333
338922185410191	338922203261936	338922189751900
338922201848400	338922219945269	338922206327150
338922219426525	338922236628602	338922223810275
338922237069233	338922253311935	338922241493441
338922253740816	338922269995268	338922258117108
338922270245525	338922286678601	338922274596858
338922286330358	338922303361934	338922290663067
338922302296275	338922320045267	338922306766275
338922318157150	338922336728600	338922322526608
338922334848733	338922353411933	338922339272983
338922351366858	338922370095266	338922355800275
338922368563942	338922386778599	338922373023650
338922385506150	338922403461932	338922388923025
338922404459483	338922420145265	338922408337942
338922419769025	338922436828598	338922423669608
338922436089983	338922453511931	338922439935900
338922453280442	338922470195264	338922457154275
338922469756900	338922486878597	338922473649650
338922486915942	338922503561930	338922490815525
338922503800317	338922520245263	338922507662858
338922520490733	338922536928596	338922524381692
338922536892567	338922553611929	338922540437733
338922553646108	338922570295262	338922557192942
338922570235525	338922586978595	338922573698858
338922586313567	338922603661928	338922589837525
338922602977775	338922620345261	338922606459317
338922619879150	338922637028594	338922623414275
338922636699900	338922653711927	338922640166317
338922653417067	338922670395260	338922656889150
338922670390817	338922687078593	338922673846983
338922689908317	338922703761926	338922694320567
338922709602400	338922720445259	338922713981775
338922722960442	338922737128592	338922727400775
338922739732983	338922753811925	338922744171775
338922756812233	338922770495258	338922761216567
338922774515525	338922787178591	338922778889483
338922790387608	338922803861924	338922794757650
338922807240067	338922820545257	338922811707192
338922824866983	338922837228590	338922829386692
338922842049608	338922853911923	338922846569483
338922857893608	338922870595256	338922862377900
338922874418983	338922887278589	338922878763692
338922891357775	338922903961922	338922895837317
338922908677692	338922920645255	338922912064025
338922926200525	338922937328588	338922929650442
338922943358400	338922954011921	338922946638192
338922958701984	338922970695254	338922962159692
338922973387109	338922987378587	338922976914567
338922990104442	338923004061920	338922993568192
338923006628609	338923020745253	338923011080067
338923024175525	338923037428586	338923028578859
338923041237025	338923054111919	338923045657984
338923060169484	338923070795252	338923064447609
338923077532984	338923104161918	338923081905942
338923092360067	338923120845251	338923096771734
338923109831900	338923137528584	338923114364109
338923126500984	338923154211917	338923130940275
338923144936817	338923170895250	338923149391942
338923161672442	338923187578583	338923166061609
338923176976859	338923204261916	338923181480234
338923193402234	338923220945249	338923197934234
338923210124025	338923237628582	338923214566025
338923228170317	338923254311915	338923232521275
338923244756150	338923270995248	338923249124025
338923261674067	338923287678581	338923266112650
338923277921025	338923304361914	338923282324025
338923294283692	338923321045247	338923298622650
338923311660692	338923337728580	338923316105525
338923328341609	338923354411913	338923332782525
338923346289900	338923371095246	338923350654817
338923362456609	338923387778579	338923366950400
338923378069317	338923404461912	338923382522942
338923394980150	338923421145245	338923399494984
338923412299817	338923437828578	338923416808984
338923429375609	338923454511911	338923433853775
338923446773734	338923471195244	338923451246734
338923462397942	338923487878577	338923465834192
338923479132859	338923504561910	338923482503025
338923496457317	338923521245243	338923499877067
338923514472109	338923537928576	338923517802025
338923531138900	338923554611909	338923534580025
338923546684775	338923571295242	338923550167567
338923561140650	338923587978575	338923564715150
338923577725192	338923604661908	338923582252775
338923596986067	338923621345241	338923601415150
338923613109525	338923638028574	338923617540150
338923630681859	338923654711907	338923635176234
338923648218109	338923671395240	338923652689442
338923665630526	338923688078573	338923670018276
338923681742776	338923704761906	338923686169567
338923697973859	338923721445239	338923702243317
338923713948317	338923738128572	338923718485359
338923732240067	338923754811905	338923736685109
338923746774276	338923771495238	338923751242401
338923763598151	338923788178571	338923767892901
338923781699276	338923804861904	338923786159984
338923799494817	338923821545237	338923803917276
338923815571234	338923838228570	338923820099026
338923832486151	338923854911903	338923837003984
338923848551401	338923871595236	338923853051776
338923865810109	338923888278569	338923870121734
338923881940567	338923904961902	338923886456401
338923899693276	338923921645235	338923904195276
338923915156776	338923938328568	338923919636817
338923930879401	338923955011901	338923935378401
338923947771734	338923971695234	338923952278526
338923965997401	338923988378567	338923970463651
338923983102026	338924005061900	338923987551609
338924001174067	338924021745233	338924005830984
338924018100692	338924038428566	338924022651692
338924033832609	338924055111899	338924038240192
338924050010317	338924071795232	338924054557984
338924067421942	338924088478565	338924071929109
338924084560109	338924105161898	338924088953942
338924102213651	338924121845231	338924106623109
338924118616651	338924138528564	338924123033734
338924134341234	338924155211897	338924138724151
338924150691651	338924171895230	338924155161692
338924168133026	338924188578563	338924172527526
338924186199317	338924205261896	338924190641442
338924203379317	338924221945229	338924207741401
338924219052276	338924238628562	338924223510776
338924236155734	338924255311895	338924240524317
338924253021859	338924271995228	338924257447442
338924269030276	338924288678561	338924273362317
338924285242359	338924305361894	338924289714692
338924303542942	338924322045227	338924308222609

