16683333
0	0	0
0	0	0
0	0	0
0	0	0
0	0	0
0	0	0
0	0	0
0	0	0
0	0	0
0	0	0
0	0	0
0	0	0
0	0	0
0	0	0
0	0	0
0	0	0
0	0	0
0	0	0
0	0	0
0	0	0
0	0	0
0	0	0
0	0	0
0	0	0
0	0	0
0	0	0
0	0	0
0	0	0
0	0	0
0	0	0
0	0	0
0	0	0
0	0	0
0	0	0
0	0	0
0	0	0
0	0	0
0	0	0
0	0	0
0	0	0
0	0	0
0	0	0
0	0	0
0	0	0
0	0	0
0	0	0
0	0	0
0	0	0
0	0	0
0	0	0
0	0	0
0	0	0
0	0	0
0	0	0
0	0	0
0	0	0
0	0	0
0	0	0
0	0	0
0	0	0
0	0	0
0	0	0
0	0	0
0	0	0
0	0	0
0	0	0
0	0	0
0	0	0
0	0	0
0	0	0
0	0	0
0	0	0
0	0	0
0	0	0
0	0	0
0	0	0
0	0	0
0	0	0
0	0	0
0	0	0
0	0	0
0	0	0
0	0	0
0	0	0
0	0	0
0	0	0
0	0	0
0	0	0
0	0	0
0	0	0
0	0	0
0	0	0
0	0	0
0	0	0
0	0	0
0	0	0
0	0	0
0	0	0
0	0	0
0	0	0
0	0	0
0	0	0
0	0	0
0	0	0
0	0	0
0	0	0
0	0	0
0	0	0
0	0	0
0	0	0
0	0	0
0	0	0
0	0	0
0	0	0
0	0	0
0	0	0
0	0	0
0	0	0
0	0	0
0	0	0
0	0	0
0	0	0
0	0	0
0	0	0
0	0	0
0	0	0
0	0	0

===
16683333
0	0	0
0	0	0
0	0	0
0	0	0
0	0	0
0	0	0
0	0	0
0	0	0
0	0	0
0	0	0
0	0	0
0	0	0
0	0	0
0	0	0
0	0	0
0	0	0
0	0	0
0	0	0
0	0	0
0	0	0
0	0	0
0	0	0
0	0	0
0	0	0
0	0	0
0	0	0
0	0	0
0	0	0
0	0	0
0	0	0
0	0	0
0	0	0
0	0	0
0	0	0
0	0	0
0	0	0
0	0	0
0	0	0
0	0	0
0	0	0
0	0	0
0	0	0
0	0	0
0	0	0
0	0	0
0	0	0
0	0	0
0	0	0
0	0	0
0	0	0
0	0	0
0	0	0
0	0	0
0	0	0
0	0	0
0	0	0
0	0	0
0	0	0
0	0	0
0	0	0
0	0	0
0	0	0
0	0	0
0	0	0
0	0	0
0	0	0
0	0	0
0	0	0
0	0	0
0	0	0
0	0	0
0	0	0
0	0	0
0	0	0
0	0	0
0	0	0
0	0	0
0	0	0
0	0	0
0	0	0
0	0	0
0	0	0
0	0	0
0	0	0
0	0	0
0	0	0
0	0	0
0	0	0
0	0	0
0	0	0
0	0	0
0	0	0
0	0	0
337869306252648	337869314812270	337869318943481
337869334002314	337869348178936	337869349180939
337869353676856	337869364862269	337869368805773
337869370779148	337869381545602	337869385915398
337869388033106	337869398228935	337869396093314
337869397966023	337869414912268	337869404418023
337869412912814	337869431595601	337869419430148
337869431906856	337869448278934	337869438346689
337869447689814	337869464962267	337869454171356
337869462963481	337869481645600	337869469420564
337869480280481	337869498328933	337869486741523
337869495796898	337869515012266	337869502241190
337869512826065	337869531695599	337869519265065
337869530018356	337869548378932	337869536472481
337869549397690	337869565062265	337869555757648
337869564809315	337869581745598	337869571172065
337869582660856	337869598428931	337869588968023
337869598469815	337869615112264	337869605005565
337869614757398	337869631795597	337869621108190
337869630507398	337869648478930	337869636871023
337869649815856	337869665162263	337869655881440
337870187061315	337870199028919	337870206611357
337870223649815	337870232395585	337870245729232
337870239675940	337870265762251	337870268878857
337870259016523	337870282445584	337870292516857
337870292419107	337870315812250	337870318728857
337870322667482	337870349178916	337870338005815
337870343688732	337870365862249	337870353788398
337870360444398	337870382545582	337870370651815
337870377854732	337870399228915	337870387764107
337870395284732	337870415912248	337870404870940
337870409195732	337870432595581	337870418841273
337870423410398	337870449278914	337870433059190
337870441087940	337870465962247	337870450710732

===
16683333
0	0	0
0	0	0
0	0	0
0	0	0
0	0	0
0	0	0
0	0	0
0	0	0
0	0	0
0	0	0
0	0	0
0	0	0
0	0	0
0	0	0
0	0	0
0	0	0
0	0	0
0	0	0
0	0	0
0	0	0
0	0	0
0	0	0
0	0	0
0	0	0
0	0	0
0	0	0
0	0	0
0	0	0
337869306252648	337869314812270	337869318943481
337869334002314	337869348178936	337869349180939
337869353676856	337869364862269	337869368805773
337869370779148	337869381545602	337869385915398
337869388033106	337869398228935	337869396093314
337869397966023	337869414912268	337869404418023
337869412912814	337869431595601	337869419430148
337869431906856	337869448278934	337869438346689
337869447689814	337869464962267	337869454171356
337869462963481	337869481645600	337869469420564
337869480280481	337869498328933	337869486741523
337869495796898	337869515012266	337869502241190
337869512826065	337869531695599	337869519265065
337869530018356	337869548378932	337869536472481
337869549397690	337869565062265	337869555757648
337869564809315	337869581745598	337869571172065
337869582660856	337869598428931	337869588968023
337869598469815	337869615112264	337869605005565
337869614757398	337869631795597	337869621108190
337869630507398	337869648478930	337869636871023
337869649815856	337869665162263	337869655881440
337870187061315	337870199028919	337870206611357
337870223649815	337870232395585	337870245729232
337870239675940	337870265762251	337870268878857
337870259016523	337870282445584	337870292516857
337870292419107	337870315812250	337870318728857
337870322667482	337870349178916	337870338005815
337870343688732	337870365862249	337870353788398
337870360444398	337870382545582	337870370651815
337870377854732	337870399228915	337870387764107
337870395284732	337870415912248	337870404870940
337870409195732	337870432595581	337870418841273
337870423410398	337870449278914	337870433059190
337870441087940	337870465962247	337870450710732
337870457332523	337870482645580	337870466985065
337870473862482	337870499328913	337870483464315
337870491710023	337870516012246	337870500571440
337870507883982	337870532695579	337870511570898
337870525085398	337870549378912	337870528840565
337870541676857	337870566062245	337870545376148
337870558428815	337870582745578	337870562108898
337870576325440	337870599428911	337870579998398
337870593200190	337870616112244	337870596892982
337870609365190	337870632795577	337870613087523
337870625359232	337870649478910	337870629032982
337870646599065	337870666162243	337870650372815
337870659897148	337870682845576	337870663729732
337870674079023	337870699528909	337870678091898
337870705451648	337870716212242	337870710404732
337870718386523	337870732895575	337870723339857
337870730853940	337870749578908	337870735824773
337870826377357	337870832995573	337870831448273
337870838191440	337870849678906	337870842282607
337870873087773	337870883045572	337870879557148
337870881339940	337870899728905	337870887655857
337870892294107	337870916412238	337870898500899
337870910032440	337870933095571	337870916172190
337870926082524	337870949778904	337870932215190
337870943384190	337870966462237	337870949468982
337870959157607	337870983145570	337870965208357
337870976902857	337870999828903	337870980443607
337870994704565	337871016512236	337870998140565
337871012215024	337871033195569	337871015643774
337871029737607	337871049878902	337871033273565
337871047184190	337871066562235	337871050633190
337871064565024	337871083245568	337871068096440
337871079769690	337871099928901	337871083190024
337871093448690	337871116612234	337871096896190
337871109259649	337871133295567	337871112753982
337871126262399	337871149978900	337871129665690
337871142763190	337871166662233	337871146175190
337871160133524	337871183345566	337871163569399
337871176794774	337871200028899	337871180329524
337871197063274	337871216712232	337871201719149
337871210976315	337871233395565	337871215509982
337871227183065	337871250078898	337871231890232
337871298061649	337871300128897	337871304175440
337871323726899	337871333495563	337871329198857
337871360692899	337871366862229	337871365688440
337871367317232	337871383545562	337871371781815
337871378093649	337871400228895	337871382567815
337871394910690	337871416912228	337871399372524
337871411222940	337871433595561	337871414708940
337871428701815	337871450278894	337871432200565
337871445266857	337871466962227	337871448697107
337871462441399	337871483645560	337871465785815
337871480845440	337871500328893	337871484240607
337871497633565	337871517012226	337871501015815
337871514019315	337871533695559	337871517390607
337871531551732	337871550378892	337871535919774
337871550966524	337871567062225	337871555223274
337871565785649	337871583745558	337871570057315
337871582696482	337871600428891	337871586998899
337871596773441	337871617112224	337871601197482
337871614031316	337871633795557	337871618447857
337871631736232	337871650478890	337871635240024
337871651719691	337871667162223	337871655327691
337871674222066	337871683845556	337871678912649
337871689295649	337871700528889	337871694011691

===
16683333
337870473862482	337870499328913	337870483464315
337870491710023	337870516012246	337870500571440
337870507883982	337870532695579	337870511570898
337870525085398	337870549378912	337870528840565
337870541676857	337870566062245	337870545376148
337870558428815	337870582745578	337870562108898
337870576325440	337870599428911	337870579998398
337870593200190	337870616112244	337870596892982
337870609365190	337870632795577	337870613087523
337870625359232	337870649478910	337870629032982
337870646599065	337870666162243	337870650372815
337870659897148	337870682845576	337870663729732
337870674079023	337870699528909	337870678091898
337870705451648	337870716212242	337870710404732
337870718386523	337870732895575	337870723339857
337870730853940	337870749578908	337870735824773
337870826377357	337870832995573	337870831448273
337870838191440	337870849678906	337870842282607
337870873087773	337870883045572	337870879557148
337870881339940	337870899728905	337870887655857
337870892294107	337870916412238	337870898500899
337870910032440	337870933095571	337870916172190
337870926082524	337870949778904	337870932215190
337870943384190	337870966462237	337870949468982
337870959157607	337870983145570	337870965208357
337870976902857	337870999828903	337870980443607
337870994704565	337871016512236	337870998140565
337871012215024	337871033195569	337871015643774
337871029737607	337871049878902	337871033273565
337871047184190	337871066562235	337871050633190
337871064565024	337871083245568	337871068096440
337871079769690	337871099928901	337871083190024
337871093448690	337871116612234	337871096896190
337871109259649	337871133295567	337871112753982
337871126262399	337871149978900	337871129665690
337871142763190	337871166662233	337871146175190
337871160133524	337871183345566	337871163569399
337871176794774	337871200028899	337871180329524
337871197063274	337871216712232	337871201719149
337871210976315	337871233395565	337871215509982
337871227183065	337871250078898	337871231890232
337871298061649	337871300128897	337871304175440
337871323726899	337871333495563	337871329198857
337871360692899	337871366862229	337871365688440
337871367317232	337871383545562	337871371781815
337871378093649	337871400228895	337871382567815
337871394910690	337871416912228	337871399372524
337871411222940	337871433595561	337871414708940
337871428701815	337871450278894	337871432200565
337871445266857	337871466962227	337871448697107
337871462441399	337871483645560	337871465785815
337871480845440	337871500328893	337871484240607
337871497633565	337871517012226	337871501015815
337871514019315	337871533695559	337871517390607
337871531551732	337871550378892	337871535919774
337871550966524	337871567062225	337871555223274
337871565785649	337871583745558	337871570057315
337871582696482	337871600428891	337871586998899
337871596773441	337871617112224	337871601197482
337871614031316	337871633795557	337871618447857
337871631736232	337871650478890	337871635240024
337871651719691	337871667162223	337871655327691
337871674222066	337871683845556	337871678912649
337871689295649	337871700528889	337871694011691
337871778787941	337871783945554	337871785015024
337871798522899	337871800628887	337871804041149
337871829937066	337871833995553	337871835106149
337871835614024	337871850678886	337871841452649
337871848118357	337871867362219	337871854142357
337871865066066	337871884045552	337871871089524
337871882057066	337871900728885	337871887996316
337871899414399	337871917412218	337871905381274
337871915287274	337871934095551	337871921256524
337871932482191	337871950778884	337871938430857
337871953212066	337871967462217	337871956276232
337871968346316	337871984145550	337871971594691
337871985565482	337872000828883	337871988807732
337872001162941	337872017512216	337872004633691
337872020094649	337872034195549	337872023528191
337872036388482	337872050878882	337872039585941
337872054323399	337872067562215	337872057866982
337872068899899	337872084245548	337872072174482
337872084446191	337872100928881	337872087852774
337872101537899	337872117612214	337872104907316
337872119532816	337872134295547	337872123079232
337872142547941	337872150978880	337872147255982
337872161281316	337872167662213	337872167289149
337872176418232	337872184345546	337872182510191
337872239143816	337872234395545	337872245232024
337872257953732	337872267762211	337872263609649
337872300948316	337872301128877	337872306455316
337872306418691	337872317812210	337872311091733
337872318987483	337872334495543	337872323654274
337872336540774	337872351178876	337872341093816
337872352405399	337872367862209	337872356881649
337872369254399	337872384545542	337872373723191
337872385772274	337872401228875	337872390123066
337872402563316	337872417912208	337872406991191
337872419381233	337872434595541	337872423792358
337872439392483	337872451278874	337872443755941
337872455084191	337872467962207	337872459453733
337872472774941	337872484645540	337872476151316
337872490093899	337872501328873	337872493442899
337872506718316	337872518012206	337872509989608
337872522748024	337872534695539	337872526182024
337872538933691	337872551378872	337872542384441
337872554544774	337872568062205	337872557987066
337872571762649	337872584745538	337872575189108
337872588363066	337872601428871	337872591629691
337872606967899	337872618112204	337872610583316
337872630539399	337872634795537	337872635171858
337872646740566	337872651478870	337872651569983
337872663580858	337872684845536	337872668180191
337872726102358	337872734895535	337872730780941
337872739778233	337872751578868	337872744163024
337872767463149	337872784945534	337872771754774
337872772670566	337872801628867	337872776573816
337872788717233	337872818312200	337872792315691
337872805843316	337872834995533	337872810405066
337872822482024	337872851678866	337872826980774
337872839409441	337872868362199	337872843989899
337872855941149	337872885045532	337872860408649
337872872854858	337872901728865	337872877302358
337872889661274	337872918412198	337872894067191
337872906416483	337872935095531	337872910819774
337872926491649	337872951778864	337872929871316
337872942364274	337872968462197	337872945783024

===
16683333
337871865066066	337871884045552	337871871089524
337871882057066	337871900728885	337871887996316
337871899414399	337871917412218	337871905381274
337871915287274	337871934095551	337871921256524
337871932482191	337871950778884	337871938430857
337871953212066	337871967462217	337871956276232
337871968346316	337871984145550	337871971594691
337871985565482	337872000828883	337871988807732
337872001162941	337872017512216	337872004633691
337872020094649	337872034195549	337872023528191
337872036388482	337872050878882	337872039585941
337872054323399	337872067562215	337872057866982
337872068899899	337872084245548	337872072174482
337872084446191	337872100928881	337872087852774
337872101537899	337872117612214	337872104907316
337872119532816	337872134295547	337872123079232
337872142547941	337872150978880	337872147255982
337872161281316	337872167662213	337872167289149
337872176418232	337872184345546	337872182510191
337872239143816	337872234395545	337872245232024
337872257953732	337872267762211	337872263609649
337872300948316	337872301128877	337872306455316
337872306418691	337872317812210	337872311091733
337872318987483	337872334495543	337872323654274
337872336540774	337872351178876	337872341093816
337872352405399	337872367862209	337872356881649
337872369254399	337872384545542	337872373723191
337872385772274	337872401228875	337872390123066
337872402563316	337872417912208	337872406991191
337872419381233	337872434595541	337872423792358
337872439392483	337872451278874	337872443755941
337872455084191	337872467962207	337872459453733
337872472774941	337872484645540	337872476151316
337872490093899	337872501328873	337872493442899
337872506718316	337872518012206	337872509989608
337872522748024	337872534695539	337872526182024
337872538933691	337872551378872	337872542384441
337872554544774	337872568062205	337872557987066
337872571762649	337872584745538	337872575189108
337872588363066	337872601428871	337872591629691
337872606967899	337872618112204	337872610583316
337872630539399	337872634795537	337872635171858
337872646740566	337872651478870	337872651569983
337872663580858	337872684845536	337872668180191
337872726102358	337872734895535	337872730780941
337872739778233	337872751578868	337872744163024
337872767463149	337872784945534	337872771754774
337872772670566	337872801628867	337872776573816
337872788717233	337872818312200	337872792315691
337872805843316	337872834995533	337872810405066
337872822482024	337872851678866	337872826980774
337872839409441	337872868362199	337872843989899
337872855941149	337872885045532	337872860408649
337872872854858	337872901728865	337872877302358
337872889661274	337872918412198	337872894067191
337872906416483	337872935095531	337872910819774
337872926491649	337872951778864	337872929871316
337872942364274	337872968462197	337872945783024
337872959139191	337872985145530	337872962594066
337872975755274	337873001828863	337872979238858
337872991565233	337873018512196	337872994989358
337873007782691	337873035195529	337873011206108
337873025502608	337873051878862	337873029915775
337873041959608	337873068562195	337873046372691
337873058991358	337873085245528	337873063345775
337873078034316	337873101928861	337873082461900
337873092419191	337873118612194	337873097003275
337873110296733	337873135295527	337873116273816
337873127028233	337873151978860	337873132968733
337873142320691	337873168662193	337873147094358
337873212403108	337873218712192	337873217092525
337873227487066	337873235395525	337873231767108
337873256766858	337873268762191	337873261737441
337873262644691	337873285445524	337873267247066
337873276549441	337873302128857	337873281061025
337873292635650	337873318812190	337873297137150
337873309939066	337873335495523	337873314401066
337873326528316	337873352178856	337873330979108
337873343185233	337873368862189	337873347617650
337873360252275	337873385545522	337873364654983
337873376996441	337873402228855	337873381395150
337873395629191	337873418912188	337873399995066
337873413612275	337873435595521	337873417977191
337873430084275	337873452278854	337873434649650
337873448173358	337873468962187	337873452360233
337873464774191	337873485645520	337873469079400
337873481219191	337873502328853	337873485493608
337873497917316	337873519012186	337873502080691
337873514286275	337873535695519	337873518708358
337873529530775	337873552378852	337873533910775
337873546092941	337873569062185	337873550491941
337873562381025	337873585745518	337873565790108
337873581597150	337873602428851	337873585103775
337873598530525	337873619112184	337873603143358
337873620605025	337873635795517	337873625190566
337873637698941	337873652478850	337873642290608
337873706607275	337873719212182	337873712432442
337873721945400	337873735895515	337873727477317
337873749834067	337873752578848	337873755301067
337873754701067	337873769262181	337873759922983
337873763729608	337873785945514	337873768283817
337873780524733	337873802628847	337873785034817
337873797671733	337873819312180	337873802171233
337873813800775	337873835995513	337873818295067
337873830552650	337873852678846	337873834998858
337873847409567	337873869362179	337873851835358
337873864180692	337873886045512	337873868561525
337873884279108	337873902728845	337873887963275
337873900605900	337873919412178	337873905016067
337873918455775	337873936095511	337873922863692
337873935326775	337873952778844	337873939632567
337873949270942	337873969462177	337873953799692
337873965435442	337873986145510	337873970239317
337873982622567	337874002828843	337873986985442
337873999604900	337874019512176	337874004116192
337874016529067	337874036195509	337874020885858
337874033781233	337874052878842	337874038107442
337874049532817	337874069562175	337874053899108
337874066415858	337874086245508	337874070839150
337874084077317	337874102928841	337874088413150
337874099921525	337874119612174	337874103320650
337874118589775	337874136295507	337874121853067
337874134165775	337874152978840	337874137523858
337874152391483	337874169662173	337874155711567
337874168999483	337874186345506	337874172328733
337874185731317	337874203028839	337874189084775
337874203457817	337874219712172	337874207425192

===
16683333
337873276549441	337873302128857	337873281061025
337873292635650	337873318812190	337873297137150
337873309939066	337873335495523	337873314401066
337873326528316	337873352178856	337873330979108
337873343185233	337873368862189	337873347617650
337873360252275	337873385545522	337873364654983
337873376996441	337873402228855	337873381395150
337873395629191	337873418912188	337873399995066
337873413612275	337873435595521	337873417977191
337873430084275	337873452278854	337873434649650
337873448173358	337873468962187	337873452360233
337873464774191	337873485645520	337873469079400
337873481219191	337873502328853	337873485493608
337873497917316	337873519012186	337873502080691
337873514286275	337873535695519	337873518708358
337873529530775	337873552378852	337873533910775
337873546092941	337873569062185	337873550491941
337873562381025	337873585745518	337873565790108
337873581597150	337873602428851	337873585103775
337873598530525	337873619112184	337873603143358
337873620605025	337873635795517	337873625190566
337873637698941	337873652478850	337873642290608
337873706607275	337873719212182	337873712432442
337873721945400	337873735895515	337873727477317
337873749834067	337873752578848	337873755301067
337873754701067	337873769262181	337873759922983
337873763729608	337873785945514	337873768283817
337873780524733	337873802628847	337873785034817
337873797671733	337873819312180	337873802171233
337873813800775	337873835995513	337873818295067
337873830552650	337873852678846	337873834998858
337873847409567	337873869362179	337873851835358
337873864180692	337873886045512	337873868561525
337873884279108	337873902728845	337873887963275
337873900605900	337873919412178	337873905016067
337873918455775	337873936095511	337873922863692
337873935326775	337873952778844	337873939632567
337873949270942	337873969462177	337873953799692
337873965435442	337873986145510	337873970239317
337873982622567	337874002828843	337873986985442
337873999604900	337874019512176	337874004116192
337874016529067	337874036195509	337874020885858
337874033781233	337874052878842	337874038107442
337874049532817	337874069562175	337874053899108
337874066415858	337874086245508	337874070839150
337874084077317	337874102928841	337874088413150
337874099921525	337874119612174	337874103320650
337874118589775	337874136295507	337874121853067
337874134165775	337874152978840	337874137523858
337874152391483	337874169662173	337874155711567
337874168999483	337874186345506	337874172328733
337874185731317	337874203028839	337874189084775
337874203457817	337874219712172	337874207425192
337874217972317	337874236395505	337874222329942
337874233747358	337874253078838	337874238094650
337874251554900	337874269762171	337874255899900
337874268340192	337874286445504	337874272504525
337874286127317	337874303128837	337874290514608
337874301469567	337874319812170	337874305822358
337874319731400	337874336495503	337874324122775
337874336930567	337874353178836	337874342037692
337874351634067	337874369862169	337874356889692
337874368662692	337874386545502	337874374088150
337874385253484	337874403228835	337874390790650
337874401881192	337874419912168	337874407453192
337874424040817	337874436595501	337874428507567
337874435574067	337874453278834	337874440123359
337874456217984	337874469962167	337874460759775
337874469577192	337874486645500	337874473466442
337874486147609	337874503328833	337874489662900
337874502785067	337874520012166	337874506279067
337874519359484	337874536695499	337874522844984
337874536398025	337874553378832	337874539907359
337874553038109	337874570062165	337874556518900
337874569795275	337874586745498	337874573288442
337874586634150	337874603428831	337874590118234
337874603239442	337874620112164	337874606747734
337874622018859	337874636795497	337874625452317
337874639487359	337874653478830	337874642926525
337874655773067	337874670162163	337874659254275
337874673017775	337874686845496	337874676497484
337874691341567	337874703528829	337874694810692
337874709582317	337874720212162	337874713081775
337874724341150	337874736895495	337874727864525
337874740697900	337874753578828	337874744236984
337874756147734	337874770262161	337874759624484
337874772785942	337874786945494	337874776280900
337874790811109	337874803628827	337874794447400
337874806236442	337874820312160	337874810423317
337874822867317	337874836995493	337874826991859
337874838962942	337874853678826	337874843187192
337874855740650	337874870362159	337874860070192
337874872492275	337874887045492	337874876842817
337874892155109	337874903728825	337874896551025
337874909906650	337874920412158	337874914430234
337874922681567	337874937095491	337874927256609
337874939869025	337874953778824	337874943764817
337874956804484	337874970462157	337874960404817
337874972816650	337874987145490	337874976325609
337874990110817	337875003828823	337874993599234
337875006412192	337875020512156	337875009905275
337875023363859	337875037195489	337875026938525
337875040237442	337875053878822	337875043736025
337875057137359	337875070562155	337875060618567
337875073754900	337875103928821	337875077248734
337875091164817	337875120612154	337875094597234
337875111182484	337875137295487	337875114599567
337875127437692	337875153978820	337875130914776
337875143908401	337875170662153	337875147442359
337875160816567	337875187345486	337875164306192
337875176956317	337875204028819	337875180422401
337875194905817	337875220712152	337875198567401
337875211625692	337875237395485	337875215039817
337875225968234	337875254078818	337875229568817
337875243524067	337875270762151	337875247015609
337875259858359	337875287445484	337875263520942
337875276597901	337875304128817	337875280126734
337875293557067	337875320812150	337875297462359
337875309246026	337875337495483	337875313368276
337875326181401	337875354178816	337875330486276
337875342912317	337875370862149	337875347257692
337875359755109	337875387545482	337875364166901
337875379427151	337875404228815	337875383865651
337875397071317	337875420912148	337875401575192
337875410542651	337875437595481	337875415143609
337875426938151	337875454278814	337875430849484
337875443543901	337875470962147	337875447062734

===
16683333
337874569795275	337874586745498	337874573288442
337874586634150	337874603428831	337874590118234
337874603239442	337874620112164	337874606747734
337874622018859	337874636795497	337874625452317
337874639487359	337874653478830	337874642926525
337874655773067	337874670162163	337874659254275
337874673017775	337874686845496	337874676497484
337874691341567	337874703528829	337874694810692
337874709582317	337874720212162	337874713081775
337874724341150	337874736895495	337874727864525
337874740697900	337874753578828	337874744236984
337874756147734	337874770262161	337874759624484
337874772785942	337874786945494	337874776280900
337874790811109	337874803628827	337874794447400
337874806236442	337874820312160	337874810423317
337874822867317	337874836995493	337874826991859
337874838962942	337874853678826	337874843187192
337874855740650	337874870362159	337874860070192
337874872492275	337874887045492	337874876842817
337874892155109	337874903728825	337874896551025
337874909906650	337874920412158	337874914430234
337874922681567	337874937095491	337874927256609
337874939869025	337874953778824	337874943764817
337874956804484	337874970462157	337874960404817
337874972816650	337874987145490	337874976325609
337874990110817	337875003828823	337874993599234
337875006412192	337875020512156	337875009905275
337875023363859	337875037195489	337875026938525
337875040237442	337875053878822	337875043736025
337875057137359	337875070562155	337875060618567
337875073754900	337875103928821	337875077248734
337875091164817	337875120612154	337875094597234
337875111182484	337875137295487	337875114599567
337875127437692	337875153978820	337875130914776
337875143908401	337875170662153	337875147442359
337875160816567	337875187345486	337875164306192
337875176956317	337875204028819	337875180422401
337875194905817	337875220712152	337875198567401
337875211625692	337875237395485	337875215039817
337875225968234	337875254078818	337875229568817
337875243524067	337875270762151	337875247015609
337875259858359	337875287445484	337875263520942
337875276597901	337875304128817	337875280126734
337875293557067	337875320812150	337875297462359
337875309246026	337875337495483	337875313368276
337875326181401	337875354178816	337875330486276
337875342912317	337875370862149	337875347257692
337875359755109	337875387545482	337875364166901
337875379427151	337875404228815	337875383865651
337875397071317	337875420912148	337875401575192
337875410542651	337875437595481	337875415143609
337875426938151	337875454278814	337875430849484
337875443543901	337875470962147	337875447062734
337875461013234	337875487645480	337875464600234
337875478552734	337875504328813	337875482113567
337875494515276	337875521012146	337875497980067
337875511021567	337875537695479	337875514516817
337875527376526	337875554378812	337875530855901
337875544368276	337875571062145	337875547906401
337875561114109	337875587745478	337875564593109
337875578932026	337875604428811	337875582389692
337875596277984	337875621112144	337875599707942
337875614385609	337875637795477	337875617721276
337875630821276	337875654478810	337875634163317
337875648919942	337875671162143	337875652428609
337875665341984	337875687845476	337875668953109
337875681941484	337875704528809	337875686493567
337875698459859	337875721212142	337875702985484
337875713177776	337875737895475	337875717704401
337875730675734	337875754578808	337875735253276
337875747241276	337875771262141	337875751784484
337875763715692	337875787945474	337875769153192
337875780183943	337875804628807	337875785450068
337875796315484	337875821312140	337875801425776
337875813085609	337875837995473	337875817416651
337875829778359	337875854678806	337875834133818
337875849587568	337875871362139	337875854088068
337875863680984	337875888045472	337875868203443
337875882875859	337875904728805	337875887454484
337875897154984	337875921412138	337875901125318
337875914250901	337875938095471	337875917826776
337875930568151	337875954778804	337875934103026
337875947283443	337875971462137	337875950772401
337875964043901	337875988145470	337875967554359
337875981010859	337876004828803	337875984483318
337875997909984	337876021512136	337876001388734
337876014793609	337876038195469	337876019280401
337876031177818	337876054878802	337876035649151
337876048172026	337876071562135	337876052645151
337876068274818	337876088245468	337876072647609
337876084903443	337876104928801	337876089406693
337876101253734	337876121612134	337876105824276
337876118090693	337876138295467	337876122591651
337876136561693	337876154978800	337876141027234
337876151475984	337876171662133	337876155942068
337876168331526	337876188345466	337876173012526
337876183847484	337876205028799	337876188369943
337876200635318	337876221712132	337876205149359
337876217394193	337876238395465	337876221997901
337876234399818	337876255078798	337876239808109
337876250872193	337876271762131	337876255032026
337876266571234	337876288445464	337876270810193
337876283429818	337876305128797	337876287765443
337876300217526	337876321812130	337876304517526
337876320597276	337876338495463	337876325042484
337876337887693	337876355178796	337876342417443
337876350734651	337876371862129	337876355316109
337876367598068	337876388545462	337876371555026
337876384457193	337876405228795	337876387973984
337876401053234	337876421912128	337876404552359
337876418394151	337876438595461	337876421736109
337876434873401	337876455278794	337876438339068
337876451511859	337876471962127	337876454991443
337876468602693	337876488645460	337876472118443
337876485329901	337876505328793	337876488818568
337876501921068	337876522012126	337876505399693
337876518634568	337876538695459	337876522187943
337876539635026	337876555378792	337876542950776
337876555696151	337876572062125	337876559201901
337876573293985	337876588745458	337876577731943
337876591012151	337876605428791	337876595441360
337876605808235	337876622112124	337876610241651
337876623242610	337876638795457	337876627586401
337876639167110	337876655478790	337876643616151
337876654648318	337876672162123	337876659185151
337876670558360	337876688845456	337876675049485
337876688657651	337876705528789	337876693185818

===
16683333
337875813085609	337875837995473	337875817416651
337875829778359	337875854678806	337875834133818
337875849587568	337875871362139	337875854088068
337875863680984	337875888045472	337875868203443
337875882875859	337875904728805	337875887454484
337875897154984	337875921412138	337875901125318
337875914250901	337875938095471	337875917826776
337875930568151	337875954778804	337875934103026
337875947283443	337875971462137	337875950772401
337875964043901	337875988145470	337875967554359
337875981010859	337876004828803	337875984483318
337875997909984	337876021512136	337876001388734
337876014793609	337876038195469	337876019280401
337876031177818	337876054878802	337876035649151
337876048172026	337876071562135	337876052645151
337876068274818	337876088245468	337876072647609
337876084903443	337876104928801	337876089406693
337876101253734	337876121612134	337876105824276
337876118090693	337876138295467	337876122591651
337876136561693	337876154978800	337876141027234
337876151475984	337876171662133	337876155942068
337876168331526	337876188345466	337876173012526
337876183847484	337876205028799	337876188369943
337876200635318	337876221712132	337876205149359
337876217394193	337876238395465	337876221997901
337876234399818	337876255078798	337876239808109
337876250872193	337876271762131	337876255032026
337876266571234	337876288445464	337876270810193
337876283429818	337876305128797	337876287765443
337876300217526	337876321812130	337876304517526
337876320597276	337876338495463	337876325042484
337876337887693	337876355178796	337876342417443
337876350734651	337876371862129	337876355316109
337876367598068	337876388545462	337876371555026
337876384457193	337876405228795	337876387973984
337876401053234	337876421912128	337876404552359
337876418394151	337876438595461	337876421736109
337876434873401	337876455278794	337876438339068
337876451511859	337876471962127	337876454991443
337876468602693	337876488645460	337876472118443
337876485329901	337876505328793	337876488818568
337876501921068	337876522012126	337876505399693
337876518634568	337876538695459	337876522187943
337876539635026	337876555378792	337876542950776
337876555696151	337876572062125	337876559201901
337876573293985	337876588745458	337876577731943
337876591012151	337876605428791	337876595441360
337876605808235	337876622112124	337876610241651
337876623242610	337876638795457	337876627586401
337876639167110	337876655478790	337876643616151
337876654648318	337876672162123	337876659185151
337876670558360	337876688845456	337876675049485
337876688657651	337876705528789	337876693185818
337876704828151	337876722212122	337876710222610
337876722029318	337876738895455	337876727366151
337876737410026	337876755578788	337876742920776
337876754689318	337876772262121	337876760227735
337876770959860	337876788945454	337876776519318
337876792717651	337876805628787	337876797178068
337876809026318	337876822312120	337876813515985
337876821349776	337876838995453	337876825918860
337876838306443	337876855678786	337876842223443
337876855016318	337876872362119	337876858498235
337876871402068	337876889045452	337876874903110
337876888705443	337876905728785	337876892156735
337876905188235	337876922412118	337876908682443
337876921721901	337876939095451	337876925220360
337876938817068	337876955778784	337876942243818
337876955672485	337876972462117	337876959158485
337876972720610	337876989145450	337876976175776
337876989252026	337877005828783	337876992797568
337877008988651	337877022512116	337877013476360
337877024836776	337877039195449	337877029400276
337877042206401	337877055878782	337877046723485
337877058863360	337877072562115	337877063406985
337877077063068	337877089245448	337877081521360
337877094085318	337877105928781	337877098575485
337877109738735	337877122612114	337877114266901
337877124875776	337877139295447	337877129384735
337877141215235	337877155978780	337877145733735
337877160783693	337877172662113	337877165737151
337877177717860	337877189345446	337877183288277
337877196367735	337877206028779	337877201840027
337877209788235	337877222712112	337877214241443
337877226303443	337877239395445	337877230851693
337877244459777	337877256078778	337877249040360
337877263232735	337877272762111	337877267945943
337877280120152	337877289445444	337877284971777
337877294850693	337877306128777	337877299695152
337877315504527	337877322812110	337877319642860
337877327375068	337877339495443	337877331163068
337877343645360	337877356178776	337877347447902
337877361065652	337877372862109	337877364854068
337877377189027	337877389545442	337877380981443
337877394439277	337877406228775	337877398241693
337877411651902	337877422912108	337877415439943
337877427959110	337877439595441	337877431753777
337877444410360	337877456278774	337877448199193
337877461420027	337877472962107	337877465225860
337877480112402	337877506328773	337877483920485
337877498105860	337877523012106	337877501899485
337877515758818	337877539695439	337877519555277
337877532823902	337877556378772	337877536476068
337877548852693	337877573062105	337877552535652
337877565386443	337877589745438	337877569278318
337877581917360	337877606428771	337877585695443
337877599314193	337877623112104	337877603104943
337877615875318	337877639795437	337877619635235
337877632708402	337877656478770	337877636517068
337877646424818	337877673162103	337877650288360
337877668398652	337877689845436	337877678496235
337877683071110	337877706528769	337877693124943
337877699276693	337877723212102	337877709410985
337877716735610	337877739895435	337877726848735
337877737133360	337877756578768	337877747094693
337877753442235	337877773262101	337877763394693
337877771937735	337877789945434	337877781821568
337877786723068	337877806628767	337877796124943
337877799117735	337877823312100	337877807651110
337877816571068	337877839995433	337877825016443
337877831990985	337877856678766	337877840392860
337877849162277	337877873362099	337877857542693
337877865069318	337877890045432	337877873429360
337877882620944	337877906728765	337877890985735
337877898657277	337877923412098	337877905227944
337877915695277	337877940095431	337877922273694
337877932192819	337877956778764	337877938737860

===
16683333
337876539635026	337876555378792	337876542950776
337876555696151	337876572062125	337876559201901
337876573293985	337876588745458	337876577731943
337876591012151	337876605428791	337876595441360
337876605808235	337876622112124	337876610241651
337876623242610	337876638795457	337876627586401
337876639167110	337876655478790	337876643616151
337876654648318	337876672162123	337876659185151
337876670558360	337876688845456	337876675049485
337876688657651	337876705528789	337876693185818
337876704828151	337876722212122	337876710222610
337876722029318	337876738895455	337876727366151
337876737410026	337876755578788	337876742920776
337876754689318	337876772262121	337876760227735
337876770959860	337876788945454	337876776519318
337876792717651	337876805628787	337876797178068
337876809026318	337876822312120	337876813515985
337876821349776	337876838995453	337876825918860
337876838306443	337876855678786	337876842223443
337876855016318	337876872362119	337876858498235
337876871402068	337876889045452	337876874903110
337876888705443	337876905728785	337876892156735
337876905188235	337876922412118	337876908682443
337876921721901	337876939095451	337876925220360
337876938817068	337876955778784	337876942243818
337876955672485	337876972462117	337876959158485
337876972720610	337876989145450	337876976175776
337876989252026	337877005828783	337876992797568
337877008988651	337877022512116	337877013476360
337877024836776	337877039195449	337877029400276
337877042206401	337877055878782	337877046723485
337877058863360	337877072562115	337877063406985
337877077063068	337877089245448	337877081521360
337877094085318	337877105928781	337877098575485
337877109738735	337877122612114	337877114266901
337877124875776	337877139295447	337877129384735
337877141215235	337877155978780	337877145733735
337877160783693	337877172662113	337877165737151
337877177717860	337877189345446	337877183288277
337877196367735	337877206028779	337877201840027
337877209788235	337877222712112	337877214241443
337877226303443	337877239395445	337877230851693
337877244459777	337877256078778	337877249040360
337877263232735	337877272762111	337877267945943
337877280120152	337877289445444	337877284971777
337877294850693	337877306128777	337877299695152
337877315504527	337877322812110	337877319642860
337877327375068	337877339495443	337877331163068
337877343645360	337877356178776	337877347447902
337877361065652	337877372862109	337877364854068
337877377189027	337877389545442	337877380981443
337877394439277	337877406228775	337877398241693
337877411651902	337877422912108	337877415439943
337877427959110	337877439595441	337877431753777
337877444410360	337877456278774	337877448199193
337877461420027	337877472962107	337877465225860
337877480112402	337877506328773	337877483920485
337877498105860	337877523012106	337877501899485
337877515758818	337877539695439	337877519555277
337877532823902	337877556378772	337877536476068
337877548852693	337877573062105	337877552535652
337877565386443	337877589745438	337877569278318
337877581917360	337877606428771	337877585695443
337877599314193	337877623112104	337877603104943
337877615875318	337877639795437	337877619635235
337877632708402	337877656478770	337877636517068
337877646424818	337877673162103	337877650288360
337877668398652	337877689845436	337877678496235
337877683071110	337877706528769	337877693124943
337877699276693	337877723212102	337877709410985
337877716735610	337877739895435	337877726848735
337877737133360	337877756578768	337877747094693
337877753442235	337877773262101	337877763394693
337877771937735	337877789945434	337877781821568
337877786723068	337877806628767	337877796124943
337877799117735	337877823312100	337877807651110
337877816571068	337877839995433	337877825016443
337877831990985	337877856678766	337877840392860
337877849162277	337877873362099	337877857542693
337877865069318	337877890045432	337877873429360
337877882620944	337877906728765	337877890985735
337877898657277	337877923412098	337877905227944
337877915695277	337877940095431	337877922273694
337877932192819	337877956778764	337877938737860
337877950866985	337877973462097	337877957508985
337877967501694	337877990145430	337877974135985
337877985318610	337878006828763	337877991887027
337878001193110	337878023512096	337878007819902
337878017455777	337878040195429	337878024034152
337878037176944	337878056878762	337878043696110
337878053601777	337878073562095	337878060148610
337878069799152	337878090245428	337878076562777
337878085663694	337878106928761	337878092225319
337878103218902	337878123612094	337878109825985
337878119879235	337878140295427	337878126504652
337878136919444	337878156978760	337878143446110
337878152738694	337878173662093	337878158961069
337878167799902	337878190345426	337878173935235
337878184948194	337878207028759	337878191226819
337878202763985	337878223712092	337878208831735
337878218599485	337878240395425	337878224765527
337878236167069	337878257078758	337878242399194
337878253395944	337878273762091	337878259679069
337878270812485	337878290445424	337878277081027
337878288372110	337878307128757	337878294670569
337878328055069	337878340495423	337878332344819
337878345321777	337878357178756	337878350458277
337878360312527	337878373862089	337878365444652
337878376120527	337878390545422	337878381424610
337878393042777	337878407228755	337878399669027
337878403712235	337878423912088	337878410303360
337878420322485	337878440595421	337878426760152
337878435680527	337878457278754	337878442310694
337878456596527	337878473962087	337878463089569
337878469524277	337878490645420	337878476109444
337878487687527	337878507328753	337878494270319
337878503534860	337878524012086	337878510087694
337878522083694	337878540695419	337878528742694
337878537414319	337878557378752	337878544051944
337878554803402	337878574062085	337878561330069
337878570246985	337878590745418	337878576835361
337878588342527	337878607428751	337878594840236
337878605899194	337878624112084	337878612249819
337878622019736	337878640795417	337878628330361
337878638918986	337878657478750	337878644981652
337878655069736	337878674162083	337878661172319
337878673098319	337878690845416	337878679126444

===
16683333
337876539635026	337876555378792	337876542950776
337876555696151	337876572062125	337876559201901
337876573293985	337876588745458	337876577731943
337876591012151	337876605428791	337876595441360
337876605808235	337876622112124	337876610241651
337876623242610	337876638795457	337876627586401
337876639167110	337876655478790	337876643616151
337876654648318	337876672162123	337876659185151
337876670558360	337876688845456	337876675049485
337876688657651	337876705528789	337876693185818
337876704828151	337876722212122	337876710222610
337876722029318	337876738895455	337876727366151
337876737410026	337876755578788	337876742920776
337876754689318	337876772262121	337876760227735
337876770959860	337876788945454	337876776519318
337876792717651	337876805628787	337876797178068
337876809026318	337876822312120	337876813515985
337876821349776	337876838995453	337876825918860
337876838306443	337876855678786	337876842223443
337876855016318	337876872362119	337876858498235
337876871402068	337876889045452	337876874903110
337876888705443	337876905728785	337876892156735
337876905188235	337876922412118	337876908682443
337876921721901	337876939095451	337876925220360
337876938817068	337876955778784	337876942243818
337876955672485	337876972462117	337876959158485
337876972720610	337876989145450	337876976175776
337876989252026	337877005828783	337876992797568
337877008988651	337877022512116	337877013476360
337877024836776	337877039195449	337877029400276
337877042206401	337877055878782	337877046723485
337877058863360	337877072562115	337877063406985
337877077063068	337877089245448	337877081521360
337877094085318	337877105928781	337877098575485
337877109738735	337877122612114	337877114266901
337877124875776	337877139295447	337877129384735
337877141215235	337877155978780	337877145733735
337877160783693	337877172662113	337877165737151
337877177717860	337877189345446	337877183288277
337877196367735	337877206028779	337877201840027
337877209788235	337877222712112	337877214241443
337877226303443	337877239395445	337877230851693
337877244459777	337877256078778	337877249040360
337877263232735	337877272762111	337877267945943
337877280120152	337877289445444	337877284971777
337877294850693	337877306128777	337877299695152
337877315504527	337877322812110	337877319642860
337877327375068	337877339495443	337877331163068
337877343645360	337877356178776	337877347447902
337877361065652	337877372862109	337877364854068
337877377189027	337877389545442	337877380981443
337877394439277	337877406228775	337877398241693
337877411651902	337877422912108	337877415439943
337877427959110	337877439595441	337877431753777
337877444410360	337877456278774	337877448199193
337877461420027	337877472962107	337877465225860
337877480112402	337877506328773	337877483920485
337877498105860	337877523012106	337877501899485
337877515758818	337877539695439	337877519555277
337877532823902	337877556378772	337877536476068
337877548852693	337877573062105	337877552535652
337877565386443	337877589745438	337877569278318
337877581917360	337877606428771	337877585695443
337877599314193	337877623112104	337877603104943
337877615875318	337877639795437	337877619635235
337877632708402	337877656478770	337877636517068
337877646424818	337877673162103	337877650288360
337877668398652	337877689845436	337877678496235
337877683071110	337877706528769	337877693124943
337877699276693	337877723212102	337877709410985
337877716735610	337877739895435	337877726848735
337877737133360	337877756578768	337877747094693
337877753442235	337877773262101	337877763394693
337877771937735	337877789945434	337877781821568
337877786723068	337877806628767	337877796124943
337877799117735	337877823312100	337877807651110
337877816571068	337877839995433	337877825016443
337877831990985	337877856678766	337877840392860
337877849162277	337877873362099	337877857542693
337877865069318	337877890045432	337877873429360
337877882620944	337877906728765	337877890985735
337877898657277	337877923412098	337877905227944
337877915695277	337877940095431	337877922273694
337877932192819	337877956778764	337877938737860
337877950866985	337877973462097	337877957508985
337877967501694	337877990145430	337877974135985
337877985318610	337878006828763	337877991887027
337878001193110	337878023512096	337878007819902
337878017455777	337878040195429	337878024034152
337878037176944	337878056878762	337878043696110
337878053601777	337878073562095	337878060148610
337878069799152	337878090245428	337878076562777
337878085663694	337878106928761	337878092225319
337878103218902	337878123612094	337878109825985
337878119879235	337878140295427	337878126504652
337878136919444	337878156978760	337878143446110
337878152738694	337878173662093	337878158961069
337878167799902	337878190345426	337878173935235
337878184948194	337878207028759	337878191226819
337878202763985	337878223712092	337878208831735
337878218599485	337878240395425	337878224765527
337878236167069	337878257078758	337878242399194
337878253395944	337878273762091	337878259679069
337878270812485	337878290445424	337878277081027
337878288372110	337878307128757	337878294670569
337878328055069	337878340495423	337878332344819
337878345321777	337878357178756	337878350458277
337878360312527	337878373862089	337878365444652
337878376120527	337878390545422	337878381424610
337878393042777	337878407228755	337878399669027
337878403712235	337878423912088	337878410303360
337878420322485	337878440595421	337878426760152
337878435680527	337878457278754	337878442310694
337878456596527	337878473962087	337878463089569
337878469524277	337878490645420	337878476109444
337878487687527	337878507328753	337878494270319
337878503534860	337878524012086	337878510087694
337878522083694	337878540695419	337878528742694
337878537414319	337878557378752	337878544051944
337878554803402	337878574062085	337878561330069
337878570246985	337878590745418	337878576835361
337878588342527	337878607428751	337878594840236
337878605899194	337878624112084	337878612249819
337878622019736	337878640795417	337878628330361
337878638918986	337878657478750	337878644981652
337878655069736	337878674162083	337878661172319
337878673098319	337878690845416	337878679126444

