16683333
0	0	0
0	0	0
0	0	0
0	0	0
0	0	0
0	0	0
0	0	0
0	0	0
0	0	0
0	0	0
0	0	0
0	0	0
0	0	0
0	0	0
0	0	0
0	0	0
0	0	0
0	0	0
0	0	0
0	0	0
0	0	0
0	0	0
0	0	0
0	0	0
0	0	0
0	0	0
0	0	0
0	0	0
0	0	0
0	0	0
0	0	0
0	0	0
0	0	0
0	0	0
0	0	0
0	0	0
0	0	0
0	0	0
0	0	0
0	0	0
0	0	0
0	0	0
0	0	0
0	0	0
0	0	0
0	0	0
0	0	0
0	0	0
0	0	0
0	0	0
0	0	0
0	0	0
0	0	0
0	0	0
0	0	0
0	0	0
0	0	0
0	0	0
0	0	0
0	0	0
0	0	0
0	0	0
0	0	0
0	0	0
0	0	0
0	0	0
0	0	0
0	0	0
0	0	0
0	0	0
0	0	0
0	0	0
0	0	0
0	0	0
0	0	0
0	0	0
0	0	0
0	0	0
0	0	0
0	0	0
0	0	0
0	0	0
0	0	0
0	0	0
0	0	0
0	0	0
0	0	0
0	0	0
0	0	0
0	0	0
0	0	0
0	0	0
0	0	0
0	0	0
0	0	0
0	0	0
0	0	0
0	0	0
0	0	0
0	0	0
0	0	0
0	0	0
0	0	0
0	0	0
0	0	0
0	0	0
0	0	0
0	0	0
0	0	0
0	0	0
0	0	0
0	0	0
0	0	0
0	0	0
0	0	0
0	0	0
0	0	0
0	0	0
0	0	0
0	0	0
0	0	0
0	0	0
0	0	0
0	0	0
0	0	0
0	0	0
0	0	0

===
16683333
0	0	0
0	0	0
0	0	0
0	0	0
0	0	0
0	0	0
0	0	0
0	0	0
0	0	0
0	0	0
0	0	0
0	0	0
0	0	0
0	0	0
0	0	0
0	0	0
0	0	0
0	0	0
0	0	0
0	0	0
0	0	0
0	0	0
0	0	0
0	0	0
0	0	0
0	0	0
0	0	0
0	0	0
0	0	0
0	0	0
0	0	0
0	0	0
0	0	0
0	0	0
0	0	0
0	0	0
0	0	0
0	0	0
0	0	0
0	0	0
0	0	0
0	0	0
0	0	0
0	0	0
0	0	0
0	0	0
0	0	0
0	0	0
0	0	0
0	0	0
0	0	0
0	0	0
0	0	0
0	0	0
0	0	0
0	0	0
0	0	0
0	0	0
0	0	0
0	0	0
0	0	0
0	0	0
0	0	0
0	0	0
0	0	0
0	0	0
0	0	0
0	0	0
0	0	0
0	0	0
0	0	0
0	0	0
0	0	0
0	0	0
0	0	0
0	0	0
0	0	0
0	0	0
0	0	0
0	0	0
0	0	0
0	0	0
0	0	0
0	0	0
0	0	0
0	0	0
0	0	0
0	0	0
0	0	0
0	0	0
0	0	0
0	0	0
0	0	0
0	0	0
0	0	0
0	0	0
0	0	0
0	0	0
0	0	0
0	0	0
0	0	0
0	0	0
0	0	0
337922473794090	337922484594541	337922486532381
337922493898340	337922501277874	337922509014673
337922514994631	337922517961207	337922530091798
337922527605381	337922534644540	337922545925298
337922553183465	337922568011206	337922568292340
337922557511090	337922584694539	337922583438090
337922589868423	337922601377872	337922600814256
337922606721048	337922618061205	337922613247548
337922619557840	337922634744538	337922626015382
337922635930757	337922651427871	337922642296548
337922653759173	337922668111204	337922660219090
337922670287465	337922684794537	337922676751090
337922686380132	337922701477870	337922692842257
337922704452215	337922718161203	337922710872048
337922721954007	337922734844536	337922728439923
337922737808215	337922751527869	337922744184423
337922755482548	337922768211202	337922761785465
337922772457590	337922784894535	337922778750048
337922788563632	337922801577868	337922794955840
337922806258548	337922818261201	337922812580465
337922822836340	337922834944534	337922829106923
337922839139798	337922851627867	337922845229882
337923538564757	337923569011186	337923557122465
337923563478007	337923585694519	337923588237132

===
16683333
0	0	0
0	0	0
0	0	0
0	0	0
0	0	0
0	0	0
0	0	0
0	0	0
0	0	0
0	0	0
0	0	0
0	0	0
0	0	0
0	0	0
0	0	0
0	0	0
0	0	0
0	0	0
0	0	0
0	0	0
0	0	0
0	0	0
0	0	0
0	0	0
0	0	0
0	0	0
0	0	0
0	0	0
0	0	0
337922473794090	337922484594541	337922486532381
337922493898340	337922501277874	337922509014673
337922514994631	337922517961207	337922530091798
337922527605381	337922534644540	337922545925298
337922553183465	337922568011206	337922568292340
337922557511090	337922584694539	337922583438090
337922589868423	337922601377872	337922600814256
337922606721048	337922618061205	337922613247548
337922619557840	337922634744538	337922626015382
337922635930757	337922651427871	337922642296548
337922653759173	337922668111204	337922660219090
337922670287465	337922684794537	337922676751090
337922686380132	337922701477870	337922692842257
337922704452215	337922718161203	337922710872048
337922721954007	337922734844536	337922728439923
337922737808215	337922751527869	337922744184423
337922755482548	337922768211202	337922761785465
337922772457590	337922784894535	337922778750048
337922788563632	337922801577868	337922794955840
337922806258548	337922818261201	337922812580465
337922822836340	337922834944534	337922829106923
337922839139798	337922851627867	337922845229882
337923538564757	337923569011186	337923557122465
337923563478007	337923585694519	337923588237132
337923585188840	337923619061185	337923615316840
337923598342715	337923652427851	337923641977340
337923634202757	337923669111184	337923669125090
337923662044424	337923685794517	337923680052424
337923679304174	337923702477850	337923688817174
337923695118215	337923719161183	337923703800132
337923711524132	337923735844516	337923720203132
337923728724590	337923752527849	337923737304590
337923745065674	337923769211182	337923753686174
337923768604549	337923785894515	337923774848049
337923781209549	337923802577848	337923787428465
337923797999632	337923819261181	337923804182924
337923813881840	337923835944514	337923820099965
337923831168215	337923852627847	337923837400840
337923848308007	337923869311180	337923854594340
337923865878882	337923885994513	337923872083924
337923881555382	337923902677846	337923887839174
337923899643382	337923919361179	337923905879174
337923916912882	337923936044512	337923923113840
337923933063757	337923952727845	337923939269674
337923948513507	337923969411178	337923954694090
337923965148090	337923986094511	337923971361299
337923982452424	337924002777844	337923988669174
337924000687799	337924019461177	337924006793465
337924017195174	337924036144510	337924023368882
337924033069174	337924052827843	337924039224299
337924049938007	337924069511176	337924056148549
337924066751966	337924086194509	337924072960424
337924084140174	337924102877842	337924090150882
337924100935882	337924119561175	337924107112257
337924117728382	337924136244508	337924123893466
337924133897174	337924152927841	337924140096382
337924149771174	337924169611174	337924156058091
337924166843757	337924186294507	337924173051966
337924184777841	337924202977840	337924191060174
337924201872091	337924219661173	337924208066882
337924218443049	337924236344506	337924224584132
337924234215924	337924253027839	337924240378424
337924250558757	337924269711172	337924256749674
337924268064716	337924286394505	337924274304799
337924287224549	337924303077838	337924293378632
337924300183716	337924319761171	337924306386299
337924316861716	337924336444504	337924323082591
337924333198716	337924353127837	337924339481091
337924350689966	337924369811170	337924356850049
337924372503174	337924386494503	337924378841466
337924391801132	337924403177836	337924398094632
337924405165382	337924419861169	337924413696132
337924417157882	337924436544502	337924424986924
337924434746799	337924453227835	337924441951299
337924451141299	337924469911168	337924457944424
337924468158882	337924486594501	337924474669966
337924484771174	337924503277834	337924491098049
337924501280924	337924519961167	337924507583966
337924518156466	337924536644500	337924524355382
337924534061507	337924553327833	337924540330049
337924551420674	337924570011166	337924557604882
337924567975257	337924586694499	337924574047216
337924584263924	337924603377832	337924590503799
337924601301882	337924620061165	337924607476674
337924618292507	337924636744498	337924624485924
337924634924424	337924653427831	337924641110341
337924652369591	337924670111164	337924658557257
337924669175799	337924686794497	337924675421841
337924685321799	337924703477830	337924691454591
337924702269174	337924720161163	337924708403757
337924718644633	337924736844496	337924724748383
337924735542508	337924753527829	337924741719216
337924753917758	337924770211162	337924760040174
337924771500633	337924786894495	337924777585508
337924789613049	337924803577828	337924795527674
337924805411383	337924820261161	337924811497216
337924821174424	337924836944494	337924827296174
337924838239966	337924853627827	337924844364758

===
16683333
337922686380132	337922701477870	337922692842257
337922704452215	337922718161203	337922710872048
337922721954007	337922734844536	337922728439923
337922737808215	337922751527869	337922744184423
337922755482548	337922768211202	337922761785465
337922772457590	337922784894535	337922778750048
337922788563632	337922801577868	337922794955840
337922806258548	337922818261201	337922812580465
337922822836340	337922834944534	337922829106923
337922839139798	337922851627867	337922845229882
337923538564757	337923569011186	337923557122465
337923563478007	337923585694519	337923588237132
337923585188840	337923619061185	337923615316840
337923598342715	337923652427851	337923641977340
337923634202757	337923669111184	337923669125090
337923662044424	337923685794517	337923680052424
337923679304174	337923702477850	337923688817174
337923695118215	337923719161183	337923703800132
337923711524132	337923735844516	337923720203132
337923728724590	337923752527849	337923737304590
337923745065674	337923769211182	337923753686174
337923768604549	337923785894515	337923774848049
337923781209549	337923802577848	337923787428465
337923797999632	337923819261181	337923804182924
337923813881840	337923835944514	337923820099965
337923831168215	337923852627847	337923837400840
337923848308007	337923869311180	337923854594340
337923865878882	337923885994513	337923872083924
337923881555382	337923902677846	337923887839174
337923899643382	337923919361179	337923905879174
337923916912882	337923936044512	337923923113840
337923933063757	337923952727845	337923939269674
337923948513507	337923969411178	337923954694090
337923965148090	337923986094511	337923971361299
337923982452424	337924002777844	337923988669174
337924000687799	337924019461177	337924006793465
337924017195174	337924036144510	337924023368882
337924033069174	337924052827843	337924039224299
337924049938007	337924069511176	337924056148549
337924066751966	337924086194509	337924072960424
337924084140174	337924102877842	337924090150882
337924100935882	337924119561175	337924107112257
337924117728382	337924136244508	337924123893466
337924133897174	337924152927841	337924140096382
337924149771174	337924169611174	337924156058091
337924166843757	337924186294507	337924173051966
337924184777841	337924202977840	337924191060174
337924201872091	337924219661173	337924208066882
337924218443049	337924236344506	337924224584132
337924234215924	337924253027839	337924240378424
337924250558757	337924269711172	337924256749674
337924268064716	337924286394505	337924274304799
337924287224549	337924303077838	337924293378632
337924300183716	337924319761171	337924306386299
337924316861716	337924336444504	337924323082591
337924333198716	337924353127837	337924339481091
337924350689966	337924369811170	337924356850049
337924372503174	337924386494503	337924378841466
337924391801132	337924403177836	337924398094632
337924405165382	337924419861169	337924413696132
337924417157882	337924436544502	337924424986924
337924434746799	337924453227835	337924441951299
337924451141299	337924469911168	337924457944424
337924468158882	337924486594501	337924474669966
337924484771174	337924503277834	337924491098049
337924501280924	337924519961167	337924507583966
337924518156466	337924536644500	337924524355382
337924534061507	337924553327833	337924540330049
337924551420674	337924570011166	337924557604882
337924567975257	337924586694499	337924574047216
337924584263924	337924603377832	337924590503799
337924601301882	337924620061165	337924607476674
337924618292507	337924636744498	337924624485924
337924634924424	337924653427831	337924641110341
337924652369591	337924670111164	337924658557257
337924669175799	337924686794497	337924675421841
337924685321799	337924703477830	337924691454591
337924702269174	337924720161163	337924708403757
337924718644633	337924736844496	337924724748383
337924735542508	337924753527829	337924741719216
337924753917758	337924770211162	337924760040174
337924771500633	337924786894495	337924777585508
337924789613049	337924803577828	337924795527674
337924805411383	337924820261161	337924811497216
337924821174424	337924836944494	337924827296174
337924838239966	337924853627827	337924844364758
337924855783341	337924870311160	337924861921841
337924870171508	337924886994493	337924876378883
337924887383716	337924903677826	337924893495508
337925471621008	337925504277814	337925490200716
337925478074925	337925520961147	337925515505966
337925510031008	337925537644480	337925532713383
337925526585675	337925554327813	337925541398633
337925544829800	337925571011146	337925553554716
337925559827800	337925587694479	337925568643925
337925576684675	337925604377812	337925585305591
337925593843300	337925621061145	337925602468758
337925610048466	337925637744478	337925618681008
337925627698175	337925654427811	337925636396466
337925643625425	337925671111144	337925652287008
337925660350841	337925687794477	337925668989675
337925677087966	337925704477810	337925685688091
337925696461341	337925721161143	337925705041966
337925713524258	337925737844476	337925719718550
337925730176091	337925754527809	337925736375466
337925747230091	337925771211142	337925753412841
337925763517008	337925787894475	337925769742508
337925781624091	337925804577808	337925787848800
337925797711633	337925821261141	337925803892008
337925814110300	337925837944474	337925820194800
337925831416925	337925854627807	337925837659716
337925847412091	337925871311140	337925853659841
337925865042591	337925887994473	337925871279966
337925883203175	337925904677806	337925889225258
337925898013800	337925921361139	337925904252425
337925915523050	337925938044472	337925921722841
337925932164050	337925954727805	337925938247883
337925948188258	337925971411138	337925954309300
337925964719508	337925988094471	337925970903091
337925981906383	337926004777804	337925988089966
337925999508050	337926021461137	337926005771216
337926016644591	337926038144470	337926022813925
337926032851383	337926054827803	337926039055008
337926049403550	337926071511136	337926055580216
337926065206050	337926088194469	337926071427008
337926082404675	337926104877802	337926088609091
337926100161133	337926121561135	337926106280383

===
16683333
337924149771174	337924169611174	337924156058091
337924166843757	337924186294507	337924173051966
337924184777841	337924202977840	337924191060174
337924201872091	337924219661173	337924208066882
337924218443049	337924236344506	337924224584132
337924234215924	337924253027839	337924240378424
337924250558757	337924269711172	337924256749674
337924268064716	337924286394505	337924274304799
337924287224549	337924303077838	337924293378632
337924300183716	337924319761171	337924306386299
337924316861716	337924336444504	337924323082591
337924333198716	337924353127837	337924339481091
337924350689966	337924369811170	337924356850049
337924372503174	337924386494503	337924378841466
337924391801132	337924403177836	337924398094632
337924405165382	337924419861169	337924413696132
337924417157882	337924436544502	337924424986924
337924434746799	337924453227835	337924441951299
337924451141299	337924469911168	337924457944424
337924468158882	337924486594501	337924474669966
337924484771174	337924503277834	337924491098049
337924501280924	337924519961167	337924507583966
337924518156466	337924536644500	337924524355382
337924534061507	337924553327833	337924540330049
337924551420674	337924570011166	337924557604882
337924567975257	337924586694499	337924574047216
337924584263924	337924603377832	337924590503799
337924601301882	337924620061165	337924607476674
337924618292507	337924636744498	337924624485924
337924634924424	337924653427831	337924641110341
337924652369591	337924670111164	337924658557257
337924669175799	337924686794497	337924675421841
337924685321799	337924703477830	337924691454591
337924702269174	337924720161163	337924708403757
337924718644633	337924736844496	337924724748383
337924735542508	337924753527829	337924741719216
337924753917758	337924770211162	337924760040174
337924771500633	337924786894495	337924777585508
337924789613049	337924803577828	337924795527674
337924805411383	337924820261161	337924811497216
337924821174424	337924836944494	337924827296174
337924838239966	337924853627827	337924844364758
337924855783341	337924870311160	337924861921841
337924870171508	337924886994493	337924876378883
337924887383716	337924903677826	337924893495508
337925471621008	337925504277814	337925490200716
337925478074925	337925520961147	337925515505966
337925510031008	337925537644480	337925532713383
337925526585675	337925554327813	337925541398633
337925544829800	337925571011146	337925553554716
337925559827800	337925587694479	337925568643925
337925576684675	337925604377812	337925585305591
337925593843300	337925621061145	337925602468758
337925610048466	337925637744478	337925618681008
337925627698175	337925654427811	337925636396466
337925643625425	337925671111144	337925652287008
337925660350841	337925687794477	337925668989675
337925677087966	337925704477810	337925685688091
337925696461341	337925721161143	337925705041966
337925713524258	337925737844476	337925719718550
337925730176091	337925754527809	337925736375466
337925747230091	337925771211142	337925753412841
337925763517008	337925787894475	337925769742508
337925781624091	337925804577808	337925787848800
337925797711633	337925821261141	337925803892008
337925814110300	337925837944474	337925820194800
337925831416925	337925854627807	337925837659716
337925847412091	337925871311140	337925853659841
337925865042591	337925887994473	337925871279966
337925883203175	337925904677806	337925889225258
337925898013800	337925921361139	337925904252425
337925915523050	337925938044472	337925921722841
337925932164050	337925954727805	337925938247883
337925948188258	337925971411138	337925954309300
337925964719508	337925988094471	337925970903091
337925981906383	337926004777804	337925988089966
337925999508050	337926021461137	337926005771216
337926016644591	337926038144470	337926022813925
337926032851383	337926054827803	337926039055008
337926049403550	337926071511136	337926055580216
337926065206050	337926088194469	337926071427008
337926082404675	337926104877802	337926088609091
337926100161133	337926121561135	337926106280383
337926114868633	337926138244468	337926121087967
337926132710842	337926154927801	337926138977258
337926148406967	337926171611134	337926154693758
337926164434592	337926188294467	337926170750383
337926181125050	337926204977800	337926187398675
337926199074258	337926221661133	337926205185592
337926215367675	337926238344466	337926221661175
337926233762883	337926255027799	337926240238175
337926249863758	337926271711132	337926258367800
337926265634592	337926288394465	337926273450675
337926281740717	337926305077798	337926288948467
337926298606592	337926321761131	337926305397217
337926315233508	337926338444464	337926321774300
337926331775550	337926355127797	337926338098800
337926348385342	337926371811130	337926354672383
337926365119008	337926388494463	337926371389883
337926381864842	337926405177796	337926388102050
337926398645133	337926421861129	337926404991967
337926415516800	337926438544462	337926421707800
337926432338425	337926455227795	337926438534758
337926449183008	337926471911128	337926455359342
337926466146467	337926488594461	337926472176842
337926482802883	337926505277794	337926488985133
337926499659800	337926521961127	337926505838008
337926519812092	337926538644460	337926525831508
337926535350133	337926555327793	337926541462592
337926552061300	337926572011126	337926558043300
337926569500050	337926588694459	337926575599008
337926587029300	337926605377792	337926592991842
337926603339675	337926622061125	337926609398008
337926618894883	337926638744458	337926624977842
337926635689300	337926655427791	337926641794050
337926653488675	337926672111124	337926659499050
337926670661592	337926688794457	337926676657425
337926687251967	337926705477790	337926693324925
337926703101175	337926722161123	337926709164800
337926719322342	337926738844456	337926725509925
337927203948259	337927222661113	337927222493925
337927210537092	337927239344446	337927247827675
337927240476759	337927272711112	337927273971925
337927256773800	337927289394445	337927299694425
337927290518259	337927322761111	337927325903842
337927307045634	337927339444444	337927341815175
337927340756300	337927356127777	337927350513092

===
16683333
337925915523050	337925938044472	337925921722841
337925932164050	337925954727805	337925938247883
337925948188258	337925971411138	337925954309300
337925964719508	337925988094471	337925970903091
337925981906383	337926004777804	337925988089966
337925999508050	337926021461137	337926005771216
337926016644591	337926038144470	337926022813925
337926032851383	337926054827803	337926039055008
337926049403550	337926071511136	337926055580216
337926065206050	337926088194469	337926071427008
337926082404675	337926104877802	337926088609091
337926100161133	337926121561135	337926106280383
337926114868633	337926138244468	337926121087967
337926132710842	337926154927801	337926138977258
337926148406967	337926171611134	337926154693758
337926164434592	337926188294467	337926170750383
337926181125050	337926204977800	337926187398675
337926199074258	337926221661133	337926205185592
337926215367675	337926238344466	337926221661175
337926233762883	337926255027799	337926240238175
337926249863758	337926271711132	337926258367800
337926265634592	337926288394465	337926273450675
337926281740717	337926305077798	337926288948467
337926298606592	337926321761131	337926305397217
337926315233508	337926338444464	337926321774300
337926331775550	337926355127797	337926338098800
337926348385342	337926371811130	337926354672383
337926365119008	337926388494463	337926371389883
337926381864842	337926405177796	337926388102050
337926398645133	337926421861129	337926404991967
337926415516800	337926438544462	337926421707800
337926432338425	337926455227795	337926438534758
337926449183008	337926471911128	337926455359342
337926466146467	337926488594461	337926472176842
337926482802883	337926505277794	337926488985133
337926499659800	337926521961127	337926505838008
337926519812092	337926538644460	337926525831508
337926535350133	337926555327793	337926541462592
337926552061300	337926572011126	337926558043300
337926569500050	337926588694459	337926575599008
337926587029300	337926605377792	337926592991842
337926603339675	337926622061125	337926609398008
337926618894883	337926638744458	337926624977842
337926635689300	337926655427791	337926641794050
337926653488675	337926672111124	337926659499050
337926670661592	337926688794457	337926676657425
337926687251967	337926705477790	337926693324925
337926703101175	337926722161123	337926709164800
337926719322342	337926738844456	337926725509925
337927203948259	337927222661113	337927222493925
337927210537092	337927239344446	337927247827675
337927240476759	337927272711112	337927273971925
337927256773800	337927289394445	337927299694425
337927290518259	337927322761111	337927325903842
337927307045634	337927339444444	337927341815175
337927340756300	337927356127777	337927350513092
337927357814175	337927372811110	337927366489259
337927377810050	337927389494443	337927386528467
337927391250300	337927406177776	337927399920509
337927407361592	337927422861109	337927416056175
337927424306300	337927439544442	337927432792550
337927443821967	337927456227775	337927452468425
337927460386425	337927472911108	337927466568050
337927477446925	337927489594441	337927483666467
337927495385092	337927506277774	337927501536759
337927510471551	337927522961107	337927516701217
337927528393051	337927539644440	337927534604551
337927543917801	337927556327773	337927550148342
337927561073592	337927573011106	337927567182342
337927578524301	337927589694439	337927584782967
337927596129634	337927606377772	337927602164842
337927612849967	337927623061105	337927618988134
337927625668259	337927639744438	337927631902551
337927644749092	337927656427771	337927650951176
337927661793509	337927673111104	337927668035342
337927679048801	337927689794437	337927685302717
337927696907592	337927706477770	337927702842426
337927712181426	337927739844436	337927718410092
337927729417884	337927756527769	337927735588884
337927747162467	337927773211102	337927753467009
337927763227842	337927789894435	337927769441842
337927780264842	337927806577768	337927786378676
337927797939884	337927823261101	337927804129217
337927813704467	337927839944434	337927819858717
337927829435634	337927856627767	337927835618967
337927846602926	337927873311100	337927852823092
337927865127509	337927889994433	337927871288634
337927879517926	337927906677766	337927885778467
337927895327884	337927923361099	337927901551551
337927911790926	337927940044432	337927918022259
337927928141009	337927956727765	337927934330092
337927944885217	337927973411098	337927951030426
337927961467926	337927990094431	337927967677092
337927978312592	337928006777764	337927984580592
337927995936426	337928023461097	337928002232009
337928013151301	337928040144430	337928019510676
337928029139259	337928056827763	337928035392676
337928046871551	337928073511096	337928055353176
337928062938176	337928090194429	337928070772467
337928079150426	337928106877762	337928086352176
337928095888217	337928123561095	337928102679717
337928112677467	337928140244428	337928119219342
337928129143842	337928156927761	337928135465676
337928145985634	337928173611094	337928152284134
337928162737384	337928190294427	337928169008092
337928179506676	337928206977760	337928185765676
337928196325426	337928223661093	337928202515176
337928213100468	337928240344426	337928219308259
337928229833593	337928257027759	337928236156759
337928248405176	337928273711092	337928254621759
337928265599384	337928290394425	337928271749426
337928282694426	337928307077758	337928288832926
337928298123884	337928323761091	337928304428676
337928316064343	337928340444424	337928322293426
337928333279509	337928357127757	337928339374301
337928350152759	337928373811090	337928356223968
337928366389843	337928390494423	337928372463468
337928382474968	337928407177756	337928388561968
337928399453176	337928423861089	337928405576093
337928416987509	337928440544422	337928423084759
337928434617968	337928457227755	337928440668801
337928451298426	337928473911088	337928457408093
337928466915801	337928490594421	337928472959509
337928483834259	337928507277754	337928489864968
337928501282051	337928523961087	337928507356384
337928518829843	337928540644420	337928524890593
337928535745218	337928557327753	337928541620426

===
16683333
337926603339675	337926622061125	337926609398008
337926618894883	337926638744458	337926624977842
337926635689300	337926655427791	337926641794050
337926653488675	337926672111124	337926659499050
337926670661592	337926688794457	337926676657425
337926687251967	337926705477790	337926693324925
337926703101175	337926722161123	337926709164800
337926719322342	337926738844456	337926725509925
337927203948259	337927222661113	337927222493925
337927210537092	337927239344446	337927247827675
337927240476759	337927272711112	337927273971925
337927256773800	337927289394445	337927299694425
337927290518259	337927322761111	337927325903842
337927307045634	337927339444444	337927341815175
337927340756300	337927356127777	337927350513092
337927357814175	337927372811110	337927366489259
337927377810050	337927389494443	337927386528467
337927391250300	337927406177776	337927399920509
337927407361592	337927422861109	337927416056175
337927424306300	337927439544442	337927432792550
337927443821967	337927456227775	337927452468425
337927460386425	337927472911108	337927466568050
337927477446925	337927489594441	337927483666467
337927495385092	337927506277774	337927501536759
337927510471551	337927522961107	337927516701217
337927528393051	337927539644440	337927534604551
337927543917801	337927556327773	337927550148342
337927561073592	337927573011106	337927567182342
337927578524301	337927589694439	337927584782967
337927596129634	337927606377772	337927602164842
337927612849967	337927623061105	337927618988134
337927625668259	337927639744438	337927631902551
337927644749092	337927656427771	337927650951176
337927661793509	337927673111104	337927668035342
337927679048801	337927689794437	337927685302717
337927696907592	337927706477770	337927702842426
337927712181426	337927739844436	337927718410092
337927729417884	337927756527769	337927735588884
337927747162467	337927773211102	337927753467009
337927763227842	337927789894435	337927769441842
337927780264842	337927806577768	337927786378676
337927797939884	337927823261101	337927804129217
337927813704467	337927839944434	337927819858717
337927829435634	337927856627767	337927835618967
337927846602926	337927873311100	337927852823092
337927865127509	337927889994433	337927871288634
337927879517926	337927906677766	337927885778467
337927895327884	337927923361099	337927901551551
337927911790926	337927940044432	337927918022259
337927928141009	337927956727765	337927934330092
337927944885217	337927973411098	337927951030426
337927961467926	337927990094431	337927967677092
337927978312592	337928006777764	337927984580592
337927995936426	337928023461097	337928002232009
337928013151301	337928040144430	337928019510676
337928029139259	337928056827763	337928035392676
337928046871551	337928073511096	337928055353176
337928062938176	337928090194429	337928070772467
337928079150426	337928106877762	337928086352176
337928095888217	337928123561095	337928102679717
337928112677467	337928140244428	337928119219342
337928129143842	337928156927761	337928135465676
337928145985634	337928173611094	337928152284134
337928162737384	337928190294427	337928169008092
337928179506676	337928206977760	337928185765676
337928196325426	337928223661093	337928202515176
337928213100468	337928240344426	337928219308259
337928229833593	337928257027759	337928236156759
337928248405176	337928273711092	337928254621759
337928265599384	337928290394425	337928271749426
337928282694426	337928307077758	337928288832926
337928298123884	337928323761091	337928304428676
337928316064343	337928340444424	337928322293426
337928333279509	337928357127757	337928339374301
337928350152759	337928373811090	337928356223968
337928366389843	337928390494423	337928372463468
337928382474968	337928407177756	337928388561968
337928399453176	337928423861089	337928405576093
337928416987509	337928440544422	337928423084759
337928434617968	337928457227755	337928440668801
337928451298426	337928473911088	337928457408093
337928466915801	337928490594421	337928472959509
337928483834259	337928507277754	337928489864968
337928501282051	337928523961087	337928507356384
337928518829843	337928540644420	337928524890593
337928535745218	337928557327753	337928541620426
337929151876385	337929174611074	337929170429010
337929159229760	337929191294407	337929195742843
337929189840551	337929207977740	337929204874468
337929205745843	337929224661073	337929214302176
337929222603093	337929241344406	337929231348968
337929239057593	337929258027739	337929247881885
337929255461926	337929274711072	337929264059885
337929272539135	337929291394405	337929281115176
337929289243676	337929308077738	337929297889718
337929306385926	337929324761071	337929315057468
337929322935635	337929341444404	337929331627676
337929339778135	337929358127737	337929348447885
337929356602010	337929374811070	337929365131176
337929376522801	337929391494403	337929384979926
337929392697801	337929408177736	337929398650718
337929410223010	337929424861069	337929416419635
337929426449343	337929441544402	337929432716551
337929443812426	337929458227735	337929449978801
337929459986301	337929474911068	337929466215510
337929478495510	337929491594401	337929484722176
337929493427676	337929508277734	337929499556135
337929511354760	337929524961067	337929517601926
337929528191301	337929541644400	337929534368343
337929543927176	337929558327733	337929550138426
337929561908593	337929575011066	337929568042968
337929578675135	337929591694399	337929584802551
337929594229718	337929608377732	337929600336593
337929612628802	337929625061065	337929618829718
337929629213760	337929641744398	337929635338177
337929644945052	337929658427731	337929651037885
337929662725177	337929675111064	337929668762843
337929679103135	337929691794397	337929685259260
337929693907177	337929708477730	337929700103927
337929713163802	337929725161063	337929719330260
337929729356510	337929741844396	337929735531510
337929745225260	337929758527729	337929751370552
337929762306260	337929775211062	337929768522802
337929779521177	337929791894395	337929785799260
337929796412427	337929808577728	337929802601843
337929813169135	337929825261061	337929819373718
337929829682802	337929841944394	337929835836010

===
16683333
337927879517926	337927906677766	337927885778467
337927895327884	337927923361099	337927901551551
337927911790926	337927940044432	337927918022259
337927928141009	337927956727765	337927934330092
337927944885217	337927973411098	337927951030426
337927961467926	337927990094431	337927967677092
337927978312592	337928006777764	337927984580592
337927995936426	337928023461097	337928002232009
337928013151301	337928040144430	337928019510676
337928029139259	337928056827763	337928035392676
337928046871551	337928073511096	337928055353176
337928062938176	337928090194429	337928070772467
337928079150426	337928106877762	337928086352176
337928095888217	337928123561095	337928102679717
337928112677467	337928140244428	337928119219342
337928129143842	337928156927761	337928135465676
337928145985634	337928173611094	337928152284134
337928162737384	337928190294427	337928169008092
337928179506676	337928206977760	337928185765676
337928196325426	337928223661093	337928202515176
337928213100468	337928240344426	337928219308259
337928229833593	337928257027759	337928236156759
337928248405176	337928273711092	337928254621759
337928265599384	337928290394425	337928271749426
337928282694426	337928307077758	337928288832926
337928298123884	337928323761091	337928304428676
337928316064343	337928340444424	337928322293426
337928333279509	337928357127757	337928339374301
337928350152759	337928373811090	337928356223968
337928366389843	337928390494423	337928372463468
337928382474968	337928407177756	337928388561968
337928399453176	337928423861089	337928405576093
337928416987509	337928440544422	337928423084759
337928434617968	337928457227755	337928440668801
337928451298426	337928473911088	337928457408093
337928466915801	337928490594421	337928472959509
337928483834259	337928507277754	337928489864968
337928501282051	337928523961087	337928507356384
337928518829843	337928540644420	337928524890593
337928535745218	337928557327753	337928541620426
337929151876385	337929174611074	337929170429010
337929159229760	337929191294407	337929195742843
337929189840551	337929207977740	337929204874468
337929205745843	337929224661073	337929214302176
337929222603093	337929241344406	337929231348968
337929239057593	337929258027739	337929247881885
337929255461926	337929274711072	337929264059885
337929272539135	337929291394405	337929281115176
337929289243676	337929308077738	337929297889718
337929306385926	337929324761071	337929315057468
337929322935635	337929341444404	337929331627676
337929339778135	337929358127737	337929348447885
337929356602010	337929374811070	337929365131176
337929376522801	337929391494403	337929384979926
337929392697801	337929408177736	337929398650718
337929410223010	337929424861069	337929416419635
337929426449343	337929441544402	337929432716551
337929443812426	337929458227735	337929449978801
337929459986301	337929474911068	337929466215510
337929478495510	337929491594401	337929484722176
337929493427676	337929508277734	337929499556135
337929511354760	337929524961067	337929517601926
337929528191301	337929541644400	337929534368343
337929543927176	337929558327733	337929550138426
337929561908593	337929575011066	337929568042968
337929578675135	337929591694399	337929584802551
337929594229718	337929608377732	337929600336593
337929612628802	337929625061065	337929618829718
337929629213760	337929641744398	337929635338177
337929644945052	337929658427731	337929651037885
337929662725177	337929675111064	337929668762843
337929679103135	337929691794397	337929685259260
337929693907177	337929708477730	337929700103927
337929713163802	337929725161063	337929719330260
337929729356510	337929741844396	337929735531510
337929745225260	337929758527729	337929751370552
337929762306260	337929775211062	337929768522802
337929779521177	337929791894395	337929785799260
337929796412427	337929808577728	337929802601843
337929813169135	337929825261061	337929819373718
337929829682802	337929841944394	337929835836010
337929847191593	337929858627727	337929853153010
337929862385843	337929875311060	337929868614552
337929879270468	337929891994393	337929885528968
337929895624843	337929908677726	337929901861635
337929911684343	337929925361059	337929918140552
337929929341052	337929942044392	337929935639135
337929946556552	337929958727725	337929953020385
337929962371593	337929975411058	337929970896302
337929978201885	337929992094391	337929986033302
337929994747885	337930008777724	337930002018718
337930011537218	337930025461057	337930018352885
337930028178010	337930042144390	337930034744010
337930044708677	337930058827723	337930050994010
337930061432885	337930075511056	337930067738552
337930078182968	337930092194389	337930084452843
337930095007802	337930108877722	337930101173135
337930111720802	337930125561055	337930117914052
337930128523677	337930142244388	337930134708635
337930145281802	337930158927721	337930151458635
337930162131177	337930175611054	337930168303260
337930178904010	337930208977720	337930185073968
337930195789593	337930225661053	337930201897552
337930212897510	337930242344386	337930219003260
337930231521927	337930259027719	337930237680760
337930247857760	337930275711052	337930254059927
337930265554052	337930292394385	337930271641343
337930281176968	337930309077718	337930287283677
337930299000260	337930325761051	337930305013510
337930316145219	337930342444384	337930322156885
337930333017177	337930359127717	337930339080969
337930349537510	337930375811050	337930355597177
337930365799052	337930392494383	337930371729052
337930382560469	337930409177716	337930388573302
337930399327802	337930425861049	337930405434594
337930417047177	337930442544382	337930423190094
337930434210344	337930459227715	337930440163010
337930879873260	337930909677706	337930898288677
337930888266677	337930926361039	337930922627552
337930920844885	337930959727705	337930947394719
337930937357219	337930976411038	337930973653469
337930970366344	337931009777704	337930999523427
337930987181885	337931026461037	337931022133636
337931020456886	337931043144370	337931030831011
337931036733011	337931059827703	337931045381427
337931053873511	337931076511036	337931062532094
337931070869594	337931093194369	337931079510594

===
16683333
337929561908593	337929575011066	337929568042968
337929578675135	337929591694399	337929584802551
337929594229718	337929608377732	337929600336593
337929612628802	337929625061065	337929618829718
337929629213760	337929641744398	337929635338177
337929644945052	337929658427731	337929651037885
337929662725177	337929675111064	337929668762843
337929679103135	337929691794397	337929685259260
337929693907177	337929708477730	337929700103927
337929713163802	337929725161063	337929719330260
337929729356510	337929741844396	337929735531510
337929745225260	337929758527729	337929751370552
337929762306260	337929775211062	337929768522802
337929779521177	337929791894395	337929785799260
337929796412427	337929808577728	337929802601843
337929813169135	337929825261061	337929819373718
337929829682802	337929841944394	337929835836010
337929847191593	337929858627727	337929853153010
337929862385843	337929875311060	337929868614552
337929879270468	337929891994393	337929885528968
337929895624843	337929908677726	337929901861635
337929911684343	337929925361059	337929918140552
337929929341052	337929942044392	337929935639135
337929946556552	337929958727725	337929953020385
337929962371593	337929975411058	337929970896302
337929978201885	337929992094391	337929986033302
337929994747885	337930008777724	337930002018718
337930011537218	337930025461057	337930018352885
337930028178010	337930042144390	337930034744010
337930044708677	337930058827723	337930050994010
337930061432885	337930075511056	337930067738552
337930078182968	337930092194389	337930084452843
337930095007802	337930108877722	337930101173135
337930111720802	337930125561055	337930117914052
337930128523677	337930142244388	337930134708635
337930145281802	337930158927721	337930151458635
337930162131177	337930175611054	337930168303260
337930178904010	337930208977720	337930185073968
337930195789593	337930225661053	337930201897552
337930212897510	337930242344386	337930219003260
337930231521927	337930259027719	337930237680760
337930247857760	337930275711052	337930254059927
337930265554052	337930292394385	337930271641343
337930281176968	337930309077718	337930287283677
337930299000260	337930325761051	337930305013510
337930316145219	337930342444384	337930322156885
337930333017177	337930359127717	337930339080969
337930349537510	337930375811050	337930355597177
337930365799052	337930392494383	337930371729052
337930382560469	337930409177716	337930388573302
337930399327802	337930425861049	337930405434594
337930417047177	337930442544382	337930423190094
337930434210344	337930459227715	337930440163010
337930879873260	337930909677706	337930898288677
337930888266677	337930926361039	337930922627552
337930920844885	337930959727705	337930947394719
337930937357219	337930976411038	337930973653469
337930970366344	337931009777704	337930999523427
337930987181885	337931026461037	337931022133636
337931020456886	337931043144370	337931030831011
337931036733011	337931059827703	337931045381427
337931053873511	337931076511036	337931062532094
337931070869594	337931093194369	337931079510594
337931087213094	337931109877702	337931095917886
337931103915677	337931126561035	337931112501052
337931121603011	337931143244368	337931130310052
337931138147386	337931159927701	337931144392802
337931154927969	337931176611034	337931161167094
337931172668386	337931193294367	337931178854219
337931190315719	337931209977700	337931196584344
337931207064594	337931226661033	337931213282219
337931224632011	337931243344366	337931230808927
337931241087886	337931260027699	337931247358219
337931257384427	337931276711032	337931263496636
337931275781219	337931293394365	337931281976177
337931290910136	337931310077698	337931297113177
337931307655469	337931326761031	337931313865594
337931324955552	337931343444364	337931331188886
337931341834969	337931360127697	337931348169969
337931359873844	337931376811030	337931365958844
337931374841427	337931393494363	337931381009511
337931391450386	337931410177696	337931397611719
337931408551844	337931426861029	337931414750511
337931423900386	337931443544362	337931429997302
337931443567136	337931460227695	337931449765136
337931459077761	337931476911028	337931465286761
337931475953719	337931493594361	337931482158052
337931492824636	337931510277694	337931499091802
337931510763261	337931526961027	337931517018636
337931525159261	337931543644360	337931530004927
337931549771552	337931560327693	337931554563719
337931563888844	337931577011026	337931568857094
337931578002511	337931593694359	337931583306302
337931593206594	337931610377692	337931599477636
337931608295636	337931627061025	337931614572719
337931626701594	337931643744358	337931633011594
337931645246927	337931660427691	337931651591386
337931662594927	337931677111024	337931669123552
337931676744386	337931693794357	337931685556427
337931691960261	337931710477690	337931700030136
337931708882678	337931727161023	337931716323886
337931725762969	337931743844356	337931732733719
337931742745553	337931760527689	337931749513678
337931759425428	337931777211022	337931765933928
337931776158219	337931793894355	337931782549344
337931792228886	337931810577688	337931798571636
337931808656969	337931827261021	337931815024678
337931825362136	337931843944354	337931831730178
337931842362011	337931860627687	337931848499844
337931858983969	337931877311020	337931865122969
337931875725178	337931893994353	337931881818178
337931892680761	337931910677686	337931898792428
337931909526469	337931927361019	337931915613928
337931926669094	337931944044352	337931932765011
337931946043386	337931960727685	337931952072094
337931961875469	337931977411018	337931967885261
337931978889511	337931994094351	337931984953428
337931996428178	337932010777684	337932002470094
337932012550219	337932027461017	337932018586553
337932028735178	337932044144350	337932034741719
337932046867136	337932060827683	337932052833094
337932062695428	337932077511016	337932068688011
337932079048094	337932094194349	337932085184678
337932096273928	337932110877682	337932102264011
337932113429219	337932127561015	337932119540844
337932131104636	337932144244348	337932137122969
337932147553844	337932160927681	337932153561553

===
16683333
337929561908593	337929575011066	337929568042968
337929578675135	337929591694399	337929584802551
337929594229718	337929608377732	337929600336593
337929612628802	337929625061065	337929618829718
337929629213760	337929641744398	337929635338177
337929644945052	337929658427731	337929651037885
337929662725177	337929675111064	337929668762843
337929679103135	337929691794397	337929685259260
337929693907177	337929708477730	337929700103927
337929713163802	337929725161063	337929719330260
337929729356510	337929741844396	337929735531510
337929745225260	337929758527729	337929751370552
337929762306260	337929775211062	337929768522802
337929779521177	337929791894395	337929785799260
337929796412427	337929808577728	337929802601843
337929813169135	337929825261061	337929819373718
337929829682802	337929841944394	337929835836010
337929847191593	337929858627727	337929853153010
337929862385843	337929875311060	337929868614552
337929879270468	337929891994393	337929885528968
337929895624843	337929908677726	337929901861635
337929911684343	337929925361059	337929918140552
337929929341052	337929942044392	337929935639135
337929946556552	337929958727725	337929953020385
337929962371593	337929975411058	337929970896302
337929978201885	337929992094391	337929986033302
337929994747885	337930008777724	337930002018718
337930011537218	337930025461057	337930018352885
337930028178010	337930042144390	337930034744010
337930044708677	337930058827723	337930050994010
337930061432885	337930075511056	337930067738552
337930078182968	337930092194389	337930084452843
337930095007802	337930108877722	337930101173135
337930111720802	337930125561055	337930117914052
337930128523677	337930142244388	337930134708635
337930145281802	337930158927721	337930151458635
337930162131177	337930175611054	337930168303260
337930178904010	337930208977720	337930185073968
337930195789593	337930225661053	337930201897552
337930212897510	337930242344386	337930219003260
337930231521927	337930259027719	337930237680760
337930247857760	337930275711052	337930254059927
337930265554052	337930292394385	337930271641343
337930281176968	337930309077718	337930287283677
337930299000260	337930325761051	337930305013510
337930316145219	337930342444384	337930322156885
337930333017177	337930359127717	337930339080969
337930349537510	337930375811050	337930355597177
337930365799052	337930392494383	337930371729052
337930382560469	337930409177716	337930388573302
337930399327802	337930425861049	337930405434594
337930417047177	337930442544382	337930423190094
337930434210344	337930459227715	337930440163010
337930879873260	337930909677706	337930898288677
337930888266677	337930926361039	337930922627552
337930920844885	337930959727705	337930947394719
337930937357219	337930976411038	337930973653469
337930970366344	337931009777704	337930999523427
337930987181885	337931026461037	337931022133636
337931020456886	337931043144370	337931030831011
337931036733011	337931059827703	337931045381427
337931053873511	337931076511036	337931062532094
337931070869594	337931093194369	337931079510594
337931087213094	337931109877702	337931095917886
337931103915677	337931126561035	337931112501052
337931121603011	337931143244368	337931130310052
337931138147386	337931159927701	337931144392802
337931154927969	337931176611034	337931161167094
337931172668386	337931193294367	337931178854219
337931190315719	337931209977700	337931196584344
337931207064594	337931226661033	337931213282219
337931224632011	337931243344366	337931230808927
337931241087886	337931260027699	337931247358219
337931257384427	337931276711032	337931263496636
337931275781219	337931293394365	337931281976177
337931290910136	337931310077698	337931297113177
337931307655469	337931326761031	337931313865594
337931324955552	337931343444364	337931331188886
337931341834969	337931360127697	337931348169969
337931359873844	337931376811030	337931365958844
337931374841427	337931393494363	337931381009511
337931391450386	337931410177696	337931397611719
337931408551844	337931426861029	337931414750511
337931423900386	337931443544362	337931429997302
337931443567136	337931460227695	337931449765136
337931459077761	337931476911028	337931465286761
337931475953719	337931493594361	337931482158052
337931492824636	337931510277694	337931499091802
337931510763261	337931526961027	337931517018636
337931525159261	337931543644360	337931530004927
337931549771552	337931560327693	337931554563719
337931563888844	337931577011026	337931568857094
337931578002511	337931593694359	337931583306302
337931593206594	337931610377692	337931599477636
337931608295636	337931627061025	337931614572719
337931626701594	337931643744358	337931633011594
337931645246927	337931660427691	337931651591386
337931662594927	337931677111024	337931669123552
337931676744386	337931693794357	337931685556427
337931691960261	337931710477690	337931700030136
337931708882678	337931727161023	337931716323886
337931725762969	337931743844356	337931732733719
337931742745553	337931760527689	337931749513678
337931759425428	337931777211022	337931765933928
337931776158219	337931793894355	337931782549344
337931792228886	337931810577688	337931798571636
337931808656969	337931827261021	337931815024678
337931825362136	337931843944354	337931831730178
337931842362011	337931860627687	337931848499844
337931858983969	337931877311020	337931865122969
337931875725178	337931893994353	337931881818178
337931892680761	337931910677686	337931898792428
337931909526469	337931927361019	337931915613928
337931926669094	337931944044352	337931932765011
337931946043386	337931960727685	337931952072094
337931961875469	337931977411018	337931967885261
337931978889511	337931994094351	337931984953428
337931996428178	337932010777684	337932002470094
337932012550219	337932027461017	337932018586553
337932028735178	337932044144350	337932034741719
337932046867136	337932060827683	337932052833094
337932062695428	337932077511016	337932068688011
337932079048094	337932094194349	337932085184678
337932096273928	337932110877682	337932102264011
337932113429219	337932127561015	337932119540844
337932131104636	337932144244348	337932137122969
337932147553844	337932160927681	337932153561553

