16683333
0	0	0
0	0	0
0	0	0
0	0	0
0	0	0
0	0	0
0	0	0
0	0	0
0	0	0
0	0	0
0	0	0
0	0	0
0	0	0
0	0	0
0	0	0
0	0	0
0	0	0
0	0	0
0	0	0
0	0	0
0	0	0
0	0	0
0	0	0
0	0	0
0	0	0
0	0	0
0	0	0
0	0	0
0	0	0
0	0	0
0	0	0
0	0	0
0	0	0
0	0	0
0	0	0
0	0	0
0	0	0
0	0	0
0	0	0
0	0	0
0	0	0
0	0	0
0	0	0
0	0	0
0	0	0
0	0	0
0	0	0
0	0	0
0	0	0
0	0	0
0	0	0
0	0	0
0	0	0
0	0	0
0	0	0
0	0	0
0	0	0
0	0	0
0	0	0
0	0	0
0	0	0
0	0	0
0	0	0
0	0	0
0	0	0
0	0	0
0	0	0
0	0	0
0	0	0
0	0	0
0	0	0
0	0	0
0	0	0
0	0	0
0	0	0
0	0	0
0	0	0
0	0	0
0	0	0
0	0	0
0	0	0
0	0	0
0	0	0
0	0	0
0	0	0
0	0	0
0	0	0
0	0	0
0	0	0
0	0	0
0	0	0
0	0	0
0	0	0
0	0	0
0	0	0
0	0	0
0	0	0
0	0	0
0	0	0
0	0	0
0	0	0
0	0	0
0	0	0
0	0	0
0	0	0
0	0	0
0	0	0
0	0	0
0	0	0
0	0	0
0	0	0
0	0	0
0	0	0
0	0	0
0	0	0
0	0	0
0	0	0
0	0	0
0	0	0
0	0	0
0	0	0
0	0	0
0	0	0
0	0	0
0	0	0
0	0	0
0	0	0

===
16683333
0	0	0
0	0	0
0	0	0
0	0	0
0	0	0
0	0	0
0	0	0
0	0	0
0	0	0
0	0	0
0	0	0
0	0	0
0	0	0
0	0	0
0	0	0
0	0	0
0	0	0
0	0	0
0	0	0
0	0	0
0	0	0
0	0	0
0	0	0
0	0	0
0	0	0
0	0	0
0	0	0
0	0	0
0	0	0
0	0	0
0	0	0
0	0	0
0	0	0
0	0	0
0	0	0
0	0	0
0	0	0
0	0	0
0	0	0
0	0	0
0	0	0
0	0	0
0	0	0
0	0	0
0	0	0
0	0	0
0	0	0
0	0	0
0	0	0
0	0	0
0	0	0
0	0	0
0	0	0
0	0	0
0	0	0
0	0	0
0	0	0
0	0	0
0	0	0
0	0	0
0	0	0
0	0	0
0	0	0
0	0	0
0	0	0
0	0	0
0	0	0
0	0	0
0	0	0
0	0	0
0	0	0
0	0	0
0	0	0
0	0	0
0	0	0
0	0	0
0	0	0
0	0	0
0	0	0
0	0	0
0	0	0
0	0	0
0	0	0
0	0	0
0	0	0
0	0	0
0	0	0
0	0	0
0	0	0
0	0	0
0	0	0
0	0	0
0	0	0
0	0	0
0	0	0
0	0	0
0	0	0
0	0	0
0	0	0
0	0	0
338640968826849	338640989806125	338640981415766
338640990430057	338641006489458	338641005562391
338641016617599	338641039856124	338641031770516
338641029573182	338641056539457	338641047587724
338641058837891	338641073222790	338641073864349
338641075009266	338641089906123	338641095447682
338641086594849	338641106589456	338641114744807
338641105724974	338641123272789	338641130338099
338641120049516	338641139956122	338641136850057
338641137051474	338641156639455	338641143525891
338641154301224	338641173322788	338641160605307
338641170539807	338641190006121	338641176968932
338641187927807	338641206689454	338641194374224
338641206239349	338641223372787	338641212489224
338641221415599	338641240056120	338641227877724
338641238883474	338641256739453	338641245270349
338641256698808	338641273422786	338641262981849
338641272939224	338641290106119	338641279129933
338641289789766	338641306789452	338641296098016
338641306150808	338641323472785	338641312222058
338641891538516	338641907389440	338641910013558
338641911384474	338641924072773	338641936585183
338641933346599	338641957439439	338641962773433
338641947199391	338641974122772	338641985843100
338641981194891	338641990806105	338641994833183
338641996038683	338642007489438	338642004874141
338642013271058	338642024172771	338642021869433

===
16683333
0	0	0
0	0	0
0	0	0
0	0	0
0	0	0
0	0	0
0	0	0
0	0	0
0	0	0
0	0	0
0	0	0
0	0	0
0	0	0
0	0	0
0	0	0
0	0	0
0	0	0
0	0	0
0	0	0
0	0	0
0	0	0
0	0	0
0	0	0
0	0	0
0	0	0
0	0	0
338640968826849	338640989806125	338640981415766
338640990430057	338641006489458	338641005562391
338641016617599	338641039856124	338641031770516
338641029573182	338641056539457	338641047587724
338641058837891	338641073222790	338641073864349
338641075009266	338641089906123	338641095447682
338641086594849	338641106589456	338641114744807
338641105724974	338641123272789	338641130338099
338641120049516	338641139956122	338641136850057
338641137051474	338641156639455	338641143525891
338641154301224	338641173322788	338641160605307
338641170539807	338641190006121	338641176968932
338641187927807	338641206689454	338641194374224
338641206239349	338641223372787	338641212489224
338641221415599	338641240056120	338641227877724
338641238883474	338641256739453	338641245270349
338641256698808	338641273422786	338641262981849
338641272939224	338641290106119	338641279129933
338641289789766	338641306789452	338641296098016
338641306150808	338641323472785	338641312222058
338641891538516	338641907389440	338641910013558
338641911384474	338641924072773	338641936585183
338641933346599	338641957439439	338641962773433
338641947199391	338641974122772	338641985843100
338641981194891	338641990806105	338641994833183
338641996038683	338642007489438	338642004874141
338642013271058	338642024172771	338642021869433
338642029028891	338642040856104	338642037685516
338642046303975	338642057539437	338642054984683
338642061902558	338642074222770	338642070616475
338642078030391	338642107589436	338642086713891
338642096667516	338642124272769	338642105232016
338642114846933	338642140956102	338642123393225
338642134668516	338642157639435	338642140820766
338642147636433	338642174322768	338642153821225
338642164159100	338642191006101	338642170354891
338642180694933	338642207689434	338642186865808
338642198148641	338642224372767	338642204388766
338642215482891	338642241056100	338642221571058
338642232613266	338642257739433	338642238798975
338642249576391	338642274422766	338642255730725
338642265820475	338642291106099	338642271973308
338642281751266	338642307789432	338642287930141
338642298572100	338642324472765	338642304894933
338642316225183	338642341156098	338642322319183
338642333599558	338642357839431	338642339719308
338642349038683	338642374522764	338642355246433
338642367261100	338642391206097	338642373457308
338642384062016	338642407889430	338642390185600
338642400327725	338642424572763	338642406554141
338642415771683	338642441256096	338642421934058
338642432840266	338642457939429	338642439040725
338642450108558	338642474622762	338642456291641
338642468341433	338642491306095	338642474538891
338642484446141	338642507989428	338642490592308
338642500257725	338642524672761	338642506357475
338642516977266	338642541356094	338642523173433
338642533802683	338642558039427	338642540000391
338642551781308	338642574722760	338642557937391
338642568864183	338642591406093	338642575078725
338642585311391	338642608089426	338642591463641
338642601357808	338642624772759	338642607248433
338642618718100	338642641456092	338642624963683
338642633236975	338642658139425	338642639526683
338642651337808	338642674822758	338642657533933
338642666347850	338642691506091	338642672592975
338642685688100	338642708189424	338642691966850
338642712105475	338642724872757	338642718863850
338642719296142	338642741556090	338642726014142
338642734778267	338642758239423	338642741454933
338642751466808	338642774922756	338642758140517
338642768563600	338642791606089	338642775191558
338642785138058	338642808289422	338642791834475
338642801753392	338642824972755	338642808461933
338642818628725	338642841656088	338642825343350
338642835017600	338642858339421	338642841339183
338642852227475	338642875022754	338642858503475
338642867875100	338642891706087	338642874152433
338642884172767	338642908389420	338642890421975
338642900985017	338642925072753	338642907264100
338642917782267	338642941756086	338642924072392
338642934611725	338642958439419	338642940896225
338642951351100	338642975122752	338642957638850
338642968324183	338642991806085	338642974596433
338642985009058	338643008489418	338642991316017
338643004544100	338643025172751	338643010780475
338643022633767	338643041856084	338643028896600
338643038157350	338643058539417	338643044391017
338643055301058	338643075222750	338643061486892
338643072914850	338643091906083	338643079134350
338643090581183	338643108589416	338643096792433
338643106794850	338643125272749	338643112929433
338643123728850	338643141956082	338643130066183
338643139364600	338643158639415	338643145603600
338643156300475	338643175322748	338643162545225
338643173885392	338643192006081	338643180135308
338643190195225	338643208689414	338643196440058
338643206492933	338643225372747	338643212700600
338643224711933	338643242056080	338643230400267
338643239430058	338643258739413	338643245706267
338643255571225	338643275422746	338643261897808

===
16683333
0	0	0
0	0	0
0	0	0
0	0	0
0	0	0
0	0	0
0	0	0
0	0	0
0	0	0
0	0	0
338640968826849	338640989806125	338640981415766
338640990430057	338641006489458	338641005562391
338641016617599	338641039856124	338641031770516
338641029573182	338641056539457	338641047587724
338641058837891	338641073222790	338641073864349
338641075009266	338641089906123	338641095447682
338641086594849	338641106589456	338641114744807
338641105724974	338641123272789	338641130338099
338641120049516	338641139956122	338641136850057
338641137051474	338641156639455	338641143525891
338641154301224	338641173322788	338641160605307
338641170539807	338641190006121	338641176968932
338641187927807	338641206689454	338641194374224
338641206239349	338641223372787	338641212489224
338641221415599	338641240056120	338641227877724
338641238883474	338641256739453	338641245270349
338641256698808	338641273422786	338641262981849
338641272939224	338641290106119	338641279129933
338641289789766	338641306789452	338641296098016
338641306150808	338641323472785	338641312222058
338641891538516	338641907389440	338641910013558
338641911384474	338641924072773	338641936585183
338641933346599	338641957439439	338641962773433
338641947199391	338641974122772	338641985843100
338641981194891	338641990806105	338641994833183
338641996038683	338642007489438	338642004874141
338642013271058	338642024172771	338642021869433
338642029028891	338642040856104	338642037685516
338642046303975	338642057539437	338642054984683
338642061902558	338642074222770	338642070616475
338642078030391	338642107589436	338642086713891
338642096667516	338642124272769	338642105232016
338642114846933	338642140956102	338642123393225
338642134668516	338642157639435	338642140820766
338642147636433	338642174322768	338642153821225
338642164159100	338642191006101	338642170354891
338642180694933	338642207689434	338642186865808
338642198148641	338642224372767	338642204388766
338642215482891	338642241056100	338642221571058
338642232613266	338642257739433	338642238798975
338642249576391	338642274422766	338642255730725
338642265820475	338642291106099	338642271973308
338642281751266	338642307789432	338642287930141
338642298572100	338642324472765	338642304894933
338642316225183	338642341156098	338642322319183
338642333599558	338642357839431	338642339719308
338642349038683	338642374522764	338642355246433
338642367261100	338642391206097	338642373457308
338642384062016	338642407889430	338642390185600
338642400327725	338642424572763	338642406554141
338642415771683	338642441256096	338642421934058
338642432840266	338642457939429	338642439040725
338642450108558	338642474622762	338642456291641
338642468341433	338642491306095	338642474538891
338642484446141	338642507989428	338642490592308
338642500257725	338642524672761	338642506357475
338642516977266	338642541356094	338642523173433
338642533802683	338642558039427	338642540000391
338642551781308	338642574722760	338642557937391
338642568864183	338642591406093	338642575078725
338642585311391	338642608089426	338642591463641
338642601357808	338642624772759	338642607248433
338642618718100	338642641456092	338642624963683
338642633236975	338642658139425	338642639526683
338642651337808	338642674822758	338642657533933
338642666347850	338642691506091	338642672592975
338642685688100	338642708189424	338642691966850
338642712105475	338642724872757	338642718863850
338642719296142	338642741556090	338642726014142
338642734778267	338642758239423	338642741454933
338642751466808	338642774922756	338642758140517
338642768563600	338642791606089	338642775191558
338642785138058	338642808289422	338642791834475
338642801753392	338642824972755	338642808461933
338642818628725	338642841656088	338642825343350
338642835017600	338642858339421	338642841339183
338642852227475	338642875022754	338642858503475
338642867875100	338642891706087	338642874152433
338642884172767	338642908389420	338642890421975
338642900985017	338642925072753	338642907264100
338642917782267	338642941756086	338642924072392
338642934611725	338642958439419	338642940896225
338642951351100	338642975122752	338642957638850
338642968324183	338642991806085	338642974596433
338642985009058	338643008489418	338642991316017
338643004544100	338643025172751	338643010780475
338643022633767	338643041856084	338643028896600
338643038157350	338643058539417	338643044391017
338643055301058	338643075222750	338643061486892
338643072914850	338643091906083	338643079134350
338643090581183	338643108589416	338643096792433
338643106794850	338643125272749	338643112929433
338643123728850	338643141956082	338643130066183
338643139364600	338643158639415	338643145603600
338643156300475	338643175322748	338643162545225
338643173885392	338643192006081	338643180135308
338643190195225	338643208689414	338643196440058
338643206492933	338643225372747	338643212700600
338643224711933	338643242056080	338643230400267
338643239430058	338643258739413	338643245706267
338643255571225	338643275422746	338643261897808
338643272734558	338643292106079	338643278833850
338643288741058	338643308789412	338643295008642
338643309915725	338643325472745	338643316189933
338643325013225	338643342156078	338643331265808
338643349240100	338643358839411	338643355527059
338643363491434	338643375522744	338643369803350
338643379825767	338643392206077	338643386128809
338643396098684	338643408889410	338643402358225
338643413321850	338643425572743	338643419630975
338643429378142	338643442256076	338643435673267
338643455834684	338643458939409	338643462095600
338643474555642	338643475622742	338643480766892
338643494880475	338643508989408	338643501294725
338643568585059	338643575722740	338643574441934
338643589509725	338643592406073	338643595709225
338643817240392	338643825972735	338643835794767

===
16683333
338641996038683	338642007489438	338642004874141
338642013271058	338642024172771	338642021869433
338642029028891	338642040856104	338642037685516
338642046303975	338642057539437	338642054984683
338642061902558	338642074222770	338642070616475
338642078030391	338642107589436	338642086713891
338642096667516	338642124272769	338642105232016
338642114846933	338642140956102	338642123393225
338642134668516	338642157639435	338642140820766
338642147636433	338642174322768	338642153821225
338642164159100	338642191006101	338642170354891
338642180694933	338642207689434	338642186865808
338642198148641	338642224372767	338642204388766
338642215482891	338642241056100	338642221571058
338642232613266	338642257739433	338642238798975
338642249576391	338642274422766	338642255730725
338642265820475	338642291106099	338642271973308
338642281751266	338642307789432	338642287930141
338642298572100	338642324472765	338642304894933
338642316225183	338642341156098	338642322319183
338642333599558	338642357839431	338642339719308
338642349038683	338642374522764	338642355246433
338642367261100	338642391206097	338642373457308
338642384062016	338642407889430	338642390185600
338642400327725	338642424572763	338642406554141
338642415771683	338642441256096	338642421934058
338642432840266	338642457939429	338642439040725
338642450108558	338642474622762	338642456291641
338642468341433	338642491306095	338642474538891
338642484446141	338642507989428	338642490592308
338642500257725	338642524672761	338642506357475
338642516977266	338642541356094	338642523173433
338642533802683	338642558039427	338642540000391
338642551781308	338642574722760	338642557937391
338642568864183	338642591406093	338642575078725
338642585311391	338642608089426	338642591463641
338642601357808	338642624772759	338642607248433
338642618718100	338642641456092	338642624963683
338642633236975	338642658139425	338642639526683
338642651337808	338642674822758	338642657533933
338642666347850	338642691506091	338642672592975
338642685688100	338642708189424	338642691966850
338642712105475	338642724872757	338642718863850
338642719296142	338642741556090	338642726014142
338642734778267	338642758239423	338642741454933
338642751466808	338642774922756	338642758140517
338642768563600	338642791606089	338642775191558
338642785138058	338642808289422	338642791834475
338642801753392	338642824972755	338642808461933
338642818628725	338642841656088	338642825343350
338642835017600	338642858339421	338642841339183
338642852227475	338642875022754	338642858503475
338642867875100	338642891706087	338642874152433
338642884172767	338642908389420	338642890421975
338642900985017	338642925072753	338642907264100
338642917782267	338642941756086	338642924072392
338642934611725	338642958439419	338642940896225
338642951351100	338642975122752	338642957638850
338642968324183	338642991806085	338642974596433
338642985009058	338643008489418	338642991316017
338643004544100	338643025172751	338643010780475
338643022633767	338643041856084	338643028896600
338643038157350	338643058539417	338643044391017
338643055301058	338643075222750	338643061486892
338643072914850	338643091906083	338643079134350
338643090581183	338643108589416	338643096792433
338643106794850	338643125272749	338643112929433
338643123728850	338643141956082	338643130066183
338643139364600	338643158639415	338643145603600
338643156300475	338643175322748	338643162545225
338643173885392	338643192006081	338643180135308
338643190195225	338643208689414	338643196440058
338643206492933	338643225372747	338643212700600
338643224711933	338643242056080	338643230400267
338643239430058	338643258739413	338643245706267
338643255571225	338643275422746	338643261897808
338643272734558	338643292106079	338643278833850
338643288741058	338643308789412	338643295008642
338643309915725	338643325472745	338643316189933
338643325013225	338643342156078	338643331265808
338643349240100	338643358839411	338643355527059
338643363491434	338643375522744	338643369803350
338643379825767	338643392206077	338643386128809
338643396098684	338643408889410	338643402358225
338643413321850	338643425572743	338643419630975
338643429378142	338643442256076	338643435673267
338643455834684	338643458939409	338643462095600
338643474555642	338643475622742	338643480766892
338643494880475	338643508989408	338643501294725
338643568585059	338643575722740	338643574441934
338643589509725	338643592406073	338643595709225
338643817240392	338643825972735	338643835794767
338644554697684	338644576722720	338644572130226
338644573501851	338644593406053	338644584287142
338644625722642	338644643456052	338644635287017
338644630314642	338644660139385	338644643999809
338644649446976	338644676822718	338644658226767
338644664377351	338644693506051	338644673170059
338644681925226	338644710189384	338644684901476
338644700331059	338644726872717	338644702973934
338644716376476	338644743556050	338644719243642
338644734317851	338644760239383	338644737108059
338644749503768	338644776922716	338644752378809
338644766379434	338644793606049	338644769320268
338644784852393	338644810289382	338644788546018
338644801237893	338644826972715	338644804929643
338644819171726	338644843656048	338644822851934
338644835104434	338644860339381	338644838757143
338644851412393	338644877022714	338644855077768
338644867560101	338644893706047	338644871162018
338645421206309	338645427572703	338645430030226
338645439656226	338645444256036	338645448423310
338645456491185	338645460939369	338645465234810
338645472365685	338645477622702	338645480987518
338645488593643	338645494306035	338645497387226
338645504466101	338645510989368	338645513341143
338645522298976	338645527672701	338645531145185
338645538821560	338645544356034	338645541677768
338645555391476	338645561039367	338645558204685
338645571517226	338645577722700	338645574343935
338645588067060	338645594406033	338645590988435
338645605381143	338645611089366	338645608203268
338645623247976	338645627772699	338645626108018
338645643698393	338645644456032	338645647366101
338645656739518	338645661139365	338645660482560
338645672878893	338645677822698	338645676582185
338645688752935	338645694506031	338645692500851

===
16683333
338642768563600	338642791606089	338642775191558
338642785138058	338642808289422	338642791834475
338642801753392	338642824972755	338642808461933
338642818628725	338642841656088	338642825343350
338642835017600	338642858339421	338642841339183
338642852227475	338642875022754	338642858503475
338642867875100	338642891706087	338642874152433
338642884172767	338642908389420	338642890421975
338642900985017	338642925072753	338642907264100
338642917782267	338642941756086	338642924072392
338642934611725	338642958439419	338642940896225
338642951351100	338642975122752	338642957638850
338642968324183	338642991806085	338642974596433
338642985009058	338643008489418	338642991316017
338643004544100	338643025172751	338643010780475
338643022633767	338643041856084	338643028896600
338643038157350	338643058539417	338643044391017
338643055301058	338643075222750	338643061486892
338643072914850	338643091906083	338643079134350
338643090581183	338643108589416	338643096792433
338643106794850	338643125272749	338643112929433
338643123728850	338643141956082	338643130066183
338643139364600	338643158639415	338643145603600
338643156300475	338643175322748	338643162545225
338643173885392	338643192006081	338643180135308
338643190195225	338643208689414	338643196440058
338643206492933	338643225372747	338643212700600
338643224711933	338643242056080	338643230400267
338643239430058	338643258739413	338643245706267
338643255571225	338643275422746	338643261897808
338643272734558	338643292106079	338643278833850
338643288741058	338643308789412	338643295008642
338643309915725	338643325472745	338643316189933
338643325013225	338643342156078	338643331265808
338643349240100	338643358839411	338643355527059
338643363491434	338643375522744	338643369803350
338643379825767	338643392206077	338643386128809
338643396098684	338643408889410	338643402358225
338643413321850	338643425572743	338643419630975
338643429378142	338643442256076	338643435673267
338643455834684	338643458939409	338643462095600
338643474555642	338643475622742	338643480766892
338643494880475	338643508989408	338643501294725
338643568585059	338643575722740	338643574441934
338643589509725	338643592406073	338643595709225
338643817240392	338643825972735	338643835794767
338644554697684	338644576722720	338644572130226
338644573501851	338644593406053	338644584287142
338644625722642	338644643456052	338644635287017
338644630314642	338644660139385	338644643999809
338644649446976	338644676822718	338644658226767
338644664377351	338644693506051	338644673170059
338644681925226	338644710189384	338644684901476
338644700331059	338644726872717	338644702973934
338644716376476	338644743556050	338644719243642
338644734317851	338644760239383	338644737108059
338644749503768	338644776922716	338644752378809
338644766379434	338644793606049	338644769320268
338644784852393	338644810289382	338644788546018
338644801237893	338644826972715	338644804929643
338644819171726	338644843656048	338644822851934
338644835104434	338644860339381	338644838757143
338644851412393	338644877022714	338644855077768
338644867560101	338644893706047	338644871162018
338645421206309	338645427572703	338645430030226
338645439656226	338645444256036	338645448423310
338645456491185	338645460939369	338645465234810
338645472365685	338645477622702	338645480987518
338645488593643	338645494306035	338645497387226
338645504466101	338645510989368	338645513341143
338645522298976	338645527672701	338645531145185
338645538821560	338645544356034	338645541677768
338645555391476	338645561039367	338645558204685
338645571517226	338645577722700	338645574343935
338645588067060	338645594406033	338645590988435
338645605381143	338645611089366	338645608203268
338645623247976	338645627772699	338645626108018
338645643698393	338645644456032	338645647366101
338645656739518	338645661139365	338645660482560
338645672878893	338645677822698	338645676582185
338645688752935	338645694506031	338645692500851
338646277521935	338646278422686	338646286721935
338646295213602	338646311789352	338646306919435
338646308887685	338646328472685	338646320612518
338646327420435	338646345156018	338646339167102
338646344410227	338646361839351	338646356103977
338646361191268	338646378522684	338646372677477
338646377977352	338646395206017	338646389464018
338646394731768	338646411889350	338646398545143
338646411400310	338646428572683	338646415207477
338646427889560	338646445256016	338646431085560
338646444784393	338646461939349	338646447847060
338646461560102	338646478622682	338646464627810
338646478475477	338646495306015	338646481598602
338646495346185	338646511989348	338646498435393
338646512200102	338646528672681	338646515236060
338646528996268	338646545356014	338646532074768
338646545559560	338646562039347	338646548659435
338646562761852	338646578722680	338646565837852
338646582690060	338646595406013	338646585651893
338646596775268	338646612089346	338646599926893
338646613453768	338646628772679	338646617488435
338646629934477	338646645456012	338646633911102
338646649770435	338646662139345	338646653875018
338646665945185	338646678822678	338646670830602
338646681499518	338646695506011	338646686450227
338646698139935	338646712189344	338646703185018
338646714668685	338646728872677	338646719738852
338646731437810	338646745556010	338646735405393
338646748228477	338646762239343	338646752164977
338646764845018	338646778922676	338646768752018
338646783236060	338646795606009	338646786938977
338646799258852	338646812289342	338646802459852
338646815203143	338646828972675	338646818286018
338646832420810	338646845656008	338646835517727
338646848171394	338646862339341	338646851227477
338646864756977	338646879022674	338646867842435
338646881428977	338646895706007	338646884532310
338646898377144	338646912389340	338646901435519
338646915098644	338646945756006	338646918170894
338646931953560	338646962439339	338646935026269
338646950322310	338646979122672	338646953356977
338646967000602	338646995806005	338646970044560
338646983161894	338647012489338	338646987117310
338646999922644	338647029172671	338647003858435
338647017079519	338647045856004	338647021027144
338647054627102	338647062539337	338647058687435

===
16683333
338645538821560	338645544356034	338645541677768
338645555391476	338645561039367	338645558204685
338645571517226	338645577722700	338645574343935
338645588067060	338645594406033	338645590988435
338645605381143	338645611089366	338645608203268
338645623247976	338645627772699	338645626108018
338645643698393	338645644456032	338645647366101
338645656739518	338645661139365	338645660482560
338645672878893	338645677822698	338645676582185
338645688752935	338645694506031	338645692500851
338646277521935	338646278422686	338646286721935
338646295213602	338646311789352	338646306919435
338646308887685	338646328472685	338646320612518
338646327420435	338646345156018	338646339167102
338646344410227	338646361839351	338646356103977
338646361191268	338646378522684	338646372677477
338646377977352	338646395206017	338646389464018
338646394731768	338646411889350	338646398545143
338646411400310	338646428572683	338646415207477
338646427889560	338646445256016	338646431085560
338646444784393	338646461939349	338646447847060
338646461560102	338646478622682	338646464627810
338646478475477	338646495306015	338646481598602
338646495346185	338646511989348	338646498435393
338646512200102	338646528672681	338646515236060
338646528996268	338646545356014	338646532074768
338646545559560	338646562039347	338646548659435
338646562761852	338646578722680	338646565837852
338646582690060	338646595406013	338646585651893
338646596775268	338646612089346	338646599926893
338646613453768	338646628772679	338646617488435
338646629934477	338646645456012	338646633911102
338646649770435	338646662139345	338646653875018
338646665945185	338646678822678	338646670830602
338646681499518	338646695506011	338646686450227
338646698139935	338646712189344	338646703185018
338646714668685	338646728872677	338646719738852
338646731437810	338646745556010	338646735405393
338646748228477	338646762239343	338646752164977
338646764845018	338646778922676	338646768752018
338646783236060	338646795606009	338646786938977
338646799258852	338646812289342	338646802459852
338646815203143	338646828972675	338646818286018
338646832420810	338646845656008	338646835517727
338646848171394	338646862339341	338646851227477
338646864756977	338646879022674	338646867842435
338646881428977	338646895706007	338646884532310
338646898377144	338646912389340	338646901435519
338646915098644	338646945756006	338646918170894
338646931953560	338646962439339	338646935026269
338646950322310	338646979122672	338646953356977
338646967000602	338646995806005	338646970044560
338646983161894	338647012489338	338646987117310
338646999922644	338647029172671	338647003858435
338647017079519	338647045856004	338647021027144
338647054627102	338647062539337	338647058687435
338647060974269	338647079222670	338647065045144
338647073092852	338647095906003	338647077105602
338647092335519	338647112589336	338647096373852
338647131773727	338647145956002	338647135774269
338647138793685	338647162639335	338647142660060
338647152759852	338647179322668	338647156576310
338647168418019	338647196006001	338647172263435
338647185476852	338647212689334	338647189383560
338647202692769	338647229372667	338647206530269
338647217902310	338647246056000	338647221744060
338647234417352	338647262739333	338647238236019
338647251762394	338647279422666	338647255581685
338647268173144	338647296105999	338647271980269
338647285049519	338647312789332	338647288876935
338647301750935	338647329472665	338647305548602
338647370002935	338647379522664	338647373121227
338647386388269	338647396205997	338647390296185
338647401816519	338647412889330	338647405762894
338647418592352	338647429572663	338647427035144
338647435282977	338647446255996	338647443742269
338647452653310	338647462939329	338647460925977
338647469029519	338647479622662	338647477285644
338647486057560	338647496305995	338647494332852
338647502559060	338647512989328	338647510809560
338647519343727	338647529672661	338647523069727
338647536365227	338647546355994	338647539466061
338647552514561	338647563039327	338647555607519
338647569882269	338647579722660	338647572975894
338647586313352	338647596405993	338647589408686
338647603008727	338647613089326	338647606106727
338647619693561	338647629772659	338647622804769
338647636978894	338647646455992	338647640965644
338647653452394	338647663139325	338647657438727
338647670203269	338647679822658	338647674177144
338647689079852	338647696505991	338647693022102
338647704533602	338647713189324	338647708581852
338647721340977	338647729872657	338647725413186
338647755816561	338647763239323	338647759915977
338647762236019	338647779922656	338647766854019
338647776738311	338647796605989	338647781621644
338647790789811	338647813289322	338647795712061
338647806682144	338647829972655	338647811748561
338647824198894	338647846655988	338647829128519
338647840144894	338647863339321	338647845117852
338647857215436	338647880022654	338647862193102
338647875123352	338647896705987	338647880065477
338647890775311	338647913389320	338647894867394
338647907632352	338647930072653	338647911572394
338647923801436	338647946755986	338647927821102
338647940180852	338647963439319	338647943222269
338647956920102	338647980122652	338647959993852
338647973738852	338647996805985	338647976847311
338647990620602	338648013489318	338647993700269
338648007258852	338648030172651	338648010329477
338648024201352	338648046855984	338648027233227
338648041152436	338648063539317	338648044184727
338648060111727	338648080222650	338648063887477
338648076750186	338648096905983	338648080675561
338648094357602	338648113589316	338648098318436
338648108535269	338648130272649	338648112491561
338648125736936	338648146955982	338648129745727
338648142176936	338648163639315	338648146190769
338648171025436	338648180322648	338648175062686
338648187595644	338648197005981	338648191652936
338648193244727	338648213689314	338648197273602
338648210934436	338648230372647	338648214763186
338648247395186	338648247055980	338648251269978
338648253954103	338648263739313	338648257801561
338648272796311	338648280422646	338648276745269
338648281289478	338648297105979	338648285111144
338648293496894	338648313789312	338648297363019

===
16683333
338647268173144	338647296105999	338647271980269
338647285049519	338647312789332	338647288876935
338647301750935	338647329472665	338647305548602
338647370002935	338647379522664	338647373121227
338647386388269	338647396205997	338647390296185
338647401816519	338647412889330	338647405762894
338647418592352	338647429572663	338647427035144
338647435282977	338647446255996	338647443742269
338647452653310	338647462939329	338647460925977
338647469029519	338647479622662	338647477285644
338647486057560	338647496305995	338647494332852
338647502559060	338647512989328	338647510809560
338647519343727	338647529672661	338647523069727
338647536365227	338647546355994	338647539466061
338647552514561	338647563039327	338647555607519
338647569882269	338647579722660	338647572975894
338647586313352	338647596405993	338647589408686
338647603008727	338647613089326	338647606106727
338647619693561	338647629772659	338647622804769
338647636978894	338647646455992	338647640965644
338647653452394	338647663139325	338647657438727
338647670203269	338647679822658	338647674177144
338647689079852	338647696505991	338647693022102
338647704533602	338647713189324	338647708581852
338647721340977	338647729872657	338647725413186
338647755816561	338647763239323	338647759915977
338647762236019	338647779922656	338647766854019
338647776738311	338647796605989	338647781621644
338647790789811	338647813289322	338647795712061
338647806682144	338647829972655	338647811748561
338647824198894	338647846655988	338647829128519
338647840144894	338647863339321	338647845117852
338647857215436	338647880022654	338647862193102
338647875123352	338647896705987	338647880065477
338647890775311	338647913389320	338647894867394
338647907632352	338647930072653	338647911572394
338647923801436	338647946755986	338647927821102
338647940180852	338647963439319	338647943222269
338647956920102	338647980122652	338647959993852
338647973738852	338647996805985	338647976847311
338647990620602	338648013489318	338647993700269
338648007258852	338648030172651	338648010329477
338648024201352	338648046855984	338648027233227
338648041152436	338648063539317	338648044184727
338648060111727	338648080222650	338648063887477
338648076750186	338648096905983	338648080675561
338648094357602	338648113589316	338648098318436
338648108535269	338648130272649	338648112491561
338648125736936	338648146955982	338648129745727
338648142176936	338648163639315	338648146190769
338648171025436	338648180322648	338648175062686
338648187595644	338648197005981	338648191652936
338648193244727	338648213689314	338648197273602
338648210934436	338648230372647	338648214763186
338648247395186	338648247055980	338648251269978
338648253954103	338648263739313	338648257801561
338648272796311	338648280422646	338648276745269
338648281289478	338648297105979	338648285111144
338648293496894	338648313789312	338648297363019
338648310425186	338648330472645	338648314272644
338648326955894	338648347155978	338648330830061
338648343743686	338648363839311	338648347573894
338648363291311	338648380522644	338648366258186
338648377215103	338648397205977	338648380194311
338648393758144	338648413889310	338648396725728
338648410473478	338648430572643	338648413311436
338648511443894	338648513989308	338648518125686
338648527674894	338648530672641	338648536129186
338648543742061	338648547355974	338648552211978
338648561920811	338648564039307	338648570332436
338648577610019	338648580722640	338648586037936
338648594729311	338648597405973	338648602989769
338648611215269	338648614089306	338648619494978
338648628154353	338648630772639	338648636356603
338648645205853	338648647455972	338648653462811
338648661320103	338648664139305	338648668256144
338648678262978	338648680822638	338648681353811
338648694843519	338648697505971	338648697931644
338648711434394	338648714189304	338648714566644
338648728444186	338648730872637	338648731536061
338648745357394	338648747555970	338648748429144
338648761858394	338648764239303	338648764968353
338648778902853	338648780922636	338648782018478
338648795608144	338648797605969	338648798732936
338648815266853	338648814289302	338648818356769
338648830209061	338648830972635	338648833320603
338648846822519	338648847655968	338648849951228
338648864772769	338648864339301	338648867861478
338648893640936	338648897705967	338648897693769
338648901613311	338648914389300	338648906399269
338648915843686	338648931072633	338648920818728
338648932198395	338648947755966	338648937168145
338648949212603	338648964439299	338648954308020
338648965410978	338648981122632	338648970394103
338648983108228	338648997805965	338648987255603
338649000173603	338649014489298	338649004055270
338649017971520	338649031172631	338649021819186
338649032701603	338649047855964	338649035877936
338649049179520	338649064539297	338649052290520
338649066232686	338649081222630	338649069331978
338649082933478	338649097905963	338649086010978
338649099360811	338649114589296	338649102468978
338649116321311	338649131272629	338649119381853
338649133265728	338649147955962	338649136325436
338649149674020	338649164639295	338649152756311
338649166568770	338649181322628	338649169678228
338649185307436	338649198005961	338649188364270
338649201692895	338649214689294	338649205692145
338649218294353	338649231372627	338649222257603
338649234952061	338649248055960	338649238954895
338649251086020	338649281422626	338649255028436
338649286518645	338649281422626	338649290476520
338649292982103	338649314789292	338649298428020
338649306755061	338649331472625	338649310783186
338649326719520	338649348155958	338649330745603
338649364301353	338649381522624	338649368233853
338649370062395	338649398205957	338649373953686
338649389812436	338649414889290	338649393753936
338649405611728	338649431572623	338649409385978
338649418382936	338649448255956	338649422236686
338649435276186	338649464939289	338649439107353
338649452301561	338649481622622	338649456138228
338649468937145	338649498305955	338649472776686
338649485724145	338649514989288	338649489543061
338649502307895	338649531672621	338649506147520
338649519301770	338649548355954	338649523147770
338649536075770	338649565039287	338649539824895

===
16683333
338648343743686	338648363839311	338648347573894
338648363291311	338648380522644	338648366258186
338648377215103	338648397205977	338648380194311
338648393758144	338648413889310	338648396725728
338648410473478	338648430572643	338648413311436
338648511443894	338648513989308	338648518125686
338648527674894	338648530672641	338648536129186
338648543742061	338648547355974	338648552211978
338648561920811	338648564039307	338648570332436
338648577610019	338648580722640	338648586037936
338648594729311	338648597405973	338648602989769
338648611215269	338648614089306	338648619494978
338648628154353	338648630772639	338648636356603
338648645205853	338648647455972	338648653462811
338648661320103	338648664139305	338648668256144
338648678262978	338648680822638	338648681353811
338648694843519	338648697505971	338648697931644
338648711434394	338648714189304	338648714566644
338648728444186	338648730872637	338648731536061
338648745357394	338648747555970	338648748429144
338648761858394	338648764239303	338648764968353
338648778902853	338648780922636	338648782018478
338648795608144	338648797605969	338648798732936
338648815266853	338648814289302	338648818356769
338648830209061	338648830972635	338648833320603
338648846822519	338648847655968	338648849951228
338648864772769	338648864339301	338648867861478
338648893640936	338648897705967	338648897693769
338648901613311	338648914389300	338648906399269
338648915843686	338648931072633	338648920818728
338648932198395	338648947755966	338648937168145
338648949212603	338648964439299	338648954308020
338648965410978	338648981122632	338648970394103
338648983108228	338648997805965	338648987255603
338649000173603	338649014489298	338649004055270
338649017971520	338649031172631	338649021819186
338649032701603	338649047855964	338649035877936
338649049179520	338649064539297	338649052290520
338649066232686	338649081222630	338649069331978
338649082933478	338649097905963	338649086010978
338649099360811	338649114589296	338649102468978
338649116321311	338649131272629	338649119381853
338649133265728	338649147955962	338649136325436
338649149674020	338649164639295	338649152756311
338649166568770	338649181322628	338649169678228
338649185307436	338649198005961	338649188364270
338649201692895	338649214689294	338649205692145
338649218294353	338649231372627	338649222257603
338649234952061	338649248055960	338649238954895
338649251086020	338649281422626	338649255028436
338649286518645	338649281422626	338649290476520
338649292982103	338649314789292	338649298428020
338649306755061	338649331472625	338649310783186
338649326719520	338649348155958	338649330745603
338649364301353	338649381522624	338649368233853
338649370062395	338649398205957	338649373953686
338649389812436	338649414889290	338649393753936
338649405611728	338649431572623	338649409385978
338649418382936	338649448255956	338649422236686
338649435276186	338649464939289	338649439107353
338649452301561	338649481622622	338649456138228
338649468937145	338649498305955	338649472776686
338649485724145	338649514989288	338649489543061
338649502307895	338649531672621	338649506147520
338649519301770	338649548355954	338649523147770
338649536075770	338649565039287	338649539824895
338649619790270	338649631772619	338649623784728
338649636639687	338649648455952	338649648627770
338649652710562	338649665139285	338649664613603
338649669284853	338649681822618	338649681116270
338649686303603	338649698505951	338649698175770
338649703287437	338649715189284	338649714841020
338649719864353	338649731872617	338649731418520
338649736732937	338649748555950	338649740573645
338649753402603	338649765239283	338649757298603
338649769921437	338649781922616	338649773149395
338649787845937	338649798605949	338649790938603
338649804454520	338649815289282	338649807544853
338649821313395	338649831972615	338649824395395
338649838023728	338649848655948	338649841113895
338649854728853	338649865339281	338649857839978
338649871580062	338649882022614	338649874686270
338649887493228	338649898705947	338649890613812
338649905201645	338649915389280	338649908305395
338649925579228	338649932072613	338649928659687
338649940413770	338649948755946	338649943499853
338649956934187	338649965439279	338649960980270
338649973962270	338649982122612	338649977947187
338650001032145	338650015489278	338650005083103
338650010304645	338650032172611	338650015049312
338650024232853	338650048855944	338650029098437
338650040976228	338650065539277	338650046010270
338650057596478	338650082222610	338650062650478
338650074318395	338650098905943	338650079226978
338650091059478	338650115589276	338650096057937
338650108236228	338650132272609	338650113226645
338650125805937	338650148955942	338650130786978
338650141196937	338650165639275	338650145286478
338650158144478	338650182322608	338650162090228
338650174669770	338650199005941	338650177785937
338650191358687	338650215689274	338650194538645
338650208080895	338650232372607	338650211142103
338650225169228	338650249055940	338650228247270
338650241750145	338650265739273	338650244814853
338650258435603	338650282422606	338650261485645
338650275237853	338650299105939	338650279188978
338650291994895	338650315789272	338650295931812
338650311490687	338650332472605	338650315377687
338650326485062	338650349155938	338650330450770
338650343298937	338650365839271	338650347428020
338650360193270	338650382522604	338650364084312
338650402109312	338650415889270	338650406122770
338650407363645	338650432572603	338650411412395
338650428838729	338650449255936	338650432923395
338650446049895	338650465939269	338650450048437
338650464493520	338650482622602	338650468369604
338650479059520	338650499305935	338650482993687
338650495717895	338650515989268	338650499654520
338650513199729	338650532672601	338650517133354
338650528266979	338650549355934	338650532062604
338650544391270	338650566039267	338650548233645
338650560979229	338650582722600	338650564859395
338650577685062	338650599405933	338650581500854
338650594398729	338650616089266	338650598238395
338650611327229	338650632772599	338650615156020
338650628151895	338650649455932	338650631964062
338650644825729	338650666139265	338650648640020

===
16683333
338649418382936	338649448255956	338649422236686
338649435276186	338649464939289	338649439107353
338649452301561	338649481622622	338649456138228
338649468937145	338649498305955	338649472776686
338649485724145	338649514989288	338649489543061
338649502307895	338649531672621	338649506147520
338649519301770	338649548355954	338649523147770
338649536075770	338649565039287	338649539824895
338649619790270	338649631772619	338649623784728
338649636639687	338649648455952	338649648627770
338649652710562	338649665139285	338649664613603
338649669284853	338649681822618	338649681116270
338649686303603	338649698505951	338649698175770
338649703287437	338649715189284	338649714841020
338649719864353	338649731872617	338649731418520
338649736732937	338649748555950	338649740573645
338649753402603	338649765239283	338649757298603
338649769921437	338649781922616	338649773149395
338649787845937	338649798605949	338649790938603
338649804454520	338649815289282	338649807544853
338649821313395	338649831972615	338649824395395
338649838023728	338649848655948	338649841113895
338649854728853	338649865339281	338649857839978
338649871580062	338649882022614	338649874686270
338649887493228	338649898705947	338649890613812
338649905201645	338649915389280	338649908305395
338649925579228	338649932072613	338649928659687
338649940413770	338649948755946	338649943499853
338649956934187	338649965439279	338649960980270
338649973962270	338649982122612	338649977947187
338650001032145	338650015489278	338650005083103
338650010304645	338650032172611	338650015049312
338650024232853	338650048855944	338650029098437
338650040976228	338650065539277	338650046010270
338650057596478	338650082222610	338650062650478
338650074318395	338650098905943	338650079226978
338650091059478	338650115589276	338650096057937
338650108236228	338650132272609	338650113226645
338650125805937	338650148955942	338650130786978
338650141196937	338650165639275	338650145286478
338650158144478	338650182322608	338650162090228
338650174669770	338650199005941	338650177785937
338650191358687	338650215689274	338650194538645
338650208080895	338650232372607	338650211142103
338650225169228	338650249055940	338650228247270
338650241750145	338650265739273	338650244814853
338650258435603	338650282422606	338650261485645
338650275237853	338650299105939	338650279188978
338650291994895	338650315789272	338650295931812
338650311490687	338650332472605	338650315377687
338650326485062	338650349155938	338650330450770
338650343298937	338650365839271	338650347428020
338650360193270	338650382522604	338650364084312
338650402109312	338650415889270	338650406122770
338650407363645	338650432572603	338650411412395
338650428838729	338650449255936	338650432923395
338650446049895	338650465939269	338650450048437
338650464493520	338650482622602	338650468369604
338650479059520	338650499305935	338650482993687
338650495717895	338650515989268	338650499654520
338650513199729	338650532672601	338650517133354
338650528266979	338650549355934	338650532062604
338650544391270	338650566039267	338650548233645
338650560979229	338650582722600	338650564859395
338650577685062	338650599405933	338650581500854
338650594398729	338650616089266	338650598238395
338650611327229	338650632772599	338650615156020
338650628151895	338650649455932	338650631964062
338650644825729	338650666139265	338650648640020
338650931400979	338650933072593	338650940855187
338650948136562	338650966439259	338650960250229
338650963342520	338650983122592	338650975211770
338650981277979	338650999805925	338650993149770
338650998233562	338651016489258	338651010306729
338651015548937	338651033172591	338651019434312
338651033098854	338651049855924	338651036991271
338651049430687	338651066539257	338651053487146
338651066302812	338651083222590	338651071010271
338651082433021	338651099905923	338651086524062
338651098939354	338651116589256	338651103056521
338651116363312	338651133272589	338651120470146
338651132929562	338651149955922	338651136935396
338651149773396	338651166639255	338651153811437
338651167096562	338651183322588	338651171322312
338651183713687	338651200005921	338651188607562
338651199634479	338651216689254	338651203892979
338651216659896	338651233372587	338651220894771
338651233529896	338651250055920	338651237772521
338651250834896	338651266739253	338651254986896
338651268477937	338651283422586	338651272783021
338651285473729	338651300105919	338651290471271
338651301017146	338651316789252	338651306019187
338651317688729	338651333472585	338651322060687
338651334201271	338651350155918	338651338584896
338651351944646	338651366839251	338651356257562
338651368326812	338651383522584	338651372686479
338651387302479	338651400205917	338651391734604
338651402819271	338651416889250	338651407971812
338651418111062	338651433572583	338651422592729
338651435758854	338651450255916	338651440103354
338651451827729	338651466939249	338651456179104
338651468364771	338651483622582	338651472636437
338651485332229	338651500305915	338651489585354
338651502254479	338651516989248	338651506515479
338651519407271	338651533672581	338651523698896
338651535578271	338651550355914	338651539205604
338651552981271	338651567039247	338651556370979
338651569147062	338651583722580	338651572513396
338651585879146	338651600405913	338651589257687
338651603071937	338651617089246	338651606510604
338651619507187	338651633772579	338651622860854
338651636191229	338651650455912	338651639547437
338651653583604	338651683822578	338651656945521
338651670328604	338651700505911	338651674332021
338651689322062	338651717189244	338651693225646
338651705693812	338651733872577	338651709594604
338651721779812	338651750555910	338651725744813
338651739213188	338651767239243	338651743208563
338651757452313	338651783922576	338651761316021
338651773466813	338651800605909	338651777362188
338651790044438	338651817289242	338651793935896
338651805876271	338651833972575	338651809828438
338651822775479	338651850655908	338651826757438
338651840340854	338651867339241	338651844285396
338651860119646	338651884022574	338651864036313
338651875556688	338651900705907	338651879608063
338651892082229	338651917389240	338651895760438

===
16683333
338649973962270	338649982122612	338649977947187
338650001032145	338650015489278	338650005083103
338650010304645	338650032172611	338650015049312
338650024232853	338650048855944	338650029098437
338650040976228	338650065539277	338650046010270
338650057596478	338650082222610	338650062650478
338650074318395	338650098905943	338650079226978
338650091059478	338650115589276	338650096057937
338650108236228	338650132272609	338650113226645
338650125805937	338650148955942	338650130786978
338650141196937	338650165639275	338650145286478
338650158144478	338650182322608	338650162090228
338650174669770	338650199005941	338650177785937
338650191358687	338650215689274	338650194538645
338650208080895	338650232372607	338650211142103
338650225169228	338650249055940	338650228247270
338650241750145	338650265739273	338650244814853
338650258435603	338650282422606	338650261485645
338650275237853	338650299105939	338650279188978
338650291994895	338650315789272	338650295931812
338650311490687	338650332472605	338650315377687
338650326485062	338650349155938	338650330450770
338650343298937	338650365839271	338650347428020
338650360193270	338650382522604	338650364084312
338650402109312	338650415889270	338650406122770
338650407363645	338650432572603	338650411412395
338650428838729	338650449255936	338650432923395
338650446049895	338650465939269	338650450048437
338650464493520	338650482622602	338650468369604
338650479059520	338650499305935	338650482993687
338650495717895	338650515989268	338650499654520
338650513199729	338650532672601	338650517133354
338650528266979	338650549355934	338650532062604
338650544391270	338650566039267	338650548233645
338650560979229	338650582722600	338650564859395
338650577685062	338650599405933	338650581500854
338650594398729	338650616089266	338650598238395
338650611327229	338650632772599	338650615156020
338650628151895	338650649455932	338650631964062
338650644825729	338650666139265	338650648640020
338650931400979	338650933072593	338650940855187
338650948136562	338650966439259	338650960250229
338650963342520	338650983122592	338650975211770
338650981277979	338650999805925	338650993149770
338650998233562	338651016489258	338651010306729
338651015548937	338651033172591	338651019434312
338651033098854	338651049855924	338651036991271
338651049430687	338651066539257	338651053487146
338651066302812	338651083222590	338651071010271
338651082433021	338651099905923	338651086524062
338651098939354	338651116589256	338651103056521
338651116363312	338651133272589	338651120470146
338651132929562	338651149955922	338651136935396
338651149773396	338651166639255	338651153811437
338651167096562	338651183322588	338651171322312
338651183713687	338651200005921	338651188607562
338651199634479	338651216689254	338651203892979
338651216659896	338651233372587	338651220894771
338651233529896	338651250055920	338651237772521
338651250834896	338651266739253	338651254986896
338651268477937	338651283422586	338651272783021
338651285473729	338651300105919	338651290471271
338651301017146	338651316789252	338651306019187
338651317688729	338651333472585	338651322060687
338651334201271	338651350155918	338651338584896
338651351944646	338651366839251	338651356257562
338651368326812	338651383522584	338651372686479
338651387302479	338651400205917	338651391734604
338651402819271	338651416889250	338651407971812
338651418111062	338651433572583	338651422592729
338651435758854	338651450255916	338651440103354
338651451827729	338651466939249	338651456179104
338651468364771	338651483622582	338651472636437
338651485332229	338651500305915	338651489585354
338651502254479	338651516989248	338651506515479
338651519407271	338651533672581	338651523698896
338651535578271	338651550355914	338651539205604
338651552981271	338651567039247	338651556370979
338651569147062	338651583722580	338651572513396
338651585879146	338651600405913	338651589257687
338651603071937	338651617089246	338651606510604
338651619507187	338651633772579	338651622860854
338651636191229	338651650455912	338651639547437
338651653583604	338651683822578	338651656945521
338651670328604	338651700505911	338651674332021
338651689322062	338651717189244	338651693225646
338651705693812	338651733872577	338651709594604
338651721779812	338651750555910	338651725744813
338651739213188	338651767239243	338651743208563
338651757452313	338651783922576	338651761316021
338651773466813	338651800605909	338651777362188
338651790044438	338651817289242	338651793935896
338651805876271	338651833972575	338651809828438
338651822775479	338651850655908	338651826757438
338651840340854	338651867339241	338651844285396
338651860119646	338651884022574	338651864036313
338651875556688	338651900705907	338651879608063
338651892082229	338651917389240	338651895760438
338652220307979	338652234372567	338652228933729
338652302259063	338652317789232	338652305032688
338652324275979	338652334472565	338652327176479
338652346570229	338652367839231	338652358664646
338652360913313	338652384522564	338652371487146
338652377098354	338652401205897	338652387337521
338652393767729	338652417889230	338652404167938
338652410522688	338652434572563	338652420855438
338652434165480	338652451255896	338652444492563
338652443659188	338652467939229	338652450712771
338652459863980	338652484622562	338652466004230
338652477148105	338652501305895	338652483273938
338652494283771	338652517989228	338652500392438
338652511578855	338652534672561	338652517798355
338652528748438	338652551355894	338652534874438
338652546087605	338652568039227	338652552184146
338652563828896	338652584722560	338652569772980
338652578927938	338652601405893	338652585059188
338652595711438	338652618089226	338652601823396
338652612907521	338652634772559	338652619019063
338652630494438	338652651455892	338652636565938
338652647584730	338652668139225	338652653588938
338652663330396	338652684822558	338652669390396
338652679559730	338652701505891	338652685796521
338652697072063	338652718189224	338652703177646
338652713966230	338652734872557	338652720055105
338652731549230	338652751555890	338652737628605
338652747974813	338652768239223	338652754113396
338652763839563	338652784922556	338652769996480

===
16683333
338649973962270	338649982122612	338649977947187
338650001032145	338650015489278	338650005083103
338650010304645	338650032172611	338650015049312
338650024232853	338650048855944	338650029098437
338650040976228	338650065539277	338650046010270
338650057596478	338650082222610	338650062650478
338650074318395	338650098905943	338650079226978
338650091059478	338650115589276	338650096057937
338650108236228	338650132272609	338650113226645
338650125805937	338650148955942	338650130786978
338650141196937	338650165639275	338650145286478
338650158144478	338650182322608	338650162090228
338650174669770	338650199005941	338650177785937
338650191358687	338650215689274	338650194538645
338650208080895	338650232372607	338650211142103
338650225169228	338650249055940	338650228247270
338650241750145	338650265739273	338650244814853
338650258435603	338650282422606	338650261485645
338650275237853	338650299105939	338650279188978
338650291994895	338650315789272	338650295931812
338650311490687	338650332472605	338650315377687
338650326485062	338650349155938	338650330450770
338650343298937	338650365839271	338650347428020
338650360193270	338650382522604	338650364084312
338650402109312	338650415889270	338650406122770
338650407363645	338650432572603	338650411412395
338650428838729	338650449255936	338650432923395
338650446049895	338650465939269	338650450048437
338650464493520	338650482622602	338650468369604
338650479059520	338650499305935	338650482993687
338650495717895	338650515989268	338650499654520
338650513199729	338650532672601	338650517133354
338650528266979	338650549355934	338650532062604
338650544391270	338650566039267	338650548233645
338650560979229	338650582722600	338650564859395
338650577685062	338650599405933	338650581500854
338650594398729	338650616089266	338650598238395
338650611327229	338650632772599	338650615156020
338650628151895	338650649455932	338650631964062
338650644825729	338650666139265	338650648640020
338650931400979	338650933072593	338650940855187
338650948136562	338650966439259	338650960250229
338650963342520	338650983122592	338650975211770
338650981277979	338650999805925	338650993149770
338650998233562	338651016489258	338651010306729
338651015548937	338651033172591	338651019434312
338651033098854	338651049855924	338651036991271
338651049430687	338651066539257	338651053487146
338651066302812	338651083222590	338651071010271
338651082433021	338651099905923	338651086524062
338651098939354	338651116589256	338651103056521
338651116363312	338651133272589	338651120470146
338651132929562	338651149955922	338651136935396
338651149773396	338651166639255	338651153811437
338651167096562	338651183322588	338651171322312
338651183713687	338651200005921	338651188607562
338651199634479	338651216689254	338651203892979
338651216659896	338651233372587	338651220894771
338651233529896	338651250055920	338651237772521
338651250834896	338651266739253	338651254986896
338651268477937	338651283422586	338651272783021
338651285473729	338651300105919	338651290471271
338651301017146	338651316789252	338651306019187
338651317688729	338651333472585	338651322060687
338651334201271	338651350155918	338651338584896
338651351944646	338651366839251	338651356257562
338651368326812	338651383522584	338651372686479
338651387302479	338651400205917	338651391734604
338651402819271	338651416889250	338651407971812
338651418111062	338651433572583	338651422592729
338651435758854	338651450255916	338651440103354
338651451827729	338651466939249	338651456179104
338651468364771	338651483622582	338651472636437
338651485332229	338651500305915	338651489585354
338651502254479	338651516989248	338651506515479
338651519407271	338651533672581	338651523698896
338651535578271	338651550355914	338651539205604
338651552981271	338651567039247	338651556370979
338651569147062	338651583722580	338651572513396
338651585879146	338651600405913	338651589257687
338651603071937	338651617089246	338651606510604
338651619507187	338651633772579	338651622860854
338651636191229	338651650455912	338651639547437
338651653583604	338651683822578	338651656945521
338651670328604	338651700505911	338651674332021
338651689322062	338651717189244	338651693225646
338651705693812	338651733872577	338651709594604
338651721779812	338651750555910	338651725744813
338651739213188	338651767239243	338651743208563
338651757452313	338651783922576	338651761316021
338651773466813	338651800605909	338651777362188
338651790044438	338651817289242	338651793935896
338651805876271	338651833972575	338651809828438
338651822775479	338651850655908	338651826757438
338651840340854	338651867339241	338651844285396
338651860119646	338651884022574	338651864036313
338651875556688	338651900705907	338651879608063
338651892082229	338651917389240	338651895760438
338652220307979	338652234372567	338652228933729
338652302259063	338652317789232	338652305032688
338652324275979	338652334472565	338652327176479
338652346570229	338652367839231	338652358664646
338652360913313	338652384522564	338652371487146
338652377098354	338652401205897	338652387337521
338652393767729	338652417889230	338652404167938
338652410522688	338652434572563	338652420855438
338652434165480	338652451255896	338652444492563
338652443659188	338652467939229	338652450712771
338652459863980	338652484622562	338652466004230
338652477148105	338652501305895	338652483273938
338652494283771	338652517989228	338652500392438
338652511578855	338652534672561	338652517798355
338652528748438	338652551355894	338652534874438
338652546087605	338652568039227	338652552184146
338652563828896	338652584722560	338652569772980
338652578927938	338652601405893	338652585059188
338652595711438	338652618089226	338652601823396
338652612907521	338652634772559	338652619019063
338652630494438	338652651455892	338652636565938
338652647584730	338652668139225	338652653588938
338652663330396	338652684822558	338652669390396
338652679559730	338652701505891	338652685796521
338652697072063	338652718189224	338652703177646
338652713966230	338652734872557	338652720055105
338652731549230	338652751555890	338652737628605
338652747974813	338652768239223	338652754113396
338652763839563	338652784922556	338652769996480

