Applications Graphics Acceleration Info:
Uptime: 338147356 Realtime: 372821466

** Graphics info for pid 8771 [com.auroratv.lab] **

Stats since: 338135813628150ns
Total frames rendered: 398
Janky frames: 14 (3.52%)
Janky frames (legacy): 361 (90.70%)
50th percentile: 24ms
90th percentile: 36ms
95th percentile: 53ms
99th percentile: 97ms
Number Missed Vsync: 4
Number High input latency: 768
Number Slow UI thread: 6
Number Slow bitmap uploads: 0
Number Slow issue draw commands: 14
Number Frame deadline missed: 14
Number Frame deadline missed (legacy): 14
HISTOGRAM: 5ms=0 6ms=0 7ms=0 8ms=0 9ms=0 10ms=0 11ms=0 12ms=2 13ms=2 14ms=6 15ms=4 16ms=0 17ms=0 18ms=0 19ms=2 20ms=1 21ms=9 22ms=43 23ms=117 24ms=85 25ms=38 26ms=21 27ms=3 28ms=0 29ms=1 30ms=3 31ms=4 32ms=8 34ms=8 36ms=3 38ms=3 40ms=2 42ms=2 44ms=2 46ms=1 48ms=5 53ms=5 57ms=6 61ms=1 65ms=0 69ms=1 73ms=0 77ms=0 81ms=0 85ms=2 89ms=3 93ms=1 97ms=2 101ms=1 105ms=1 109ms=0 113ms=0 117ms=0 121ms=0 125ms=0 129ms=0 133ms=0 150ms=0 200ms=0 250ms=0 300ms=0 350ms=0 400ms=0 450ms=0 500ms=0 550ms=0 600ms=0 650ms=0 700ms=0 750ms=0 800ms=0 850ms=0 900ms=0 950ms=0 1000ms=0 1050ms=0 1100ms=0 1150ms=0 1200ms=0 1250ms=0 1300ms=0 1350ms=0 1400ms=0 1450ms=0 1500ms=0 1550ms=0 1600ms=0 1650ms=0 1700ms=0 1750ms=0 1800ms=0 1850ms=0 1900ms=0 1950ms=0 2000ms=0 2050ms=0 2100ms=0 2150ms=0 2200ms=0 2250ms=0 2300ms=0 2350ms=0 2400ms=0 2450ms=0 2500ms=0 2550ms=0 2600ms=0 2650ms=0 2700ms=0 2750ms=0 2800ms=0 2850ms=0 2900ms=0 2950ms=0 3000ms=0 3050ms=0 3100ms=0 3150ms=0 3200ms=0 3250ms=0 3300ms=0 3350ms=0 3400ms=0 3450ms=0 3500ms=0 3550ms=0 3600ms=0 3650ms=0 3700ms=0 3750ms=0 3800ms=0 3850ms=0 3900ms=0 3950ms=0 4000ms=0 4050ms=0 4100ms=0 4150ms=0 4200ms=0 4250ms=0 4300ms=0 4350ms=0 4400ms=0 4450ms=0 4500ms=0 4550ms=0 4600ms=0 4650ms=0 4700ms=0 4750ms=0 4800ms=0 4850ms=0 4900ms=0 4950ms=0
50th gpu percentile: 7ms
90th gpu percentile: 10ms
95th gpu percentile: 4950ms
99th gpu percentile: 4950ms
GPU HISTOGRAM: 1ms=0 2ms=0 3ms=0 4ms=0 5ms=1 6ms=4 7ms=309 8ms=10 9ms=22 10ms=21 11ms=3 12ms=1 13ms=0 14ms=1 15ms=0 16ms=0 17ms=0 18ms=0 19ms=5 20ms=0 21ms=0 22ms=0 23ms=0 24ms=0 25ms=0 4950ms=21

Pipeline=Skia (OpenGL)
Memory policy:
  Max surface area: 2073600
  Max resource usage: 99.53MB (x48)
  Background retention: 50% (altUiHidden = true)
  GPU Context timeout: 10
Contexts: 1 (stopped = 0)
CPU Caches:
  Glyph Cache: 1.86 MB (1 entry)
  Glyph Count: 97 
Total CPU memory usage:
  1953004 bytes, 1.86 MB (0.00 bytes is purgeable)
GPU Caches:
  Image:
    Texture: 16.46 MB (46 entries)
  Other:
    Other: 180.04 KB (1 entry)
    Buffer Object: 464.00 bytes (2 entries)
    StencilAttachment: 15.00 KB (4 entries)
  Scratch:
    RenderTarget: 11.90 MB (39 entries)
    Texture: 4.04 MB (6 entries)
    Buffer Object: 78.03 KB (3 entries)
Total GPU memory usage:
  34252620 bytes, 32.67 MB (13.11 MB is purgeable)

Profile data in ms:

	com.auroratv.lab/com.auroratv.MainActivity/android.view.ViewRootImpl@bc636a8 (visibility=0)
Window: com.auroratv.lab/com.auroratv.MainActivity
Stats since: 338135813627525ns
Total frames rendered: 398
Janky frames: 14 (3.52%)
Janky frames (legacy): 361 (90.70%)
50th percentile: 24ms
90th percentile: 36ms
95th percentile: 53ms
99th percentile: 97ms
Number Missed Vsync: 4
Number High input latency: 768
Number Slow UI thread: 6
Number Slow bitmap uploads: 0
Number Slow issue draw commands: 14
Number Frame deadline missed: 14
Number Frame deadline missed (legacy): 14
HISTOGRAM: 5ms=0 6ms=0 7ms=0 8ms=0 9ms=0 10ms=0 11ms=0 12ms=2 13ms=2 14ms=6 15ms=4 16ms=0 17ms=0 18ms=0 19ms=2 20ms=1 21ms=9 22ms=43 23ms=117 24ms=85 25ms=38 26ms=21 27ms=3 28ms=0 29ms=1 30ms=3 31ms=4 32ms=8 34ms=8 36ms=3 38ms=3 40ms=2 42ms=2 44ms=2 46ms=1 48ms=5 53ms=5 57ms=6 61ms=1 65ms=0 69ms=1 73ms=0 77ms=0 81ms=0 85ms=2 89ms=3 93ms=1 97ms=2 101ms=1 105ms=1 109ms=0 113ms=0 117ms=0 121ms=0 125ms=0 129ms=0 133ms=0 150ms=0 200ms=0 250ms=0 300ms=0 350ms=0 400ms=0 450ms=0 500ms=0 550ms=0 600ms=0 650ms=0 700ms=0 750ms=0 800ms=0 850ms=0 900ms=0 950ms=0 1000ms=0 1050ms=0 1100ms=0 1150ms=0 1200ms=0 1250ms=0 1300ms=0 1350ms=0 1400ms=0 1450ms=0 1500ms=0 1550ms=0 1600ms=0 1650ms=0 1700ms=0 1750ms=0 1800ms=0 1850ms=0 1900ms=0 1950ms=0 2000ms=0 2050ms=0 2100ms=0 2150ms=0 2200ms=0 2250ms=0 2300ms=0 2350ms=0 2400ms=0 2450ms=0 2500ms=0 2550ms=0 2600ms=0 2650ms=0 2700ms=0 2750ms=0 2800ms=0 2850ms=0 2900ms=0 2950ms=0 3000ms=0 3050ms=0 3100ms=0 3150ms=0 3200ms=0 3250ms=0 3300ms=0 3350ms=0 3400ms=0 3450ms=0 3500ms=0 3550ms=0 3600ms=0 3650ms=0 3700ms=0 3750ms=0 3800ms=0 3850ms=0 3900ms=0 3950ms=0 4000ms=0 4050ms=0 4100ms=0 4150ms=0 4200ms=0 4250ms=0 4300ms=0 4350ms=0 4400ms=0 4450ms=0 4500ms=0 4550ms=0 4600ms=0 4650ms=0 4700ms=0 4750ms=0 4800ms=0 4850ms=0 4900ms=0 4950ms=0
50th gpu percentile: 7ms
90th gpu percentile: 10ms
95th gpu percentile: 4950ms
99th gpu percentile: 4950ms
GPU HISTOGRAM: 1ms=0 2ms=0 3ms=0 4ms=0 5ms=1 6ms=4 7ms=309 8ms=10 9ms=22 10ms=21 11ms=3 12ms=1 13ms=0 14ms=1 15ms=0 16ms=0 17ms=0 18ms=0 19ms=5 20ms=0 21ms=0 22ms=0 23ms=0 24ms=0 25ms=0 4950ms=21



---PROFILEDATA---
Flags,FrameTimelineVsyncId,IntendedVsync,Vsync,InputEventId,HandleInputStart,AnimationStart,PerformTraversalsStart,DrawStart,FrameDeadline,FrameInterval,FrameStartTime,SyncQueued,SyncStart,IssueDrawCommandsStart,SwapBuffers,FrameCompleted,DequeueBufferDuration,QueueBufferDuration,GpuCompleted,SwapBuffersCompleted,DisplayPresentTime,CommandSubmissionCompleted,
0,117143853,338142506991883,338142506991883,0,338142507257486,338142507259028,338142508527486,338142508697611,338142559275786,338142507252361,16800285,338142508968445,338142515619778,338142516699695,338142530591820,338142538749445,10375166,332958,338142538749445,338142531233403,-1,338142530591820,
0,117143861,338142523792168,338142523792168,0,338142524065361,338142524066570,338142524617736,338142524783403,338142576076071,338142524059945,16800285,338142524983361,338142531366320,338142532426778,338142547611861,338142555160945,11422375,604792,338142555160945,338142548555445,-1,338142547611861,
0,117143869,338142540592453,338142540592453,0,338142540850486,338142540852070,338142541352028,338142541537611,338142592876356,338142540845486,16800285,338142541740611,338142548702695,338142549680570,338142564218736,338142571361570,11009125,609041,338142571361570,338142565137736,-1,338142564218736,
0,117143877,338142557392738,338142557392738,0,338142557648486,338142557649736,338142558131653,338142558329945,338142609676641,338142557642945,16800285,338142558546903,338142565272278,338142566279570,338142581010195,338142587882820,11190167,538041,338142587882820,338142581849528,-1,338142581010195,
0,117143885,338142574193023,338142574193023,0,338142574463236,338142574464445,338142574970236,338142575115486,338142626476926,338142574457861,16800285,338142575316986,338142582031986,338142582957986,338142597389028,338142604104486,11261583,528709,338142604104486,338142598266695,-1,338142597389028,
0,117143893,338142590993308,338142590993308,0,338142591245986,338142591247528,338142591766611,338142591936403,338142643277211,338142591241028,16800285,338142592174570,338142598414111,338142599376236,338142613954695,338142620575403,11671333,542334,338142620575403,338142614802570,-1,338142613954695,
0,117143901,338142607793593,338142607793593,0,338142608088445,338142608089653,338142608674778,338142608819736,338142660077496,338142608083070,16800285,338142609038320,338142614930820,338142615825486,338142630776153,338142637364111,12082208,550625,338142637364111,338142631629653,-1,338142630776153,
0,117143909,338142624593878,338142624593878,0,338142624850945,338142624852195,338142625370236,338142625536028,338142676877781,338142624845486,16800285,338142625961361,338142631760486,338142632724486,338142647529736,338142654047361,11982459,324333,338142654047361,338142648152570,-1,338142647529736,
0,117143917,338142641394163,338142641394163,0,338142641663611,338142641664861,338142642147820,338142642306903,338142693678066,338142641657778,16800285,338142642519361,338142648285111,338142649174945,338142664330278,338142670855778,12282042,542958,338142670855778,338142665181028,-1,338142664330278,
0,117143925,338142658194448,338142658194448,0,338142658472070,338142658473361,338142658963070,338142659105153,338142710478351,338142658466445,16800285,338142659298028,338142665312695,338142666197028,338142681118986,338142687629070,12063208,536417,338142687629070,338142681956570,-1,338142681118986,
0,117143933,338142674994733,338142674994733,0,338142675352820,338142675353945,338142675841028,338142675985903,338142727278636,338142675347486,16800285,338142676199778,338142682086945,338142682960945,338142697882986,338142704388278,12078500,539458,338142704388278,338142698728986,-1,338142697882986,
0,117143941,338142691795018,338142691795018,0,338142692071653,338142692072778,338142692508861,338142692653736,338142744078921,338142692066445,16800285,338142692883278,338142698859986,338142699741778,338142714657111,338142721160945,12104834,293666,338142721160945,338142715255653,-1,338142714657111,
0,117143949,338142708595303,338142708595303,0,338142708863195,338142708864361,338142709336695,338142709480028,338142760879206,338142708857945,16800285,338142709651528,338142715391153,338142716355736,338142731852153,338142738356361,12492750,282250,338142738356361,338142732497820,-1,338142731852153,
0,117143957,338142725395588,338142725395588,0,338142725653028,338142725654195,338142726095236,338142726267028,338142777679491,338142725647695,16800285,338142726415236,338142732671861,338142733576111,338142751874361,338142758494361,12604500,567167,338142758494361,338142752935528,-1,338142751874361,
0,117143965,338142742195873,338142742195873,0,338142742458736,338142742460278,338142742902486,338142743104695,338142794479776,338142742453528,16800285,338142743280028,338142753137903,338142754697778,338142767203028,338142773733153,8229834,349250,338142773733153,338142767929236,-1,338142767203028,
0,117143973,338142758996158,338142758996158,0,338142759405695,338142759407570,338142760652153,338142760870278,338142811280061,338142759396695,16800285,338142761258153,338142768125945,338142769210236,338142784953403,338142791626361,10924042,523334,338142791626361,338142786072736,-1,338142784953403,
0,117143981,338142775796443,338142775796443,0,338142776249445,338142776251403,338142788120528,338142788313486,338142828080346,338142776239028,16800285,338142788527736,338142788688736,338142789990945,338142801099195,338142807641820,6499250,402583,338142807641820,338142801931903,-1,338142801099195,
0,117143989,338142792596728,338142792596728,0,338142793013403,338142793015153,338142793523903,338142793723945,338142844880631,338142793004778,16800285,338142793768903,338142802106695,338142803157153,338142817290653,338142823831112,10176625,520125,338142823831112,338142818231278,-1,338142817290653,
0,117143997,338142809397013,338142809397013,0,338142809746653,338142809748403,338142810316236,338142810506736,338142861680916,338142809739278,16800285,338142810553278,338142818408237,338142819311862,338142833633528,338142840161653,10761125,362916,338142840161653,338142834376737,-1,338142833633528,
0,117144005,338142826197298,338142826197298,0,338142826664153,338142826666195,338142827264320,338142827445570,338142878481201,338142826656320,16800285,338142827490695,338142834537612,338142835493778,338142851034237,338142857553987,11919709,365042,338142857553987,338142851779903,-1,338142851034237,
0,117144013,338142842997583,338142842997583,0,338142843401945,338142843404112,338142844132778,338142844353112,338142895281486,338142843392278,16800285,338142844405612,338142851944237,338142852827362,338142868533112,338142875048528,11051667,409792,338142875048528,338142869331987,-1,338142868533112,
0,117144021,338142859797868,338142859797868,0,338142860310903,338142860313278,338142860926237,338142861141403,338142912081771,338142860301320,16800285,338142861261112,338142869493570,338142870329778,338142885208778,338142891762487,10454292,435375,338142891762487,338142886104528,-1,338142885208778,
0,117144029,338142876598153,338142876598153,0,338142876956570,338142876958612,338142877549528,338142877763778,338142928882056,338142876947112,16800285,338142877814695,338142886557445,338142887518862,338142902396695,338142908930528,9985250,430750,338142908930528,338142903273320,-1,338142902396695,
0,117144037,338142893398438,338142893398438,0,338142893764820,338142893766487,338142894278862,338142894476320,338142945682341,338142893757195,16800285,338142894520320,338142903461612,338142904631570,338142917620237,338142924261653,9324625,430416,338142924261653,338142918494320,-1,338142917620237,
0,117144045,338142910198723,338142910198723,0,338142910559195,338142910560903,338142911052028,338142911228528,338142962482626,338142910551362,16800285,338142911271445,338142918684320,338142919971195,338142934362612,338142940892320,10743084,364042,338142940892320,338142935114778,-1,338142934362612,
0,117144053,338142926999008,338142926999008,0,338142927406112,338142927408278,338142927980278,338142928233903,338142979282911,338142927397028,16800285,338142928282737,338142935279362,338142936159487,338142952680362,338142959199820,11794541,364333,338142959199820,338142953530862,-1,338142952680362,
0,117144061,338142943799293,338142943799293,0,338142944248737,338142944250987,338142944856945,338142945093612,338142996083196,338142944239695,16800285,338142945142695,338142953692237,338142954630695,338142969342153,338142976033070,10122708,438250,338142976033070,338142970356028,-1,338142969342153,
0,117144069,338142960599578,338142960599578,0,338142961014487,338142961016570,338142961554195,338142961759653,338143012883481,338142961005237,16800285,338142961807612,338142970542528,338142971504862,338142986125570,338142992674987,9947334,457000,338142992674987,338142987046778,-1,338142986125570,
0,117144206,338143279804993,338143279804993,-598183622,338143280156987,338143280158237,338143337746612,338143337971195,338143298488326,338143280150528,16800285,338143350350612,338143350486070,338143352276362,338143355458237,338143374345570,22375,350875,338143374345570,338143356115695,-1,338143355458237,
0,117144213,338143296605278,338143347006133,0,338143352659528,338143352660403,338143353544945,338143353723195,338143399290036,338143352647528,16800285,338143354398445,338143356252153,338143357351153,338143362074195,338143399713528,17584,11981917,338143399713528,338143374449945,-1,338143362074195,
0,117144220,338143363806418,338143363806418,0,338143364090945,338143364092112,338143368047487,338143368280320,338143432890606,338143364085070,16800285,338143369773862,338143374630528,338143375541903,338143388107528,338143425888528,8315666,11415041,338143425888528,338143399835987,-1,338143388107528,
0,117144228,338143380606703,338143380606703,0,338143380865362,338143380866612,338143381469153,338143381620195,338143449690891,338143380860278,16800285,338143381842528,338143399964987,338143400915653,338143421189612,338143451597112,16576875,4476958,338143451597112,338143425980612,-1,338143421189612,
0,117144236,338143397406988,338143397406988,0,338143401121195,338143401122445,338143401728445,338143401883612,338143483291461,338143401115403,16800285,338143402131945,338143426108362,338143426988445,338143437869028,338143474191987,7272958,13506750,338143474191987,338143451699403,-1,338143437869028,
0,117144244,338143414207273,338143414207273,0,338143427378528,338143427379778,338143427889028,338143428068487,338143500091746,338143427371653,16800285,338143428288987,338143451877487,338143452855403,338143471876612,338143483089820,15040667,2057542,338143483089820,338143474270320,-1,338143471876612,
0,117144252,338143431007558,338143447807843,0,338143453195695,338143453196570,338143453688945,338143453828445,338143516892031,338143453185653,16800285,338143454281070,338143474399320,338143475416237,338143488384237,338143497331862,9378792,314875,338143497331862,338143489009862,-1,338143488384237,
0,117144269,338143481408413,338143481408413,0,338143481653278,338143481654403,338143482052695,338143482224612,338143533692316,338143481648570,16800285,338143482420070,338143489145528,338143490046862,338143505281570,338143514295362,11450250,354458,338143514295362,338143505972570,-1,338143505281570,
0,117144277,338143498208698,338143498208698,0,338143498466070,338143498467195,338143498902653,338143499042237,338143550492601,338143498460820,16800285,338143499290362,338143506105028,338143507061445,338143522037737,338143531053987,11227042,289125,338143531053987,338143522705404,-1,338143522037737,
0,117144285,338143515008983,338143515008983,0,338143515275570,338143515276820,338143515724279,338143515885945,338143567292886,338143515270404,16800285,338143516157945,338143522839945,338143523835112,338143538535029,338143547550695,11218750,294708,338143547550695,338143539131029,-1,338143538535029,
0,117144293,338143531809268,338143531809268,0,338143532126154,338143532127279,338143532565279,338143532707654,338143584093171,338143532120445,16800285,338143532985487,338143539263529,338143540204737,338143555282529,338143564220279,11661750,295209,338143564220279,338143555882487,-1,338143555282529,
0,117144301,338143548609553,338143548609553,0,338143548868820,338143548870070,338143549360529,338143549515070,338143600893456,338143548863695,16800285,338143549707070,338143556048112,338143556953112,338143572102987,338143581024362,11779708,291583,338143581024362,338143572698695,-1,338143572102987,
0,117144309,338143565409838,338143565409838,0,338143565673487,338143565674737,338143566123279,338143566289945,338143617693741,338143565667820,16800285,338143566482779,338143572867779,338143573774987,338143591115737,338143597783654,11968583,717125,338143597783654,338143592235404,-1,338143591115737,
0,117144317,338143582210123,338143582210123,0,338143582460695,338143582461862,338143582856154,338143582993612,338143634494026,338143582455112,16800285,338143583187779,338143592407695,338143593546154,338143608791279,338143615431320,9455291,673875,338143615431320,338143609970779,-1,338143608791279,
0,117144325,338143599010408,338143599010408,0,338143599383404,338143599385487,338143600082070,338143600279445,338143651294311,338143599375070,16800285,338143600569487,338143610142195,338143611704945,338143625870862,338143632548987,8246625,809958,338143632548987,338143627147237,-1,338143625870862,
0,117144333,338143615810693,338143615810693,0,338143616180404,338143616181987,338143616696487,338143616874862,338143668094596,338143616173237,16800285,338143617198487,338143627557612,338143628971654,338143641580987,338143648266654,7626542,679083,338143648266654,338143642658737,-1,338143641580987,
0,117144341,338143632610978,338143632610978,0,338143632995987,338143632997695,338143633556904,338143633778195,338143684894881,338143632987070,16800285,338143634139779,338143642829945,338143644160945,338143659448445,338143666080195,9441250,717500,338143666080195,338143660569862,-1,338143659448445,
0,117144349,338143649411263,338143649411263,0,338143649812070,338143649814320,338143650517112,338143650728570,338143701695166,338143649802737,16800285,338143651037737,338143660741029,338143661976029,338143676132237,338143682789154,8340000,919500,338143682789154,338143677521237,-1,338143676132237,
0,117144357,338143666211548,338143666211548,0,338143666550487,338143666552362,338143667110862,338143667289070,338143718495451,338143666542987,16800285,338143667573779,338143677719904,338143679065445,338143692259237,338143698905279,7704167,798375,338143698905279,338143693522945,-1,338143692259237,
0,117144365,338143683011833,338143683011833,0,338143683339695,338143683341404,338143683825404,338143684066195,338143735295736,338143683331612,16800285,338143684381904,338143693722695,338143695168904,338143708161195,338143714769070,8372708,670792,338143714769070,338143709521362,-1,338143708161195,
0,117144373,338143699812118,338143699812118,0,338143700186987,338143700188654,338143700694904,338143700876904,338143752096021,338143700179320,16800285,338143701117737,338143709722237,338143711034279,338143725159320,338143731776612,9646250,678083,338143731776612,338143726235945,-1,338143725159320,
0,117144381,338143716612403,338143716612403,0,338143717009404,338143717011487,338143717539362,338143717754195,338143768896306,338143716999862,16800285,338143718168945,338143726406279,338143727656195,338143743044570,338143749642779,9896917,720958,338143749642779,338143744161820,-1,338143743044570,
0,117144389,338143733412688,338143733412688,0,338143733825570,338143733827737,338143734309529,338143734546570,338143785696591,338143733816237,16800285,338143734920570,338143744335362,338143745563570,338143760123695,338143766994154,8834542,670583,338143766994154,338143761466654,-1,338143760123695,
0,117144397,338143750212973,338143750212973,0,338143750656112,338143750658445,338143751168904,338143751490737,338143802496876,338143750622362,16800285,338143751782529,338143761639570,338143762758654,338143777395029,338143784047445,8161083,990875,338143784047445,338143778866737,-1,338143777395029,
0,117144405,338143767013258,338143767013258,0,338143767360612,338143767362237,338143767921820,338143768150487,338143819297161,338143767352654,16800285,338143768404195,338143779069195,338143780706112,338143792909529,338143799575362,6919542,432333,338143799575362,338143793808570,-1,338143792909529,
0,117144413,338143783813543,338143783813543,0,338143784208445,338143784210279,338143784857362,338143785044487,338143836097446,338143784200529,16800285,338143785286070,338143794012737,338143795329820,338143809044904,338143815658279,9100250,376167,338143815658279,338143809819112,-1,338143809044904,
0,117144421,338143800613828,338143800613828,0,338143801061529,338143801063154,338143801525237,338143801709154,338143852897731,338143801053779,16800285,338143801951320,338143809990737,338143811330820,338143826689654,338143833329404,10344833,477667,338143833329404,338143827590487,-1,338143826689654,
0,117144429,338143817414113,338143817414113,0,338143817833904,338143817836029,338143818356445,338143818568279,338143869698016,338143817824570,16800285,338143818852279,338143827768070,338143829050862,338143843677362,338143850284404,9442667,381542,338143850284404,338143844516904,-1,338143843677362,
0,117144437,338143834214398,338143834214398,0,338143834608445,338143834610695,338143835124779,338143835410279,338143886498301,338143834598612,16800285,338143835696029,338143844691445,338143845820904,338143861605654,338143868240570,9413667,389917,338143868240570,338143862584029,-1,338143861605654,
0,117144445,338143851014683,338143851014683,0,338143851388570,338143851390279,338143851888529,338143852153987,338143903298586,338143851363529,16800285,338143852439320,338143862762362,338143863998320,338143878357154,338143885119529,7554334,456250,338143885119529,338143879438445,-1,338143878357154,
0,117144453,338143867814968,338143867814968,0,338143868174654,338143868176487,338143868717904,338143868909070,338143920098871,338143868166904,16800285,338143869163070,338143879645362,338143881328112,338143893937404,338143900595195,7211750,455042,338143900595195,338143894871820,-1,338143893937404,
0,117144461,338143884615253,338143884615253,0,338143884982029,338143884984279,338143885469279,338143885718695,338143936899156,338143884972987,16800285,338143886049820,338143895078237,338143896488570,338143909979779,338143916598445,8762750,482083,338143916598445,338143910868737,-1,338143909979779,
0,117144469,338143901415538,338143901415538,0,338143901831070,338143901833195,338143902337945,338143902608195,338143953699441,338143901821404,16800285,338143902905695,338143911047487,338143912315737,338143927039529,338143933791654,10032375,418291,338143933791654,338143927858529,-1,338143927039529,
0,117144477,338143918215823,338143918215823,0,338143918698445,338143918700570,338143919192654,338143919407154,338143970499726,338143918688279,16800285,338143919730904,338143928130570,338143929266487,338143945220404,338143951825904,9959709,393250,338143951825904,338143946027862,-1,338143945220404,
0,117144485,338143935016108,338143935016108,0,338143935423070,338143935425237,338143935910904,338143936262279,338143987300011,338143935413695,16800285,338143936581529,338143946205570,338143947339945,338143962516529,338143969159070,8800625,570833,338143969159070,338143963555070,-1,338143962516529,
0,117144493,338143951816393,338143951816393,0,338143952183445,338143952185612,338143952716029,338143952900320,338144004100296,338143952175279,16800285,338143953175779,338143963758904,338143965250237,338143978250404,338143984881529,7235125,564125,338143984881529,338143979289195,-1,338143978250404,
0,117144501,338143968616678,338143968616678,0,338143968951862,338143968953695,338143969444487,338143969626279,338144020900581,338143968944820,16800285,338143969866904,338143979492987,338143980956654,338143993899445,338144000517154,8381083,386708,338144000517154,338143994687404,-1,338143993899445,
0,117144509,338143985416963,338143985416963,0,338143985780820,338143985782445,338143986206487,338143986435195,338144037700866,338143985773195,16800285,338143986700070,338143994862487,338143996257904,338144011553487,338144018244654,10199209,432958,338144018244654,338144012477529,-1,338144011553487,
0,117144517,338144002217248,338144002217248,0,338144002668945,338144002671195,338144003180529,338144003425529,338144054501151,338144002658695,16800285,338144003729279,338144012655487,338144013875737,338144028298487,338144034920862,9256791,392792,338144034920862,338144029096154,-1,338144028298487,
0,117144525,338144019017533,338144019017533,0,338144019453570,338144019456112,338144019940112,338144020200945,338144071301436,338144019444029,16800285,338144020526362,338144029272195,338144030404029,338144043454904,338144050072570,9163500,433125,338144050072570,338144044252362,-1,338144043454904,
0,117144533,338144035817818,338144035817818,0,338144036444362,338144036446570,338144037105362,338144037476529,338144088101721,338144036434945,16800285,338144037960279,338144044414154,338144045435445,338144060282279,338144067027654,10665416,338792,338144067027654,338144060986487,-1,338144060282279,
0,117144541,338144052618103,338144052618103,0,338144052945445,338144052946737,338144053351195,338144053515112,338144104902006,338144052938737,16800285,338144053720279,338144061144987,338144062170862,338144076486904,338144083144987,10659792,322583,338144083144987,338144077150279,-1,338144076486904,
0,117144549,338144069418388,338144069418388,0,338144069781279,338144069782654,338144070298237,338144070448112,338144121702291,338144069774445,16800285,338144070641487,338144077302320,338144078263195,338144092935862,338144099574487,11440208,539750,338144099574487,338144093783029,-1,338144092935862,
0,117144557,338144086218673,338144086218673,0,338144086515904,338144086517154,338144086847237,338144086995487,338144138502576,338144086510154,16800285,338144087272654,338144093913529,338144094767612,338144110163987,338144116869237,11830542,574291,338144116869237,338144111089154,-1,338144110163987,
0,117144565,338144103018958,338144103018958,-283805337,338144103477570,338144103479029,338144105892154,338144106065404,338144155302861,338144103471695,16800285,338144106662612,338144111239945,338144112364320,338144127557195,338144134184570,10810917,780875,338144134184570,338144128728612,-1,338144127557195,
0,117144573,338144119819243,338144119819243,0,338144120142779,338144120144070,338144132255779,338144132414279,338144172103146,338144120136904,16800285,338144136326570,338144136459945,338144137778029,338144145099237,338144151863404,2235875,539292,338144151863404,338144145942529,-1,338144145099237,
0,117144581,338144136619528,338144136619528,0,338144138067529,338144138068695,338144138613487,338144138769820,338144188903431,338144138062279,16800285,338144138991987,338144146109862,338144147044654,338144161889570,338144170711320,9859958,593042,338144170711320,338144162792029,-1,338144161889570,
0,117144589,338144153419813,338144153419813,0,338144153681445,338144153682987,338144158821320,338144158999820,338144205703716,338144153676404,16800285,338144160462279,338144162923362,338144164173987,338144177769945,338144185942279,9360084,532417,338144185942279,338144178680362,-1,338144177769945,
0,117144597,338144170220098,338144170220098,0,338144170484404,338144170485654,338144171017612,338144171166195,338144222504001,338144170479362,16800285,338144171371404,338144178814320,338144179800237,338144193632529,338144201199737,10517042,541250,338144201199737,338144194483112,-1,338144193632529,
0,117144605,338144187020383,338144187020383,0,338144187266362,338144187267820,338144187791320,338144187947070,338144239304286,338144187261029,16800285,338144188235279,338144194618112,338144195538320,338144210409529,338144217537987,11566083,548334,338144217537987,338144211265320,-1,338144210409529,
0,117144613,338144203820668,338144203820668,0,338144204130529,338144204131779,338144204664362,338144204805695,338144256104571,338144204124945,16800285,338144205010154,338144211395279,338144212363737,338144228084362,338144234949029,11537958,544958,338144234949029,338144228925612,-1,338144228084362,
0,117144621,338144220620953,338144220620953,0,338144220884446,338144220885696,338144221395362,338144221603404,338144272904856,338144220878071,16800285,338144221821237,338144229058071,338144229978654,338144243888862,338144250588779,10768584,533875,338144250588779,338144244767321,-1,338144243888862,
0,117144629,338144237421238,338144237421238,0,338144237718904,338144237720196,338144238296237,338144238442154,338144289705141,338144237713154,16800285,338144238655362,338144244896154,338144245791571,338144260587737,338144267395446,11720750,547250,338144267395446,338144261444446,-1,338144260587737,
0,117144637,338144254221523,338144254221523,0,338144254496654,338144254497821,338144255010654,338144255156154,338144306505426,338144254491487,16800285,338144255370237,338144261574446,338144262482112,338144277174029,338144283752821,11850875,538042,338144283752821,338144278031071,-1,338144277174029,
0,117144645,338144271021808,338144271021808,0,338144271280904,338144271282154,338144271815029,338144272064737,338144323305711,338144271275696,16800285,338144272495529,338144278158321,338144279074112,338144293893487,338144300431779,12025708,289167,338144300431779,338144294488487,-1,338144293893487,
0,117144653,338144287822093,338144287822093,0,338144288126904,338144288128154,338144288612821,338144288766071,338144340105996,338144288121029,16800285,338144288981196,338144294666237,338144295560946,338144311609237,338144318249696,12406167,327167,338144318249696,338144312346571,-1,338144311609237,
0,117144661,338144304622378,338144304622378,0,338144304875696,338144304876696,338144305343237,338144305489321,338144356906281,338144304870279,16800285,338144305695987,338144312489029,338144313475237,338144329612654,338144336164571,11382583,594084,338144336164571,338144330565654,-1,338144329612654,
0,117144669,338144321422663,338144321422663,0,338144321724654,338144321725987,338144322237529,338144322393487,338144373706566,338144321718737,16800285,338144322605404,338144330710904,338144331717112,338144345325112,338144351879529,10556417,600458,338144351879529,338144346268779,-1,338144345325112,
0,117144677,338144338222948,338144338222948,0,338144338526446,338144338527737,338144339006404,338144339154446,338144390506851,338144338520279,16800285,338144339334362,338144346408779,338144347370112,338144361430904,338144367927029,11034375,607250,338144367927029,338144362343529,-1,338144361430904,
0,117144685,338144355023233,338144355023233,0,338144355282529,338144355284237,338144355726029,338144355866529,338144407307136,338144355277487,16800285,338144356070821,338144362472696,338144363417404,338144378116987,338144384623904,11688000,612458,338144384623904,338144379029987,-1,338144378116987,
0,117144693,338144371823518,338144371823518,0,338144372111112,338144372112154,338144372551862,338144372693362,338144424107421,338144372105529,16800285,338144372841904,338144379158404,338144380152321,338144395156696,338144401701112,11776500,306208,338144401701112,338144395762154,-1,338144395156696,
0,117144701,338144388623803,338144388623803,0,338144388881946,338144388883362,338144389335696,338144389477362,338144440907706,338144388876404,16800285,338144389624196,338144395972404,338144396937696,338144412116779,338144418610487,11948334,306875,338144418610487,338144412842904,-1,338144412116779,
0,117144709,338144405424088,338144405424088,0,338144405678029,338144405679362,338144406440404,338144406591321,338144457707991,338144405672987,16800285,338144406749112,338144412974529,338144413935529,338144430812404,338144437438487,12328250,482834,338144437438487,338144431763237,-1,338144430812404,
0,117144717,338144422224373,338144422224373,0,338144422476946,338144422478279,338144432990362,338144433204154,338144474508276,338144422472029,16800285,338144433333196,338144433589321,338144435487571,338144446746654,338144453281571,7319667,417625,338144453281571,338144447597362,-1,338144446746654,
0,117144725,338144439024658,338144439024658,0,338144439408654,338144439410237,338144439890279,338144440129571,338144491308561,338144439400987,16800285,338144440173946,338144447774612,338144448787321,338144463452987,338144470049612,10938166,411709,338144470049612,338144464261737,-1,338144463452987,
0,117144733,338144455824943,338144455824943,0,338144456188237,338144456189904,338144456684654,338144456868904,338144508108846,338144456181154,16800285,338144456914529,338144464420821,338144465299112,338144480636279,338144487175237,11314625,383333,338144487175237,338144481418529,-1,338144480636279,
0,117144741,338144472625228,338144472625228,0,338144473105612,338144473107279,338144473606904,338144473798862,338144524909131,338144473096321,16800285,338144473845571,338144481581404,338144482430904,338144497865529,338144504393279,11288417,398125,338144504393279,338144498660321,-1,338144497865529,
0,117144749,338144489425513,338144489425513,0,338144489871529,338144489873612,338144490439571,338144490679571,338144541709416,338144489861487,16800285,338144490730071,338144498822154,338144499672237,338144515497946,338144522033946,10747125,603417,338144522033946,338144516548612,-1,338144515497946,
0,117144757,338144506225798,338144506225798,0,338144506632987,338144506635362,338144507310154,338144507522071,338144558509701,338144506623196,16800285,338144507571529,338144516713696,338144517668237,338144530469154,338144537148779,9265959,683709,338144537148779,338144531546487,-1,338144530469154,
0,117144765,338144523026083,338144523026083,0,338144523375571,338144523377237,338144524092071,338144524282237,338144575309986,338144523367821,16800285,338144524329112,338144531698696,338144532554029,338144547716612,338144554346237,11227000,855875,338144554346237,338144549103071,-1,338144547716612,
0,117144773,338144539826368,338144539826368,0,338144540513987,338144540516029,338144541009904,338144541190821,338144592110271,338144540506362,16800285,338144541236737,338144549259862,338144550125237,338144565454612,338144572298321,10383041,480917,338144572298321,338144566466987,-1,338144565454612,
0,117144781,338144556626653,338144556626653,0,338144556934487,338144556935946,338144575345779,338144577620779,338144608910556,338144556927071,16800285,338144582497154,338144582673196,338144583769404,338144587751779,338144592419154,28916,796375,338144592419154,338144589093321,-1,338144587751779,
0,117144789,338144573426938,338144573426938,0,338144584496237,338144584498362,338144586133737,338144586367612,338144625710841,338144584485237,16800285,338144586914696,338144589261571,338144590252237,338144604926071,338144610287404,3996042,398208,338144610287404,338144605733196,-1,338144604926071,
0,117144797,338144590227223,338144590227223,0,338144591087279,338144591089362,338144594520654,338144594734487,338144642511126,338144591075654,16800285,338144594784737,338144606035321,338144606933029,338144618621112,338144623961529,3878500,371750,338144623961529,338144619374696,-1,338144618621112,
0,117144805,338144607027508,338144607027508,0,338144607466862,338144607468737,338144610164071,338144610417987,338144659311411,338144607459279,16800285,338144610465737,338144619537946,338144620622529,338144636958154,338144642241946,7069958,400125,338144642241946,338144637790154,-1,338144636958154,
0,117144813,338144623827793,338144623827793,0,338144624232529,338144624234071,338144625609737,338144625853904,338144676111696,338144624224446,16800285,338144626211029,338144637964571,338144639043946,338144650280612,338144655559196,5449292,400250,338144655559196,338144651086654,-1,338144650280612,
0,117144821,338144640628078,338144640628078,0,338144640972821,338144640974237,338144642332529,338144642539904,338144692911981,338144640965487,16800285,338144643091362,338144651262154,338144656970571,338144667388029,338144674111196,4329375,454417,338144674111196,338144668234571,-1,338144667388029,
0,117144829,338144657428363,338144657428363,0,338144657808029,338144657809904,338144659490946,338144659697362,338144709712266,338144657799404,16800285,338144660216696,338144668419237,338144669426196,338144682772571,338144689535112,8855834,739959,338144689535112,338144683911946,-1,338144682772571,
0,117144837,338144674228648,338144674228648,0,338144674620987,338144674623029,338144676098821,338144676319487,338144726512551,338144674612196,16800285,338144676791071,338144684104404,338144684993946,338144700987571,338144707731196,10362125,577417,338144707731196,338144702029904,-1,338144700987571,
0,117144845,338144691028933,338144691028933,0,338144691413321,338144691415154,338144693014071,338144693369196,338144743312836,338144691405612,16800285,338144693891904,338144702226446,338144703383696,338144718399487,338144725219487,8314250,549625,338144725219487,338144719404237,-1,338144718399487,
0,117144853,338144707829218,338144707829218,0,338144708217862,338144708219862,338144709570404,338144709852112,338144760113121,338144708209946,16800285,338144710241571,338144719595612,338144720791862,338144733252654,338144739993779,7768750,571458,338144739993779,338144734312071,-1,338144733252654,
0,117144861,338144724629503,338144724629503,0,338144725011571,338144725013362,338144726342612,338144726539237,338144776913406,338144725003404,16800285,338144726916237,338144734506571,338144735708987,338144749629487,338144756367904,9931625,683209,338144756367904,338144750709154,-1,338144749629487,
0,117144869,338144741429788,338144741429788,0,338144741843821,338144741845987,338144743394404,338144743789696,338144793713691,338144741834071,16800285,338144744321821,338144750874362,338144751878529,338144767076321,338144773897571,10681791,725583,338144773897571,338144768306487,-1,338144767076321,
0,117144877,338144758230073,338144758230073,0,338144758667779,338144758669862,338144760361612,338144760632029,338144810513976,338144758658112,16800285,338144761193196,338144768487362,338144769378279,338144784275904,338144791021071,9901792,809875,338144791021071,338144785647154,-1,338144784275904,
0,117144885,338144775030358,338144775030358,0,338144775439071,338144775441321,338144777087029,338144777317779,338144827314261,338144775429571,16800285,338144778016946,338144785812404,338144786708487,338144801189862,338144807991904,9201750,813917,338144807991904,338144802466237,-1,338144801189862,
0,117144893,338144791830643,338144791830643,0,338144792203821,338144792205446,338144793372696,338144793564571,338144844114546,338144792196571,16800285,338144793985529,338144802658821,338144803837571,338144817036696,338144823800654,8678459,1056458,338144823800654,338144818578612,-1,338144817036696,
0,117144901,338144808630928,338144808630928,0,338144809000946,338144809002696,338144810274612,338144810467821,338144860914831,338144808993654,16800285,338144810846571,338144818774612,338144819935071,338144833806612,338144840535737,9393000,753875,338144840535737,338144834954612,-1,338144833806612,
0,117144909,338144825431213,338144825431213,0,338144825863737,338144825865946,338144827153237,338144827505696,338144877715116,338144825842237,16800285,338144827988112,338144835116654,338144836259196,338144850563696,338144857196529,10207542,397458,338144857196529,338144851472529,-1,338144850563696,
0,117144917,338144842231498,338144842231498,0,338144842646029,338144842648112,338144844898321,338144845145154,338144894515401,338144842636487,16800285,338144845664112,338144851645154,338144852753696,338144867853237,338144874608696,10395500,714416,338144874608696,338144869066946,-1,338144867853237,
0,117144925,338144859031783,338144859031783,0,338144859511112,338144859513196,338144859904029,338144860234112,338144911315686,338144859500779,16800285,338144860678321,338144869231904,338144870112946,338144884574987,338144891281862,9927125,455208,338144891281862,338144885500779,-1,338144884574987,
0,117144933,338144875832068,338144875832068,0,338144876210487,338144876212237,338144876559112,338144876781154,338144928115971,338144876202737,16800285,338144877427612,338144885697821,338144886726779,338144900218612,338144906769529,9839583,296584,338144906769529,338144900820446,-1,338144900218612,
0,117144941,338144892632353,338144892632353,0,338144892992321,338144892993987,338144893313821,338144893551029,338144944916256,338144892983571,16800285,338144893848612,338144900954279,338144901704071,338144918068821,338144924505613,11894959,488416,338144924505613,338144919006738,-1,338144918068821,
---PROFILEDATA---


View hierarchy:

  com.auroratv.lab/com.auroratv.MainActivity/android.view.ViewRootImpl@bc636a8
  357 views, 634.99 kB of render nodes


Total ViewRootImpl   : 1
Total attached Views : 357
Total RenderNode     : 634.99 kB (used) / 2550.89 kB (capacity)

