16683333
0	0	0
0	0	0
0	0	0
0	0	0
0	0	0
0	0	0
0	0	0
0	0	0
0	0	0
0	0	0
0	0	0
0	0	0
0	0	0
0	0	0
0	0	0
0	0	0
0	0	0
0	0	0
0	0	0
0	0	0
0	0	0
0	0	0
0	0	0
0	0	0
0	0	0
0	0	0
0	0	0
0	0	0
0	0	0
0	0	0
0	0	0
0	0	0
0	0	0
0	0	0
0	0	0
0	0	0
0	0	0
0	0	0
0	0	0
0	0	0
0	0	0
0	0	0
0	0	0
0	0	0
0	0	0
0	0	0
0	0	0
0	0	0
0	0	0
0	0	0
0	0	0
0	0	0
0	0	0
0	0	0
0	0	0
0	0	0
0	0	0
0	0	0
0	0	0
0	0	0
0	0	0
0	0	0
0	0	0
0	0	0
0	0	0
0	0	0
0	0	0
0	0	0
0	0	0
0	0	0
0	0	0
0	0	0
0	0	0
0	0	0
0	0	0
0	0	0
0	0	0
0	0	0
0	0	0
0	0	0
0	0	0
0	0	0
0	0	0
0	0	0
0	0	0
0	0	0
0	0	0
0	0	0
0	0	0
0	0	0
0	0	0
0	0	0
0	0	0
0	0	0
0	0	0
0	0	0
0	0	0
0	0	0
0	0	0
0	0	0
0	0	0
0	0	0
0	0	0
0	0	0
0	0	0
0	0	0
0	0	0
0	0	0
0	0	0
0	0	0
0	0	0
0	0	0
0	0	0
0	0	0
0	0	0
0	0	0
0	0	0
0	0	0
0	0	0
0	0	0
0	0	0
0	0	0
0	0	0
0	0	0
0	0	0
0	0	0
0	0	0

===
16683333
0	0	0
0	0	0
0	0	0
0	0	0
0	0	0
0	0	0
0	0	0
0	0	0
0	0	0
0	0	0
0	0	0
0	0	0
0	0	0
0	0	0
0	0	0
0	0	0
0	0	0
0	0	0
0	0	0
0	0	0
0	0	0
0	0	0
0	0	0
0	0	0
0	0	0
0	0	0
0	0	0
0	0	0
0	0	0
0	0	0
0	0	0
0	0	0
0	0	0
0	0	0
0	0	0
0	0	0
0	0	0
0	0	0
0	0	0
0	0	0
0	0	0
0	0	0
0	0	0
0	0	0
0	0	0
0	0	0
0	0	0
0	0	0
0	0	0
0	0	0
0	0	0
0	0	0
0	0	0
0	0	0
0	0	0
0	0	0
0	0	0
0	0	0
0	0	0
0	0	0
0	0	0
0	0	0
0	0	0
0	0	0
0	0	0
0	0	0
0	0	0
0	0	0
0	0	0
0	0	0
0	0	0
0	0	0
0	0	0
0	0	0
0	0	0
0	0	0
0	0	0
0	0	0
0	0	0
0	0	0
0	0	0
0	0	0
0	0	0
0	0	0
0	0	0
0	0	0
0	0	0
0	0	0
0	0	0
0	0	0
0	0	0
0	0	0
0	0	0
0	0	0
0	0	0
0	0	0
0	0	0
0	0	0
338081851020582	338081871215278	338081863673291
338081874419916	338081887898611	338081889566541
338081893170499	338081904581944	338081908251582
338081916321707	338081921265277	338081921402874
338081931003207	338081937948610	338081936069374
338081939903707	338081954631943	338081946368374
338081949142499	338081971315276	338081955661207
338081970790624	338081987998609	338081977319791
338081984305457	338082004681942	338081990824666
338081999207916	338082021365275	338082005694374
338082016295291	338082038048608	338082022755291
338082034015708	338082054731941	338082040464541
338082051932583	338082071415274	338082058371583
338082068374624	338082088098607	338082074828749
338082086728374	338082104781940	338082093165208
338082105257374	338082121465273	338082111680249
338082118444416	338082138148606	338082124847499
338082133667666	338082154831939	338082140053999
338082153032833	338082171515272	338082159397541
338082169994791	338082188198605	338082176292374
338082185142541	338082204881938	338082191396416
338082773946041	338082788798593	338082793563750
338082810174750	338082822165259	338082832472583
338082824396916	338082855531925	338082855404333
338082846367791	338082872215258	338082878846750
338082878791416	338082888898591	338082896697041
338082906303958	338082905581924	338082917539666
338082919758416	338082922265257	338082928585125
338082925249958	338082938948590	338082939098500

===
16683333
0	0	0
0	0	0
0	0	0
0	0	0
0	0	0
0	0	0
0	0	0
0	0	0
0	0	0
0	0	0
0	0	0
0	0	0
0	0	0
0	0	0
0	0	0
0	0	0
0	0	0
0	0	0
0	0	0
0	0	0
0	0	0
0	0	0
0	0	0
0	0	0
0	0	0
0	0	0
0	0	0
0	0	0
0	0	0
0	0	0
0	0	0
0	0	0
0	0	0
0	0	0
338081851020582	338081871215278	338081863673291
338081874419916	338081887898611	338081889566541
338081893170499	338081904581944	338081908251582
338081916321707	338081921265277	338081921402874
338081931003207	338081937948610	338081936069374
338081939903707	338081954631943	338081946368374
338081949142499	338081971315276	338081955661207
338081970790624	338081987998609	338081977319791
338081984305457	338082004681942	338081990824666
338081999207916	338082021365275	338082005694374
338082016295291	338082038048608	338082022755291
338082034015708	338082054731941	338082040464541
338082051932583	338082071415274	338082058371583
338082068374624	338082088098607	338082074828749
338082086728374	338082104781940	338082093165208
338082105257374	338082121465273	338082111680249
338082118444416	338082138148606	338082124847499
338082133667666	338082154831939	338082140053999
338082153032833	338082171515272	338082159397541
338082169994791	338082188198605	338082176292374
338082185142541	338082204881938	338082191396416
338082773946041	338082788798593	338082793563750
338082810174750	338082822165259	338082832472583
338082824396916	338082855531925	338082855404333
338082846367791	338082872215258	338082878846750
338082878791416	338082888898591	338082896697041
338082906303958	338082905581924	338082917539666
338082919758416	338082922265257	338082928585125
338082925249958	338082938948590	338082939098500
338082947548875	338082955631923	338082957510791
338082967980291	338082972315256	338082977560000
338082980607125	338082988998589	338082990266208
338082994388291	338083005681922	338083003998416
338083009723250	338083022365255	338083019349791
338083027705083	338083039048588	338083037349333
338083044141875	338083055731921	338083053710125
338083061371166	338083072415254	338083070910291
338083079839916	338083089098587	338083088663666
338083095133583	338083105781920	338083098849666
338083111557291	338083122465253	338083115378041
338083128523625	338083139148586	338083132161875
338083145230666	338083155831919	338083148959500
338083163843541	338083172515252	338083167495250
338083179107708	338083189198585	338083182834166
338083196487250	338083205881918	338083199995250
338083212598666	338083222565251	338083216313166
338083231136291	338083239248584	338083234871291
338083246291041	338083255931917	338083249941125
338083268700500	338083272615250	338083272431125
338083293535541	338083289298583	338083298522083
338083306309125	338083322665249	338083309850750
338083317575250	338083339348582	338083322581083
338083419624917	338083439448580	338083424620292
338083431358708	338083456131913	338083442880875
338083463891125	338083489498579	338083475289750
338083475532667	338083506181912	338083487238250
338083495527333	338083522865245	338083506491875
338083513673833	338083539548578	338083524550708
338083529767583	338083556231911	338083535033958
338083549489833	338083572915244	338083552932500
338083564391542	338083589598577	338083567910083
338083582894542	338083606281910	338083586413875
338083600091542	338083622965243	338083603534542
338083616490375	338083639648576	338083619998083
338083634414125	338083656331909	338083637993625
338083651640208	338083673015242	338083655091708
338083667140458	338083689698575	338083670632208
338083682798792	338083706381908	338083686198333
338083698658792	338083723065241	338083702111833
338083713196125	338083739748574	338083716712042
338083729767000	338083756431907	338083733210500
338083747055333	338083773115240	338083750562333
338083763663125	338083789798573	338083767300000
338083784104792	338083806481906	338083788729583
338083797730208	338083823165239	338083802353458
338083814490875	338083839848572	338083819224333
338083887775708	338083889898571	338083892417708
338083909720458	338083923265237	338083914048792
338083942895500	338083956631903	338083946835958
338083948240250	338083973315236	338083951737208
338083964580583	338083989998569	338083969119833
338083981710667	338084006681902	338083986526250
338083998397833	338084023365235	338084002901000
338084014706958	338084040048568	338084019184750
338084031677917	338084056731901	338084036193917
338084048687125	338084073415234	338084053052250
338084067346000	338084090098567	338084071699750
338084084360208	338084106781900	338084088849125
338084101586125	338084123465233	338084105894792
338084119262500	338084140148566	338084123694292
338084134888250	338084156831899	338084139323417
338084153314250	338084173515232	338084157614042
338084167786834	338084190198565	338084172123500

===
16683333
338082925249958	338082938948590	338082939098500
338082947548875	338082955631923	338082957510791
338082967980291	338082972315256	338082977560000
338082980607125	338082988998589	338082990266208
338082994388291	338083005681922	338083003998416
338083009723250	338083022365255	338083019349791
338083027705083	338083039048588	338083037349333
338083044141875	338083055731921	338083053710125
338083061371166	338083072415254	338083070910291
338083079839916	338083089098587	338083088663666
338083095133583	338083105781920	338083098849666
338083111557291	338083122465253	338083115378041
338083128523625	338083139148586	338083132161875
338083145230666	338083155831919	338083148959500
338083163843541	338083172515252	338083167495250
338083179107708	338083189198585	338083182834166
338083196487250	338083205881918	338083199995250
338083212598666	338083222565251	338083216313166
338083231136291	338083239248584	338083234871291
338083246291041	338083255931917	338083249941125
338083268700500	338083272615250	338083272431125
338083293535541	338083289298583	338083298522083
338083306309125	338083322665249	338083309850750
338083317575250	338083339348582	338083322581083
338083419624917	338083439448580	338083424620292
338083431358708	338083456131913	338083442880875
338083463891125	338083489498579	338083475289750
338083475532667	338083506181912	338083487238250
338083495527333	338083522865245	338083506491875
338083513673833	338083539548578	338083524550708
338083529767583	338083556231911	338083535033958
338083549489833	338083572915244	338083552932500
338083564391542	338083589598577	338083567910083
338083582894542	338083606281910	338083586413875
338083600091542	338083622965243	338083603534542
338083616490375	338083639648576	338083619998083
338083634414125	338083656331909	338083637993625
338083651640208	338083673015242	338083655091708
338083667140458	338083689698575	338083670632208
338083682798792	338083706381908	338083686198333
338083698658792	338083723065241	338083702111833
338083713196125	338083739748574	338083716712042
338083729767000	338083756431907	338083733210500
338083747055333	338083773115240	338083750562333
338083763663125	338083789798573	338083767300000
338083784104792	338083806481906	338083788729583
338083797730208	338083823165239	338083802353458
338083814490875	338083839848572	338083819224333
338083887775708	338083889898571	338083892417708
338083909720458	338083923265237	338083914048792
338083942895500	338083956631903	338083946835958
338083948240250	338083973315236	338083951737208
338083964580583	338083989998569	338083969119833
338083981710667	338084006681902	338083986526250
338083998397833	338084023365235	338084002901000
338084014706958	338084040048568	338084019184750
338084031677917	338084056731901	338084036193917
338084048687125	338084073415234	338084053052250
338084067346000	338084090098567	338084071699750
338084084360208	338084106781900	338084088849125
338084101586125	338084123465233	338084105894792
338084119262500	338084140148566	338084123694292
338084134888250	338084156831899	338084139323417
338084153314250	338084173515232	338084157614042
338084167786834	338084190198565	338084172123500
338084186019084	338084206881898	338084190284709
338084201040875	338084223565231	338084205436667
338084217438834	338084240248564	338084221846917
338084240960584	338084256931897	338084245558625
338084253177167	338084273615230	338084259159250
338084275194959	338084290298563	338084281152209
338084293877709	338084306981896	338084298595542
338084372508417	338084373715228	338084376833875
338084390866542	338084407081894	338084400153375
338084422006709	338084423765227	338084430403875
338084426776584	338084440448560	338084438035167
338084435114167	338084457131893	338084445606250
338084451924834	338084473815226	338084459528459
338084469515542	338084490498559	338084477057625
338084485317625	338084507181892	338084490466334
338084502256209	338084523865225	338084505736375
338084518944500	338084540548558	338084522371792
338084535724125	338084557231891	338084539182709
338084554891292	338084573915224	338084558397834
338084571554167	338084590598557	338084574969000
338084589664917	338084607281890	338084593046875
338084606135334	338084623965223	338084609542459
338084623698042	338084640648556	338084627023792
338084639885709	338084657331889	338084643172250
338084656159084	338084674015222	338084659391500
338084673492125	338084690698555	338084676852750
338084688795459	338084707381888	338084692222667
338084705578334	338084724065221	338084708554625
338084722468750	338084740748554	338084726257417
338084739448709	338084757431887	338084744164917
338084763468500	338084774115220	338084768147417
338084780091334	338084790798553	338084784933042
338084855097126	338084857531885	338084859859667
338084870859167	338084874215218	338084875178542
338084916531917	338084924265217	338084924893417
338084922395667	338084940948550	338084932604334
338084938902251	338084957631883	338084946579459
338084955511459	338084974315216	338084963070834
338084973025501	338084990998549	338084980557876
338084989044876	338085007681882	338084996530667
338085007415251	338085024365215	338085014776459
338085023342417	338085041048548	338085026800376
338085041360917	338085057731881	338085044786292
338085058785084	338085074415214	338085062203917
338085075952626	338085091098547	338085079421709
338085092546667	338085107781880	338085096078209
338085109437834	338085124465213	338085112895459
338085126361542	338085141148546	338085130712209
338085144822334	338085157831879	338085149118126
338085159281584	338085174515212	338085163596042
338085175222834	338085191198545	338085179676001
338085192390417	338085207881878	338085196548209
338085213658917	338085224565211	338085218644001
338085234122084	338085241248544	338085242780334
338085250711834	338085257931877	338085256656084
338085267481167	338085274615210	338085273485584
338085339456417	338085341348542	338085347591626
338085352594126	338085358031875	338085359922126
338085385250209	338085391398541	338085391894042
338085391260251	338085408081874	338085398046584
338085409404459	338085424765207	338085415562376
338085426147667	338085441448540	338085432245084

===
16683333
338084217438834	338084240248564	338084221846917
338084240960584	338084256931897	338084245558625
338084253177167	338084273615230	338084259159250
338084275194959	338084290298563	338084281152209
338084293877709	338084306981896	338084298595542
338084372508417	338084373715228	338084376833875
338084390866542	338084407081894	338084400153375
338084422006709	338084423765227	338084430403875
338084426776584	338084440448560	338084438035167
338084435114167	338084457131893	338084445606250
338084451924834	338084473815226	338084459528459
338084469515542	338084490498559	338084477057625
338084485317625	338084507181892	338084490466334
338084502256209	338084523865225	338084505736375
338084518944500	338084540548558	338084522371792
338084535724125	338084557231891	338084539182709
338084554891292	338084573915224	338084558397834
338084571554167	338084590598557	338084574969000
338084589664917	338084607281890	338084593046875
338084606135334	338084623965223	338084609542459
338084623698042	338084640648556	338084627023792
338084639885709	338084657331889	338084643172250
338084656159084	338084674015222	338084659391500
338084673492125	338084690698555	338084676852750
338084688795459	338084707381888	338084692222667
338084705578334	338084724065221	338084708554625
338084722468750	338084740748554	338084726257417
338084739448709	338084757431887	338084744164917
338084763468500	338084774115220	338084768147417
338084780091334	338084790798553	338084784933042
338084855097126	338084857531885	338084859859667
338084870859167	338084874215218	338084875178542
338084916531917	338084924265217	338084924893417
338084922395667	338084940948550	338084932604334
338084938902251	338084957631883	338084946579459
338084955511459	338084974315216	338084963070834
338084973025501	338084990998549	338084980557876
338084989044876	338085007681882	338084996530667
338085007415251	338085024365215	338085014776459
338085023342417	338085041048548	338085026800376
338085041360917	338085057731881	338085044786292
338085058785084	338085074415214	338085062203917
338085075952626	338085091098547	338085079421709
338085092546667	338085107781880	338085096078209
338085109437834	338085124465213	338085112895459
338085126361542	338085141148546	338085130712209
338085144822334	338085157831879	338085149118126
338085159281584	338085174515212	338085163596042
338085175222834	338085191198545	338085179676001
338085192390417	338085207881878	338085196548209
338085213658917	338085224565211	338085218644001
338085234122084	338085241248544	338085242780334
338085250711834	338085257931877	338085256656084
338085267481167	338085274615210	338085273485584
338085339456417	338085341348542	338085347591626
338085352594126	338085358031875	338085359922126
338085385250209	338085391398541	338085391894042
338085391260251	338085408081874	338085398046584
338085409404459	338085424765207	338085415562376
338085426147667	338085441448540	338085432245084
338085443469959	338085458131873	338085446986792
338085461044709	338085474815206	338085464644751
338085478000376	338085491498539	338085481493667
338085493844042	338085508181872	338085497325501
338085510437376	338085524865205	338085513854376
338085526862376	338085541548538	338085530303751
338085545898793	338085558231871	338085549334751
338085563500001	338085574915204	338085566803251
338085579623918	338085591598537	338085583060626
338085596077876	338085608281870	338085599468543
338085615413709	338085624965203	338085618798584
338085629276501	338085641648536	338085632730001
338085645665959	338085658331869	338085649085334
338085663048334	338085675015202	338085666350293
338085680788709	338085708381868	338085684168834
338085696573084	338085725065201	338085706069293
338085714246959	338085741748534	338085717107834
338085730079209	338085758431867	338085733615876
338085747830459	338085775115200	338085752350793
338085763471584	338085791798533	338085768131459
338085779549959	338085808481866	338085784255084
338085854728793	338085875215198	338085862706793
338085870180459	338085891898531	338085877650876
338085900524168	338085908581864	338085907184168
338085905903084	338085925265197	338085913297084
338085913838751	338085941948530	338085919942168
338085930834751	338085958631863	338085936844126
338085947366043	338085975315196	338085953385584
338085963811668	338085991998529	338085969815543
338085980702126	338086008681862	338085985646209
338085998396918	338086025365195	338086001849251
338086014106584	338086042048528	338086017547876
338086033849709	338086058731861	338086037228959
338086049504834	338086075415194	338086052943959
338086067218709	338086092098527	338086070685418
338086085320751	338086108781860	338086088790834
338086103413918	338086125465193	338086106786334
338086117498626	338086142148526	338086120858084
338086134150251	338086158831859	338086137507293
338086151389043	338086175515192	338086154743543
338086166367418	338086192198525	338086169788918
338086183641709	338086208881858	338086187138876
338086204555335	338086225565191	338086208191543
338086219226210	338086242248524	338086223866126
338086240519168	338086258931857	338086245203418
338086257817751	338086275615190	338086262627918
338086326818001	338086342348522	338086332918376
338086342752460	338086359031855	338086348326210
338086376041210	338086392398521	338086381025543
338086381868501	338086409081854	338086386510918
338086400763626	338086425765187	338086405348793
338086417397626	338086442448520	338086421936168
338086434874710	338086459131853	338086439276168
338086451078001	338086475815186	338086455499085
338086467965918	338086492498519	338086472443543
338086484681543	338086509181852	338086489140460
338086501272251	338086525865185	338086505693793
338086519429918	338086542548518	338086523802918
338086537347418	338086559231851	338086541598710
338086553956918	338086575915184	338086558355751
338086570593293	338086592598517	338086574959876
338086588695210	338086609281850	338086593034751
338086604188710	338086625965183	338086608519335
338086622053001	338086642648516	338086626561918
338086639425835	338086659331849	338086643773835
338086655693626	338086676015182	338086660189501
338086671892626	338086692698515	338086676244043

===
16683333
338085680788709	338085708381868	338085684168834
338085696573084	338085725065201	338085706069293
338085714246959	338085741748534	338085717107834
338085730079209	338085758431867	338085733615876
338085747830459	338085775115200	338085752350793
338085763471584	338085791798533	338085768131459
338085779549959	338085808481866	338085784255084
338085854728793	338085875215198	338085862706793
338085870180459	338085891898531	338085877650876
338085900524168	338085908581864	338085907184168
338085905903084	338085925265197	338085913297084
338085913838751	338085941948530	338085919942168
338085930834751	338085958631863	338085936844126
338085947366043	338085975315196	338085953385584
338085963811668	338085991998529	338085969815543
338085980702126	338086008681862	338085985646209
338085998396918	338086025365195	338086001849251
338086014106584	338086042048528	338086017547876
338086033849709	338086058731861	338086037228959
338086049504834	338086075415194	338086052943959
338086067218709	338086092098527	338086070685418
338086085320751	338086108781860	338086088790834
338086103413918	338086125465193	338086106786334
338086117498626	338086142148526	338086120858084
338086134150251	338086158831859	338086137507293
338086151389043	338086175515192	338086154743543
338086166367418	338086192198525	338086169788918
338086183641709	338086208881858	338086187138876
338086204555335	338086225565191	338086208191543
338086219226210	338086242248524	338086223866126
338086240519168	338086258931857	338086245203418
338086257817751	338086275615190	338086262627918
338086326818001	338086342348522	338086332918376
338086342752460	338086359031855	338086348326210
338086376041210	338086392398521	338086381025543
338086381868501	338086409081854	338086386510918
338086400763626	338086425765187	338086405348793
338086417397626	338086442448520	338086421936168
338086434874710	338086459131853	338086439276168
338086451078001	338086475815186	338086455499085
338086467965918	338086492498519	338086472443543
338086484681543	338086509181852	338086489140460
338086501272251	338086525865185	338086505693793
338086519429918	338086542548518	338086523802918
338086537347418	338086559231851	338086541598710
338086553956918	338086575915184	338086558355751
338086570593293	338086592598517	338086574959876
338086588695210	338086609281850	338086593034751
338086604188710	338086625965183	338086608519335
338086622053001	338086642648516	338086626561918
338086639425835	338086659331849	338086643773835
338086655693626	338086676015182	338086660189501
338086671892626	338086692698515	338086676244043
338086690641293	338086709381848	338086694921918
338086705184251	338086726065181	338086709564001
338086720310376	338086742748514	338086724751710
338086737925626	338086759431847	338086742281251
338086754491793	338086776115180	338086758759376
338086770706335	338086792798513	338086775032543
338086787664543	338086809481846	338086791988126
338086804070043	338086826165179	338086808446085
338086820878043	338086842848512	338086825246501
338086837165210	338086859531845	338086841532043
338086854171210	338086876215178	338086858535085
338086871888751	338086892898511	338086876225960
338086890011418	338086909581844	338086894353668
338086909001877	338086926265177	338086913356627
338086922736585	338086942948510	338086927089043
338086942184252	338086959631843	338086946558460
338086955451627	338086976315176	338086959827002
338086973415418	338086992998509	338086977952585
338086990458418	338087009681842	338086995567960
338087005887460	338087026365175	338087011189460
338087022542335	338087043048508	338087027999502
338087039754293	338087059731841	338087045213585
338087055728002	338087076415174	338087060231460
338087075458085	338087093098507	338087079918960
338087093961168	338087109781840	338087098479043
338087106437627	338087126465173	338087111093460
338087123162043	338087143148506	338087127100085
338087140200293	338087159831839	338087143690460
338087156718002	338087176515172	338087160291877
338087173718252	338087193198505	338087177240210
338087190545377	338087209881838	338087194017543
338087207407210	338087226565171	338087210904835
338087224318418	338087243248504	338087227817127
338087241210668	338087259931837	338087244723252
338087258170960	338087276615170	338087261654793
338087274320293	338087293298503	338087277819918
338087294029168	338087309981836	338087298615585
338087310327168	338087326665169	338087314904668
338087327379377	338087343348502	338087331873627
338087344424418	338087360031835	338087349040627
338087362054502	338087376715168	338087366460043
338087379215252	338087393398501	338087383669543
338087394664918	338087410081834	338087399195502
338087410727835	338087426765167	338087414318793
338087427088085	338087443448500	338087430569793
338087445492210	338087460131833	338087448822710
338087461059793	338087476815166	338087465148002
338087477222543	338087493498499	338087481359168
338087492836335	338087510181832	338087497105377
338087509721460	338087526865165	338087514027252
338087526485085	338087543548498	338087530853960
338087546538460	338087560231831	338087551013168
338087563084960	338087576915164	338087567685043
338087576905002	338087593598497	338087581514043
338087593925585	338087610281830	338087597876585
338087610634127	338087626965163	338087614185960
338087627032127	338087643648496	338087630574835
338087643889294	338087660331829	338087647446502
338087661105960	338087677015162	338087664618544
338087677583502	338087693698495	338087681084627
338087694507294	338087710381828	338087698033794
338087711041710	338087727065161	338087714557210
338087727922044	338087743748494	338087731424127
338087746713960	338087760431827	338087750171877
338087764086960	338087777115160	338087767548877
338087781805919	338087793798493	338087785291502
338087798696752	338087810481826	338087802145210
338087814856210	338087827165159	338087818196502
338087830762127	338087843848492	338087834274085
338087848366752	338087860531825	338087851743627
338087866323002	338087877215158	338087869807419
338087880546960	338087893898491	338087884142919
338087897593544	338087910581824	338087901199752
338087913799710	338087927265157	338087917377960

===
16683333
338087055728002	338087076415174	338087060231460
338087075458085	338087093098507	338087079918960
338087093961168	338087109781840	338087098479043
338087106437627	338087126465173	338087111093460
338087123162043	338087143148506	338087127100085
338087140200293	338087159831839	338087143690460
338087156718002	338087176515172	338087160291877
338087173718252	338087193198505	338087177240210
338087190545377	338087209881838	338087194017543
338087207407210	338087226565171	338087210904835
338087224318418	338087243248504	338087227817127
338087241210668	338087259931837	338087244723252
338087258170960	338087276615170	338087261654793
338087274320293	338087293298503	338087277819918
338087294029168	338087309981836	338087298615585
338087310327168	338087326665169	338087314904668
338087327379377	338087343348502	338087331873627
338087344424418	338087360031835	338087349040627
338087362054502	338087376715168	338087366460043
338087379215252	338087393398501	338087383669543
338087394664918	338087410081834	338087399195502
338087410727835	338087426765167	338087414318793
338087427088085	338087443448500	338087430569793
338087445492210	338087460131833	338087448822710
338087461059793	338087476815166	338087465148002
338087477222543	338087493498499	338087481359168
338087492836335	338087510181832	338087497105377
338087509721460	338087526865165	338087514027252
338087526485085	338087543548498	338087530853960
338087546538460	338087560231831	338087551013168
338087563084960	338087576915164	338087567685043
338087576905002	338087593598497	338087581514043
338087593925585	338087610281830	338087597876585
338087610634127	338087626965163	338087614185960
338087627032127	338087643648496	338087630574835
338087643889294	338087660331829	338087647446502
338087661105960	338087677015162	338087664618544
338087677583502	338087693698495	338087681084627
338087694507294	338087710381828	338087698033794
338087711041710	338087727065161	338087714557210
338087727922044	338087743748494	338087731424127
338087746713960	338087760431827	338087750171877
338087764086960	338087777115160	338087767548877
338087781805919	338087793798493	338087785291502
338087798696752	338087810481826	338087802145210
338087814856210	338087827165159	338087818196502
338087830762127	338087843848492	338087834274085
338087848366752	338087860531825	338087851743627
338087866323002	338087877215158	338087869807419
338087880546960	338087893898491	338087884142919
338087897593544	338087910581824	338087901199752
338087913799710	338087927265157	338087917377960
338087930415252	338087960631823	338087933985335
338087947888044	338087960631823	338087951860210
338087967022002	338087977315156	338087971142460
338087980708794	338087993998489	338087984957002
338087996874127	338088010681822	338088001222919
338088013804210	338088027365155	338088018166502
338088033325002	338088044048488	338088037777085
338088050955585	338088060731821	338088055469294
338088064281044	338088077415154	338088068888919
338088081535252	338088094098487	338088085454210
338088097431210	338088110781820	338088100960877
338088114369960	338088144148486	338088117962585
338088131216210	338088160831819	338088134736169
338088148189627	338088177515152	338088151658127
338088165095919	338088194198485	338088168612169
338088181691502	338088210881818	338088185204877
338088198773335	338088227565151	338088201868085
338088215582627	338088244248484	338088219076419
338088235095419	338088260931817	338088238576669
338088251243794	338088277615150	338088254568835
338088268628710	338088294298483	338088271982335
338088285979794	338088310981816	338088289460169
338088302949044	338088327665149	338088306585211
338088318816627	338088344348482	338088322330252
338088336326086	338088361031815	338088339828752
338088351543544	338088377715148	338088355133336
338088367370377	338088394398481	338088370977169
338088384353252	338088411081814	338088387897794
338088401833294	338088427765147	338088405374502
338088417795044	338088444448480	338088422023919
338088434141877	338088461131813	338088438243294
338088450432627	338088477815146	338088454555377
338088467214211	338088494498479	338088471578502
338088483851086	338088511181812	338088488191252
338088504125461	338088527865145	338088508507461
338088521238002	338088544548478	338088525762961
338088534530752	338088561231811	338088539122419
338088551421544	338088577915144	338088555288252
338088568322877	338088594598477	338088571855627
338088584923002	338088611281810	338088588453461
338088601487336	338088627965143	338088605011169
338088618516377	338088644648476	338088621990544
338088635415627	338088661331809	338088638914211
338088651933294	338088678015142	338088655440961
338088668868794	338088694698475	338088672362752
338088685608669	338088711381808	338088689116252
338088702450669	338088728065141	338088705968961
338088721047794	338088744748474	338088724535211
338088738193169	338088761431807	338088741671711
338088756101211	338088778115140	338088759545711
338088772990961	338088794798473	338088776433377
338088788718961	338088811481806	338088792281836
338088806020752	338088828165139	338088809527002
338088822145877	338088844848472	338088825695252
338088837555336	338088861531805	338088841110127
338088854184877	338088878215138	338088857791377
338088872092002	338088894898471	338088875623377
338088888975877	338088911581804	338088893223836
338088905245586	338088928265137	338088909402627
338088920759211	338088944948470	338088925044127
338088937780877	338088961631803	338088942097377
338088954520794	338088978315136	338088958902627
338088975294669	338088994998469	338088979757419
338088991488378	338089011681802	338088996059836
338089005079669	338089028365135	338089009609378
338089021738253	338089045048468	338089025681211
338089038978586	338089061731801	338089042518461
338089055076669	338089078415134	338089058604836
338089071921628	338089095098467	338089075436169
338089088627961	338089111781800	338089092196878
338089105598086	338089128465133	338089109088169
338089122555919	338089145148466	338089126065336
338089139308669	338089161831799	338089142820503
338089155856253	338089178515132	338089159351169
338089173021253	338089195198465	338089176493044

===
16683333
338088302949044	338088327665149	338088306585211
338088318816627	338088344348482	338088322330252
338088336326086	338088361031815	338088339828752
338088351543544	338088377715148	338088355133336
338088367370377	338088394398481	338088370977169
338088384353252	338088411081814	338088387897794
338088401833294	338088427765147	338088405374502
338088417795044	338088444448480	338088422023919
338088434141877	338088461131813	338088438243294
338088450432627	338088477815146	338088454555377
338088467214211	338088494498479	338088471578502
338088483851086	338088511181812	338088488191252
338088504125461	338088527865145	338088508507461
338088521238002	338088544548478	338088525762961
338088534530752	338088561231811	338088539122419
338088551421544	338088577915144	338088555288252
338088568322877	338088594598477	338088571855627
338088584923002	338088611281810	338088588453461
338088601487336	338088627965143	338088605011169
338088618516377	338088644648476	338088621990544
338088635415627	338088661331809	338088638914211
338088651933294	338088678015142	338088655440961
338088668868794	338088694698475	338088672362752
338088685608669	338088711381808	338088689116252
338088702450669	338088728065141	338088705968961
338088721047794	338088744748474	338088724535211
338088738193169	338088761431807	338088741671711
338088756101211	338088778115140	338088759545711
338088772990961	338088794798473	338088776433377
338088788718961	338088811481806	338088792281836
338088806020752	338088828165139	338088809527002
338088822145877	338088844848472	338088825695252
338088837555336	338088861531805	338088841110127
338088854184877	338088878215138	338088857791377
338088872092002	338088894898471	338088875623377
338088888975877	338088911581804	338088893223836
338088905245586	338088928265137	338088909402627
338088920759211	338088944948470	338088925044127
338088937780877	338088961631803	338088942097377
338088954520794	338088978315136	338088958902627
338088975294669	338088994998469	338088979757419
338088991488378	338089011681802	338088996059836
338089005079669	338089028365135	338089009609378
338089021738253	338089045048468	338089025681211
338089038978586	338089061731801	338089042518461
338089055076669	338089078415134	338089058604836
338089071921628	338089095098467	338089075436169
338089088627961	338089111781800	338089092196878
338089105598086	338089128465133	338089109088169
338089122555919	338089145148466	338089126065336
338089139308669	338089161831799	338089142820503
338089155856253	338089178515132	338089159351169
338089173021253	338089195198465	338089176493044
338089190089836	338089211881798	338089193603669
338089207334628	338089228565131	338089210903294
338089224550669	338089245248464	338089228085128
338089240772628	338089261931797	338089244297878
338089256970628	338089278615130	338089260479128
338089274136211	338089295298463	338089277641419
338089293714628	338089311981796	338089297293878
338089308483628	338089328665129	338089312080128
338089325510669	338089345348462	338089329052378
338089343166794	338089362031795	338089346719086
338089358996628	338089378715128	338089363224878
338089375155128	338089395398461	338089379400836
338089392340711	338089412081794	338089396611169
338089407979086	338089428765127	338089412332878
338089425145086	338089445448460	338089429510044
338089446962253	338089462131793	338089451421669
338089459594711	338089478815126	338089464141503
338089478964336	338089495498459	338089483560753
338089492313253	338089512181792	338089496259753
338089509643794	338089528865125	338089513182461
338089525605294	338089545548458	338089529140253
338089542596294	338089562231791	338089546107169
338089559607044	338089578915124	338089563096878
338089576330836	338089595598457	338089579834253
338089592916294	338089612281790	338089596433836
338089609649461	338089628965123	338089613142169
338089626234711	338089645648456	338089629746878
338089647600711	338089662331789	338089651067836
338089662446003	338089679015122	338089665925628
338089680302419	338089695698455	338089683805253
338089697438128	338089712381788	338089701295878
338089712310461	338089729065121	338089716789961
338089728905170	338089745748454	338089733436045
338089746289461	338089762431787	338089750789045
338089763635795	338089779115120	338089768278295
338089778700003	338089795798453	338089783275003
338089795145628	338089812481786	338089798948253
338089816054503	338089829165119	338089819697461
338089833008586	338089845848452	338089837423128
338089850457461	338089862531785	338089854728628
338089864149920	338089879215118	338089868649586
338089880820670	338089895898451	338089885390586
338089898393920	338089912581784	338089903003295
338089917487003	338089929265117	338089922225920
338089934089045	338089945948450	338089939001878
338089951491420	338089962631783	338089956339336
338089968638586	338089979315116	338089972819378
338089982318878	338089995998449	338089986126461
338089998573753	338090012681782	338090002369586
338090015062711	338090029365115	338090018877211
338090031749086	338090046048448	338090035564878
338090048981461	338090062731781	338090052790420
338090065621628	338090079415114	338090069422045
338090082491503	338090096098447	338090086226211
338090099072003	338090112781780	338090102883711
338090115956586	338090129465113	338090119773253
338090135298545	338090146148446	338090138998961
338090152185003	338090162831779	338090155900086
338090169562753	338090179515112	338090173486670
338090186381086	338090196198445	338090190200878
338090203074711	338090212881778	338090206887336
338090220742628	338090229565111	338090224247961
338090236898545	338090246248444	338090240708545
338090252575003	338090262931777	338090256399336
338090270140961	338090279615110	338090274051128
338090287569378	338090296298443	338090291478086
338090301877628	338090312981776	338090305777420
338090320649086	338090329665109	338090330666670
338090336246670	338090346348442	338090346331253
338090353750628	338090363031775	338090363915253
338090371802545	338090379715108	338090381936586
338090392134253	338090396398441	338090402240795
338090407497087	338090413081774	338090417482170
338090425453337	338090429765107	338090435430337

===
16683333
338089190089836	338089211881798	338089193603669
338089207334628	338089228565131	338089210903294
338089224550669	338089245248464	338089228085128
338089240772628	338089261931797	338089244297878
338089256970628	338089278615130	338089260479128
338089274136211	338089295298463	338089277641419
338089293714628	338089311981796	338089297293878
338089308483628	338089328665129	338089312080128
338089325510669	338089345348462	338089329052378
338089343166794	338089362031795	338089346719086
338089358996628	338089378715128	338089363224878
338089375155128	338089395398461	338089379400836
338089392340711	338089412081794	338089396611169
338089407979086	338089428765127	338089412332878
338089425145086	338089445448460	338089429510044
338089446962253	338089462131793	338089451421669
338089459594711	338089478815126	338089464141503
338089478964336	338089495498459	338089483560753
338089492313253	338089512181792	338089496259753
338089509643794	338089528865125	338089513182461
338089525605294	338089545548458	338089529140253
338089542596294	338089562231791	338089546107169
338089559607044	338089578915124	338089563096878
338089576330836	338089595598457	338089579834253
338089592916294	338089612281790	338089596433836
338089609649461	338089628965123	338089613142169
338089626234711	338089645648456	338089629746878
338089647600711	338089662331789	338089651067836
338089662446003	338089679015122	338089665925628
338089680302419	338089695698455	338089683805253
338089697438128	338089712381788	338089701295878
338089712310461	338089729065121	338089716789961
338089728905170	338089745748454	338089733436045
338089746289461	338089762431787	338089750789045
338089763635795	338089779115120	338089768278295
338089778700003	338089795798453	338089783275003
338089795145628	338089812481786	338089798948253
338089816054503	338089829165119	338089819697461
338089833008586	338089845848452	338089837423128
338089850457461	338089862531785	338089854728628
338089864149920	338089879215118	338089868649586
338089880820670	338089895898451	338089885390586
338089898393920	338089912581784	338089903003295
338089917487003	338089929265117	338089922225920
338089934089045	338089945948450	338089939001878
338089951491420	338089962631783	338089956339336
338089968638586	338089979315116	338089972819378
338089982318878	338089995998449	338089986126461
338089998573753	338090012681782	338090002369586
338090015062711	338090029365115	338090018877211
338090031749086	338090046048448	338090035564878
338090048981461	338090062731781	338090052790420
338090065621628	338090079415114	338090069422045
338090082491503	338090096098447	338090086226211
338090099072003	338090112781780	338090102883711
338090115956586	338090129465113	338090119773253
338090135298545	338090146148446	338090138998961
338090152185003	338090162831779	338090155900086
338090169562753	338090179515112	338090173486670
338090186381086	338090196198445	338090190200878
338090203074711	338090212881778	338090206887336
338090220742628	338090229565111	338090224247961
338090236898545	338090246248444	338090240708545
338090252575003	338090262931777	338090256399336
338090270140961	338090279615110	338090274051128
338090287569378	338090296298443	338090291478086
338090301877628	338090312981776	338090305777420
338090320649086	338090329665109	338090330666670
338090336246670	338090346348442	338090346331253
338090353750628	338090363031775	338090363915253
338090371802545	338090379715108	338090381936586
338090392134253	338090396398441	338090402240795
338090407497087	338090413081774	338090417482170
338090425453337	338090429765107	338090435430337
338090441489045	338090446448440	338090450959253
338090454541712	338090463131773	338090463141920
338090471822670	338090479815106	338090480283628
338090487313628	338090496498439	338090495820628
338090503403337	338090529865105	338090511801170
338090519271670	338090546548438	338090527639587
338090536182253	338090563231771	338090544463837
338090553655503	338090579915104	338090560147878
338090570398920	338090596598437	338090577007212
338090587964087	338090613281770	338090594566837
338090607186753	338090629965103	338090613767545
338090622704003	338090646648436	338090629279753
338090639991337	338090663331769	338090646654128
338090657795628	338090680015102	338090664390378
338090673507753	338090696698435	338090680147878
338090691041337	338090713381768	338090697703170
338090709270003	338090730065101	338090715583253
338090723315128	338090746748434	338090729885003
338090740634337	338090763431767	338090747429378
338090761342128	338090780115100	338090767808295
338090776466878	338090796798433	338090783177587
338090792390003	338090813481766	338090798460337
338090808592503	338090830165099	338090814833920
338090821677253	338090846848432	338090827900045
338090855645378	338090863531765	338090859948753
338090870489920	338090880215098	338090875619712
338090881113128	338090896898431	338090886178920
338090892772087	338090913581764	338090897878503
338090914836795	338090930265097	338090921541712
338090924473253	338090946948430	338090931170462
338090938599795	338090963631763	338090945308712
338090956517628	338090980315096	338090963115628
338090975017253	338090996998429	338090981717670
338090990979962	338091013681762	338090997735003
338091008723545	338091030365095	338091015400795
338091026308628	338091047048428	338091033016837
338091040561045	338091063731761	338091047254628
338091060677545	338091080415094	338091067372920
338091074597587	338091097098427	338091081258295
338091091733629	338091113781760	338091098415420
338091107098545	338091130465093	338091113571212
338091125775254	338091147148426	338091132230004
338091141122045	338091163831759	338091147579879
338091158880170	338091180515092	338091164980837
338091175141545	338091197198425	338091181236504
338091190863045	338091213881758	338091197045045
338091208132670	338091230565091	338091214156462
338091225455545	338091247248424	338091231617087
338091243207045	338091263931757	338091249444254
338091259104129	338091280615090	338091265174212
338091275173254	338091297298423	338091281239420
338091291817004	338091313981756	338091297951295
338091309292295	338091330665089	338091315292837

===
16683333
338089190089836	338089211881798	338089193603669
338089207334628	338089228565131	338089210903294
338089224550669	338089245248464	338089228085128
338089240772628	338089261931797	338089244297878
338089256970628	338089278615130	338089260479128
338089274136211	338089295298463	338089277641419
338089293714628	338089311981796	338089297293878
338089308483628	338089328665129	338089312080128
338089325510669	338089345348462	338089329052378
338089343166794	338089362031795	338089346719086
338089358996628	338089378715128	338089363224878
338089375155128	338089395398461	338089379400836
338089392340711	338089412081794	338089396611169
338089407979086	338089428765127	338089412332878
338089425145086	338089445448460	338089429510044
338089446962253	338089462131793	338089451421669
338089459594711	338089478815126	338089464141503
338089478964336	338089495498459	338089483560753
338089492313253	338089512181792	338089496259753
338089509643794	338089528865125	338089513182461
338089525605294	338089545548458	338089529140253
338089542596294	338089562231791	338089546107169
338089559607044	338089578915124	338089563096878
338089576330836	338089595598457	338089579834253
338089592916294	338089612281790	338089596433836
338089609649461	338089628965123	338089613142169
338089626234711	338089645648456	338089629746878
338089647600711	338089662331789	338089651067836
338089662446003	338089679015122	338089665925628
338089680302419	338089695698455	338089683805253
338089697438128	338089712381788	338089701295878
338089712310461	338089729065121	338089716789961
338089728905170	338089745748454	338089733436045
338089746289461	338089762431787	338089750789045
338089763635795	338089779115120	338089768278295
338089778700003	338089795798453	338089783275003
338089795145628	338089812481786	338089798948253
338089816054503	338089829165119	338089819697461
338089833008586	338089845848452	338089837423128
338089850457461	338089862531785	338089854728628
338089864149920	338089879215118	338089868649586
338089880820670	338089895898451	338089885390586
338089898393920	338089912581784	338089903003295
338089917487003	338089929265117	338089922225920
338089934089045	338089945948450	338089939001878
338089951491420	338089962631783	338089956339336
338089968638586	338089979315116	338089972819378
338089982318878	338089995998449	338089986126461
338089998573753	338090012681782	338090002369586
338090015062711	338090029365115	338090018877211
338090031749086	338090046048448	338090035564878
338090048981461	338090062731781	338090052790420
338090065621628	338090079415114	338090069422045
338090082491503	338090096098447	338090086226211
338090099072003	338090112781780	338090102883711
338090115956586	338090129465113	338090119773253
338090135298545	338090146148446	338090138998961
338090152185003	338090162831779	338090155900086
338090169562753	338090179515112	338090173486670
338090186381086	338090196198445	338090190200878
338090203074711	338090212881778	338090206887336
338090220742628	338090229565111	338090224247961
338090236898545	338090246248444	338090240708545
338090252575003	338090262931777	338090256399336
338090270140961	338090279615110	338090274051128
338090287569378	338090296298443	338090291478086
338090301877628	338090312981776	338090305777420
338090320649086	338090329665109	338090330666670
338090336246670	338090346348442	338090346331253
338090353750628	338090363031775	338090363915253
338090371802545	338090379715108	338090381936586
338090392134253	338090396398441	338090402240795
338090407497087	338090413081774	338090417482170
338090425453337	338090429765107	338090435430337
338090441489045	338090446448440	338090450959253
338090454541712	338090463131773	338090463141920
338090471822670	338090479815106	338090480283628
338090487313628	338090496498439	338090495820628
338090503403337	338090529865105	338090511801170
338090519271670	338090546548438	338090527639587
338090536182253	338090563231771	338090544463837
338090553655503	338090579915104	338090560147878
338090570398920	338090596598437	338090577007212
338090587964087	338090613281770	338090594566837
338090607186753	338090629965103	338090613767545
338090622704003	338090646648436	338090629279753
338090639991337	338090663331769	338090646654128
338090657795628	338090680015102	338090664390378
338090673507753	338090696698435	338090680147878
338090691041337	338090713381768	338090697703170
338090709270003	338090730065101	338090715583253
338090723315128	338090746748434	338090729885003
338090740634337	338090763431767	338090747429378
338090761342128	338090780115100	338090767808295
338090776466878	338090796798433	338090783177587
338090792390003	338090813481766	338090798460337
338090808592503	338090830165099	338090814833920
338090821677253	338090846848432	338090827900045
338090855645378	338090863531765	338090859948753
338090870489920	338090880215098	338090875619712
338090881113128	338090896898431	338090886178920
338090892772087	338090913581764	338090897878503
338090914836795	338090930265097	338090921541712
338090924473253	338090946948430	338090931170462
338090938599795	338090963631763	338090945308712
338090956517628	338090980315096	338090963115628
338090975017253	338090996998429	338090981717670
338090990979962	338091013681762	338090997735003
338091008723545	338091030365095	338091015400795
338091026308628	338091047048428	338091033016837
338091040561045	338091063731761	338091047254628
338091060677545	338091080415094	338091067372920
338091074597587	338091097098427	338091081258295
338091091733629	338091113781760	338091098415420
338091107098545	338091130465093	338091113571212
338091125775254	338091147148426	338091132230004
338091141122045	338091163831759	338091147579879
338091158880170	338091180515092	338091164980837
338091175141545	338091197198425	338091181236504
338091190863045	338091213881758	338091197045045
338091208132670	338091230565091	338091214156462
338091225455545	338091247248424	338091231617087
338091243207045	338091263931757	338091249444254
338091259104129	338091280615090	338091265174212
338091275173254	338091297298423	338091281239420
338091291817004	338091313981756	338091297951295
338091309292295	338091330665089	338091315292837

