16683333
0	0	0
0	0	0
0	0	0
0	0	0
0	0	0
0	0	0
0	0	0
0	0	0
0	0	0
0	0	0
0	0	0
0	0	0
0	0	0
0	0	0
0	0	0
0	0	0
0	0	0
0	0	0
0	0	0
0	0	0
0	0	0
0	0	0
0	0	0
0	0	0
0	0	0
0	0	0
0	0	0
0	0	0
0	0	0
0	0	0
0	0	0
0	0	0
0	0	0
0	0	0
0	0	0
0	0	0
0	0	0
0	0	0
0	0	0
0	0	0
0	0	0
0	0	0
0	0	0
0	0	0
0	0	0
0	0	0
0	0	0
0	0	0
0	0	0
0	0	0
0	0	0
0	0	0
0	0	0
0	0	0
0	0	0
0	0	0
0	0	0
0	0	0
0	0	0
0	0	0
0	0	0
0	0	0
0	0	0
0	0	0
0	0	0
0	0	0
0	0	0
0	0	0
0	0	0
0	0	0
0	0	0
0	0	0
0	0	0
0	0	0
0	0	0
0	0	0
0	0	0
0	0	0
0	0	0
0	0	0
0	0	0
0	0	0
0	0	0
0	0	0
0	0	0
0	0	0
0	0	0
0	0	0
0	0	0
0	0	0
0	0	0
0	0	0
0	0	0
0	0	0
0	0	0
0	0	0
0	0	0
0	0	0
0	0	0
0	0	0
0	0	0
0	0	0
0	0	0
0	0	0
0	0	0
0	0	0
0	0	0
0	0	0
0	0	0
0	0	0
0	0	0
0	0	0
0	0	0
0	0	0
0	0	0
0	0	0
0	0	0
0	0	0
0	0	0
0	0	0
0	0	0
0	0	0
0	0	0
0	0	0
0	0	0
337600073562186	337600076255209	337600086191853
337600101877644	337600109621875	337600116977978

===
16683333
0	0	0
0	0	0
0	0	0
0	0	0
0	0	0
0	0	0
0	0	0
0	0	0
0	0	0
0	0	0
0	0	0
0	0	0
0	0	0
0	0	0
0	0	0
0	0	0
0	0	0
0	0	0
0	0	0
0	0	0
0	0	0
0	0	0
0	0	0
0	0	0
0	0	0
0	0	0
0	0	0
0	0	0
0	0	0
0	0	0
0	0	0
0	0	0
0	0	0
0	0	0
0	0	0
0	0	0
0	0	0
0	0	0
0	0	0
0	0	0
0	0	0
0	0	0
0	0	0
0	0	0
0	0	0
0	0	0
0	0	0
0	0	0
0	0	0
0	0	0
0	0	0
0	0	0
0	0	0
0	0	0
0	0	0
0	0	0
0	0	0
0	0	0
0	0	0
0	0	0
0	0	0
0	0	0
0	0	0
0	0	0
0	0	0
0	0	0
0	0	0
0	0	0
0	0	0
0	0	0
0	0	0
0	0	0
0	0	0
0	0	0
0	0	0
0	0	0
0	0	0
0	0	0
0	0	0
0	0	0
0	0	0
0	0	0
0	0	0
337600073562186	337600076255209	337600086191853
337600101877644	337600109621875	337600116977978
337600117018353	337600126305208	337600133002853
337600135097936	337600142988541	337600150202478
337600151215186	337600159671874	337600166394228
337600161115519	337600176355207	337600181380686
337600177412394	337600193038540	337600201137353
337600201493894	337600209721873	337600208119644
337600211207394	337600226405206	337600217691311
337600237788936	337600243088539	337600244380103
337600245129644	337600259771872	337600251609436
337600262056811	337600276455205	337600268485728
337600278240144	337600293138538	337600284758603
337600297580103	337600309821871	337600303887228
337600312478269	337600326505204	337600318902144
337600329737394	337600343188537	337600336053894
337600347758394	337600359871870	337600354041311
337600363216311	337600376555203	337600369527270
337600381020603	337600393238536	337600387340145
337600398765770	337600409921869	337600404995686
337600413336228	337600426605202	337600419691395
337600430091686	337600443288535	337600436204061
337600986237145	337601010521857	337601004720478
337601005897436	337601043888523	337601031109228
337601023944186	337601060571856	337601056740312
337601055368853	337601077255189	337601065732270
337601071569770	337601093938522	337601080326562
337601086357937	337601110621855	337601095193728
337601104192603	337601127305188	337601112762603
337601119550353	337601143988521	337601128199270
337601136553103	337601160671854	337601145235395
337601152068228	337601177355187	337601160725937
337601169351895	337601194038520	337601178025895
337601188863937	337601210721853	337601197411020
337601203918312	337601227405186	337601212520978
337601226089645	337601244088519	337601232277687
337601238217853	337601260771852	337601244453395
337601255387228	337601277455185	337601261609395
337601272571395	337601294138518	337601278800853
337601290753187	337601310821851	337601296953437
337601306594103	337601327505184	337601312518770
337601322773270	337601344188517	337601328970062
337601341199187	337601360871850	337601347423103
337601356166187	337601377555183	337601362260353

===
16683333
0	0	0
0	0	0
0	0	0
0	0	0
0	0	0
0	0	0
0	0	0
0	0	0
0	0	0
0	0	0
0	0	0
0	0	0
0	0	0
0	0	0
0	0	0
0	0	0
0	0	0
0	0	0
0	0	0
0	0	0
0	0	0
0	0	0
0	0	0
0	0	0
0	0	0
0	0	0
0	0	0
0	0	0
337600073562186	337600076255209	337600086191853
337600101877644	337600109621875	337600116977978
337600117018353	337600126305208	337600133002853
337600135097936	337600142988541	337600150202478
337600151215186	337600159671874	337600166394228
337600161115519	337600176355207	337600181380686
337600177412394	337600193038540	337600201137353
337600201493894	337600209721873	337600208119644
337600211207394	337600226405206	337600217691311
337600237788936	337600243088539	337600244380103
337600245129644	337600259771872	337600251609436
337600262056811	337600276455205	337600268485728
337600278240144	337600293138538	337600284758603
337600297580103	337600309821871	337600303887228
337600312478269	337600326505204	337600318902144
337600329737394	337600343188537	337600336053894
337600347758394	337600359871870	337600354041311
337600363216311	337600376555203	337600369527270
337600381020603	337600393238536	337600387340145
337600398765770	337600409921869	337600404995686
337600413336228	337600426605202	337600419691395
337600430091686	337600443288535	337600436204061
337600986237145	337601010521857	337601004720478
337601005897436	337601043888523	337601031109228
337601023944186	337601060571856	337601056740312
337601055368853	337601077255189	337601065732270
337601071569770	337601093938522	337601080326562
337601086357937	337601110621855	337601095193728
337601104192603	337601127305188	337601112762603
337601119550353	337601143988521	337601128199270
337601136553103	337601160671854	337601145235395
337601152068228	337601177355187	337601160725937
337601169351895	337601194038520	337601178025895
337601188863937	337601210721853	337601197411020
337601203918312	337601227405186	337601212520978
337601226089645	337601244088519	337601232277687
337601238217853	337601260771852	337601244453395
337601255387228	337601277455185	337601261609395
337601272571395	337601294138518	337601278800853
337601290753187	337601310821851	337601296953437
337601306594103	337601327505184	337601312518770
337601322773270	337601344188517	337601328970062
337601341199187	337601360871850	337601347423103
337601356166187	337601377555183	337601362260353
337601373094187	337601394238516	337601379344812
337601388563020	337601410921849	337601394789562
337601404912020	337601427605182	337601411125187
337601421139437	337601444288515	337601427368562
337601439238395	337601460971848	337601445412520
337601456623770	337601477655181	337601462706228
337601473684728	337601494338514	337601479747145
337601490184187	337601511021847	337601496337937
337601507769228	337601527705180	337601513981228
337601525879937	337601544388513	337601531981312
337601541344603	337601561071846	337601547537645
337601557365020	337601577755179	337601563522437
337601574087270	337601594438512	337601580277228
337601592220520	337601611121845	337601598462353
337601609104020	337601627805178	337601615282687
337601625366603	337601644488511	337601631578187
337601641481270	337601661171844	337601647725562
337601658436395	337601677855177	337601664623812
337601676061937	337601694538510	337601682161520
337601694154020	337601711221843	337601700353645
337601707734103	337601727905176	337601713905770
337601723926062	337601744588509	337601730229020
337601741206353	337601761271842	337601747505687
337601760093979	337601777955175	337601766192895
337601774347812	337601794638508	337601780582187
337601801634270	337601811321841	337601808101937
337601811111395	337601828005174	337601819622312
337601825129729	337601844688507	337601833010562
337601841461229	337601861371840	337601848675562
337601858214687	337601878055173	337601865026687
337601874999187	337601894738506	337601881554354
337601891720812	337601911421839	337601898027562
337601908330020	337601928105172	337601914616979
337601924319645	337601944788505	337601930576104
337601941774270	337601961471838	337601947975479
337601957835187	337601978155171	337601964031479
337601974610479	337601994838504	337601980786479
337601991645812	337602011521837	337601997749479
337602008501937	337602028205170	337602014699854
337602025141770	337602044888503	337602031307354
337602041891395	337602061571836	337602047976854
337602059115104	337602078255169	337602065188562
337602078315479	337602094938502	337602084301645
337602094008812	337602111621835	337602100141062
337602111946270	337602128305168	337602118035104
337602128816645	337602144988501	337602134873770
337602145012645	337602161671834	337602151116729
337602161208687	337602178355167	337602167319145
337602178339979	337602195038500	337602184384270
337602195663604	337602211721833	337602201775854
337602213463104	337602228405166	337602219531854
337602229619437	337602245088499	337602235693229
337602245189062	337602261771832	337602251266354
337602262144437	337602278455165	337602268265270
337602279673270	337602295138498	337602285775937

===
16683333
337601290753187	337601310821851	337601296953437
337601306594103	337601327505184	337601312518770
337601322773270	337601344188517	337601328970062
337601341199187	337601360871850	337601347423103
337601356166187	337601377555183	337601362260353
337601373094187	337601394238516	337601379344812
337601388563020	337601410921849	337601394789562
337601404912020	337601427605182	337601411125187
337601421139437	337601444288515	337601427368562
337601439238395	337601460971848	337601445412520
337601456623770	337601477655181	337601462706228
337601473684728	337601494338514	337601479747145
337601490184187	337601511021847	337601496337937
337601507769228	337601527705180	337601513981228
337601525879937	337601544388513	337601531981312
337601541344603	337601561071846	337601547537645
337601557365020	337601577755179	337601563522437
337601574087270	337601594438512	337601580277228
337601592220520	337601611121845	337601598462353
337601609104020	337601627805178	337601615282687
337601625366603	337601644488511	337601631578187
337601641481270	337601661171844	337601647725562
337601658436395	337601677855177	337601664623812
337601676061937	337601694538510	337601682161520
337601694154020	337601711221843	337601700353645
337601707734103	337601727905176	337601713905770
337601723926062	337601744588509	337601730229020
337601741206353	337601761271842	337601747505687
337601760093979	337601777955175	337601766192895
337601774347812	337601794638508	337601780582187
337601801634270	337601811321841	337601808101937
337601811111395	337601828005174	337601819622312
337601825129729	337601844688507	337601833010562
337601841461229	337601861371840	337601848675562
337601858214687	337601878055173	337601865026687
337601874999187	337601894738506	337601881554354
337601891720812	337601911421839	337601898027562
337601908330020	337601928105172	337601914616979
337601924319645	337601944788505	337601930576104
337601941774270	337601961471838	337601947975479
337601957835187	337601978155171	337601964031479
337601974610479	337601994838504	337601980786479
337601991645812	337602011521837	337601997749479
337602008501937	337602028205170	337602014699854
337602025141770	337602044888503	337602031307354
337602041891395	337602061571836	337602047976854
337602059115104	337602078255169	337602065188562
337602078315479	337602094938502	337602084301645
337602094008812	337602111621835	337602100141062
337602111946270	337602128305168	337602118035104
337602128816645	337602144988501	337602134873770
337602145012645	337602161671834	337602151116729
337602161208687	337602178355167	337602167319145
337602178339979	337602195038500	337602184384270
337602195663604	337602211721833	337602201775854
337602213463104	337602228405166	337602219531854
337602229619437	337602245088499	337602235693229
337602245189062	337602261771832	337602251266354
337602262144437	337602278455165	337602268265270
337602279673270	337602295138498	337602285775937
337602717044271	337602728905156	337602735587354
337602725119104	337602762271822	337602761113729
337602749839604	337602778955155	337602787355312
337602782533646	337602812321821	337602813196021
337602799419896	337602829005154	337602824160146
337602833100312	337602845688487	337602841992771
337602849597312	337602862371820	337602858222771
337602866254187	337602879055153	337602874911104
337602882668604	337602895738486	337602891361479
337602899628479	337602929105152	337602908329312
337602916273937	337602945788485	337602924830604
337602936086562	337602962471818	337602944589646
337602952809187	337602979155151	337602959022646
337602969628062	337602995838484	337602975710812
337602985602771	337603012521817	337602991802521
337603004667854	337603029205150	337603010748604
337603019559979	337603045888483	337603025779771
337603035606562	337603062571816	337603041860479
337603052440521	337603079255149	337603058672979
337603069927812	337603095938482	337603076128437
337603087650146	337603112621815	337603093834271
337603104439521	337603129305148	337603110567562
337603120469771	337603145988481	337603126717396
337603136463187	337603162671814	337603142649146
337603153677479	337603179355147	337603159877604
337603171003854	337603196038480	337603177119021
337603188645229	337603212721813	337603194836729
337603205412313	337603229405146	337603211488271
337603221303146	337603246088479	337603227449229
337603238585271	337603262771812	337603244840563
337603256215646	337603279455145	337603262267854
337603271709563	337603296138478	337603277874104
337603289159896	337603312821811	337603295310771
337603305760021	337603329505144	337603311818396
337603321972063	337603346188477	337603328166313
337603338064729	337603362871810	337603344269813
337603355188771	337603379555143	337603361459313
337603373317104	337603396238476	337603379717938
337603388104813	337603412921809	337603394313438
337603404104521	337603429605142	337603410274229
337603420648979	337603446288475	337603426894063
337603437202229	337603462971808	337603443430646
337603454899604	337603479655141	337603461191521
337603471893854	337603496338474	337603478186021
337603491397604	337603513021807	337603497865021
337603505318771	337603529705140	337603513828646
337603521097104	337603546388473	337603528933521
337603537945438	337603563071806	337603545073896
337603556291646	337603579755139	337603563114938
337603571285771	337603596438472	337603577884396
337603587804188	337603613121805	337603594121563
337603604600396	337603629805138	337603610891521
337603621483813	337603646488471	337603627796063
337603637998854	337603663171804	337603644171854
337603654903271	337603679855137	337603661094896
337603671711104	337603696538470	337603677889938
337603688609604	337603713221803	337603694746438
337603705411771	337603729905136	337603711558104
337603722024063	337603746588469	337603728199896
337603738821813	337603763271802	337603744960979
337603755827271	337603779955135	337603762025938
337603776463688	337603796638468	337603782557813
337603791379521	337603813321801	337603797385896
337603807791104	337603830005134	337603813969979
337603824774563	337603846688467	337603830871563
337603842344354	337603863371800	337603848372688
337603859609938	337603880055133	337603865649688

===
16683333
337602178339979	337602195038500	337602184384270
337602195663604	337602211721833	337602201775854
337602213463104	337602228405166	337602219531854
337602229619437	337602245088499	337602235693229
337602245189062	337602261771832	337602251266354
337602262144437	337602278455165	337602268265270
337602279673270	337602295138498	337602285775937
337602717044271	337602728905156	337602735587354
337602725119104	337602762271822	337602761113729
337602749839604	337602778955155	337602787355312
337602782533646	337602812321821	337602813196021
337602799419896	337602829005154	337602824160146
337602833100312	337602845688487	337602841992771
337602849597312	337602862371820	337602858222771
337602866254187	337602879055153	337602874911104
337602882668604	337602895738486	337602891361479
337602899628479	337602929105152	337602908329312
337602916273937	337602945788485	337602924830604
337602936086562	337602962471818	337602944589646
337602952809187	337602979155151	337602959022646
337602969628062	337602995838484	337602975710812
337602985602771	337603012521817	337602991802521
337603004667854	337603029205150	337603010748604
337603019559979	337603045888483	337603025779771
337603035606562	337603062571816	337603041860479
337603052440521	337603079255149	337603058672979
337603069927812	337603095938482	337603076128437
337603087650146	337603112621815	337603093834271
337603104439521	337603129305148	337603110567562
337603120469771	337603145988481	337603126717396
337603136463187	337603162671814	337603142649146
337603153677479	337603179355147	337603159877604
337603171003854	337603196038480	337603177119021
337603188645229	337603212721813	337603194836729
337603205412313	337603229405146	337603211488271
337603221303146	337603246088479	337603227449229
337603238585271	337603262771812	337603244840563
337603256215646	337603279455145	337603262267854
337603271709563	337603296138478	337603277874104
337603289159896	337603312821811	337603295310771
337603305760021	337603329505144	337603311818396
337603321972063	337603346188477	337603328166313
337603338064729	337603362871810	337603344269813
337603355188771	337603379555143	337603361459313
337603373317104	337603396238476	337603379717938
337603388104813	337603412921809	337603394313438
337603404104521	337603429605142	337603410274229
337603420648979	337603446288475	337603426894063
337603437202229	337603462971808	337603443430646
337603454899604	337603479655141	337603461191521
337603471893854	337603496338474	337603478186021
337603491397604	337603513021807	337603497865021
337603505318771	337603529705140	337603513828646
337603521097104	337603546388473	337603528933521
337603537945438	337603563071806	337603545073896
337603556291646	337603579755139	337603563114938
337603571285771	337603596438472	337603577884396
337603587804188	337603613121805	337603594121563
337603604600396	337603629805138	337603610891521
337603621483813	337603646488471	337603627796063
337603637998854	337603663171804	337603644171854
337603654903271	337603679855137	337603661094896
337603671711104	337603696538470	337603677889938
337603688609604	337603713221803	337603694746438
337603705411771	337603729905136	337603711558104
337603722024063	337603746588469	337603728199896
337603738821813	337603763271802	337603744960979
337603755827271	337603779955135	337603762025938
337603776463688	337603796638468	337603782557813
337603791379521	337603813321801	337603797385896
337603807791104	337603830005134	337603813969979
337603824774563	337603846688467	337603830871563
337603842344354	337603863371800	337603848372688
337603859609938	337603880055133	337603865649688
337603874873938	337603896738466	337603881008938
337603892266730	337603913421799	337603898341646
337603907010980	337603930105132	337603913126355
337603923860605	337603946788465	337603929911105
337603940360396	337603963471798	337603946471021
337603957946146	337603980155131	337603964187480
337603975000521	337603996838464	337603981085313
337604325772646	337604347188457	337604344225813
337604332273188	337604363871790	337604369687730
337604361868063	337604397238456	337604395934063
337604378364146	337604413921789	337604421782230
337604411934688	337604430605122	337604434859938
337604428737355	337604447288455	337604443759230
337604445209980	337604463971788	337604453812646
337604461935146	337604480655121	337604470588021
337604478762271	337604497338454	337604487430605
337604495561146	337604514021787	337604504263521
337604512335730	337604530705120	337604521037396
337604529189105	337604547388453	337604537778230
337604546700188	337604564071786	337604555255730
337604564791938	337604580755119	337604571030730
337604581547522	337604597438452	337604587790938
337604599857480	337604614121785	337604605998147
337604617175563	337604630805118	337604623458438
337604634081938	337604647488451	337604640227730
337604649963063	337604664171784	337604656090980
337604665332022	337604680855117	337604671440105
337604682383480	337604697538450	337604688643188
337604700568063	337604714221783	337604706771730
337604717732188	337604730905116	337604723889730
337604733371688	337604747588449	337604739519355
337604749957355	337604764271782	337604756171605
337604766418230	337604780955115	337604772626897
337604784257022	337604797638448	337604790419230
337604801190272	337604814321781	337604807387188
337604818471605	337604831005114	337604824645605
337604834493605	337604847688447	337604840741647
337604850994688	337604864371780	337604857251230
337604868131772	337604881055113	337604874373813
337604885566688	337604897738446	337604891873563
337604901983272	337604914421779	337604908114438
337604918459438	337604931105112	337604924592188
337604934311272	337604947788445	337604940466022
337604950845355	337604964471778	337604957029438
337604968582438	337604981155111	337604974777105
337604986306730	337604997838444	337604992435480
337605003765647	337605014521777	337605009879897
337605018175022	337605031205110	337605024386063
337605033430313	337605047888443	337605039663313
337605050291688	337605064571776	337605056519647
337605067805772	337605081255109	337605074047105
337605085920230	337605097938442	337605092235397
337605119263647	337605114621775	337605125784313

===
16683333
337603454899604	337603479655141	337603461191521
337603471893854	337603496338474	337603478186021
337603491397604	337603513021807	337603497865021
337603505318771	337603529705140	337603513828646
337603521097104	337603546388473	337603528933521
337603537945438	337603563071806	337603545073896
337603556291646	337603579755139	337603563114938
337603571285771	337603596438472	337603577884396
337603587804188	337603613121805	337603594121563
337603604600396	337603629805138	337603610891521
337603621483813	337603646488471	337603627796063
337603637998854	337603663171804	337603644171854
337603654903271	337603679855137	337603661094896
337603671711104	337603696538470	337603677889938
337603688609604	337603713221803	337603694746438
337603705411771	337603729905136	337603711558104
337603722024063	337603746588469	337603728199896
337603738821813	337603763271802	337603744960979
337603755827271	337603779955135	337603762025938
337603776463688	337603796638468	337603782557813
337603791379521	337603813321801	337603797385896
337603807791104	337603830005134	337603813969979
337603824774563	337603846688467	337603830871563
337603842344354	337603863371800	337603848372688
337603859609938	337603880055133	337603865649688
337603874873938	337603896738466	337603881008938
337603892266730	337603913421799	337603898341646
337603907010980	337603930105132	337603913126355
337603923860605	337603946788465	337603929911105
337603940360396	337603963471798	337603946471021
337603957946146	337603980155131	337603964187480
337603975000521	337603996838464	337603981085313
337604325772646	337604347188457	337604344225813
337604332273188	337604363871790	337604369687730
337604361868063	337604397238456	337604395934063
337604378364146	337604413921789	337604421782230
337604411934688	337604430605122	337604434859938
337604428737355	337604447288455	337604443759230
337604445209980	337604463971788	337604453812646
337604461935146	337604480655121	337604470588021
337604478762271	337604497338454	337604487430605
337604495561146	337604514021787	337604504263521
337604512335730	337604530705120	337604521037396
337604529189105	337604547388453	337604537778230
337604546700188	337604564071786	337604555255730
337604564791938	337604580755119	337604571030730
337604581547522	337604597438452	337604587790938
337604599857480	337604614121785	337604605998147
337604617175563	337604630805118	337604623458438
337604634081938	337604647488451	337604640227730
337604649963063	337604664171784	337604656090980
337604665332022	337604680855117	337604671440105
337604682383480	337604697538450	337604688643188
337604700568063	337604714221783	337604706771730
337604717732188	337604730905116	337604723889730
337604733371688	337604747588449	337604739519355
337604749957355	337604764271782	337604756171605
337604766418230	337604780955115	337604772626897
337604784257022	337604797638448	337604790419230
337604801190272	337604814321781	337604807387188
337604818471605	337604831005114	337604824645605
337604834493605	337604847688447	337604840741647
337604850994688	337604864371780	337604857251230
337604868131772	337604881055113	337604874373813
337604885566688	337604897738446	337604891873563
337604901983272	337604914421779	337604908114438
337604918459438	337604931105112	337604924592188
337604934311272	337604947788445	337604940466022
337604950845355	337604964471778	337604957029438
337604968582438	337604981155111	337604974777105
337604986306730	337604997838444	337604992435480
337605003765647	337605014521777	337605009879897
337605018175022	337605031205110	337605024386063
337605033430313	337605047888443	337605039663313
337605050291688	337605064571776	337605056519647
337605067805772	337605081255109	337605074047105
337605085920230	337605097938442	337605092235397
337605119263647	337605114621775	337605125784313
337605129657022	337605131305108	337605138272105
337605136181522	337605147988441	337605147047313
337605151333647	337605164671774	337605158527688
337605167571688	337605181355107	337605174367855
337605184170022	337605198038440	337605190639563
337605201396813	337605214721773	337605207694522
337605217563147	337605231405106	337605223827313
337605235169730	337605248088439	337605241404063
337605251089522	337605264771772	337605257282147
337605267692689	337605281455105	337605273872230
337605284518689	337605298138438	337605290701397
337605301617522	337605314821771	337605307750772
337605318143355	337605348188437	337605324324814
337605335026230	337605364871770	337605341144314
337605351895355	337605381555103	337605358059480
337605368498605	337605398238436	337605374646772
337605387310105	337605414921769	337605393425689
337605412967105	337605431605102	337605419136064
337605421117980	337605448288435	337605427188022
337605438408397	337605464971768	337605444458605
337605454350730	337605481655101	337605460415022
337605470889730	337605498338434	337605476966397
337605488568064	337605515021767	337605494704730
337605505669397	337605531705100	337605511777064
337605522366272	337605548388433	337605528417272
337605538667980	337605565071766	337605544741147
337605554781480	337605581755099	337605560910772
337605571825897	337605598438432	337605577937897
337605588747689	337605615121765	337605594849730
337606013091856	337606032205090	337606031660064
337606021104689	337606065571756	337606056073564
337606042634564	337606082255089	337606075317731
337606075728689	337606098938422	337606084219314
337606092331189	337606115621755	337606100952022
337606108704356	337606132305088	337606117471522
337606125627189	337606148988421	337606134236397
337606141945772	337606165671754	337606150569272
337606158605231	337606182355087	337606167259481
337606175462689	337606199038420	337606184114481
337606192294731	337606215721753	337606200968397
337606209016147	337606232405086	337606217699439
337606225766064	337606249088419	337606234362522
337606242485689	337606265771752	337606251097314
337606262076106	337606282455085	337606268274106
337606278038481	337606299138418	337606284260731
337606295919689	337606315821751	337606302146147
337606313764022	337606332505084	337606319890481
337606329467606	337606349188417	337606335677814
337606345588647	337606365871750	337606351852397

===
16683333
337604801190272	337604814321781	337604807387188
337604818471605	337604831005114	337604824645605
337604834493605	337604847688447	337604840741647
337604850994688	337604864371780	337604857251230
337604868131772	337604881055113	337604874373813
337604885566688	337604897738446	337604891873563
337604901983272	337604914421779	337604908114438
337604918459438	337604931105112	337604924592188
337604934311272	337604947788445	337604940466022
337604950845355	337604964471778	337604957029438
337604968582438	337604981155111	337604974777105
337604986306730	337604997838444	337604992435480
337605003765647	337605014521777	337605009879897
337605018175022	337605031205110	337605024386063
337605033430313	337605047888443	337605039663313
337605050291688	337605064571776	337605056519647
337605067805772	337605081255109	337605074047105
337605085920230	337605097938442	337605092235397
337605119263647	337605114621775	337605125784313
337605129657022	337605131305108	337605138272105
337605136181522	337605147988441	337605147047313
337605151333647	337605164671774	337605158527688
337605167571688	337605181355107	337605174367855
337605184170022	337605198038440	337605190639563
337605201396813	337605214721773	337605207694522
337605217563147	337605231405106	337605223827313
337605235169730	337605248088439	337605241404063
337605251089522	337605264771772	337605257282147
337605267692689	337605281455105	337605273872230
337605284518689	337605298138438	337605290701397
337605301617522	337605314821771	337605307750772
337605318143355	337605348188437	337605324324814
337605335026230	337605364871770	337605341144314
337605351895355	337605381555103	337605358059480
337605368498605	337605398238436	337605374646772
337605387310105	337605414921769	337605393425689
337605412967105	337605431605102	337605419136064
337605421117980	337605448288435	337605427188022
337605438408397	337605464971768	337605444458605
337605454350730	337605481655101	337605460415022
337605470889730	337605498338434	337605476966397
337605488568064	337605515021767	337605494704730
337605505669397	337605531705100	337605511777064
337605522366272	337605548388433	337605528417272
337605538667980	337605565071766	337605544741147
337605554781480	337605581755099	337605560910772
337605571825897	337605598438432	337605577937897
337605588747689	337605615121765	337605594849730
337606013091856	337606032205090	337606031660064
337606021104689	337606065571756	337606056073564
337606042634564	337606082255089	337606075317731
337606075728689	337606098938422	337606084219314
337606092331189	337606115621755	337606100952022
337606108704356	337606132305088	337606117471522
337606125627189	337606148988421	337606134236397
337606141945772	337606165671754	337606150569272
337606158605231	337606182355087	337606167259481
337606175462689	337606199038420	337606184114481
337606192294731	337606215721753	337606200968397
337606209016147	337606232405086	337606217699439
337606225766064	337606249088419	337606234362522
337606242485689	337606265771752	337606251097314
337606262076106	337606282455085	337606268274106
337606278038481	337606299138418	337606284260731
337606295919689	337606315821751	337606302146147
337606313764022	337606332505084	337606319890481
337606329467606	337606349188417	337606335677814
337606345588647	337606365871750	337606351852397
337606362793022	337606382555083	337606369022731
337606378053356	337606399238416	337606384301731
337606395266564	337606415921749	337606401543522
337606411679147	337606432605082	337606417968397
337606428806981	337606449288415	337606435020272
337606446179022	337606465971748	337606452450397
337606463978231	337606482655081	337606470268856
337606481783606	337606499338414	337606487914231
337606497861856	337606516021747	337606504046981
337606513558272	337606532705080	337606519746314
337606530416814	337606549388413	337606536619397
337606548084606	337606566071746	337606554239897
337606565306314	337606582755079	337606571462147
337606581776856	337606599438412	337606587917939
337606597737981	337606616121745	337606603871606
337606614124356	337606632805078	337606620330981
337606631737522	337606649488411	337606637968647
337606649612023	337606666171744	337606655812481
337606666524314	337606682855077	337606672756814
337606682662439	337606699538410	337606688832314
337606698385689	337606716221743	337606704536273
337606715401773	337606732905076	337606721604814
337606733372814	337606749588409	337606739562439
337606750866314	337606766271742	337606756708981
337606764686106	337606782955075	337606770937273
337606780463106	337606799638408	337606786683356
337606797367773	337606816321741	337606803589314
337606813666648	337606833005074	337606819967939
337606831186231	337606849688407	337606837407273
337606848274314	337606866371740	337606854554356
337606866282273	337606883055073	337606872713981
337606882162648	337606899738406	337606890665689
337606897797981	337606916421739	337606905597398
337606914467689	337606933105072	337606921678814
337606931188606	337606949788405	337606937990564
337606947897106	337606966471738	337606954438314
337606964422731	337606983155071	337606970736148
337606981238981	337606999838404	337606987552356
337606997999773	337607016521737	337607004256856
337607014673606	337607033205070	337607020878898
337607031464773	337607049888403	337607037645898
337607048261814	337607066571736	337607054449481
337607065165648	337607083255069	337607071345689
337607081888856	337607099938402	337607088068148
337607098640398	337607116621735	337607104811981
337607115461356	337607133305068	337607121629814
337607134331981	337607149988401	337607140508481
337607161685314	337607166671734	337607167708398
337607168169398	337607183355067	337607174242606
337607184594148	337607200038400	337607190588856
337607202562439	337607216721733	337607208648231
337607219342064	337607233405066	337607225467106
337607235963398	337607250088399	337607242105148
337607251925814	337607266771732	337607258005064
337607268496398	337607283455065	337607274619856
337607285736023	337607300138398	337607291833564
337607303179148	337607316821731	337607309276689
337607319913773	337607333505064	337607325988481
337607336080939	337607350188397	337607342204273

===
16683333
337606362793022	337606382555083	337606369022731
337606378053356	337606399238416	337606384301731
337606395266564	337606415921749	337606401543522
337606411679147	337606432605082	337606417968397
337606428806981	337606449288415	337606435020272
337606446179022	337606465971748	337606452450397
337606463978231	337606482655081	337606470268856
337606481783606	337606499338414	337606487914231
337606497861856	337606516021747	337606504046981
337606513558272	337606532705080	337606519746314
337606530416814	337606549388413	337606536619397
337606548084606	337606566071746	337606554239897
337606565306314	337606582755079	337606571462147
337606581776856	337606599438412	337606587917939
337606597737981	337606616121745	337606603871606
337606614124356	337606632805078	337606620330981
337606631737522	337606649488411	337606637968647
337606649612023	337606666171744	337606655812481
337606666524314	337606682855077	337606672756814
337606682662439	337606699538410	337606688832314
337606698385689	337606716221743	337606704536273
337606715401773	337606732905076	337606721604814
337606733372814	337606749588409	337606739562439
337606750866314	337606766271742	337606756708981
337606764686106	337606782955075	337606770937273
337606780463106	337606799638408	337606786683356
337606797367773	337606816321741	337606803589314
337606813666648	337606833005074	337606819967939
337606831186231	337606849688407	337606837407273
337606848274314	337606866371740	337606854554356
337606866282273	337606883055073	337606872713981
337606882162648	337606899738406	337606890665689
337606897797981	337606916421739	337606905597398
337606914467689	337606933105072	337606921678814
337606931188606	337606949788405	337606937990564
337606947897106	337606966471738	337606954438314
337606964422731	337606983155071	337606970736148
337606981238981	337606999838404	337606987552356
337606997999773	337607016521737	337607004256856
337607014673606	337607033205070	337607020878898
337607031464773	337607049888403	337607037645898
337607048261814	337607066571736	337607054449481
337607065165648	337607083255069	337607071345689
337607081888856	337607099938402	337607088068148
337607098640398	337607116621735	337607104811981
337607115461356	337607133305068	337607121629814
337607134331981	337607149988401	337607140508481
337607161685314	337607166671734	337607167708398
337607168169398	337607183355067	337607174242606
337607184594148	337607200038400	337607190588856
337607202562439	337607216721733	337607208648231
337607219342064	337607233405066	337607225467106
337607235963398	337607250088399	337607242105148
337607251925814	337607266771732	337607258005064
337607268496398	337607283455065	337607274619856
337607285736023	337607300138398	337607291833564
337607303179148	337607316821731	337607309276689
337607319913773	337607333505064	337607325988481
337607336080939	337607350188397	337607342204273
337607713033690	337607717221723	337607731546315
337607719952481	337607767271722	337607755803023
337607740190523	337607783955055	337607780488690
337607772768523	337607800638388	337607797080690
337607789199231	337607817321721	337607805806856
337607806163106	337607834005054	337607814995106
337607822590481	337607850688387	337607831205148
337607838873190	337607867371720	337607847394856
337607855704815	337607884055053	337607864367356
337607872425065	337607900738386	337607881094606
337607889344565	337607917421719	337607898016898
337607906167856	337607934105052	337607914867731
337607922808065	337607950788385	337607931410273
337607941527148	337607967471718	337607950016773
337607959744315	337607984155051	337607965945481
337607975970023	337608000838384	337607982161023
337607992242648	337608017521717	337607998383231
337608008639481	337608034205050	337608014870315
337608026236523	337608050888383	337608032474190
337608043453440	337608067571716	337608049689607
337608060785982	337608084255049	337608067004607
337608078124690	337608100938382	337608084304982
337608093223023	337608117621715	337608099454023
337608109827773	337608134305048	337608115934982
337608126565857	337608150988381	337608132788607
337608144053773	337608167671714	337608150220815
337608161749815	337608184355047	337608167944773
337608178121023	337608201038380	337608184256940
337608193801273	337608217721713	337608199960440
337608210738607	337608234405046	337608216941857
337608227451732	337608251088379	337608233635982
337608244811232	337608267771712	337608250995982
337608259796523	337608284455045	337608266053982
337608278283315	337608301138378	337608284437773
337608294388815	337608317821711	337608300572357
337608311201648	337608334505044	337608317394148
337608329276690	337608351188377	337608335465898
337608346832982	337608367871710	337608352935232
337608363285607	337608384555043	337608369432315
337608379276107	337608401238376	337608385376732
337608394496190	337608417921709	337608400731398
337608410374940	337608434605042	337608416592773
337608427453107	337608451288375	337608433628065
337608443845898	337608467971708	337608450081940
337608462567190	337608484655041	337608468788523
337608493263982	337608501338374	337608499739232
337608501473565	337608518021707	337608509945565
337608511043690	337608534705040	337608518907607
337608527474690	337608551388373	337608534682440
337608544566440	337608568071706	337608551349690
337608561043065	337608584755039	337608567577523
337608577967148	337608601438372	337608584212690
337608594105190	337608618121705	337608600397107
337608610828357	337608634805038	337608617109398
337608627962815	337608651488371	337608634154732
337608644689273	337608668171704	337608650863898
337608661335482	337608684855037	337608667515898
337608678429607	337608701538370	337608684534732
337608694743607	337608718221703	337608700927773
337608711520107	337608734905036	337608717684732
337608728294440	337608751588369	337608734463398
337608745144607	337608768271702	337608751312732
337608763175815	337608784955035	337608769285565
337608789523357	337608801638368	337608795485440
337608798445940	337608818321701	337608804507274
337608814033357	337608835005034	337608820133607
337608831031607	337608851688367	337608837189065
337608848205982	337608868371700	337608854278274

===
16683333
337606813666648	337606833005074	337606819967939
337606831186231	337606849688407	337606837407273
337606848274314	337606866371740	337606854554356
337606866282273	337606883055073	337606872713981
337606882162648	337606899738406	337606890665689
337606897797981	337606916421739	337606905597398
337606914467689	337606933105072	337606921678814
337606931188606	337606949788405	337606937990564
337606947897106	337606966471738	337606954438314
337606964422731	337606983155071	337606970736148
337606981238981	337606999838404	337606987552356
337606997999773	337607016521737	337607004256856
337607014673606	337607033205070	337607020878898
337607031464773	337607049888403	337607037645898
337607048261814	337607066571736	337607054449481
337607065165648	337607083255069	337607071345689
337607081888856	337607099938402	337607088068148
337607098640398	337607116621735	337607104811981
337607115461356	337607133305068	337607121629814
337607134331981	337607149988401	337607140508481
337607161685314	337607166671734	337607167708398
337607168169398	337607183355067	337607174242606
337607184594148	337607200038400	337607190588856
337607202562439	337607216721733	337607208648231
337607219342064	337607233405066	337607225467106
337607235963398	337607250088399	337607242105148
337607251925814	337607266771732	337607258005064
337607268496398	337607283455065	337607274619856
337607285736023	337607300138398	337607291833564
337607303179148	337607316821731	337607309276689
337607319913773	337607333505064	337607325988481
337607336080939	337607350188397	337607342204273
337607713033690	337607717221723	337607731546315
337607719952481	337607767271722	337607755803023
337607740190523	337607783955055	337607780488690
337607772768523	337607800638388	337607797080690
337607789199231	337607817321721	337607805806856
337607806163106	337607834005054	337607814995106
337607822590481	337607850688387	337607831205148
337607838873190	337607867371720	337607847394856
337607855704815	337607884055053	337607864367356
337607872425065	337607900738386	337607881094606
337607889344565	337607917421719	337607898016898
337607906167856	337607934105052	337607914867731
337607922808065	337607950788385	337607931410273
337607941527148	337607967471718	337607950016773
337607959744315	337607984155051	337607965945481
337607975970023	337608000838384	337607982161023
337607992242648	337608017521717	337607998383231
337608008639481	337608034205050	337608014870315
337608026236523	337608050888383	337608032474190
337608043453440	337608067571716	337608049689607
337608060785982	337608084255049	337608067004607
337608078124690	337608100938382	337608084304982
337608093223023	337608117621715	337608099454023
337608109827773	337608134305048	337608115934982
337608126565857	337608150988381	337608132788607
337608144053773	337608167671714	337608150220815
337608161749815	337608184355047	337608167944773
337608178121023	337608201038380	337608184256940
337608193801273	337608217721713	337608199960440
337608210738607	337608234405046	337608216941857
337608227451732	337608251088379	337608233635982
337608244811232	337608267771712	337608250995982
337608259796523	337608284455045	337608266053982
337608278283315	337608301138378	337608284437773
337608294388815	337608317821711	337608300572357
337608311201648	337608334505044	337608317394148
337608329276690	337608351188377	337608335465898
337608346832982	337608367871710	337608352935232
337608363285607	337608384555043	337608369432315
337608379276107	337608401238376	337608385376732
337608394496190	337608417921709	337608400731398
337608410374940	337608434605042	337608416592773
337608427453107	337608451288375	337608433628065
337608443845898	337608467971708	337608450081940
337608462567190	337608484655041	337608468788523
337608493263982	337608501338374	337608499739232
337608501473565	337608518021707	337608509945565
337608511043690	337608534705040	337608518907607
337608527474690	337608551388373	337608534682440
337608544566440	337608568071706	337608551349690
337608561043065	337608584755039	337608567577523
337608577967148	337608601438372	337608584212690
337608594105190	337608618121705	337608600397107
337608610828357	337608634805038	337608617109398
337608627962815	337608651488371	337608634154732
337608644689273	337608668171704	337608650863898
337608661335482	337608684855037	337608667515898
337608678429607	337608701538370	337608684534732
337608694743607	337608718221703	337608700927773
337608711520107	337608734905036	337608717684732
337608728294440	337608751588369	337608734463398
337608745144607	337608768271702	337608751312732
337608763175815	337608784955035	337608769285565
337608789523357	337608801638368	337608795485440
337608798445940	337608818321701	337608804507274
337608814033357	337608835005034	337608820133607
337608831031607	337608851688367	337608837189065
337608848205982	337608868371700	337608854278274
337608865808899	337608885055033	337608871918732
337608880247982	337608901738366	337608886376357
337608898148232	337608918421699	337608904237649
337608914044774	337608935105032	337608920147607
337608931923690	337608951788365	337608937909149
337608948955857	337608968471698	337608955019899
337608966042024	337608985155031	337608972116107
337609051775149	337609051888363	337609055959357
337609066539232	337609068571696	337609071390899
337609080527732	337609085255029	337609085426482
337609090460482	337609101938362	337609098166774
337609109029607	337609118621695	337609122621107
337609121182107	337609135305028	337609136454357
337609134083732	337609151988361	337609150036940
337609150875565	337609168671694	337609164533149
337609169760774	337609185355027	337609183389649
337609186180565	337609202038360	337609199842982
337609202700232	337609218721693	337609209009274
337609218994149	337609235405026	337609225250774
337609234678607	337609252088359	337609241054732
337609251909774	337609268771692	337609258181607
337609269070190	337609285455025	337609275367107
337609287245774	337609302138358	337609293516357
337609305387149	337609318821691	337609311498357
337609319234232	337609335505024	337609325381690
337609335447857	337609352188357	337609341637732
337609352643815	337609368871690	337609358638399

===
16683333
337606813666648	337606833005074	337606819967939
337606831186231	337606849688407	337606837407273
337606848274314	337606866371740	337606854554356
337606866282273	337606883055073	337606872713981
337606882162648	337606899738406	337606890665689
337606897797981	337606916421739	337606905597398
337606914467689	337606933105072	337606921678814
337606931188606	337606949788405	337606937990564
337606947897106	337606966471738	337606954438314
337606964422731	337606983155071	337606970736148
337606981238981	337606999838404	337606987552356
337606997999773	337607016521737	337607004256856
337607014673606	337607033205070	337607020878898
337607031464773	337607049888403	337607037645898
337607048261814	337607066571736	337607054449481
337607065165648	337607083255069	337607071345689
337607081888856	337607099938402	337607088068148
337607098640398	337607116621735	337607104811981
337607115461356	337607133305068	337607121629814
337607134331981	337607149988401	337607140508481
337607161685314	337607166671734	337607167708398
337607168169398	337607183355067	337607174242606
337607184594148	337607200038400	337607190588856
337607202562439	337607216721733	337607208648231
337607219342064	337607233405066	337607225467106
337607235963398	337607250088399	337607242105148
337607251925814	337607266771732	337607258005064
337607268496398	337607283455065	337607274619856
337607285736023	337607300138398	337607291833564
337607303179148	337607316821731	337607309276689
337607319913773	337607333505064	337607325988481
337607336080939	337607350188397	337607342204273
337607713033690	337607717221723	337607731546315
337607719952481	337607767271722	337607755803023
337607740190523	337607783955055	337607780488690
337607772768523	337607800638388	337607797080690
337607789199231	337607817321721	337607805806856
337607806163106	337607834005054	337607814995106
337607822590481	337607850688387	337607831205148
337607838873190	337607867371720	337607847394856
337607855704815	337607884055053	337607864367356
337607872425065	337607900738386	337607881094606
337607889344565	337607917421719	337607898016898
337607906167856	337607934105052	337607914867731
337607922808065	337607950788385	337607931410273
337607941527148	337607967471718	337607950016773
337607959744315	337607984155051	337607965945481
337607975970023	337608000838384	337607982161023
337607992242648	337608017521717	337607998383231
337608008639481	337608034205050	337608014870315
337608026236523	337608050888383	337608032474190
337608043453440	337608067571716	337608049689607
337608060785982	337608084255049	337608067004607
337608078124690	337608100938382	337608084304982
337608093223023	337608117621715	337608099454023
337608109827773	337608134305048	337608115934982
337608126565857	337608150988381	337608132788607
337608144053773	337608167671714	337608150220815
337608161749815	337608184355047	337608167944773
337608178121023	337608201038380	337608184256940
337608193801273	337608217721713	337608199960440
337608210738607	337608234405046	337608216941857
337608227451732	337608251088379	337608233635982
337608244811232	337608267771712	337608250995982
337608259796523	337608284455045	337608266053982
337608278283315	337608301138378	337608284437773
337608294388815	337608317821711	337608300572357
337608311201648	337608334505044	337608317394148
337608329276690	337608351188377	337608335465898
337608346832982	337608367871710	337608352935232
337608363285607	337608384555043	337608369432315
337608379276107	337608401238376	337608385376732
337608394496190	337608417921709	337608400731398
337608410374940	337608434605042	337608416592773
337608427453107	337608451288375	337608433628065
337608443845898	337608467971708	337608450081940
337608462567190	337608484655041	337608468788523
337608493263982	337608501338374	337608499739232
337608501473565	337608518021707	337608509945565
337608511043690	337608534705040	337608518907607
337608527474690	337608551388373	337608534682440
337608544566440	337608568071706	337608551349690
337608561043065	337608584755039	337608567577523
337608577967148	337608601438372	337608584212690
337608594105190	337608618121705	337608600397107
337608610828357	337608634805038	337608617109398
337608627962815	337608651488371	337608634154732
337608644689273	337608668171704	337608650863898
337608661335482	337608684855037	337608667515898
337608678429607	337608701538370	337608684534732
337608694743607	337608718221703	337608700927773
337608711520107	337608734905036	337608717684732
337608728294440	337608751588369	337608734463398
337608745144607	337608768271702	337608751312732
337608763175815	337608784955035	337608769285565
337608789523357	337608801638368	337608795485440
337608798445940	337608818321701	337608804507274
337608814033357	337608835005034	337608820133607
337608831031607	337608851688367	337608837189065
337608848205982	337608868371700	337608854278274
337608865808899	337608885055033	337608871918732
337608880247982	337608901738366	337608886376357
337608898148232	337608918421699	337608904237649
337608914044774	337608935105032	337608920147607
337608931923690	337608951788365	337608937909149
337608948955857	337608968471698	337608955019899
337608966042024	337608985155031	337608972116107
337609051775149	337609051888363	337609055959357
337609066539232	337609068571696	337609071390899
337609080527732	337609085255029	337609085426482
337609090460482	337609101938362	337609098166774
337609109029607	337609118621695	337609122621107
337609121182107	337609135305028	337609136454357
337609134083732	337609151988361	337609150036940
337609150875565	337609168671694	337609164533149
337609169760774	337609185355027	337609183389649
337609186180565	337609202038360	337609199842982
337609202700232	337609218721693	337609209009274
337609218994149	337609235405026	337609225250774
337609234678607	337609252088359	337609241054732
337609251909774	337609268771692	337609258181607
337609269070190	337609285455025	337609275367107
337609287245774	337609302138358	337609293516357
337609305387149	337609318821691	337609311498357
337609319234232	337609335505024	337609325381690
337609335447857	337609352188357	337609341637732
337609352643815	337609368871690	337609358638399

