Applications Graphics Acceleration Info:
Uptime: 339174212 Realtime: 373848322

** Graphics info for pid 22454 [com.auroratv.lab] **

Stats since: 339162683796139ns
Total frames rendered: 503
Janky frames: 15 (2.98%)
Janky frames (legacy): 119 (23.66%)
50th percentile: 13ms
90th percentile: 27ms
95th percentile: 40ms
99th percentile: 69ms
Number Missed Vsync: 1
Number High input latency: 567
Number Slow UI thread: 11
Number Slow bitmap uploads: 3
Number Slow issue draw commands: 6
Number Frame deadline missed: 15
Number Frame deadline missed (legacy): 17
HISTOGRAM: 5ms=0 6ms=0 7ms=0 8ms=1 9ms=44 10ms=50 11ms=41 12ms=78 13ms=40 14ms=32 15ms=27 16ms=17 17ms=9 18ms=10 19ms=17 20ms=19 21ms=20 22ms=11 23ms=11 24ms=8 25ms=8 26ms=4 27ms=6 28ms=3 29ms=2 30ms=3 31ms=3 32ms=2 34ms=6 36ms=1 38ms=4 40ms=1 42ms=3 44ms=3 46ms=3 48ms=4 53ms=4 57ms=0 61ms=0 65ms=1 69ms=2 73ms=1 77ms=1 81ms=1 85ms=0 89ms=1 93ms=0 97ms=0 101ms=0 105ms=0 109ms=0 113ms=0 117ms=0 121ms=1 125ms=0 129ms=0 133ms=0 150ms=0 200ms=0 250ms=0 300ms=0 350ms=0 400ms=0 450ms=0 500ms=0 550ms=0 600ms=0 650ms=0 700ms=0 750ms=0 800ms=0 850ms=0 900ms=0 950ms=0 1000ms=0 1050ms=0 1100ms=0 1150ms=0 1200ms=0 1250ms=0 1300ms=0 1350ms=0 1400ms=0 1450ms=0 1500ms=0 1550ms=0 1600ms=0 1650ms=0 1700ms=0 1750ms=0 1800ms=0 1850ms=0 1900ms=0 1950ms=0 2000ms=0 2050ms=0 2100ms=0 2150ms=0 2200ms=0 2250ms=0 2300ms=0 2350ms=0 2400ms=0 2450ms=0 2500ms=0 2550ms=0 2600ms=0 2650ms=0 2700ms=0 2750ms=0 2800ms=0 2850ms=0 2900ms=0 2950ms=0 3000ms=0 3050ms=0 3100ms=0 3150ms=0 3200ms=0 3250ms=0 3300ms=0 3350ms=0 3400ms=0 3450ms=0 3500ms=0 3550ms=0 3600ms=0 3650ms=0 3700ms=0 3750ms=0 3800ms=0 3850ms=0 3900ms=0 3950ms=0 4000ms=0 4050ms=0 4100ms=0 4150ms=0 4200ms=0 4250ms=0 4300ms=0 4350ms=0 4400ms=0 4450ms=0 4500ms=0 4550ms=0 4600ms=0 4650ms=0 4700ms=0 4750ms=0 4800ms=0 4850ms=0 4900ms=0 4950ms=0
50th gpu percentile: 5ms
90th gpu percentile: 8ms
95th gpu percentile: 10ms
99th gpu percentile: 19ms
GPU HISTOGRAM: 1ms=0 2ms=0 3ms=0 4ms=154 5ms=174 6ms=43 7ms=74 8ms=21 9ms=7 10ms=10 11ms=11 12ms=0 13ms=0 14ms=0 15ms=1 16ms=2 17ms=0 18ms=0 19ms=1 20ms=2 21ms=0 22ms=0 23ms=1 24ms=0 25ms=0 4950ms=2

Pipeline=Skia (OpenGL)
Memory policy:
  Max surface area: 2073600
  Max resource usage: 99.53MB (x48)
  Background retention: 50% (altUiHidden = true)
  GPU Context timeout: 10
Contexts: 1 (stopped = 0)
CPU Caches:
  Glyph Cache: 2.59 MB (1 entry)
  Glyph Count: 167 
Total CPU memory usage:
  2712374 bytes, 2.59 MB (0.00 bytes is purgeable)
GPU Caches:
  Image:
    Texture: 33.81 MB (116 entries)
  Other:
    Other: 535.60 KB (1 entry)
    Buffer Object: 464.00 bytes (2 entries)
    StencilAttachment: 67.00 KB (6 entries)
  Scratch:
    RenderTarget: 29.80 MB (168 entries)
    Texture: 3.09 MB (73 entries)
    Buffer Object: 78.03 KB (3 entries)
Total GPU memory usage:
  70634160 bytes, 67.36 MB (41.57 MB is purgeable)

Profile data in ms:

	com.auroratv.lab/com.auroratv.MainActivity/android.view.ViewRootImpl@3e5b59a (visibility=0)
Window: com.auroratv.lab/com.auroratv.MainActivity
Stats since: 339162683794973ns
Total frames rendered: 503
Janky frames: 15 (2.98%)
Janky frames (legacy): 119 (23.66%)
50th percentile: 13ms
90th percentile: 27ms
95th percentile: 40ms
99th percentile: 69ms
Number Missed Vsync: 1
Number High input latency: 567
Number Slow UI thread: 11
Number Slow bitmap uploads: 3
Number Slow issue draw commands: 6
Number Frame deadline missed: 15
Number Frame deadline missed (legacy): 17
HISTOGRAM: 5ms=0 6ms=0 7ms=0 8ms=1 9ms=44 10ms=50 11ms=41 12ms=78 13ms=40 14ms=32 15ms=27 16ms=17 17ms=9 18ms=10 19ms=17 20ms=19 21ms=20 22ms=11 23ms=11 24ms=8 25ms=8 26ms=4 27ms=6 28ms=3 29ms=2 30ms=3 31ms=3 32ms=2 34ms=6 36ms=1 38ms=4 40ms=1 42ms=3 44ms=3 46ms=3 48ms=4 53ms=4 57ms=0 61ms=0 65ms=1 69ms=2 73ms=1 77ms=1 81ms=1 85ms=0 89ms=1 93ms=0 97ms=0 101ms=0 105ms=0 109ms=0 113ms=0 117ms=0 121ms=1 125ms=0 129ms=0 133ms=0 150ms=0 200ms=0 250ms=0 300ms=0 350ms=0 400ms=0 450ms=0 500ms=0 550ms=0 600ms=0 650ms=0 700ms=0 750ms=0 800ms=0 850ms=0 900ms=0 950ms=0 1000ms=0 1050ms=0 1100ms=0 1150ms=0 1200ms=0 1250ms=0 1300ms=0 1350ms=0 1400ms=0 1450ms=0 1500ms=0 1550ms=0 1600ms=0 1650ms=0 1700ms=0 1750ms=0 1800ms=0 1850ms=0 1900ms=0 1950ms=0 2000ms=0 2050ms=0 2100ms=0 2150ms=0 2200ms=0 2250ms=0 2300ms=0 2350ms=0 2400ms=0 2450ms=0 2500ms=0 2550ms=0 2600ms=0 2650ms=0 2700ms=0 2750ms=0 2800ms=0 2850ms=0 2900ms=0 2950ms=0 3000ms=0 3050ms=0 3100ms=0 3150ms=0 3200ms=0 3250ms=0 3300ms=0 3350ms=0 3400ms=0 3450ms=0 3500ms=0 3550ms=0 3600ms=0 3650ms=0 3700ms=0 3750ms=0 3800ms=0 3850ms=0 3900ms=0 3950ms=0 4000ms=0 4050ms=0 4100ms=0 4150ms=0 4200ms=0 4250ms=0 4300ms=0 4350ms=0 4400ms=0 4450ms=0 4500ms=0 4550ms=0 4600ms=0 4650ms=0 4700ms=0 4750ms=0 4800ms=0 4850ms=0 4900ms=0 4950ms=0
50th gpu percentile: 5ms
90th gpu percentile: 8ms
95th gpu percentile: 10ms
99th gpu percentile: 19ms
GPU HISTOGRAM: 1ms=0 2ms=0 3ms=0 4ms=154 5ms=174 6ms=43 7ms=74 8ms=21 9ms=7 10ms=10 11ms=11 12ms=0 13ms=0 14ms=0 15ms=1 16ms=2 17ms=0 18ms=0 19ms=1 20ms=2 21ms=0 22ms=0 23ms=1 24ms=0 25ms=0 4950ms=2



---PROFILEDATA---
Flags,FrameTimelineVsyncId,IntendedVsync,Vsync,InputEventId,HandleInputStart,AnimationStart,PerformTraversalsStart,DrawStart,FrameDeadline,FrameInterval,FrameStartTime,SyncQueued,SyncStart,IssueDrawCommandsStart,SwapBuffers,FrameCompleted,DequeueBufferDuration,QueueBufferDuration,GpuCompleted,SwapBuffersCompleted,DisplayPresentTime,CommandSubmissionCompleted,
0,117584026,339170346612072,339170346612072,0,339170346974601,339170346976268,339170347622226,339170347786435,339170365295405,339170346967310,16800171,339170347844351,339170348076018,339170351055726,339170354361185,339170359236143,20375,571500,339170359236143,339170355289143,-1,339170354361185,
0,117584034,339170363412243,339170363412243,0,339170363744810,339170363746435,339170364593560,339170364749601,339170382095576,339170363738060,16800171,339170365244768,339170366944768,339170368126310,339170371227643,339170376090851,24667,631083,339170376090851,339170372186393,-1,339170371227643,
0,117584042,339170380212414,339170380212414,-518978441,339170380518143,339170380519518,339170381414768,339170381619810,339170398895747,339170380510601,16800171,339170383398851,339170383610018,339170384977435,339170389093726,339170394013018,22084,301750,339170394013018,339170389733726,-1,339170389093726,
0,117584050,339170397012585,339170397012585,-639048014,339170397382351,339170397383601,339170398019226,339170398188143,339170415695918,339170397375518,16800171,339170398574351,339170398765393,339170400245143,339170404806810,339170410540226,17875,683667,339170410540226,339170405844143,-1,339170404806810,
0,117584058,339170413812756,339170413812756,0,339170414135810,339170414137101,339170414751768,339170414935476,339170432496089,339170414129476,16800171,339170415323435,339170415482185,339170416918893,339170420752518,339170426348518,19583,542042,339170426348518,339170421631185,-1,339170420752518,
0,117584066,339170430612927,339170430612927,0,339170430899977,339170430901185,339170431436602,339170431574518,339170449296260,339170430893560,16800171,339170431626685,339170431776310,339170433192435,339170436555268,339170441094893,18667,538791,339170441094893,339170437467060,-1,339170436555268,
0,117584074,339170447413098,339170447413098,0,339170447701935,339170447703227,339170448264018,339170448396602,339170466096431,339170447696143,16800171,339170448451477,339170448606060,339170449886143,339170453091477,339170457790685,17500,545208,339170457790685,339170453956727,-1,339170453091477,
0,117584082,339170464213269,339170464213269,0,339170464491518,339170464492852,339170465082352,339170465216602,339170482896602,339170464485477,16800171,339170465272727,339170465435352,339170467884977,339170470589435,339170475258268,17416,279500,339170475258268,339170471174810,-1,339170470589435,
0,117584090,339170481013440,339170481013440,0,339170481315435,339170481316768,339170481918060,339170482084518,339170499696773,339170481309185,16800171,339170482397352,339170482560185,339170485167935,339170492626852,339170497387060,18417,584209,339170497387060,339170493508060,-1,339170492626852,
0,117584098,339170497813611,339170497813611,0,339170498087352,339170498088852,339170498657102,339170498821268,339170516496944,339170498081977,16800171,339170504544102,339170504705977,339170505700893,339170508457018,339170513316602,21375,551041,339170513316602,339170509350560,-1,339170508457018,
0,117584106,339170514613782,339170514613782,0,339170514880893,339170514882268,339170515448893,339170515588018,339170533297115,339170514874977,16800171,339170515640602,339170515774768,339170516854143,339170519836643,339170524757560,19125,529083,339170524757560,339170520733435,-1,339170519836643,
0,117584114,339170531413953,339170531413953,0,339170531697727,339170531699185,339170532274893,339170532407977,339170550097286,339170531691852,16800171,339170532460727,339170532593768,339170533604435,339170536683102,339170540919935,18542,522000,339170540919935,339170537514185,-1,339170536683102,
0,117584122,339170548214124,339170548214124,0,339170548485310,339170548486643,339170549023310,339170549242310,339170566897457,339170548479143,16800171,339170549536602,339170549676018,339170551672852,339170554483435,339170558320393,18041,519958,339170558320393,339170555299268,-1,339170554483435,
0,117584130,339170565014295,339170565014295,0,339170565299685,339170565301102,339170565857935,339170566000602,339170583697628,339170565293685,16800171,339170566048810,339170566189685,339170567510227,339170570714143,339170574604310,18500,560375,339170574604310,339170571622018,-1,339170570714143,
0,117584138,339170581814466,339170581814466,0,339170582101477,339170582102852,339170583096227,339170583241393,339170600497799,339170582095227,16800171,339170583307935,339170583455935,339170584752685,339170587751143,339170591555393,19167,592875,339170591555393,339170588645143,-1,339170587751143,
0,117584146,339170598614637,339170598614637,0,339170598886602,339170598888102,339170599372685,339170599506477,339170617297970,339170598880810,16800171,339170599552643,339170599686227,339170600988018,339170603941143,339170607785977,18333,618000,339170607785977,339170604910227,-1,339170603941143,
0,117584154,339170615414808,339170615414808,0,339170615721143,339170615722935,339170616392185,339170616530352,339170634098141,339170615713977,16800171,339170616578893,339170616719268,339170617920018,339170620997352,339170624796893,17625,567042,339170624796893,339170621872143,-1,339170620997352,
0,117584162,339170632214979,339170632214979,0,339170632505768,339170632507143,339170633092352,339170633238727,339170650898312,339170632499518,16800171,339170633293393,339170633454852,339170634642477,339170637806477,339170641675227,18708,585917,339170641675227,339170638726935,-1,339170637806477,
0,117584170,339170649015150,339170649015150,0,339170649301518,339170649302768,339170649848435,339170649995518,339170667698483,339170649295685,16800171,339170650043810,339170650179768,339170651366685,339170655187935,339170659060852,18875,608584,339170659060852,339170656114310,-1,339170655187935,
0,117584178,339170665815321,339170665815321,0,339170666102352,339170666103852,339170666591518,339170666746393,339170684498654,339170666096393,16800171,339170666795477,339170666926560,339170668111893,339170671708393,339170675497060,17666,580208,339170675497060,339170672590602,-1,339170671708393,
0,117584186,339170682615492,339170682615492,0,339170682906393,339170682908018,339170683483810,339170683615477,339170701298825,339170682900602,16800171,339170683661477,339170683798852,339170685089060,339170688104227,339170691905935,18250,579125,339170691905935,339170688997852,-1,339170688104227,
0,117584194,339170699415663,339170699415663,0,339170699811268,339170699813393,339170700633810,339170700815102,339170718098996,339170699802602,16800171,339170700874977,339170701070268,339170702883102,339170707577185,339170711515352,22708,943625,339170711515352,339170708953893,-1,339170707577185,
0,117584202,339170716215834,339170716215834,0,339170716631268,339170716633935,339170717421518,339170717610602,339170734899167,339170716621102,16800171,339170717672227,339170717879060,339170719531977,339170723772768,339170727660518,24167,732334,339170727660518,339170724955602,-1,339170723772768,
0,117584210,339170733016005,339170733016005,0,339170733477893,339170733480268,339170734267185,339170734479310,339170751699338,339170733467185,16800171,339170734551060,339170734787768,339170736765560,339170741440935,339170745453685,25958,735042,339170745453685,339170742576560,-1,339170741440935,
0,117584218,339170749816176,339170749816176,0,339170750266393,339170750268810,339170751117310,339170751319852,339170768499509,339170750256185,16800171,339170751383768,339170751610310,339170753661268,339170758903727,339170762824435,25917,862167,339170762824435,339170760242268,-1,339170758903727,
0,117584226,339170766616347,339170766616347,0,339170766990852,339170766992768,339170767664060,339170767839268,339170785299680,339170766981893,16800171,339170767896727,339170768170852,339170770108893,339170775586852,339170779523810,26250,996584,339170779523810,339170777078143,-1,339170775586852,
0,117584234,339170783416518,339170783416518,0,339170783808768,339170783810602,339170784493685,339170784745477,339170802099851,339170783800435,16800171,339170784825018,339170785012393,339170786796727,339170792240227,339170796253560,24375,455875,339170796253560,339170793294810,-1,339170792240227,
0,117584242,339170800216689,339170800216689,0,339170800642852,339170800645143,339170801323935,339170801512685,339170818900022,339170800634477,16800171,339170801575518,339170801787643,339170803131560,339170808355227,339170812296268,23541,398334,339170812296268,339170809198435,-1,339170808355227,
0,117584250,339170817016860,339170817016860,0,339170817498518,339170817500643,339170818293060,339170818530977,339170835700193,339170817488852,16800171,339170818596268,339170818805685,339170820571727,339170824938518,339170828854852,25416,342333,339170828854852,339170825653810,-1,339170824938518,
0,117584258,339170833817031,339170833817031,0,339170834233768,339170834235477,339170835004685,339170835216935,339170852500364,339170834225977,16800171,339170835291477,339170835459852,339170836708060,339170840367227,339170844219143,19542,473334,339170844219143,339170841183477,-1,339170840367227,
0,117584266,339170850617202,339170850617202,0,339170850966768,339170850968227,339170851642768,339170851791477,339170869300535,339170850960018,16800171,339170851853435,339170852085102,339170853588018,339170857417102,339170861416768,21833,289167,339170861416768,339170858063685,-1,339170857417102,
0,117584274,339170867417373,339170867417373,-272105457,339170867731893,339170867733393,339170868597685,339170868796852,339170886100706,339170867725102,16800171,339170869444018,339170869608143,339170871194102,339170876484268,339170880436143,17209,1033459,339170880436143,339170877864477,-1,339170876484268,
0,117584282,339170884217544,339170884217544,0,339170884503893,339170884505143,339170885076143,339170885249643,339170902900877,339170884497602,16800171,339170885852977,339170886011143,339170887617518,339170894688227,339170899071685,31416,359542,339170899071685,339170895344310,-1,339170894688227,
0,117584290,339170901017715,339170901017715,0,339170901285977,339170901287268,339170901914810,339170902070518,339170919701048,339170901279643,16800171,339170902137268,339170902294810,339170903540643,339170909098310,339170913678602,33542,299083,339170913678602,339170909711518,-1,339170909098310,
0,117584298,339170917817886,339170917817886,0,339170918092768,339170918094143,339170918644102,339170918774935,339170936501219,339170918086852,16800171,339170918825852,339170918957227,339170920213810,339170928276435,339170933043268,18208,283959,339170933043268,339170929090977,-1,339170928276435,
0,117584306,339170934618057,339170934618057,0,339170934877060,339170934878310,339170935424935,339170935619768,339170953301390,339170934871143,16800171,339170935703852,339170935851268,339170937083643,339170942730852,339170947623768,17542,534584,339170947623768,339170943559893,-1,339170942730852,
0,117584314,339170951418228,339170951418228,0,339170951706393,339170951707977,339170952399393,339170952531643,339170970101561,339170951700768,16800171,339170952711768,339170952847852,339170954291227,339170960528310,339170965423643,18042,500375,339170965423643,339170961406727,-1,339170960528310,
0,117584322,339170968218399,339170968218399,0,339170968501768,339170968503018,339170969028977,339170969162227,339170986901732,339170968495977,16800171,339170969214268,339170969396727,339170970730893,339170978661560,339170983684977,18167,515708,339170983684977,339170979479768,-1,339170978661560,
0,117584330,339170985018570,339170985018570,0,339170985289060,339170985290352,339170985950310,339170986122185,339171003701903,339170985282852,16800171,339170986180185,339170986330810,339170987613768,339170993061102,339170998197893,19459,589791,339170998197893,339170993961935,-1,339170993061102,
0,117584338,339171001818741,339171001818741,0,339171002118060,339171002119602,339171002690518,339171002824185,339171020502074,339171002112310,16800171,339171002992310,339171003134727,339171004819435,339171013001102,339171018140227,17959,540625,339171018140227,339171013840852,-1,339171013001102,
0,117584346,339171018618912,339171018618912,0,339171018879310,339171018880560,339171019402227,339171019533727,339171037302245,339171018873352,16800171,339171024180893,339171024322768,339171025329102,339171030692477,339171035214643,23625,503291,339171035214643,339171031555268,-1,339171030692477,
0,117584354,339171035419083,339171035419083,0,339171035677685,339171035678977,339171036557810,339171036709768,339171054102416,339171035671227,16800171,339171036967310,339171037106268,339171038416727,339171044647893,339171048779768,51958,589167,339171048779768,339171045549102,-1,339171044647893,
0,117584362,339171052219254,339171052219254,0,339171052513102,339171052514435,339171053119643,339171053304602,339171070902587,339171052506602,16800171,339171053363435,339171053506977,339171055896768,339171060760768,339171064865018,18459,279333,339171064865018,339171061338060,-1,339171060760768,
0,117584370,339171069019425,339171069019425,0,339171069309810,339171069311435,339171069876435,339171070006935,339171087702758,339171069304102,16800171,339171070052185,339171070167602,339171072382810,339171077250768,339171081363935,15750,280708,339171081363935,339171077884435,-1,339171077250768,
0,117584378,339171085819596,339171085819596,0,339171086178643,339171086180102,339171086786435,339171086951810,339171104502929,339171086171560,16800171,339171087013102,339171087250060,339171088491393,339171094206227,339171098325768,17792,305666,339171098325768,339171094931143,-1,339171094206227,
0,117584386,339171102619767,339171102619767,0,339171102977977,339171102979352,339171103480268,339171103608727,339171121303100,339171102971685,16800171,339171103654477,339171103786143,339171104927727,339171111507977,339171115631185,17625,649917,339171115631185,339171112493560,-1,339171111507977,
0,117584394,339171119419938,339171119419938,0,339171119701394,339171119702769,339171120220769,339171120350477,339171138103271,339171119695394,16800171,339171120396602,339171120521977,339171121660769,339171127706727,339171131809560,18250,650833,339171131809560,339171128688352,-1,339171127706727,
0,117584402,339171136220109,339171136220109,0,339171136502310,339171136504060,339171136993769,339171137124769,339171154903442,339171136496477,16800171,339171137170060,339171137287060,339171138369185,339171144824019,339171149055685,21834,604792,339171149055685,339171145935894,-1,339171144824019,
0,117584410,339171153020280,339171153020280,0,339171153332810,339171153334102,339171153913060,339171154057644,339171171703613,339171153325977,16800171,339171154112060,339171154248602,339171155437894,339171161930227,339171166043769,18625,628292,339171166043769,339171162893477,-1,339171161930227,
0,117584418,339171169820451,339171169820451,0,339171170155102,339171170157310,339171170887394,339171171028477,339171188503784,339171170147435,16800171,339171171098685,339171171241185,339171172239727,339171178323852,339171182504560,19291,335500,339171182504560,339171179022977,-1,339171178323852,
0,117584426,339171186620622,339171186620622,0,339171186942894,339171186944310,339171187525477,339171187662102,339171205303955,339171186936394,16800171,339171187708185,339171187830810,339171189056144,339171196286519,339171200430310,19375,304167,339171200430310,339171196917769,-1,339171196286519,
0,117584434,339171203420793,339171203420793,0,339171203705519,339171203706935,339171204299894,339171204438019,339171222104126,339171203699394,16800171,339171204487144,339171204610685,339171205548644,339171212575310,339171216819060,18708,330250,339171216819060,339171213314935,-1,339171212575310,
0,117584442,339171220220964,339171220220964,0,339171220512477,339171220513852,339171221018019,339171221148144,339171238904297,339171220506269,16800171,339171221192019,339171221363519,339171223613894,339171228949644,339171233115144,18458,295042,339171233115144,339171229741560,-1,339171228949644,
0,117584450,339171237021135,339171237021135,0,339171237295769,339171237297060,339171238170519,339171238307310,339171255704468,339171237289602,16800171,339171238354977,339171238480060,339171240911019,339171246952810,339171251079144,17291,618833,339171251079144,339171247892435,-1,339171246952810,
0,117584458,339171253821306,339171253821306,0,339171254126185,339171254127560,339171254659644,339171254798894,339171272504639,339171254120019,16800171,339171254848727,339171254965269,339171257256394,339171262953019,339171267075602,22000,568208,339171267075602,339171263836644,-1,339171262953019,
0,117584466,339171270621477,339171270621477,0,339171270906394,339171270907810,339171271587519,339171271748060,339171289304810,339171270900227,16800171,339171271802810,339171271936560,339171274351352,339171280628185,339171284771852,17542,641750,339171284771852,339171281609685,-1,339171280628185,
0,117584474,339171287421648,339171287421648,0,339171287821644,339171287823227,339171288495519,339171288643352,339171306104981,339171287813352,16800171,339171288695394,339171288823394,339171291191727,339171297411477,339171301663352,18000,598041,339171301663352,339171298361810,-1,339171297411477,
0,117584482,339171304221819,339171304221819,0,339171304578685,339171304580144,339171305177352,339171305323185,339171322905152,339171304532394,16800171,339171305376685,339171305501560,339171307907310,339171314744810,339171318989185,25042,597000,339171318989185,339171315699810,-1,339171314744810,
0,117584490,339171321021990,339171321021990,0,339171321371144,339171321372644,339171322195602,339171322370310,339171339705323,339171321363894,16800171,339171322430560,339171322584310,339171325182560,339171333196019,339171337370060,21167,361583,339171337370060,339171333937435,-1,339171333196019,
0,117584498,339171337822161,339171337822161,-442233672,339171338171810,339171338173352,339171339029477,339171339239810,339171356505494,339171338163852,16800171,339171340718685,339171341568852,339171342620477,339171346579769,339171350745810,20792,311834,339171350745810,339171347259727,-1,339171346579769,
0,117584506,339171354622332,339171354622332,0,339171354935602,339171354937019,339171355704935,339171355873935,339171373305665,339171354929435,16800171,339171356784269,339171356936144,339171358198352,339171367861977,339171378525685,47833,355416,339171378525685,339171368593310,-1,339171367861977,
0,117584514,339171371422503,339171371422503,0,339171371705352,339171371706769,339171372559560,339171372735644,339171406906007,339171371698977,16800171,339171373712310,339171373846394,339171374927269,339171383872769,339171394339227,19000,531167,339171394339227,339171384799310,-1,339171383872769,
0,117584522,339171388222674,339171388222674,0,339171388535977,339171388537227,339171389221269,339171389375769,339171423706178,339171388529560,16800171,339171389748602,339171389869727,339171390871935,339171398755435,339171409218560,947166,540917,339171409218560,339171399618810,-1,339171398755435,
0,117584530,339171405022845,339171405022845,0,339171405325269,339171405327019,339171406088185,339171406242560,339171440506349,339171405319394,16800171,339171406612935,339171406732769,339171407790060,339171417068435,339171427534269,852875,278000,339171427534269,339171417745435,-1,339171417068435,
0,117584538,339171421823016,339171421823016,0,339171422120852,339171422122310,339171422743310,339171422898144,339171457306520,339171422115060,16800171,339171423255144,339171423372894,339171424471144,339171436800352,339171447121394,955500,442209,339171447121394,339171437610519,-1,339171436800352,
0,117584546,339171438623187,339171438623187,0,339171438915935,339171438917352,339171439541352,339171439691269,339171474106691,339171438909310,16800171,339171440198394,339171440318435,339171441652852,339171452811394,339171463182435,690042,516791,339171463182435,339171453773519,-1,339171452811394,
0,117584554,339171455423358,339171455423358,0,339171455706060,339171455708019,339171456457227,339171456613185,339171490906862,339171455699894,16800171,339171461570269,339171461707102,339171462483060,339171472769935,339171482998227,21042,304166,339171482998227,339171473489144,-1,339171472769935,
0,117584562,339171472223529,339171472223529,0,339171472517435,339171472518769,339171473161602,339171473327519,339171507707033,339171472511519,16800171,339171473706519,339171473820269,339171475998810,339171484758019,339171494486102,21125,287916,339171494486102,339171485384269,-1,339171484758019,
0,117584570,339171489023700,339171489023700,0,339171489376935,339171489378769,339171490005519,339171490169269,339171524507204,339171489370227,16800171,339171490559769,339171490653394,339171492856727,339171499680269,339171508529185,20459,362292,339171508529185,339171500358727,-1,339171499680269,
0,117584578,339171505823871,339171505823871,0,339171506165394,339171506167269,339171506791060,339171507025810,339171541307375,339171506159352,16800171,339171507590727,339171507695060,339171509869477,339171516046685,339171524895810,19167,548834,339171524895810,339171516958560,-1,339171516046685,
0,117584586,339171522624042,339171522624042,0,339171522933519,339171522935144,339171523528685,339171523673269,339171558107546,339171522927394,16800171,339171523985019,339171524100310,339171526228060,339171531930602,339171540839727,17666,520334,339171540839727,339171532880685,-1,339171531930602,
0,117584594,339171539424213,339171539424213,0,339171539730852,339171539732477,339171540499060,339171540683477,339171574907717,339171539724727,16800171,339171541074019,339171541176685,339171543471602,339171549796769,339171558623560,19458,513292,339171558623560,339171550637560,-1,339171549796769,
0,117584602,339171556224384,339171556224384,0,339171556641685,339171556643394,339171557899477,339171558061352,339171591707888,339171556635102,16800171,339171558966519,339171559092185,339171560132269,339171568640810,339171577506269,17500,530500,339171577506269,339171569623394,-1,339171568640810,
0,117584610,339171573024555,339171573024555,0,339171573322477,339171573323810,339171585243477,339171585422352,339171608508059,339171573316477,16800171,339171589434894,339171589550102,339171590461644,339171598235810,339171603170810,23833,602375,339171603170810,339171599343810,-1,339171598235810,
0,117584618,339171589824726,339171589824726,0,339171591159310,339171591160644,339171592726435,339171592888810,339171625308230,339171591150560,16800171,339171593411769,339171599467519,339171600247727,339171611838894,339171617486602,19000,275875,339171617486602,339171612454060,-1,339171611838894,
0,117584626,339171606624897,339171606624897,0,339171606966852,339171606968435,339171608866185,339171609038852,339171642108401,339171606960810,16800171,339171609350477,339171612580477,339171613307435,339171621910852,339171627578519,19167,277625,339171627578519,339171622497227,-1,339171621910852,
0,117584634,339171623425068,339171623425068,0,339171623695727,339171623697144,339171625133602,339171625319227,339171658908572,339171623689519,16800171,339171625756977,339171625866519,339171631430602,339171641680685,339171648861810,20791,288083,339171648861810,339171642311269,-1,339171641680685,
0,117584642,339171640225239,339171640225239,0,339171640611560,339171640613352,339171641786769,339171641965810,339171675708743,339171640605435,16800171,339171642750935,339171642853769,339171643776352,339171651185519,339171658315560,15333,298291,339171658315560,339171651775685,-1,339171651185519,
0,117584650,339171657025410,339171657025410,0,339171657334269,339171657336060,339171658641394,339171658771519,339171692508914,339171657327935,16800171,339171659138060,339171659230352,339171660182852,339171668884352,339171676412769,480583,508666,339171676412769,339171669724269,-1,339171668884352,
0,117584658,339171673825581,339171673825581,0,339171674180810,339171674182644,339171675377185,339171675540894,339171709309085,339171674174727,16800171,339171675886560,339171675992394,339171677047935,339171683670810,339171690843477,375292,680834,339171690843477,339171684677019,-1,339171683670810,
0,117584666,339171690625752,339171690625752,0,339171690956352,339171690957769,339171693382519,339171693543977,339171726109256,339171690950185,16800171,339171693911852,339171694142685,339171694896644,339171701677310,339171708826935,18708,596125,339171708826935,339171702657644,-1,339171701677310,
0,117584674,339171707425923,339171707425923,0,339171707754519,339171707755935,339171709081685,339171709213227,339171742909427,339171707747727,16800171,339171709541394,339171709658310,339171710468185,339171718712894,339171725973227,404916,570292,339171725973227,339171719669060,-1,339171718712894,
0,117584682,339171724226094,339171724226094,0,339171724578144,339171724579602,339171725983644,339171726189935,339171759709598,339171724571269,16800171,339171726644394,339171726774644,339171727676727,339171734523727,339171741737519,112458,601125,339171741737519,339171735456352,-1,339171734523727,
0,117584690,339171741026265,339171741026265,0,339171741369519,339171741370935,339171742760227,339171742899727,339171776509769,339171741362394,16800171,339171743259560,339171743363185,339171744346185,339171752183394,339171759341477,351792,612583,339171759341477,339171753167227,-1,339171752183394,
0,117584698,339171757826436,339171757826436,0,339171758176727,339171758178519,339171759682644,339171759849810,339171793309940,339171758170227,16800171,339171760390977,339171760524185,339171761761935,339171769631560,339171776867394,20542,599833,339171776867394,339171770555435,-1,339171769631560,
0,117584706,339171774626607,339171774626607,0,339171774980060,339171774981935,339171776430269,339171776643269,339171810110111,339171774973519,16800171,339171777142644,339171777257602,339171778141269,339171784832310,339171792042144,124209,668167,339171792042144,339171785879935,-1,339171784832310,
0,117584714,339171791426778,339171791426778,0,339171791786935,339171791788727,339171793500269,339171793664185,339171826910282,339171791779519,16800171,339171794177602,339171794316769,339171795434144,339171803359060,339171810550977,18375,721750,339171810550977,339171804439935,-1,339171803359060,
0,117584722,339171808226949,339171808226949,0,339171808564602,339171808566560,339171810639310,339171810812102,339171843710453,339171808557269,16800171,339171811330644,339171811450435,339171812517060,339171820206311,339171827429186,21250,818083,339171827429186,339171821406686,-1,339171820206311,
0,117584730,339171825027120,339171825027120,0,339171825387769,339171825389436,339171827642352,339171827830311,339171860510624,339171825380019,16800171,339171828386102,339171828522561,339171829789644,339171839441519,339171846786769,23166,721875,339171846786769,339171840660977,-1,339171839441519,
0,117584738,339171841827291,339171841827291,0,339171842258352,339171842260144,339171843800894,339171843998561,339171877310795,339171842249769,16800171,339171845031561,339171845208102,339171846497644,339171853419061,339171860307894,23000,846959,339171860307894,339171854690769,-1,339171853419061,
0,117584746,339171858627462,339171858627462,0,339171859021352,339171859023269,339171861054769,339171861249602,339171894110966,339171859012769,16800171,339171861835311,339171861973186,339171862929477,339171867529352,339171874312352,21709,1147333,339171874312352,339171869038144,-1,339171867529352,
0,117584754,339171875427633,339171875427633,0,339171875795811,339171875797727,339171876432936,339171876616561,339171910911137,339171875788144,16800171,339171876856186,339171877017394,339171878127394,339171884220686,339171890839144,1159334,450583,339171890839144,339171885077477,-1,339171884220686,
0,117584762,339171892227804,339171892227804,0,339171892591644,339171892593686,339171893197394,339171893367311,339171927711308,339171892583061,16800171,339171893397186,339171893533852,339171894555144,339171901253686,339171907769186,1766292,761792,339171907769186,339171902436227,-1,339171901253686,
0,117584770,339171909027975,339171909027975,0,339171909420894,339171909422936,339171910095186,339171910303144,339171944511479,339171909411477,16800171,339171910333519,339171910485227,339171911933352,339171918611977,339171925106686,1436125,431167,339171925106686,339171919442477,-1,339171918611977,
0,117584778,339171925828146,339171925828146,0,339171926230894,339171926232977,339171926828269,339171927009394,339171961311650,339171926222061,16800171,339171927041602,339171927193936,339171928286477,339171935619394,339171942252519,1717542,823792,339171942252519,339171936916852,-1,339171935619394,
0,117584786,339171942628317,339171942628317,0,339171943021519,339171943023394,339171943616227,339171943783436,339171978111821,339171943011936,16800171,339171943812269,339171943948311,339171945024977,339171952889811,339171959495352,1654750,882917,339171959495352,339171954252477,-1,339171952889811,
0,117584794,339171959428488,339171959428488,0,339171959805936,339171959807852,339171960468727,339171960665602,339171994911992,339171959797519,16800171,339171960696269,339171960831519,339171961856394,339171968686602,339171975222227,1643292,882083,339171975222227,339171970056769,-1,339171968686602,
0,117584802,339171976228659,339171976228659,0,339171976815727,339171976818019,339171977505852,339171977712852,339172011712163,339171976803977,16800171,339171977817769,339171977998852,339171979946311,339171987017852,339171993624061,571083,422917,339171993624061,339171987993061,-1,339171987017852,
0,117584810,339171993028830,339171993028830,0,339171993411644,339171993413477,339171994156061,339171994337477,339172028512334,339171993402727,16800171,339171994368436,339171994500561,339171995382144,339172002422644,339172008957186,1842583,442916,339172008957186,339172003354644,-1,339172002422644,
0,117584818,339172009829001,339172009829001,0,339172010218102,339172010220019,339172010776644,339172010946311,339172045312505,339172010209977,16800171,339172010974769,339172011109186,339172012234477,339172019695061,339172026333769,1927125,454375,339172026333769,339172020801811,-1,339172019695061,
0,117584826,339172026629172,339172026629172,0,339172027082936,339172027085269,339172027723061,339172027917519,339172062112676,339172027072519,16800171,339172027949852,339172028202019,339172029607269,339172036478644,339172043019227,1542625,432458,339172043019227,339172037329561,-1,339172036478644,
0,117584834,339172043429343,339172043429343,0,339172043844769,339172043847144,339172044508894,339172044702394,339172078912847,339172043834227,16800171,339172044753602,339172044917311,339172046276852,339172053837852,339172060347852,1788417,394666,339172060347852,339172054642769,-1,339172053837852,
0,117584842,339172060229514,339172060229514,0,339172060632352,339172060634436,339172061549227,339172061743936,339172095713018,339172060623144,16800171,339172061775977,339172061941227,339172063253852,339172071028102,339172077571519,1536291,810833,339172077571519,339172072305519,-1,339172071028102,
0,117584850,339172077029685,339172077029685,0,339172077421686,339172077423436,339172078118519,339172078364977,339172112513189,339172077413311,16800171,339172078394936,339172078538186,339172080244519,339172086479186,339172093022852,933416,872125,339172093022852,339172087827394,-1,339172086479186,
0,117584858,339172093829856,339172093829856,0,339172094262769,339172094265019,339172094830227,339172094998394,339172129313360,339172094253602,16800171,339172095027061,339172095161977,339172096298644,339172103222102,339172109774894,1619875,916417,339172109774894,339172104634977,-1,339172103222102,
0,117584866,339172110630027,339172110630027,0,339172111055977,339172111058186,339172111701644,339172111896686,339172146113531,339172111045769,16800171,339172111928394,339172112124102,339172113328186,339172119478144,339172125998061,1341333,578542,339172125998061,339172120459227,-1,339172119478144,
0,117584874,339172127430198,339172127430198,0,339172127855769,339172127858019,339172128543561,339172128738852,339172162913702,339172127845602,16800171,339172128771936,339172128935561,339172130328269,339172136488811,339172143025769,1497875,439750,339172143025769,339172137339686,-1,339172136488811,
0,117584882,339172144230369,339172144230369,0,339172144668644,339172144670811,339172145450686,339172145654686,339172179713873,339172144657811,16800171,339172145689977,339172145856311,339172147289519,339172155404644,339172161934227,1441459,504708,339172161934227,339172156429477,-1,339172155404644,
0,117584890,339172161030540,339172161030540,0,339172161370894,339172161372686,339172161948102,339172162121977,339172196514044,339172161361977,16800171,339172162153727,339172162350477,339172163556769,339172171630727,339172178265186,2070375,649666,339172178265186,339172172808602,-1,339172171630727,
0,117584898,339172177830711,339172177830711,0,339172178281727,339172178283727,339172178895394,339172179074269,339172213314215,339172178271436,16800171,339172179106144,339172179239936,339172180148811,339172187574936,339172194141602,1636709,480209,339172194141602,339172188501769,-1,339172187574936,
0,117584906,339172194630882,339172194630882,0,339172195042852,339172195044644,339172195634936,339172195814102,339172230114386,339172195034144,16800171,339172195844852,339172196081936,339172197134186,339172202855602,339172209438686,1441541,378125,339172209438686,339172203628561,-1,339172202855602,
0,117584914,339172211431053,339172211431053,0,339172211925852,339172211928269,339172212621977,339172212992394,339172246914557,339172211915602,16800171,339172213067061,339172213293727,339172214475394,339172220078144,339172226594936,1230166,405583,339172226594936,339172220883811,-1,339172220078144,
0,117584922,339172228231224,339172228231224,0,339172228669519,339172228672186,339172229411727,339172229606019,339172263714728,339172228658727,16800171,339172229638477,339172229798019,339172231092519,339172237553269,339172244130352,1620125,406292,339172244130352,339172238379394,-1,339172237553269,
0,117584930,339172245031395,339172245031395,0,339172245472727,339172245475436,339172246133352,339172246325061,339172280514899,339172245446144,16800171,339172246357227,339172246513727,339172247949352,339172254508436,339172261068811,1467292,674250,339172261068811,339172255616644,-1,339172254508436,
0,117584938,339172261831566,339172261831566,0,339172262219769,339172262221561,339172262906519,339172263125519,339172297315070,339172262211436,16800171,339172263160311,339172263302311,339172266367602,339172271511727,339172278089227,26334,486875,339172278089227,339172272441894,-1,339172271511727,
0,117584946,339172278631737,339172278631737,0,339172279001269,339172279003019,339172279693144,339172279869977,339172314115241,339172278992977,16800171,339172279900436,339172280060977,339172282696644,339172287552227,339172294100852,22667,539208,339172294100852,339172288535102,-1,339172287552227,
0,117584954,339172295431908,339172295431908,0,339172295803936,339172295805811,339172296616394,339172296801477,339172330915412,339172295795769,16800171,339172296833769,339172296966477,339172299607311,339172303824144,339172310316102,21917,722833,339172310316102,339172304994852,-1,339172303824144,
0,117584962,339172312232079,339172312232079,0,339172312650436,339172312652644,339172313446936,339172313650686,339172347715583,339172312640811,16800171,339172313685436,339172313845102,339172316592644,339172321070477,339172327549061,312834,676584,339172327549061,339172322134936,-1,339172321070477,
0,117584970,339172329032250,339172329032250,0,339172329459477,339172329461811,339172330173644,339172330387852,339172364515754,339172329449394,16800171,339172330424186,339172330590852,339172331641644,339172338618394,339172345112602,2193875,679083,339172345112602,339172339701102,-1,339172338618394,
0,117584978,339172345832421,339172345832421,0,339172346351186,339172346353727,339172347012894,339172347220352,339172381315925,339172346340727,16800171,339172347255311,339172347416519,339172350593602,339172355772311,339172362538519,26417,710459,339172362538519,339172357309436,-1,339172355772311,
---PROFILEDATA---


View hierarchy:

  com.auroratv.lab/com.auroratv.MainActivity/android.view.ViewRootImpl@3e5b59a
  891 views, 1569.70 kB of render nodes


Total ViewRootImpl   : 1
Total attached Views : 891
Total RenderNode     : 1569.70 kB (used) / 6299.59 kB (capacity)

