16683333
0	0	0
0	0	0
0	0	0
0	0	0
0	0	0
0	0	0
0	0	0
0	0	0
0	0	0
0	0	0
0	0	0
0	0	0
0	0	0
0	0	0
0	0	0
0	0	0
0	0	0
0	0	0
0	0	0
0	0	0
0	0	0
0	0	0
0	0	0
0	0	0
0	0	0
0	0	0
0	0	0
0	0	0
0	0	0
0	0	0
0	0	0
0	0	0
0	0	0
0	0	0
0	0	0
0	0	0
0	0	0
0	0	0
0	0	0
0	0	0
0	0	0
0	0	0
0	0	0
0	0	0
0	0	0
0	0	0
0	0	0
0	0	0
0	0	0
0	0	0
0	0	0
0	0	0
0	0	0
0	0	0
0	0	0
0	0	0
0	0	0
0	0	0
0	0	0
0	0	0
0	0	0
0	0	0
0	0	0
0	0	0
0	0	0
0	0	0
0	0	0
0	0	0
0	0	0
0	0	0
0	0	0
0	0	0
0	0	0
0	0	0
0	0	0
0	0	0
0	0	0
0	0	0
0	0	0
0	0	0
0	0	0
0	0	0
0	0	0
0	0	0
0	0	0
0	0	0
0	0	0
0	0	0
0	0	0
0	0	0
0	0	0
0	0	0
0	0	0
0	0	0
0	0	0
0	0	0
0	0	0
0	0	0
0	0	0
0	0	0
0	0	0
0	0	0
0	0	0
0	0	0
0	0	0
0	0	0
0	0	0
0	0	0
0	0	0
0	0	0
0	0	0
0	0	0
0	0	0
0	0	0
0	0	0
0	0	0
0	0	0
0	0	0
0	0	0
0	0	0
0	0	0
0	0	0
0	0	0
0	0	0
0	0	0
0	0	0
0	0	0

===
16683333
0	0	0
0	0	0
0	0	0
0	0	0
0	0	0
0	0	0
0	0	0
0	0	0
0	0	0
0	0	0
0	0	0
0	0	0
0	0	0
0	0	0
0	0	0
0	0	0
0	0	0
0	0	0
0	0	0
0	0	0
0	0	0
0	0	0
0	0	0
0	0	0
0	0	0
0	0	0
0	0	0
0	0	0
0	0	0
0	0	0
0	0	0
0	0	0
0	0	0
0	0	0
0	0	0
0	0	0
0	0	0
0	0	0
0	0	0
0	0	0
0	0	0
0	0	0
0	0	0
0	0	0
0	0	0
0	0	0
0	0	0
0	0	0
0	0	0
0	0	0
0	0	0
0	0	0
0	0	0
0	0	0
0	0	0
0	0	0
0	0	0
0	0	0
0	0	0
0	0	0
0	0	0
0	0	0
0	0	0
0	0	0
0	0	0
0	0	0
0	0	0
0	0	0
0	0	0
0	0	0
0	0	0
0	0	0
0	0	0
0	0	0
0	0	0
0	0	0
0	0	0
0	0	0
0	0	0
0	0	0
0	0	0
0	0	0
0	0	0
0	0	0
0	0	0
0	0	0
0	0	0
0	0	0
0	0	0
0	0	0
0	0	0
0	0	0
0	0	0
338135593428858	338135608230871	338135605860275
338135616367150	338135624914204	338135631681650
338135638628275	338135641597537	338135653830691
338135651988816	338135658280870	338135669936941
338135668893483	338135691647536	338135691820358
338135680851941	338135708330869	338135699030858
338135709765733	338135725014202	338135716221358
338135726714066	338135741697535	338135733165483
338135745649066	338135758380868	338135752150275
338135759814525	338135775064201	338135766292025
338135778208316	338135791747534	338135784639650
338135793461900	338135808430867	338135799996066
338135810591983	338135825114200	338135817167775
338135830149567	338135841797533	338135836582108
338135846395608	338135858480866	338135852888067
338135862984483	338135875164199	338135869297692
338135879228567	338135891847532	338135885584108
338135895952942	338135908530865	338135902292358
338135913458317	338135925214198	338135919703608
338136529579234	338136559180852	338136548149734
338136554575234	338136592547518	338136579333025
338136574055525	338136609230851	338136605327900
338136604346025	338136642597517	338136631457817
338136620581484	338136659280850	338136656895317
338136652264234	338136675964183	338136665772650
338136669759400	338136692647516	338136678410984
338136685213359	338136709330849	338136693934109
338136702014359	338136726014182	338136710701734
338136718059234	338136742697515	338136726759484
338136735006359	338136759380848	338136743700275
338136755133900	338136776064181	338136763831317
338136771473109	338136792747514	338136780084692
338136792492942	338136809430847	338136798719484
338136804744859	338136826114180	338136810974775

===
16683333
0	0	0
0	0	0
0	0	0
0	0	0
0	0	0
0	0	0
0	0	0
0	0	0
0	0	0
0	0	0
0	0	0
0	0	0
0	0	0
0	0	0
0	0	0
0	0	0
0	0	0
0	0	0
0	0	0
0	0	0
0	0	0
0	0	0
0	0	0
0	0	0
0	0	0
0	0	0
0	0	0
0	0	0
0	0	0
0	0	0
0	0	0
0	0	0
0	0	0
0	0	0
0	0	0
0	0	0
338135593428858	338135608230871	338135605860275
338135616367150	338135624914204	338135631681650
338135638628275	338135641597537	338135653830691
338135651988816	338135658280870	338135669936941
338135668893483	338135691647536	338135691820358
338135680851941	338135708330869	338135699030858
338135709765733	338135725014202	338135716221358
338135726714066	338135741697535	338135733165483
338135745649066	338135758380868	338135752150275
338135759814525	338135775064201	338135766292025
338135778208316	338135791747534	338135784639650
338135793461900	338135808430867	338135799996066
338135810591983	338135825114200	338135817167775
338135830149567	338135841797533	338135836582108
338135846395608	338135858480866	338135852888067
338135862984483	338135875164199	338135869297692
338135879228567	338135891847532	338135885584108
338135895952942	338135908530865	338135902292358
338135913458317	338135925214198	338135919703608
338136529579234	338136559180852	338136548149734
338136554575234	338136592547518	338136579333025
338136574055525	338136609230851	338136605327900
338136604346025	338136642597517	338136631457817
338136620581484	338136659280850	338136656895317
338136652264234	338136675964183	338136665772650
338136669759400	338136692647516	338136678410984
338136685213359	338136709330849	338136693934109
338136702014359	338136726014182	338136710701734
338136718059234	338136742697515	338136726759484
338136735006359	338136759380848	338136743700275
338136755133900	338136776064181	338136763831317
338136771473109	338136792747514	338136780084692
338136792492942	338136809430847	338136798719484
338136804744859	338136826114180	338136810974775
338136820463234	338136842797513	338136826721692
338136836833525	338136859480846	338136843105900
338136852835734	338136876164179	338136859090317
338136870209067	338136892847512	338136876445317
338136887165275	338136909530845	338136893249400
338136905291192	338136926214178	338136911441442
338136922291942	338136942897511	338136928445900
338136938153025	338136959580844	338136944333275
338136955036192	338136976264177	338136961322692
338136972780692	338136992947510	338136978942692
338136990297400	338137009630843	338136996393692
338137006917025	338137026314176	338137013149734
338137023026775	338137042997509	338137029218900
338137039853692	338137059680842	338137046175900
338137056456442	338137076364175	338137062750609
338137074100359	338137093047508	338137080308734
338137091546317	338137109730841	338137097633025
338137106752442	338137126414174	338137112927359
338137123057442	338137143097507	338137129266817
338137140122275	338137159780840	338137146281734
338137157691317	338137176464173	338137163881859
338137177117692	338137193147506	338137183409359
338137189821525	338137209830839	338137196052234
338137206460192	338137226514172	338137212666067
338137222196692	338137243197505	338137228438192
338137238643734	338137259880838	338137244932067
338137257255734	338137276564171	338137263552651
338137273211359	338137293247504	338137279478359
338137296198734	338137309930837	338137302612026
338137308197692	338137326614170	338137316657442
338137323502442	338137343297503	338137331341276
338137339945151	338137359980836	338137347164942
338137356733067	338137376664169	338137363564609
338137373456776	338137393347502	338137380045442
338137389947359	338137410030835	338137396295401
338137406711734	338137426714168	338137413077609
338137423002567	338137443397501	338137429337026
338137440569234	338137460080834	338137446782234
338137456651401	338137476764167	338137462874984
338137473658067	338137493447500	338137479877651
338137490188609	338137510130833	338137496392484
338137506808442	338137526814166	338137513006567
338137523651026	338137543497499	338137529813276
338137540470859	338137560180832	338137546648401
338137559846026	338137576864165	338137565979484
338137587353526	338137593547498	338137593485817
338137594253692	338137610230831	338137600401859
338137609505401	338137626914164	338137615648859
338137626798651	338137643597497	338137632998901
338137644319401	338137660280830	338137650292651
338137660849234	338137676964163	338137666933067
338137677004484	338137693647496	338137683091984
338137693195317	338137710330829	338137699309859
338137710710151	338137727014162	338137716789776
338137728309734	338137743697495	338137734414234
338137745317817	338137760380828	338137751393234
338137761536651	338137777064161	338137767591442

===
16683333
338136702014359	338136726014182	338136710701734
338136718059234	338136742697515	338136726759484
338136735006359	338136759380848	338136743700275
338136755133900	338136776064181	338136763831317
338136771473109	338136792747514	338136780084692
338136792492942	338136809430847	338136798719484
338136804744859	338136826114180	338136810974775
338136820463234	338136842797513	338136826721692
338136836833525	338136859480846	338136843105900
338136852835734	338136876164179	338136859090317
338136870209067	338136892847512	338136876445317
338136887165275	338136909530845	338136893249400
338136905291192	338136926214178	338136911441442
338136922291942	338136942897511	338136928445900
338136938153025	338136959580844	338136944333275
338136955036192	338136976264177	338136961322692
338136972780692	338136992947510	338136978942692
338136990297400	338137009630843	338136996393692
338137006917025	338137026314176	338137013149734
338137023026775	338137042997509	338137029218900
338137039853692	338137059680842	338137046175900
338137056456442	338137076364175	338137062750609
338137074100359	338137093047508	338137080308734
338137091546317	338137109730841	338137097633025
338137106752442	338137126414174	338137112927359
338137123057442	338137143097507	338137129266817
338137140122275	338137159780840	338137146281734
338137157691317	338137176464173	338137163881859
338137177117692	338137193147506	338137183409359
338137189821525	338137209830839	338137196052234
338137206460192	338137226514172	338137212666067
338137222196692	338137243197505	338137228438192
338137238643734	338137259880838	338137244932067
338137257255734	338137276564171	338137263552651
338137273211359	338137293247504	338137279478359
338137296198734	338137309930837	338137302612026
338137308197692	338137326614170	338137316657442
338137323502442	338137343297503	338137331341276
338137339945151	338137359980836	338137347164942
338137356733067	338137376664169	338137363564609
338137373456776	338137393347502	338137380045442
338137389947359	338137410030835	338137396295401
338137406711734	338137426714168	338137413077609
338137423002567	338137443397501	338137429337026
338137440569234	338137460080834	338137446782234
338137456651401	338137476764167	338137462874984
338137473658067	338137493447500	338137479877651
338137490188609	338137510130833	338137496392484
338137506808442	338137526814166	338137513006567
338137523651026	338137543497499	338137529813276
338137540470859	338137560180832	338137546648401
338137559846026	338137576864165	338137565979484
338137587353526	338137593547498	338137593485817
338137594253692	338137610230831	338137600401859
338137609505401	338137626914164	338137615648859
338137626798651	338137643597497	338137632998901
338137644319401	338137660280830	338137650292651
338137660849234	338137676964163	338137666933067
338137677004484	338137693647496	338137683091984
338137693195317	338137710330829	338137699309859
338137710710151	338137727014162	338137716789776
338137728309734	338137743697495	338137734414234
338137745317817	338137760380828	338137751393234
338137761536651	338137777064161	338137767591442
338138234828818	338138244197485	338138253398984
338138242819401	338138277564151	338138278836359
338138265664484	338138294247484	338138305092818
338138298227943	338138327614150	338138330946318
338138314320318	338138344297483	338138348559193
338138347723193	338138360980816	338138357529859
338138364420318	338138377664149	338138373087234
338138381165859	338138394347482	338138389824443
338138397922526	338138411030815	338138406622068
338138414970693	338138427714148	338138423674943
338138431931734	338138461080814	338138440526109
338138448464984	338138477764147	338138457096193
338138467385234	338138494447480	338138473614276
338138484547401	338138511130813	338138490768943
338138501540318	338138527814146	338138507749984
338138518131859	338138544497479	338138524334568
338138534466443	338138561180812	338138540599734
338138553574526	338138577864145	338138559792276
338138568809026	338138594547478	338138574983443
338138584677651	338138611230811	338138590857484
338138602940318	338138627914144	338138609113859
338138619060359	338138644597477	338138625217485
338138635668360	338138661280810	338138641849026
338138652340276	338138677964143	338138658427943
338138669093818	338138694647476	338138675308776
338138686100318	338138711330809	338138692300818
338138703819818	338138728014142	338138709962110
338138720384985	338138744697475	338138726542151
338138735841651	338138761380808	338138742065735
338138752844443	338138778064141	338138759057193
338138769539276	338138794747474	338138775754776
338138787998485	338138811430807	338138794214943
338138805115526	338138828114140	338138811289818
338138820785235	338138844797473	338138827006360
338138836871651	338138861480806	338138843141776
338138854079985	338138878164139	338138860261776
338138871610776	338138894847472	338138877841026
338138888990776	338138911530805	338138895214443
338138905814860	338138928214138	338138912068901
338138920270526	338138944897471	338138926468193
338138936566735	338138961580804	338138942756860
338138953309193	338138978264137	338138959548360
338138969292193	338138994947470	338138979223401
338138986979485	338139011630803	338138993289526
338139003983193	338139028314136	338139010293151
338139021965318	338139044997469	338139028427110
338139037462568	338139061680802	338139045990526
338139054068901	338139078364135	338139061874401
338139069958568	338139095047468	338139077193401
338139086670068	338139111730801	338139093490943
338139103387151	338139128414134	338139109952568
338139120209901	338139145097467	338139126552068
338139136740026	338139161780800	338139143055318
338139153563151	338139178464133	338139159853360
338139170140068	338139195147466	338139176342776
338139186998276	338139211830799	338139193212568
338139203789526	338139228514132	338139209994693
338139220689110	338139245197465	338139226855610
338139237387693	338139261880798	338139243584026
338139254205235	338139278564131	338139260360901
338139270920110	338139295247464	338139277109026
338139288110526	338139311930797	338139294344401
338139307192276	338139328614130	338139313402318

===
16683333
338137587353526	338137593547498	338137593485817
338137594253692	338137610230831	338137600401859
338137609505401	338137626914164	338137615648859
338137626798651	338137643597497	338137632998901
338137644319401	338137660280830	338137650292651
338137660849234	338137676964163	338137666933067
338137677004484	338137693647496	338137683091984
338137693195317	338137710330829	338137699309859
338137710710151	338137727014162	338137716789776
338137728309734	338137743697495	338137734414234
338137745317817	338137760380828	338137751393234
338137761536651	338137777064161	338137767591442
338138234828818	338138244197485	338138253398984
338138242819401	338138277564151	338138278836359
338138265664484	338138294247484	338138305092818
338138298227943	338138327614150	338138330946318
338138314320318	338138344297483	338138348559193
338138347723193	338138360980816	338138357529859
338138364420318	338138377664149	338138373087234
338138381165859	338138394347482	338138389824443
338138397922526	338138411030815	338138406622068
338138414970693	338138427714148	338138423674943
338138431931734	338138461080814	338138440526109
338138448464984	338138477764147	338138457096193
338138467385234	338138494447480	338138473614276
338138484547401	338138511130813	338138490768943
338138501540318	338138527814146	338138507749984
338138518131859	338138544497479	338138524334568
338138534466443	338138561180812	338138540599734
338138553574526	338138577864145	338138559792276
338138568809026	338138594547478	338138574983443
338138584677651	338138611230811	338138590857484
338138602940318	338138627914144	338138609113859
338138619060359	338138644597477	338138625217485
338138635668360	338138661280810	338138641849026
338138652340276	338138677964143	338138658427943
338138669093818	338138694647476	338138675308776
338138686100318	338138711330809	338138692300818
338138703819818	338138728014142	338138709962110
338138720384985	338138744697475	338138726542151
338138735841651	338138761380808	338138742065735
338138752844443	338138778064141	338138759057193
338138769539276	338138794747474	338138775754776
338138787998485	338138811430807	338138794214943
338138805115526	338138828114140	338138811289818
338138820785235	338138844797473	338138827006360
338138836871651	338138861480806	338138843141776
338138854079985	338138878164139	338138860261776
338138871610776	338138894847472	338138877841026
338138888990776	338138911530805	338138895214443
338138905814860	338138928214138	338138912068901
338138920270526	338138944897471	338138926468193
338138936566735	338138961580804	338138942756860
338138953309193	338138978264137	338138959548360
338138969292193	338138994947470	338138979223401
338138986979485	338139011630803	338138993289526
338139003983193	338139028314136	338139010293151
338139021965318	338139044997469	338139028427110
338139037462568	338139061680802	338139045990526
338139054068901	338139078364135	338139061874401
338139069958568	338139095047468	338139077193401
338139086670068	338139111730801	338139093490943
338139103387151	338139128414134	338139109952568
338139120209901	338139145097467	338139126552068
338139136740026	338139161780800	338139143055318
338139153563151	338139178464133	338139159853360
338139170140068	338139195147466	338139176342776
338139186998276	338139211830799	338139193212568
338139203789526	338139228514132	338139209994693
338139220689110	338139245197465	338139226855610
338139237387693	338139261880798	338139243584026
338139254205235	338139278564131	338139260360901
338139270920110	338139295247464	338139277109026
338139288110526	338139311930797	338139294344401
338139307192276	338139328614130	338139313402318
338139325361068	338139345297463	338139331407735
338139339235360	338139361980796	338139345403568
338139357193443	338139378664129	338139363320360
338139372951568	338139395347462	338139379058443
338139390221360	338139412030795	338139396339193
338139407833443	338139428714128	338139413898652
338139424059777	338139445397461	338139430143027
338139440707777	338139462080794	338139446886527
338139458123402	338139478764127	338139464248193
338139475516943	338139495447460	338139481589610
338139492063902	338139512130793	338139498097818
338139508392152	338139528814126	338139514412235
338139892349818	338139912530785	338139910864402
338139898558360	338139929214118	338139936247152
338139927853110	338139962580784	338139962421860
338139944167735	338139979264117	338139977568193
338139977792110	338139995947450	338139986571193
338139994546943	338140012630783	338140003371818
338140011740152	338140029314116	338140020356777
338140027796402	338140045997449	338140036456027
338140044610110	338140062680782	338140053303402
338140061407944	338140079364115	338140070089152
338140078074860	338140096047448	338140086808485
338140094860569	338140112730781	338140103453319
338140111569152	338140129414114	338140120208027
338140130708610	338140146097447	338140136896235
338140148457069	338140162780780	338140154677569
338140165127110	338140179464113	338140171404944
338140181462319	338140196147446	338140187676735
338140197659860	338140212830779	338140203956610
338140214582069	338140229514112	338140220795652
338140231869819	338140246197445	338140238064527
338140249162069	338140262880778	338140255336319
338140265825944	338140279564111	338140272033069
338140281286194	338140296247444	338140287479319
338140297997444	338140312930777	338140304229402
338140315205777	338140329614110	338140321412444
338140332822069	338140346297443	338140339014985
338140349903610	338140362980776	338140356067027
338140367148027	338140379664109	338140373250944
338140382669735	338140396347442	338140388591777
338140399319027	338140413030775	338140405472277
338140416708610	338140429714108	338140423074694
338140434299985	338140446397441	338140440358235
338140450848819	338140463080774	338140457005944
338140467143277	338140479764107	338140473309402
338140483796152	338140496447440	338140489906110
338140500337819	338140513130773	338140506540944
338140517564402	338140529814106	338140523758277
338140535604860	338140546497439	338140541799985
338140551466985	338140563180772	338140557645819
338140568136652	338140579864105	338140574331985

===
16683333
338138735841651	338138761380808	338138742065735
338138752844443	338138778064141	338138759057193
338138769539276	338138794747474	338138775754776
338138787998485	338138811430807	338138794214943
338138805115526	338138828114140	338138811289818
338138820785235	338138844797473	338138827006360
338138836871651	338138861480806	338138843141776
338138854079985	338138878164139	338138860261776
338138871610776	338138894847472	338138877841026
338138888990776	338138911530805	338138895214443
338138905814860	338138928214138	338138912068901
338138920270526	338138944897471	338138926468193
338138936566735	338138961580804	338138942756860
338138953309193	338138978264137	338138959548360
338138969292193	338138994947470	338138979223401
338138986979485	338139011630803	338138993289526
338139003983193	338139028314136	338139010293151
338139021965318	338139044997469	338139028427110
338139037462568	338139061680802	338139045990526
338139054068901	338139078364135	338139061874401
338139069958568	338139095047468	338139077193401
338139086670068	338139111730801	338139093490943
338139103387151	338139128414134	338139109952568
338139120209901	338139145097467	338139126552068
338139136740026	338139161780800	338139143055318
338139153563151	338139178464133	338139159853360
338139170140068	338139195147466	338139176342776
338139186998276	338139211830799	338139193212568
338139203789526	338139228514132	338139209994693
338139220689110	338139245197465	338139226855610
338139237387693	338139261880798	338139243584026
338139254205235	338139278564131	338139260360901
338139270920110	338139295247464	338139277109026
338139288110526	338139311930797	338139294344401
338139307192276	338139328614130	338139313402318
338139325361068	338139345297463	338139331407735
338139339235360	338139361980796	338139345403568
338139357193443	338139378664129	338139363320360
338139372951568	338139395347462	338139379058443
338139390221360	338139412030795	338139396339193
338139407833443	338139428714128	338139413898652
338139424059777	338139445397461	338139430143027
338139440707777	338139462080794	338139446886527
338139458123402	338139478764127	338139464248193
338139475516943	338139495447460	338139481589610
338139492063902	338139512130793	338139498097818
338139508392152	338139528814126	338139514412235
338139892349818	338139912530785	338139910864402
338139898558360	338139929214118	338139936247152
338139927853110	338139962580784	338139962421860
338139944167735	338139979264117	338139977568193
338139977792110	338139995947450	338139986571193
338139994546943	338140012630783	338140003371818
338140011740152	338140029314116	338140020356777
338140027796402	338140045997449	338140036456027
338140044610110	338140062680782	338140053303402
338140061407944	338140079364115	338140070089152
338140078074860	338140096047448	338140086808485
338140094860569	338140112730781	338140103453319
338140111569152	338140129414114	338140120208027
338140130708610	338140146097447	338140136896235
338140148457069	338140162780780	338140154677569
338140165127110	338140179464113	338140171404944
338140181462319	338140196147446	338140187676735
338140197659860	338140212830779	338140203956610
338140214582069	338140229514112	338140220795652
338140231869819	338140246197445	338140238064527
338140249162069	338140262880778	338140255336319
338140265825944	338140279564111	338140272033069
338140281286194	338140296247444	338140287479319
338140297997444	338140312930777	338140304229402
338140315205777	338140329614110	338140321412444
338140332822069	338140346297443	338140339014985
338140349903610	338140362980776	338140356067027
338140367148027	338140379664109	338140373250944
338140382669735	338140396347442	338140388591777
338140399319027	338140413030775	338140405472277
338140416708610	338140429714108	338140423074694
338140434299985	338140446397441	338140440358235
338140450848819	338140463080774	338140457005944
338140467143277	338140479764107	338140473309402
338140483796152	338140496447440	338140489906110
338140500337819	338140513130773	338140506540944
338140517564402	338140529814106	338140523758277
338140535604860	338140546497439	338140541799985
338140551466985	338140563180772	338140557645819
338140568136652	338140579864105	338140574331985
338140582855485	338140596547438	338140589197277
338140600691110	338140613230771	338140607002819
338140616765777	338140629914104	338140622854152
338140633467485	338140646597437	338140639747360
338140652423527	338140663280770	338140658755194
338140668045319	338140679964103	338140674432485
338140684565069	338140696647436	338140693056569
338140699754569	338140713330769	338140707578902
338140717111402	338140730014102	338140724336694
338140733099402	338140746697435	338140739920236
338140749980694	338140763380768	338140756537694
338140767441652	338140780064101	338140773737152
338140783068652	338140796747434	338140789374361
338140799880569	338140813430767	338140806161236
338140816622736	338140830114100	338140822845236
338140833388902	338140863480766	338140839598777
338140850300319	338140880164099	338140856514236
338140866983194	338140896847432	338140873179111
338140883770569	338140913530765	338140889961527
338140900670777	338140930214098	338140906869402
338140917487277	338140946897431	338140923673402
338140934959611	338140963580764	338140941012069
338140953628527	338140980264097	338140959752402
338140970191361	338140996947430	338140976298319
338140986570152	338141013630763	338140992605361
338141003313861	338141030314096	338141009498611
338141020824861	338141046997429	338141026936194
338141038387611	338141063680762	338141044384069
338141054914861	338141080364095	338141061037361
338141070520777	338141097047428	338141076608069
338141087366527	338141113730761	338141093494402
338141104096694	338141130414094	338141110176319
338141121624069	338141147097427	338141127740277
338141138924611	338141163780760	338141145006777
338141155106319	338141180464093	338141161162152
338141682448486	338141697647416	338141700985819
338141690793986	338141731014082	338141725336153
338141710353528	338141747697415	338141750042069
338141743118778	338141781064081	338141776327153
338141759456944	338141797747414	338141802367194

===
16683333
338140315205777	338140329614110	338140321412444
338140332822069	338140346297443	338140339014985
338140349903610	338140362980776	338140356067027
338140367148027	338140379664109	338140373250944
338140382669735	338140396347442	338140388591777
338140399319027	338140413030775	338140405472277
338140416708610	338140429714108	338140423074694
338140434299985	338140446397441	338140440358235
338140450848819	338140463080774	338140457005944
338140467143277	338140479764107	338140473309402
338140483796152	338140496447440	338140489906110
338140500337819	338140513130773	338140506540944
338140517564402	338140529814106	338140523758277
338140535604860	338140546497439	338140541799985
338140551466985	338140563180772	338140557645819
338140568136652	338140579864105	338140574331985
338140582855485	338140596547438	338140589197277
338140600691110	338140613230771	338140607002819
338140616765777	338140629914104	338140622854152
338140633467485	338140646597437	338140639747360
338140652423527	338140663280770	338140658755194
338140668045319	338140679964103	338140674432485
338140684565069	338140696647436	338140693056569
338140699754569	338140713330769	338140707578902
338140717111402	338140730014102	338140724336694
338140733099402	338140746697435	338140739920236
338140749980694	338140763380768	338140756537694
338140767441652	338140780064101	338140773737152
338140783068652	338140796747434	338140789374361
338140799880569	338140813430767	338140806161236
338140816622736	338140830114100	338140822845236
338140833388902	338140863480766	338140839598777
338140850300319	338140880164099	338140856514236
338140866983194	338140896847432	338140873179111
338140883770569	338140913530765	338140889961527
338140900670777	338140930214098	338140906869402
338140917487277	338140946897431	338140923673402
338140934959611	338140963580764	338140941012069
338140953628527	338140980264097	338140959752402
338140970191361	338140996947430	338140976298319
338140986570152	338141013630763	338140992605361
338141003313861	338141030314096	338141009498611
338141020824861	338141046997429	338141026936194
338141038387611	338141063680762	338141044384069
338141054914861	338141080364095	338141061037361
338141070520777	338141097047428	338141076608069
338141087366527	338141113730761	338141093494402
338141104096694	338141130414094	338141110176319
338141121624069	338141147097427	338141127740277
338141138924611	338141163780760	338141145006777
338141155106319	338141180464093	338141161162152
338141682448486	338141697647416	338141700985819
338141690793986	338141731014082	338141725336153
338141710353528	338141747697415	338141750042069
338141743118778	338141781064081	338141776327153
338141759456944	338141797747414	338141802367194
338141792821153	338141831114080	338141828922778
338141809493028	338141847797413	338141847792903
338141846319903	338141864480746	338141856514236
338141859539278	338141881164079	338141868200111
338141876282403	338141897847412	338141884966986
338141892829028	338141914530745	338141901423903
338141912636986	338141931214078	338141921153944
338141928980736	338141947897411	338141935167361
338141944828486	338141964580744	338141951076444
338141962295694	338141981264077	338141968535444
338141979646903	338141997947410	338141985832403
338141997568528	338142014630743	338142003707361
338142013080778	338142031314076	338142019253611
338142029914653	338142047997409	338142036091486
338142046220403	338142064680742	338142052377819
338142063650028	338142081364075	338142069867528
338142081101694	338142098047408	338142087342861
338142098280361	338142114730741	338142104455736
338142113371486	338142131414074	338142119606820
338142129857903	338142148097407	338142136047361
338142146714570	338142164780740	338142152946236
338142163933361	338142181464073	338142170141403
338142181451695	338142198147406	338142187674695
338142198664695	338142214830739	338142204831403
338142213491195	338142231514072	338142219729736
338142230851653	338142248197405	338142236997361
338142247626528	338142264880738	338142253805236
338142264680070	338142281564071	338142270899445
338142282177861	338142298247404	338142288388778
338142299458445	338142314930737	338142305624528
338142315391903	338142331614070	338142321534778
338142331350153	338142348297403	338142337426278
338142348266736	338142364980736	338142354450736
338142365570945	338142381664069	338142371733028
338142383489653	338142398347402	338142389794070
338142398595778	338142415030735	338142404808903
338142414229653	338142431714068	338142420463403
338142430755361	338142448397401	338142436987695
338142447283861	338142465080734	338142455552445
338142464334570	338142481764067	338142470581111
338142481568486	338142498447400	338142487886778
338142500124070	338142515130733	338142506465320
338142515210986	338142531814066	338142523689486
338142530913986	338142548497399	338142538749445
338142547929153	338142565180732	338142555160945
338142564540403	338142581864065	338142571361570
338142581328403	338142598547398	338142587882820
338142597707361	338142615230731	338142604104486
338142614269820	338142631914064	338142620575403
338142631081736	338142648597397	338142637364111
338142647836278	338142665280730	338142654047361
338142664647570	338142681964063	338142670855778
338142681429361	338142698647396	338142687629070
338142698199528	338142715330729	338142704388278
338142714968945	338142732014062	338142721160945
338142732229195	338142748697395	338142738356361
338142752374278	338142765380728	338142758494361
338142767585486	338142782064061	338142773733153
338142785543528	338142798747394	338142791626361
338142801544653	338142815430727	338142807641820
338142817843737	338142832114060	338142823831112
338142834028320	338142848797393	338142840161653
338142851429320	338142865480726	338142857553987
338142868933362	338142882164059	338142875048528
338142885677320	338142898847392	338142891762487
338142902853737	338142915530725	338142908930528
338142918075945	338142932214058	338142924261653
338142934766903	338142948897391	338142940892320
338142953180528	338142965580724	338142959199820
338142969926820	338142982264057	338142976033070
338142986596403	338142998947390	338142992674987

===
16683333
338141759456944	338141797747414	338141802367194
338141792821153	338141831114080	338141828922778
338141809493028	338141847797413	338141847792903
338141846319903	338141864480746	338141856514236
338141859539278	338141881164079	338141868200111
338141876282403	338141897847412	338141884966986
338141892829028	338141914530745	338141901423903
338141912636986	338141931214078	338141921153944
338141928980736	338141947897411	338141935167361
338141944828486	338141964580744	338141951076444
338141962295694	338141981264077	338141968535444
338141979646903	338141997947410	338141985832403
338141997568528	338142014630743	338142003707361
338142013080778	338142031314076	338142019253611
338142029914653	338142047997409	338142036091486
338142046220403	338142064680742	338142052377819
338142063650028	338142081364075	338142069867528
338142081101694	338142098047408	338142087342861
338142098280361	338142114730741	338142104455736
338142113371486	338142131414074	338142119606820
338142129857903	338142148097407	338142136047361
338142146714570	338142164780740	338142152946236
338142163933361	338142181464073	338142170141403
338142181451695	338142198147406	338142187674695
338142198664695	338142214830739	338142204831403
338142213491195	338142231514072	338142219729736
338142230851653	338142248197405	338142236997361
338142247626528	338142264880738	338142253805236
338142264680070	338142281564071	338142270899445
338142282177861	338142298247404	338142288388778
338142299458445	338142314930737	338142305624528
338142315391903	338142331614070	338142321534778
338142331350153	338142348297403	338142337426278
338142348266736	338142364980736	338142354450736
338142365570945	338142381664069	338142371733028
338142383489653	338142398347402	338142389794070
338142398595778	338142415030735	338142404808903
338142414229653	338142431714068	338142420463403
338142430755361	338142448397401	338142436987695
338142447283861	338142465080734	338142455552445
338142464334570	338142481764067	338142470581111
338142481568486	338142498447400	338142487886778
338142500124070	338142515130733	338142506465320
338142515210986	338142531814066	338142523689486
338142530913986	338142548497399	338142538749445
338142547929153	338142565180732	338142555160945
338142564540403	338142581864065	338142571361570
338142581328403	338142598547398	338142587882820
338142597707361	338142615230731	338142604104486
338142614269820	338142631914064	338142620575403
338142631081736	338142648597397	338142637364111
338142647836278	338142665280730	338142654047361
338142664647570	338142681964063	338142670855778
338142681429361	338142698647396	338142687629070
338142698199528	338142715330729	338142704388278
338142714968945	338142732014062	338142721160945
338142732229195	338142748697395	338142738356361
338142752374278	338142765380728	338142758494361
338142767585486	338142782064061	338142773733153
338142785543528	338142798747394	338142791626361
338142801544653	338142815430727	338142807641820
338142817843737	338142832114060	338142823831112
338142834028320	338142848797393	338142840161653
338142851429320	338142865480726	338142857553987
338142868933362	338142882164059	338142875048528
338142885677320	338142898847392	338142891762487
338142902853737	338142915530725	338142908930528
338142918075945	338142932214058	338142924261653
338142934766903	338142948897391	338142940892320
338142953180528	338142965580724	338142959199820
338142969926820	338142982264057	338142976033070
338142986596403	338142998947390	338142992674987
338143355794528	338143382664049	338143374345570
338143362485737	338143416030715	338143399713528
338143388431820	338143432714048	338143425888528
338143421527737	338143466080714	338143451597112
338143438208653	338143482764047	338143474191987
338143472239653	338143499447380	338143483089820
338143488730903	338143516130713	338143497331862
338143505632695	338143532814046	338143514295362
338143522425987	338143549497379	338143531053987
338143538854987	338143566180712	338143547550695
338143555605070	338143582864045	338143564220279
338143572419654	338143599547378	338143581024362
338143591530654	338143616230711	338143597783654
338143609305987	338143632914044	338143615431320
338143626347320	338143649597377	338143632548987
338143641989320	338143666280710	338143648266654
338143659861445	338143682964043	338143666080195
338143676723195	338143699647376	338143682789154
338143692732320	338143716330709	338143698905279
338143708573445	338143733014042	338143714769070
338143725571445	338143749697375	338143731776612
338143743452862	338143766380708	338143749642779
338143760807487	338143783064041	338143766994154
338143777885279	338143799747374	338143784047445
338143793381195	338143816430707	338143799575362
338143809459945	338143833114040	338143815658279
338143827197654	338143849797373	338143833329404
338143844145987	338143866480706	338143850284404
338143862203070	338143883164039	338143868240570
338143878990987	338143899847372	338143885119529
338143894420070	338143916530705	338143900595195
338143910457862	338143933214038	338143916598445
338143927445987	338143949897371	338143933791654
338143945640279	338143966580704	338143951825904
338143962986029	338143983264037	338143969159070
338143978729820	338143999947370	338143984881529
338143994312654	338144016630703	338144000517154
338144011963612	338144033314036	338144018244654
338144028715404	338144049997369	338144034920862
338144043833737	338144066680702	338144050072570
338144060661570	338144083364035	338144067027654
338144076836487	338144100047368	338144083144987
338144093257487	338144116730701	338144099574487
338144110522737	338144133414034	338144116869237
338144128103529	338144150097367	338144134184570
338144145414029	338144166780700	338144151863404
338144162215154	338144183464033	338144170711320
338144178104445	338144200147366	338144185942279
338144193950695	338144216830699	338144201199737
338144210727695	338144233514032	338144217537987
338144228394487	338144250197365	338144234949029
338144244240987	338144266880698	338144250588779
338144260910779	338144283564031	338144267395446
338144277488904	338144300247364	338144283752821
338144294205404	338144316930697	338144300431779

===
16683333
338142414229653	338142431714068	338142420463403
338142430755361	338142448397401	338142436987695
338142447283861	338142465080734	338142455552445
338142464334570	338142481764067	338142470581111
338142481568486	338142498447400	338142487886778
338142500124070	338142515130733	338142506465320
338142515210986	338142531814066	338142523689486
338142530913986	338142548497399	338142538749445
338142547929153	338142565180732	338142555160945
338142564540403	338142581864065	338142571361570
338142581328403	338142598547398	338142587882820
338142597707361	338142615230731	338142604104486
338142614269820	338142631914064	338142620575403
338142631081736	338142648597397	338142637364111
338142647836278	338142665280730	338142654047361
338142664647570	338142681964063	338142670855778
338142681429361	338142698647396	338142687629070
338142698199528	338142715330729	338142704388278
338142714968945	338142732014062	338142721160945
338142732229195	338142748697395	338142738356361
338142752374278	338142765380728	338142758494361
338142767585486	338142782064061	338142773733153
338142785543528	338142798747394	338142791626361
338142801544653	338142815430727	338142807641820
338142817843737	338142832114060	338142823831112
338142834028320	338142848797393	338142840161653
338142851429320	338142865480726	338142857553987
338142868933362	338142882164059	338142875048528
338142885677320	338142898847392	338142891762487
338142902853737	338142915530725	338142908930528
338142918075945	338142932214058	338142924261653
338142934766903	338142948897391	338142940892320
338142953180528	338142965580724	338142959199820
338142969926820	338142982264057	338142976033070
338142986596403	338142998947390	338142992674987
338143355794528	338143382664049	338143374345570
338143362485737	338143416030715	338143399713528
338143388431820	338143432714048	338143425888528
338143421527737	338143466080714	338143451597112
338143438208653	338143482764047	338143474191987
338143472239653	338143499447380	338143483089820
338143488730903	338143516130713	338143497331862
338143505632695	338143532814046	338143514295362
338143522425987	338143549497379	338143531053987
338143538854987	338143566180712	338143547550695
338143555605070	338143582864045	338143564220279
338143572419654	338143599547378	338143581024362
338143591530654	338143616230711	338143597783654
338143609305987	338143632914044	338143615431320
338143626347320	338143649597377	338143632548987
338143641989320	338143666280710	338143648266654
338143659861445	338143682964043	338143666080195
338143676723195	338143699647376	338143682789154
338143692732320	338143716330709	338143698905279
338143708573445	338143733014042	338143714769070
338143725571445	338143749697375	338143731776612
338143743452862	338143766380708	338143749642779
338143760807487	338143783064041	338143766994154
338143777885279	338143799747374	338143784047445
338143793381195	338143816430707	338143799575362
338143809459945	338143833114040	338143815658279
338143827197654	338143849797373	338143833329404
338143844145987	338143866480706	338143850284404
338143862203070	338143883164039	338143868240570
338143878990987	338143899847372	338143885119529
338143894420070	338143916530705	338143900595195
338143910457862	338143933214038	338143916598445
338143927445987	338143949897371	338143933791654
338143945640279	338143966580704	338143951825904
338143962986029	338143983264037	338143969159070
338143978729820	338143999947370	338143984881529
338143994312654	338144016630703	338144000517154
338144011963612	338144033314036	338144018244654
338144028715404	338144049997369	338144034920862
338144043833737	338144066680702	338144050072570
338144060661570	338144083364035	338144067027654
338144076836487	338144100047368	338144083144987
338144093257487	338144116730701	338144099574487
338144110522737	338144133414034	338144116869237
338144128103529	338144150097367	338144134184570
338144145414029	338144166780700	338144151863404
338144162215154	338144183464033	338144170711320
338144178104445	338144200147366	338144185942279
338144193950695	338144216830699	338144201199737
338144210727695	338144233514032	338144217537987
338144228394487	338144250197365	338144234949029
338144244240987	338144266880698	338144250588779
338144260910779	338144283564031	338144267395446
338144277488904	338144300247364	338144283752821
338144294205404	338144316930697	338144300431779
338144312064279	338144333614030	338144318249696
338144329986446	338144350297363	338144336164571
338144345693821	338144366980696	338144351879529
338144361764362	338144383664029	338144367927029
338144378489987	338144400347362	338144384623904
338144395482362	338144417030695	338144401701112
338144412566362	338144433714028	338144418610487
338144431312821	338144450397361	338144437438487
338144447188071	338144467080694	338144453281571
338144463855779	338144483764027	338144470049612
338144481044487	338144500447360	338144487175237
338144498290071	338144517130693	338144504393279
338144515965821	338144533814026	338144522033946
338144530871571	338144550497359	338144537148779
338144548297529	338144567180692	338144554346237
338144565975237	338144583864025	338144572298321
338144588320779	338144600547358	338144592419154
338144605348737	338144617230691	338144610287404
338144619016571	338144633914024	338144623961529
338144637400279	338144650597357	338144642241946
338144650694946	338144667280690	338144655559196
338144667830196	338144683964023	338144674111196
338144683223737	338144700647356	338144689535112
338144701458029	338144717330689	338144707731196
338144718848196	338144734014022	338144725219487
338144733668862	338144750697355	338144739993779
338144750035612	338144767380688	338144756367904
338144767588196	338144784064021	338144773897571
338144784859321	338144800747354	338144791021071
338144801659612	338144817430687	338144807991904
338144817666904	338144834114020	338144823800654
338144834211529	338144850797353	338144840535737
338144850971237	338144867480686	338144857196529
338144868352737	338144884164019	338144874608696
338144885045196	338144900847352	338144891281862
338144900531071	338144917530685	338144906769529
338144918535488	338144934214018	338144924505613

===
16683333
338142414229653	338142431714068	338142420463403
338142430755361	338142448397401	338142436987695
338142447283861	338142465080734	338142455552445
338142464334570	338142481764067	338142470581111
338142481568486	338142498447400	338142487886778
338142500124070	338142515130733	338142506465320
338142515210986	338142531814066	338142523689486
338142530913986	338142548497399	338142538749445
338142547929153	338142565180732	338142555160945
338142564540403	338142581864065	338142571361570
338142581328403	338142598547398	338142587882820
338142597707361	338142615230731	338142604104486
338142614269820	338142631914064	338142620575403
338142631081736	338142648597397	338142637364111
338142647836278	338142665280730	338142654047361
338142664647570	338142681964063	338142670855778
338142681429361	338142698647396	338142687629070
338142698199528	338142715330729	338142704388278
338142714968945	338142732014062	338142721160945
338142732229195	338142748697395	338142738356361
338142752374278	338142765380728	338142758494361
338142767585486	338142782064061	338142773733153
338142785543528	338142798747394	338142791626361
338142801544653	338142815430727	338142807641820
338142817843737	338142832114060	338142823831112
338142834028320	338142848797393	338142840161653
338142851429320	338142865480726	338142857553987
338142868933362	338142882164059	338142875048528
338142885677320	338142898847392	338142891762487
338142902853737	338142915530725	338142908930528
338142918075945	338142932214058	338142924261653
338142934766903	338142948897391	338142940892320
338142953180528	338142965580724	338142959199820
338142969926820	338142982264057	338142976033070
338142986596403	338142998947390	338142992674987
338143355794528	338143382664049	338143374345570
338143362485737	338143416030715	338143399713528
338143388431820	338143432714048	338143425888528
338143421527737	338143466080714	338143451597112
338143438208653	338143482764047	338143474191987
338143472239653	338143499447380	338143483089820
338143488730903	338143516130713	338143497331862
338143505632695	338143532814046	338143514295362
338143522425987	338143549497379	338143531053987
338143538854987	338143566180712	338143547550695
338143555605070	338143582864045	338143564220279
338143572419654	338143599547378	338143581024362
338143591530654	338143616230711	338143597783654
338143609305987	338143632914044	338143615431320
338143626347320	338143649597377	338143632548987
338143641989320	338143666280710	338143648266654
338143659861445	338143682964043	338143666080195
338143676723195	338143699647376	338143682789154
338143692732320	338143716330709	338143698905279
338143708573445	338143733014042	338143714769070
338143725571445	338143749697375	338143731776612
338143743452862	338143766380708	338143749642779
338143760807487	338143783064041	338143766994154
338143777885279	338143799747374	338143784047445
338143793381195	338143816430707	338143799575362
338143809459945	338143833114040	338143815658279
338143827197654	338143849797373	338143833329404
338143844145987	338143866480706	338143850284404
338143862203070	338143883164039	338143868240570
338143878990987	338143899847372	338143885119529
338143894420070	338143916530705	338143900595195
338143910457862	338143933214038	338143916598445
338143927445987	338143949897371	338143933791654
338143945640279	338143966580704	338143951825904
338143962986029	338143983264037	338143969159070
338143978729820	338143999947370	338143984881529
338143994312654	338144016630703	338144000517154
338144011963612	338144033314036	338144018244654
338144028715404	338144049997369	338144034920862
338144043833737	338144066680702	338144050072570
338144060661570	338144083364035	338144067027654
338144076836487	338144100047368	338144083144987
338144093257487	338144116730701	338144099574487
338144110522737	338144133414034	338144116869237
338144128103529	338144150097367	338144134184570
338144145414029	338144166780700	338144151863404
338144162215154	338144183464033	338144170711320
338144178104445	338144200147366	338144185942279
338144193950695	338144216830699	338144201199737
338144210727695	338144233514032	338144217537987
338144228394487	338144250197365	338144234949029
338144244240987	338144266880698	338144250588779
338144260910779	338144283564031	338144267395446
338144277488904	338144300247364	338144283752821
338144294205404	338144316930697	338144300431779
338144312064279	338144333614030	338144318249696
338144329986446	338144350297363	338144336164571
338144345693821	338144366980696	338144351879529
338144361764362	338144383664029	338144367927029
338144378489987	338144400347362	338144384623904
338144395482362	338144417030695	338144401701112
338144412566362	338144433714028	338144418610487
338144431312821	338144450397361	338144437438487
338144447188071	338144467080694	338144453281571
338144463855779	338144483764027	338144470049612
338144481044487	338144500447360	338144487175237
338144498290071	338144517130693	338144504393279
338144515965821	338144533814026	338144522033946
338144530871571	338144550497359	338144537148779
338144548297529	338144567180692	338144554346237
338144565975237	338144583864025	338144572298321
338144588320779	338144600547358	338144592419154
338144605348737	338144617230691	338144610287404
338144619016571	338144633914024	338144623961529
338144637400279	338144650597357	338144642241946
338144650694946	338144667280690	338144655559196
338144667830196	338144683964023	338144674111196
338144683223737	338144700647356	338144689535112
338144701458029	338144717330689	338144707731196
338144718848196	338144734014022	338144725219487
338144733668862	338144750697355	338144739993779
338144750035612	338144767380688	338144756367904
338144767588196	338144784064021	338144773897571
338144784859321	338144800747354	338144791021071
338144801659612	338144817430687	338144807991904
338144817666904	338144834114020	338144823800654
338144834211529	338144850797353	338144840535737
338144850971237	338144867480686	338144857196529
338144868352737	338144884164019	338144874608696
338144885045196	338144900847352	338144891281862
338144900531071	338144917530685	338144906769529
338144918535488	338144934214018	338144924505613

