Applications Graphics Acceleration Info:
Uptime: 338680745 Realtime: 373354855

** Graphics info for pid 15816 [com.auroratv.lab] **

Stats since: 338669128823779ns
Total frames rendered: 393
Janky frames: 8 (2.04%)
Janky frames (legacy): 264 (67.18%)
50th percentile: 23ms
90th percentile: 29ms
95th percentile: 36ms
99th percentile: 97ms
Number Missed Vsync: 2
Number High input latency: 767
Number Slow UI thread: 7
Number Slow bitmap uploads: 0
Number Slow issue draw commands: 8
Number Frame deadline missed: 8
Number Frame deadline missed (legacy): 11
HISTOGRAM: 5ms=0 6ms=0 7ms=0 8ms=0 9ms=0 10ms=0 11ms=0 12ms=17 13ms=13 14ms=20 15ms=36 16ms=25 17ms=3 18ms=1 19ms=1 20ms=2 21ms=3 22ms=39 23ms=66 24ms=58 25ms=27 26ms=36 27ms=3 28ms=2 29ms=2 30ms=3 31ms=3 32ms=7 34ms=5 36ms=5 38ms=2 40ms=2 42ms=0 44ms=0 46ms=0 48ms=0 53ms=1 57ms=1 61ms=0 65ms=0 69ms=0 73ms=0 77ms=0 81ms=0 85ms=1 89ms=3 93ms=1 97ms=2 101ms=1 105ms=2 109ms=0 113ms=0 117ms=0 121ms=0 125ms=0 129ms=0 133ms=0 150ms=0 200ms=0 250ms=0 300ms=0 350ms=0 400ms=0 450ms=0 500ms=0 550ms=0 600ms=0 650ms=0 700ms=0 750ms=0 800ms=0 850ms=0 900ms=0 950ms=0 1000ms=0 1050ms=0 1100ms=0 1150ms=0 1200ms=0 1250ms=0 1300ms=0 1350ms=0 1400ms=0 1450ms=0 1500ms=0 1550ms=0 1600ms=0 1650ms=0 1700ms=0 1750ms=0 1800ms=0 1850ms=0 1900ms=0 1950ms=0 2000ms=0 2050ms=0 2100ms=0 2150ms=0 2200ms=0 2250ms=0 2300ms=0 2350ms=0 2400ms=0 2450ms=0 2500ms=0 2550ms=0 2600ms=0 2650ms=0 2700ms=0 2750ms=0 2800ms=0 2850ms=0 2900ms=0 2950ms=0 3000ms=0 3050ms=0 3100ms=0 3150ms=0 3200ms=0 3250ms=0 3300ms=0 3350ms=0 3400ms=0 3450ms=0 3500ms=0 3550ms=0 3600ms=0 3650ms=0 3700ms=0 3750ms=0 3800ms=0 3850ms=0 3900ms=0 3950ms=0 4000ms=0 4050ms=0 4100ms=0 4150ms=0 4200ms=0 4250ms=0 4300ms=0 4350ms=0 4400ms=0 4450ms=0 4500ms=0 4550ms=0 4600ms=0 4650ms=0 4700ms=0 4750ms=0 4800ms=0 4850ms=0 4900ms=0 4950ms=0
50th gpu percentile: 7ms
90th gpu percentile: 10ms
95th gpu percentile: 10ms
99th gpu percentile: 4950ms
GPU HISTOGRAM: 1ms=0 2ms=0 3ms=0 4ms=0 5ms=1 6ms=2 7ms=304 8ms=10 9ms=26 10ms=33 11ms=0 12ms=0 13ms=0 14ms=0 15ms=1 16ms=0 17ms=1 18ms=0 19ms=4 20ms=1 21ms=0 22ms=0 23ms=1 24ms=1 25ms=1 4950ms=7

Pipeline=Skia (OpenGL)
Memory policy:
  Max surface area: 2073600
  Max resource usage: 99.53MB (x48)
  Background retention: 50% (altUiHidden = true)
  GPU Context timeout: 10
Contexts: 1 (stopped = 0)
CPU Caches:
  Glyph Cache: 1.85 MB (1 entry)
  Glyph Count: 85 
Total CPU memory usage:
  1935443 bytes, 1.85 MB (0.00 bytes is purgeable)
GPU Caches:
  Image:
    Texture: 16.46 MB (45 entries)
  Other:
    Other: 170.18 KB (1 entry)
    Buffer Object: 464.00 bytes (2 entries)
    StencilAttachment: 14.00 KB (3 entries)
  Scratch:
    RenderTarget: 10.80 MB (36 entries)
    Texture: 4.04 MB (6 entries)
    Buffer Object: 78.03 KB (3 entries)
Total GPU memory usage:
  33092824 bytes, 31.56 MB (12.01 MB is purgeable)

Profile data in ms:

	com.auroratv.lab/com.auroratv.MainActivity/android.view.ViewRootImpl@2dd5df2 (visibility=0)
Window: com.auroratv.lab/com.auroratv.MainActivity
Stats since: 338669128822737ns
Total frames rendered: 393
Janky frames: 8 (2.04%)
Janky frames (legacy): 264 (67.18%)
50th percentile: 23ms
90th percentile: 29ms
95th percentile: 36ms
99th percentile: 97ms
Number Missed Vsync: 2
Number High input latency: 767
Number Slow UI thread: 7
Number Slow bitmap uploads: 0
Number Slow issue draw commands: 8
Number Frame deadline missed: 8
Number Frame deadline missed (legacy): 11
HISTOGRAM: 5ms=0 6ms=0 7ms=0 8ms=0 9ms=0 10ms=0 11ms=0 12ms=17 13ms=13 14ms=20 15ms=36 16ms=25 17ms=3 18ms=1 19ms=1 20ms=2 21ms=3 22ms=39 23ms=66 24ms=58 25ms=27 26ms=36 27ms=3 28ms=2 29ms=2 30ms=3 31ms=3 32ms=7 34ms=5 36ms=5 38ms=2 40ms=2 42ms=0 44ms=0 46ms=0 48ms=0 53ms=1 57ms=1 61ms=0 65ms=0 69ms=0 73ms=0 77ms=0 81ms=0 85ms=1 89ms=3 93ms=1 97ms=2 101ms=1 105ms=2 109ms=0 113ms=0 117ms=0 121ms=0 125ms=0 129ms=0 133ms=0 150ms=0 200ms=0 250ms=0 300ms=0 350ms=0 400ms=0 450ms=0 500ms=0 550ms=0 600ms=0 650ms=0 700ms=0 750ms=0 800ms=0 850ms=0 900ms=0 950ms=0 1000ms=0 1050ms=0 1100ms=0 1150ms=0 1200ms=0 1250ms=0 1300ms=0 1350ms=0 1400ms=0 1450ms=0 1500ms=0 1550ms=0 1600ms=0 1650ms=0 1700ms=0 1750ms=0 1800ms=0 1850ms=0 1900ms=0 1950ms=0 2000ms=0 2050ms=0 2100ms=0 2150ms=0 2200ms=0 2250ms=0 2300ms=0 2350ms=0 2400ms=0 2450ms=0 2500ms=0 2550ms=0 2600ms=0 2650ms=0 2700ms=0 2750ms=0 2800ms=0 2850ms=0 2900ms=0 2950ms=0 3000ms=0 3050ms=0 3100ms=0 3150ms=0 3200ms=0 3250ms=0 3300ms=0 3350ms=0 3400ms=0 3450ms=0 3500ms=0 3550ms=0 3600ms=0 3650ms=0 3700ms=0 3750ms=0 3800ms=0 3850ms=0 3900ms=0 3950ms=0 4000ms=0 4050ms=0 4100ms=0 4150ms=0 4200ms=0 4250ms=0 4300ms=0 4350ms=0 4400ms=0 4450ms=0 4500ms=0 4550ms=0 4600ms=0 4650ms=0 4700ms=0 4750ms=0 4800ms=0 4850ms=0 4900ms=0 4950ms=0
50th gpu percentile: 7ms
90th gpu percentile: 10ms
95th gpu percentile: 10ms
99th gpu percentile: 4950ms
GPU HISTOGRAM: 1ms=0 2ms=0 3ms=0 4ms=0 5ms=1 6ms=2 7ms=304 8ms=10 9ms=26 10ms=33 11ms=0 12ms=0 13ms=0 14ms=0 15ms=1 16ms=0 17ms=1 18ms=0 19ms=4 20ms=1 21ms=0 22ms=0 23ms=1 24ms=1 25ms=1 4950ms=7



---PROFILEDATA---
Flags,FrameTimelineVsyncId,IntendedVsync,Vsync,InputEventId,HandleInputStart,AnimationStart,PerformTraversalsStart,DrawStart,FrameDeadline,FrameInterval,FrameStartTime,SyncQueued,SyncStart,IssueDrawCommandsStart,SwapBuffers,FrameCompleted,DequeueBufferDuration,QueueBufferDuration,GpuCompleted,SwapBuffersCompleted,DisplayPresentTime,CommandSubmissionCompleted,
0,117376951,338675889527871,338675889527871,0,338675889925824,338675889928116,338675890453782,338675890693324,338675941811546,338675889916074,16800171,338675890998907,338675899144366,338675900388032,338675915754157,338675922355449,10354000,373041,338675922355449,338675916624532,-1,338675915754157,
0,117376959,338675906328042,338675906328042,0,338675906737866,338675906740074,338675907370032,338675907605907,338675958611717,338675906726824,16800171,338675907910282,338675916797157,338675917914491,338675933715907,338675940435491,9513334,543209,338675940435491,338675934718491,-1,338675933715907,
0,117376967,338675923128213,338675923128213,0,338675923455949,338675923457782,338675923910616,338675924194241,338675975411888,338675923448491,16800171,338675924496824,338675934894491,338675936180032,338675950069324,338675956764241,7659417,442459,338675956764241,338675950969574,-1,338675950069324,
0,117376975,338675939928384,338675939928384,0,338675940298074,338675940300032,338675940764574,338675940969282,338675992212059,338675940290366,16800171,338675941226324,338675951229449,338675952775324,338675965660407,338675972372366,7905833,565750,338675972372366,338675966692407,-1,338675965660407,
0,117376983,338675956728555,338675956728555,0,338675957072616,338675957074657,338675957529199,338675957733949,338676009012230,338675957065241,16800171,338675957992116,338675966894782,338675968376741,338675982392449,338675989032991,9150875,370958,338675989032991,338675983231532,-1,338675982392449,
0,117376991,338675973528726,338675973528726,0,338675973922699,338675973925116,338675974438949,338675974676866,338676025812401,338675973913282,16800171,338675974976199,338675983471616,338675984636532,338675999627491,338676006348074,10230667,383208,338676006348074,338676000391991,-1,338675999627491,
0,117376999,338675990328897,338675990328897,0,338675990748657,338675990751241,338675991302282,338675991556157,338676042612572,338675990739074,16800171,338675991873949,338676000547824,338676001543449,338676014910991,338676021497282,9329875,440750,338676021497282,338676015715241,-1,338676014910991,
0,117377007,338676007129068,338676007129068,0,338676007558074,338676007560157,338676007985157,338676008213991,338676059412743,338676007550824,16800171,338676008425449,338676015872241,338676016937782,338676031004866,338676037734741,10442959,318458,338676037734741,338676031670366,-1,338676031004866,
0,117377015,338676023929239,338676023929239,0,338676024296366,338676024297824,338676024710907,338676024888282,338676076212914,338676024289907,16800171,338676025106991,338676031815574,338676032866074,338676047779699,338676054528657,11582375,497000,338676054528657,338676048695574,-1,338676047779699,
0,117377023,338676040729410,338676040729410,0,338676041039782,338676041041157,338676041504991,338676041667532,338676093013085,338676041033574,16800171,338676041877241,338676048832866,338676049760074,338676065181657,338676071783616,11834875,322708,338676071783616,338676065836032,-1,338676065181657,
0,117377031,338676057529581,338676057529581,-357124242,338676057882699,338676057884699,338676060303282,338676060504824,338676109813256,338676057876241,16800171,338676061207616,338676065980616,338676066968741,338676081859782,338676088439616,11052500,384292,338676088439616,338676082584782,-1,338676081859782,
0,117377039,338676074329752,338676074329752,0,338676074667866,338676074669282,338676088909032,338676089083324,338676126613427,338676074661699,16800171,338676094948782,338676095061866,338676096171199,338676100931366,338676107709449,19667,306667,338676107709449,338676101560616,-1,338676100931366,
0,117377047,338676091129923,338676091129923,0,338676096497532,338676096498949,338676102789366,338676102973241,338676143413598,338676096490741,16800171,338676104418116,338676104537907,338676105473574,338676115339491,338676124178116,5829083,285458,338676124178116,338676115920532,-1,338676115339491,
0,117377055,338676107930094,338676107930094,0,338676108204282,338676108205782,338676108757366,338676108910491,338676160213769,338676108199241,16800171,338676109146824,338676116081657,338676116970991,338676131339366,338676139495449,11108792,277042,338676139495449,338676131911199,-1,338676131339366,
0,117377063,338676124730265,338676124730265,0,338676124992616,338676124994032,338676125505657,338676125685032,338676177013940,338676124986741,16800171,338676125885616,338676132076199,338676132972282,338676148093657,338676155653574,11942792,285125,338676155653574,338676148687491,-1,338676148093657,
0,117377071,338676141530436,338676141530436,0,338676141786366,338676141788116,338676142287116,338676142435532,338676193814111,338676141781282,16800171,338676142689657,338676148818491,338676149738949,338676164880991,338676172108824,12012542,281416,338676172108824,338676165457741,-1,338676164880991,
0,117377079,338676158330607,338676158330607,0,338676158609199,338676158610532,338676159118074,338676159290116,338676210614282,338676158603574,16800171,338676159517741,338676165591866,338676166492741,338676181675282,338676188555782,11998833,278584,338676188555782,338676182250657,-1,338676181675282,
0,117377087,338676175130778,338676175130778,0,338676175383032,338676175384491,338676175909782,338676176108282,338676227414453,338676175377532,16800171,338676176313741,338676182383574,338676183280991,338676198101408,338676204768366,12012792,279458,338676204768366,338676198673199,-1,338676198101408,
0,117377095,338676191930949,338676191930949,0,338676192223699,338676192225158,338676192751658,338676192913158,338676244214624,338676192217866,16800171,338676193115908,338676198804783,338676199703616,338676214831408,338676221461741,12450167,281125,338676221461741,338676215412658,-1,338676214831408,
0,117377103,338676208731120,338676208731120,0,338676209000158,338676209001491,338676209519991,338676209667324,338676261014795,338676208994533,16800171,338676209870366,338676215545324,338676216467783,338676231655283,338676238240408,12487000,323125,338676238240408,338676232268491,-1,338676231655283,
0,117377111,338676225531291,338676225531291,0,338676225792324,338676225793616,338676226359283,338676226506991,338676277814966,338676225786783,16800171,338676226980283,338676232401658,338676233302074,338676248365199,338676254894491,12432834,281417,338676254894491,338676248978991,-1,338676248365199,
0,117377119,338676242331462,338676242331462,0,338676242589824,338676242591283,338676243100908,338676243274449,338676294615137,338676242584324,16800171,338676243483324,338676249112408,338676249991199,338676265194116,338676271710574,12530875,276792,338676271710574,338676265764658,-1,338676265194116,
0,117377127,338676259131633,338676259131633,0,338676259394366,338676259395699,338676259870908,338676260046949,338676311415308,338676259388824,16800171,338676260243074,338676265896783,338676266760408,338676282097699,338676288608574,12496417,311833,338676288608574,338676282701491,-1,338676282097699,
0,117377135,338676275931804,338676275931804,0,338676276207408,338676276208866,338676276648866,338676276793199,338676328215479,338676276201949,16800171,338676277034616,338676282834991,338676283839783,338676298890283,338676305399366,12216000,289875,338676305399366,338676299525616,-1,338676298890283,
0,117377143,338676292731975,338676292731975,0,338676292989616,338676292991241,338676293522866,338676293669574,338676345015650,338676292984033,16800171,338676293842033,338676299660366,338676300596491,338676315693658,338676322197908,12295166,335250,338676322197908,338676316327116,-1,338676315693658,
0,117377151,338676309532146,338676309532146,0,338676309798616,338676309799908,338676310245824,338676310391574,338676361815821,338676309792824,16800171,338676310562491,338676316461866,338676317396074,338676332554866,338676339054908,12248166,333291,338676339054908,338676333183408,-1,338676332554866,
0,117377159,338676326332317,338676326332317,0,338676326585866,338676326587283,338676327053408,338676327197741,338676378615992,338676326579824,16800171,338676327378658,338676333334741,338676334267116,338676349290033,338676355842491,12165750,291250,338676355842491,338676349946908,-1,338676349290033,
0,117377167,338676343132488,338676343132488,0,338676343405366,338676343406574,338676343861033,338676344046658,338676395416163,338676343399616,16800171,338676344198116,338676350081324,338676351121199,338676367410158,338676373995408,12661500,366375,338676373995408,338676368202574,-1,338676367410158,
0,117377175,338676359932659,338676359932659,0,338676360303824,338676360305741,338676361443949,338676361705283,338676412216334,338676360295741,16800171,338676361995491,338676368364241,338676369557908,338676385381741,338676391957574,11478584,427417,338676391957574,338676386289949,-1,338676385381741,
0,117377183,338676376732830,338676376732830,0,338676377107783,338676377109699,338676386519199,338676386717866,338676429016505,338676377098991,16800171,338676386835699,338676386995241,338676388467241,338676402563533,338676409081366,9260625,366625,338676409081366,338676403420158,-1,338676402563533,
0,117377191,338676393533001,338676393533001,0,338676393926033,338676393928366,338676394511241,338676394861783,338676445816676,338676393916408,16800171,338676394914658,338676403583783,338676404572616,338676419425991,338676425997699,9983792,591250,338676425997699,338676420494033,-1,338676419425991,
0,117377199,338676410333172,338676410333172,0,338676410676866,338676410678741,338676411140991,338676411325158,338676462616847,338676410669491,16800171,338676411370783,338676420680824,338676421711491,338676435484574,338676442048366,9302166,590291,338676442048366,338676436519699,-1,338676435484574,
0,117377207,338676427133343,338676427133343,0,338676427527741,338676427529533,338676427991366,338676428203533,338676479417018,338676427520283,16800171,338676428250199,338676436708949,338676437733074,338676450967283,338676457522283,9838667,615083,338676457522283,338676451977033,-1,338676450967283,
0,117377215,338676443933514,338676443933514,0,338676444337408,338676444339408,338676444795241,338676444960949,338676496217189,338676444330158,16800171,338676445003324,338676452181949,338676452950491,338676470035366,338676476738824,11760166,726708,338676476738824,338676471298658,-1,338676470035366,
0,117377223,338676460733685,338676460733685,0,338676461050699,338676461052074,338676461462699,338676461617158,338676513017360,338676461044033,16800171,338676461658283,338676471445241,338676472396866,338676484334283,338676490942949,8739625,620042,338676490942949,338676485343283,-1,338676484334283,
0,117377231,338676477533856,338676477533856,0,338676477865449,338676477866949,338676478266116,338676478420199,338676529817531,338676477858908,16800171,338676478461199,338676485478991,338676486233574,338676501440491,338676507921658,11619166,633625,338676507921658,338676502432658,-1,338676501440491,
0,117377239,338676494334027,338676494334027,0,338676494625158,338676494626658,338676494999074,338676495144991,338676546617702,338676494619074,16800171,338676495183824,338676502613241,338676503438783,338676518432741,338676525038783,11475958,770916,338676525038783,338676519614866,-1,338676518432741,
0,117377247,338676511134198,338676511134198,0,338676511463824,338676511465949,338676511901908,338676512110449,338676563417873,338676511456616,16800171,338676512156241,338676519791824,338676520837949,338676536357908,338676542941699,11205250,847166,338676542941699,338676537675283,-1,338676536357908,
0,117377255,338676527934369,338676527934369,0,338676528325741,338676528327533,338676528890908,338676529091074,338676580218044,338676528318241,16800171,338676529140324,338676537847783,338676538870533,338676553106033,338676559677616,9803417,797916,338676559677616,338676554359533,-1,338676553106033,
0,117377263,338676544734540,338676544734540,0,338676545089908,338676545091741,338676545559324,338676545742741,338676597018215,338676545081949,16800171,338676545880033,338676554531116,338676555551449,338676569357199,338676575941741,9916000,785542,338676575941741,338676570565991,-1,338676569357199,
0,117377271,338676561534711,338676561534711,0,338676561880699,338676561882616,338676562360074,338676562543574,338676613818386,338676561873033,16800171,338676562588949,338676570782783,338676571761116,338676586139741,338676592658074,10611458,813458,338676592658074,338676587336366,-1,338676586139741,
0,117377415,338676897538131,338676897538131,-81776941,338676897819950,338676897821408,338676950513116,338676950738075,338676916221464,338676897813825,16800171,338676962501408,338676962636116,338676964568741,338676967812116,338676986787283,21666,294125,338676986787283,338676968455825,-1,338676967812116,
0,117377422,338676914338302,338676964738815,0,338676964947158,338676964948283,338676965634366,338676965813575,338677017022490,338676964934325,16800171,338676966402616,338676968626325,338676969664033,338676974455950,338677007004408,17000,12207125,338677007004408,338676986975491,-1,338676974455950,
0,117377429,338676981538986,338676981538986,0,338676981812491,338676981813950,338676985541283,338676985711158,338677033822661,338676981807241,16800171,338676987015491,338676987106033,338676988233283,338677005968658,338677015793533,13418166,784083,338677015793533,338677007079283,-1,338677005968658,
0,117377437,338676998339157,338676998339157,0,338676998590533,338676998592533,338676999106200,338676999314908,338677050622832,338676998585408,16800171,338676999527450,338677007208575,338677008247283,338677022269991,338677031242200,10244542,313917,338677031242200,338677022891325,-1,338677022269991,
0,117377445,338677015139328,338677015139328,0,338677015397408,338677015398866,338677015950241,338677016133533,338677067423003,338677015392116,16800171,338677016354491,338677023021825,338677023997450,338677039113408,338677048210741,11210875,342958,338677048210741,338677039765866,-1,338677039113408,
0,117377453,338677031939499,338677031939499,0,338677032203575,338677032204908,338677032725075,338677032904658,338677084223174,338677032197825,16800171,338677033107616,338677039899575,338677040866491,338677055768241,338677064935366,11202750,300042,338677064935366,338677056405950,-1,338677055768241,
0,117377461,338677048739670,338677048739670,0,338677048994783,338677048996575,338677049492325,338677049639783,338677101023345,338677048988950,16800171,338677049844200,338677056540616,338677057459491,338677072620616,338677081674033,11397875,280833,338677081674033,338677073199325,-1,338677072620616,
0,117377469,338677065539841,338677065539841,0,338677065809075,338677065810450,338677066347741,338677066491200,338677117823516,338677065803200,16800171,338677066978825,338677073334116,338677074344491,338677089235491,338677098173991,11309625,348083,338677098173991,338677089898408,-1,338677089235491,
0,117377477,338677082340012,338677082340012,0,338677082608158,338677082609450,338677083052325,338677083266158,338677134623687,338677082602366,16800171,338677083462700,338677090030991,338677090961325,338677106096241,338677115067491,11491083,277917,338677115067491,338677106670408,-1,338677106096241,
0,117377485,338677099140183,338677099140183,0,338677099426866,338677099428241,338677099920075,338677100092366,338677151423858,338677099421325,16800171,338677100303783,338677106803741,338677107716158,338677122963450,338677131968408,11521500,281083,338677131968408,338677123573033,-1,338677122963450,
0,117377493,338677115940354,338677115940354,0,338677116217700,338677116219366,338677116660116,338677116806283,338677168224029,338677116212116,16800171,338677116999991,338677123704075,338677124705200,338677139641491,338677148653783,11374958,412792,338677148653783,338677140381783,-1,338677139641491,
0,117377501,338677132740525,338677132740525,0,338677132991158,338677132992783,338677133440616,338677133585283,338677185024200,338677132985700,16800171,338677133777575,338677140514616,338677141421908,338677156523575,338677165538700,11447541,505625,338677165538700,338677157333366,-1,338677156523575,
0,117377509,338677149540696,338677149540696,0,338677149791366,338677149792908,338677150240950,338677150398616,338677201824371,338677149785491,16800171,338677150594033,338677157492866,338677158483658,338677173131866,338677182067866,11147541,543958,338677182067866,338677173976866,-1,338677173131866,
0,117377517,338677166340867,338677166340867,0,338677166589241,338677166590533,338677167031033,338677167174533,338677218624542,338677166584241,16800171,338677167367408,338677174145616,338677175056075,338677189957158,338677198900658,11408208,567541,338677198900658,338677190863616,-1,338677189957158,
0,117377525,338677183141038,338677183141038,0,338677183403491,338677183404908,338677183884908,338677184098950,338677235424713,338677183397325,16800171,338677184297658,338677190993866,338677191900283,338677209499533,338677216164908,12070917,814083,338677216164908,338677210763950,-1,338677209499533,
0,117377541,338677216741380,338677216741380,0,338677217079366,338677217081616,338677217848116,338677218050366,338677252224884,338677217071325,16800171,338677218342700,338677218529783,338677219861491,338677226699741,338677233448200,1115250,818500,338677233448200,338677228157991,-1,338677226699741,
0,117377549,338677233541551,338677233541551,0,338677233895533,338677233897616,338677234530825,338677234716533,338677269025055,338677233887450,16800171,338677234983491,338677235139533,338677236367991,338677242976241,338677249622491,1114292,788834,338677249622491,338677244325075,-1,338677242976241,
0,117377557,338677250341722,338677250341722,0,338677250712825,338677250714825,338677251245158,338677251430450,338677285825226,338677250704741,16800171,338677251695158,338677251845033,338677253153825,338677259451783,338677266143491,1090667,938958,338677266143491,338677260893866,-1,338677259451783,
0,117377565,338677267141893,338677267141893,0,338677267538116,338677267540533,338677268183325,338677268370283,338677302625397,338677267528908,16800171,338677268741491,338677268932658,338677270137200,338677276108533,338677282811908,923542,800417,338677282811908,338677277365783,-1,338677276108533,
0,117377573,338677283942064,338677283942064,0,338677284383033,338677284385158,338677285017200,338677285276033,338677319425568,338677284373575,16800171,338677285583325,338677285746075,338677287272075,338677293011700,338677299770658,900583,702250,338677299770658,338677294177491,-1,338677293011700,
0,117377581,338677300742235,338677300742235,0,338677301157575,338677301159908,338677301683533,338677301910116,338677336225739,338677301147991,16800171,338677302209533,338677302380866,338677303969533,338677310685533,338677317353908,1024959,822375,338677317353908,338677311903366,-1,338677310685533,
0,117377589,338677317542406,338677317542406,0,338677317879450,338677317881533,338677318329991,338677318527116,338677353025910,338677317871741,16800171,338677318782366,338677318923700,338677320457116,338677327805408,338677334471908,1410625,614292,338677334471908,338677328928200,-1,338677327805408,
0,117377597,338677334342577,338677334342577,0,338677334725491,338677334727450,338677335153783,338677335441158,338677369826081,338677334716908,16800171,338677335686950,338677335833616,338677337086866,338677343781616,338677350476991,1124666,472250,338677350476991,338677344745616,-1,338677343781616,
0,117377605,338677351142748,338677351142748,0,338677351489200,338677351491158,338677351914991,338677352219658,338677386626252,338677351480866,16800171,338677352463575,338677352612075,338677353837283,338677359898200,338677366585825,1165667,464291,338677366585825,338677360889908,-1,338677359898200,
0,117377613,338677367942919,338677367942919,0,338677368388158,338677368390491,338677368877366,338677369095575,338677403426423,338677368378991,16800171,338677369378616,338677369572825,338677371068783,338677377097575,338677383704783,1213792,469166,338677383704783,338677377963908,-1,338677377097575,
0,117377621,338677384743090,338677384743090,0,338677385145450,338677385147866,338677385632908,338677385851575,338677420226594,338677385135700,16800171,338677386134158,338677386312950,338677387733783,338677394339658,338677400971950,1236250,370542,338677400971950,338677395130491,-1,338677394339658,
0,117377629,338677401543261,338677401543261,0,338677401943158,338677401945616,338677402533158,338677402751200,338677437026765,338677401933783,16800171,338677403036533,338677403210366,338677404739158,338677411777783,338677418400075,1133417,393666,338677418400075,338677412750158,-1,338677411777783,
0,117377637,338677418343432,338677418343432,0,338677418693075,338677418695033,338677419165450,338677419354366,338677453826936,338677418684908,16800171,338677419597700,338677419740950,338677421114658,338677428615616,338677435421491,1541333,844583,338677435421491,338677429918908,-1,338677428615616,
0,117377645,338677435143603,338677435143603,0,338677435541325,338677435543283,338677436058700,338677436265783,338677470627107,338677435533200,16800171,338677436528241,338677436679283,338677437851783,338677444614325,338677451246408,1246125,848792,338677451246408,338677445918616,-1,338677444614325,
0,117377653,338677451943774,338677451943774,0,338677452339158,338677452341075,338677452803366,338677452999866,338677487427278,338677452331241,16800171,338677453254450,338677453400325,338677454636158,338677460746033,338677467355200,1164500,713125,338677467355200,338677461892033,-1,338677460746033,
0,117377661,338677468743945,338677468743945,0,338677469146950,338677469149616,338677469665533,338677469893200,338677504227449,338677469137283,16800171,338677470191075,338677470362075,338677471824866,338677478100408,338677484705241,1430750,783000,338677484705241,338677479272408,-1,338677478100408,
0,117377669,338677485544116,338677485544116,0,338677485947533,338677485950033,338677486474783,338677486705866,338677521027620,338677485937825,16800171,338677487004950,338677487187866,338677488707616,338677495331616,338677502002408,1131125,831958,338677502002408,338677496746450,-1,338677495331616,
0,117377677,338677502344287,338677502344287,0,338677502764783,338677502767325,338677503290241,338677503561575,338677537827791,338677502754116,16800171,338677503859866,338677504074116,338677505647491,338677513217158,338677519902408,863125,721166,338677519902408,338677514338408,-1,338677513217158,
0,117377685,338677519144458,338677519144458,0,338677519563366,338677519565366,338677520074200,338677520276450,338677554627962,338677519555450,16800171,338677520639408,338677520799325,338677522101241,338677529522283,338677536162450,1230833,863375,338677536162450,338677530845533,-1,338677529522283,
0,117377693,338677535944629,338677535944629,0,338677536358116,338677536360116,338677536792450,338677536982741,338677571428133,338677536349950,16800171,338677537227783,338677537372116,338677538530116,338677545176116,338677551917575,1266000,800458,338677551917575,338677546504325,-1,338677545176116,
0,117377701,338677552744800,338677552744800,0,338677553140950,338677553143825,338677553864991,338677554055533,338677588228304,338677553131116,16800171,338677554299658,338677554439950,338677555719075,338677561485366,338677568197491,1010667,760250,338677568197491,338677562638866,-1,338677561485366,
0,117377709,338677569544971,338677569544971,0,338677569942200,338677569944700,338677570442908,338677570662241,338677605028475,338677569932158,16800171,338677570966908,338677571138033,338677572775533,338677578412200,338677585076866,1084333,727334,338677585076866,338677579557200,-1,338677578412200,
0,117377717,338677586345142,338677586345142,0,338677586839033,338677586841408,338677587334575,338677587555616,338677621828646,338677586828491,16800171,338677587969575,338677588164616,338677589760200,338677596057117,338677602662783,855459,719542,338677602662783,338677597182242,-1,338677596057117,
0,117377725,338677603145313,338677603145313,0,338677603489867,338677603491825,338677604041283,338677604229950,338677638628817,338677603482242,16800171,338677604472742,338677604672075,338677606409325,338677613897950,338677620545742,1009958,851083,338677620545742,338677615210075,-1,338677613897950,
0,117377733,338677619945484,338677619945484,0,338677620350450,338677620352742,338677620843408,338677621041283,338677655428988,338677620342033,16800171,338677621295658,338677621456492,338677622879242,338677629401700,338677636155742,1017667,945917,338677636155742,338677630942950,-1,338677629401700,
0,117377741,338677636745655,338677636745655,0,338677637138533,338677637140950,338677637664867,338677638025408,338677672229159,338677637129658,16800171,338677638282075,338677638435450,338677641797908,338677646924033,338677653519533,30500,326209,338677653519533,338677647611950,-1,338677646924033,
0,117377749,338677653545826,338677653545826,0,338677653913408,338677653915033,338677654439700,338677654610492,338677689029330,338677653905617,16800171,338677654824408,338677654949450,338677657575117,338677661628367,338677668211367,20708,346250,338677668211367,338677662332033,-1,338677661628367,
0,117377757,338677670345997,338677670345997,0,338677670682867,338677670684408,338677671092867,338677671256700,338677705829501,338677670676367,16800171,338677671458950,338677671583992,338677674038283,338677678232825,338677684913283,18041,328417,338677684913283,338677678917825,-1,338677678232825,
0,117377765,338677687146168,338677687146168,0,338677687461325,338677687462867,338677687933950,338677688135075,338677722629672,338677687455033,16800171,338677688349242,338677688473450,338677690884575,338677694735992,338677701532367,17167,340541,338677701532367,338677695583742,-1,338677694735992,
0,117377773,338677703946339,338677703946339,-942911608,338677706090408,338677706092033,338677709217283,338677709399325,338677739429843,338677706083742,16800171,338677710027283,338677710184908,338677711401075,338677715733325,338677722465242,41625,775417,338677722465242,338677716992492,-1,338677715733325,
0,117377781,338677720746510,338677720746510,0,338677721100908,338677721102658,338677721758450,338677721945283,338677756230014,338677721094325,16800171,338677722617492,338677722963658,338677724381033,338677729016742,338677735903992,206875,608917,338677735903992,338677730006742,-1,338677729016742,
0,117377789,338677737546681,338677737546681,0,338677737859950,338677737861325,338677749226200,338677749378617,338677773030185,338677737852867,16800171,338677753723200,338677753844742,338677754967533,338677761098325,338677767955617,20083,323167,338677767955617,338677761743658,-1,338677761098325,
0,117377797,338677754346852,338677754346852,0,338677755297242,338677755298783,338677759454408,338677759714450,338677789830356,338677755290033,16800171,338677761383783,338677761879825,338677763009283,338677768053908,338677776967533,18375,293417,338677776967533,338677768648367,-1,338677768053908,
0,117377805,338677771147023,338677771147023,0,338677771391158,338677771392783,338677773331867,338677773499492,338677806630527,338677771385867,16800171,338677773772700,338677773912533,338677775112658,338677778991367,338677787194408,18833,302875,338677787194408,338677779650158,-1,338677778991367,
0,117377813,338677787947194,338677787947194,0,338677788266825,338677788268283,338677788851283,338677789039908,338677823430698,338677788260992,16800171,338677789265825,338677789373742,338677790501700,338677794951242,338677802496283,865375,375542,338677802496283,338677795630158,-1,338677794951242,
0,117377821,338677804747365,338677804747365,0,338677805023367,338677805024658,338677805553200,338677805698408,338677840230869,338677805017908,16800171,338677805902075,338677806044575,338677807144992,338677811721158,338677818868075,1017834,563292,338677818868075,338677812608658,-1,338677811721158,
0,117377829,338677821547536,338677821547536,0,338677821812367,338677821813867,338677822307575,338677822454367,338677857031040,338677821805950,16800171,338677822687283,338677822785783,338677823841908,338677828461825,338677835365992,1149083,544541,338677835365992,338677829324492,-1,338677828461825,
0,117377837,338677838347707,338677838347707,0,338677838601492,338677838602908,338677839096075,338677839241158,338677873831211,338677838595783,16800171,338677839514408,338677839616075,338677840705575,338677844677908,338677851315700,1024292,542208,338677851315700,338677845519117,-1,338677844677908,
0,117377845,338677855147878,338677855147878,0,338677855443658,338677855445158,338677855947408,338677856162283,338677890631382,338677855438283,16800171,338677856369992,338677856472617,338677857477658,338677861352283,338677867971367,1003459,547000,338677867971367,338677862199825,-1,338677861352283,
0,117377853,338677871948049,338677871948049,0,338677872225200,338677872226658,338677872754450,338677872898700,338677907431553,338677872220075,16800171,338677873299367,338677873405533,338677874502408,338677878189992,338677884723742,792541,538458,338677884723742,338677879028742,-1,338677878189992,
0,117377861,338677888748220,338677888748220,0,338677889013908,338677889015325,338677889465367,338677889651533,338677924231724,338677889008700,16800171,338677889879783,338677889981867,338677890968908,338677894926617,338677901422242,1188459,538750,338677901422242,338677895754242,-1,338677894926617,
0,117377869,338677905548391,338677905548391,0,338677905819617,338677905820950,338677906285408,338677906432658,338677941031895,338677905814158,16800171,338677906627117,338677906729325,338677907705367,338677911716117,338677918226408,1200500,588708,338677918226408,338677912605700,-1,338677911716117,
0,117377877,338677922348562,338677922348562,0,338677922610950,338677922612658,338677923098867,338677923269533,338677957832066,338677922605533,16800171,338677923463325,338677923562908,338677924621575,338677928733242,338677935239658,1076458,527333,338677935239658,338677929552658,-1,338677928733242,
0,117377885,338677939148733,338677939148733,0,338677939406617,338677939408325,338677940155367,338677940321450,338677974632237,338677939401367,16800171,338677940571450,338677940694992,338677942964533,338677945732367,338677952256617,17875,295625,338677952256617,338677946330950,-1,338677945732367,
0,117377893,338677955948904,338677955948904,0,338677956290492,338677956292033,338677956751700,338677956902075,338677991432408,338677956284117,16800171,338677957084200,338677957195033,338677958175367,338677962572408,338677969100158,1339833,538041,338677969100158,338677963466950,-1,338677962572408,
0,117377901,338677972749075,338677972749075,0,338677973009658,338677973011075,338677985572325,338677985976492,338678008232579,338677973004492,16800171,338677989909325,338677990034575,338677990998575,338677994871908,338677999409200,21000,295750,338677999409200,338677995483158,-1,338677994871908,
0,117377909,338677989549246,338677989549246,0,338677991467575,338677991469325,338677993065242,338677993257367,338678025032750,338677991459450,16800171,338677993774533,338677995616158,338677996628033,338678003090950,338678008329117,20000,318625,338678008329117,338678003694325,-1,338678003090950,
0,117377917,338678006349417,338678006349417,0,338678006612617,338678006614033,338678008182617,338678008372033,338678041832921,338678006606033,16800171,338678008834117,338678008944950,338678009932408,338678015991075,338678021236450,16500,587875,338678021236450,338678016942033,-1,338678015991075,
0,117377925,338678023149588,338678023149588,0,338678023447950,338678023449367,338678025105325,338678025264283,338678058633092,338678023442533,16800171,338678025845992,338678025952783,338678030340742,338678037313908,338678044072450,20917,554667,338678044072450,338678038198200,-1,338678037313908,
0,117377933,338678039949759,338678039949759,0,338678040287908,338678040289575,338678048619033,338678048788408,338678075433263,338678040281450,16800171,338678049227533,338678049355200,338678050682867,338678056784533,338678063558408,23958,664292,338678063558408,338678057822700,-1,338678056784533,
0,117377941,338678056749930,338678056749930,0,338678057113742,338678057115617,338678058901825,338678059113283,338678092233434,338678057105200,16800171,338678059748408,338678059873242,338678060928992,338678066437075,338678073143783,20083,597459,338678073143783,338678067440617,-1,338678066437075,
0,117377949,338678073550101,338678073550101,0,338678073946700,338678073948783,338678075399492,338678075711158,338678109033605,338678073938200,16800171,338678076294658,338678076419450,338678077381575,338678081198617,338678087972325,19833,774875,338678087972325,338678082358242,-1,338678081198617,
0,117377957,338678090350272,338678090350272,0,338678090712075,338678090714325,338678092207783,338678092584242,338678125833776,338678090703408,16800171,338678093098700,338678093235533,338678094201825,338678098672075,338678105423158,143917,723250,338678105423158,338678099843117,-1,338678098672075,
0,117377965,338678107150443,338678107150443,0,338678107546075,338678107548492,338678109305492,338678109520117,338678142633947,338678107537617,16800171,338678110082033,338678110230742,338678111386283,338678117640367,338678124411075,22875,738000,338678124411075,338678118855367,-1,338678117640367,
0,117377973,338678123950614,338678123950614,0,338678124448908,338678124450992,338678126338617,338678126706242,338678159434118,338678124438992,16800171,338678127198700,338678127349783,338678128448283,338678133298408,338678140106992,23209,853125,338678140106992,338678134576533,-1,338678133298408,
0,117377981,338678140750785,338678140750785,0,338678141191367,338678141193283,338678142923575,338678143123700,338678176234289,338678141183283,16800171,338678143735075,338678143869408,338678144985825,338678149919742,338678156725158,27708,745667,338678156725158,338678151190617,-1,338678149919742,
0,117377989,338678157550956,338678157550956,0,338678157910325,338678157912617,338678159367658,338678159703242,338678193034460,338678157902200,16800171,338678160251783,338678160387867,338678161508992,338678166249742,338678172990950,114000,1043500,338678172990950,338678167742867,-1,338678166249742,
0,117377997,338678174351127,338678174351127,0,338678174791075,338678174793492,338678176394075,338678176677742,338678209834631,338678174781575,16800171,338678177152575,338678177293825,338678178365825,338678182789242,338678189498075,25333,811000,338678189498075,338678184088533,-1,338678182789242,
0,117378005,338678191151298,338678191151298,0,338678191584992,338678191587408,338678193497867,338678193726075,338678226634802,338678191575200,16800171,338678194331783,338678194492367,338678195540200,338678200213658,338678206957325,70292,471917,338678206957325,338678201120033,-1,338678200213658,
0,117378013,338678207951469,338678207951469,0,338678208357200,338678208359283,338678209813283,338678210143325,338678243434973,338678208349617,16800171,338678210591367,338678210722533,338678211763408,338678216775617,338678223524158,364292,951416,338678223524158,338678218221742,-1,338678216775617,
0,117378021,338678224751640,338678224751640,0,338678225254658,338678225256783,338678226799408,338678227010825,338678260235144,338678225245950,16800171,338678227562533,338678227693992,338678228817492,338678233152783,338678239849783,21458,813083,338678239849783,338678234368700,-1,338678233152783,
0,117378029,338678241551811,338678241551811,0,338678242041533,338678242043742,338678243925492,338678244222283,338678277035315,338678242029908,16800171,338678244861367,338678245023533,338678246253992,338678250496950,338678257185325,22208,824083,338678257185325,338678251703867,-1,338678250496950,
0,117378037,338678258351982,338678258351982,0,338678258772950,338678258775742,338678260895325,338678261140408,338678293835486,338678258762450,16800171,338678261699200,338678261862033,338678263133033,338678267813950,338678274389783,26875,719792,338678274389783,338678268941117,-1,338678267813950,
0,117378045,338678275152153,338678275152153,0,338678275478700,338678275480450,338678275820033,338678276164867,338678310635657,338678275471200,16800171,338678276461242,338678276617242,338678277549408,338678282942075,338678289396325,1453625,793042,338678289396325,338678284123158,-1,338678282942075,
---PROFILEDATA---


View hierarchy:

  com.auroratv.lab/com.auroratv.MainActivity/android.view.ViewRootImpl@2dd5df2
  357 views, 634.99 kB of render nodes


Total ViewRootImpl   : 1
Total attached Views : 357
Total RenderNode     : 634.99 kB (used) / 2550.89 kB (capacity)

