Applications Graphics Acceleration Info:
Uptime: 339203326 Realtime: 373877436

** Graphics info for pid 22788 [com.auroratv.lab] **

Stats since: 339188071609860ns
Total frames rendered: 478
Janky frames: 21 (4.39%)
Janky frames (legacy): 186 (38.91%)
50th percentile: 14ms
90th percentile: 34ms
95th percentile: 40ms
99th percentile: 89ms
Number Missed Vsync: 6
Number High input latency: 641
Number Slow UI thread: 17
Number Slow bitmap uploads: 5
Number Slow issue draw commands: 15
Number Frame deadline missed: 21
Number Frame deadline missed (legacy): 20
HISTOGRAM: 5ms=0 6ms=0 7ms=17 8ms=20 9ms=54 10ms=62 11ms=48 12ms=17 13ms=16 14ms=17 15ms=9 16ms=3 17ms=4 18ms=3 19ms=11 20ms=12 21ms=15 22ms=28 23ms=29 24ms=26 25ms=18 26ms=5 27ms=3 28ms=3 29ms=2 30ms=3 31ms=1 32ms=4 34ms=12 36ms=6 38ms=6 40ms=3 42ms=1 44ms=1 46ms=1 48ms=1 53ms=5 57ms=2 61ms=2 65ms=0 69ms=0 73ms=0 77ms=1 81ms=1 85ms=1 89ms=1 93ms=0 97ms=0 101ms=0 105ms=0 109ms=0 113ms=1 117ms=0 121ms=0 125ms=0 129ms=0 133ms=0 150ms=0 200ms=0 250ms=1 300ms=1 350ms=0 400ms=0 450ms=0 500ms=0 550ms=0 600ms=0 650ms=0 700ms=0 750ms=0 800ms=0 850ms=0 900ms=1 950ms=0 1000ms=0 1050ms=0 1100ms=0 1150ms=0 1200ms=0 1250ms=0 1300ms=0 1350ms=0 1400ms=0 1450ms=0 1500ms=0 1550ms=0 1600ms=0 1650ms=0 1700ms=0 1750ms=0 1800ms=0 1850ms=0 1900ms=0 1950ms=0 2000ms=0 2050ms=0 2100ms=0 2150ms=0 2200ms=0 2250ms=0 2300ms=0 2350ms=0 2400ms=0 2450ms=0 2500ms=0 2550ms=0 2600ms=0 2650ms=0 2700ms=0 2750ms=0 2800ms=0 2850ms=0 2900ms=0 2950ms=0 3000ms=0 3050ms=0 3100ms=0 3150ms=0 3200ms=0 3250ms=0 3300ms=0 3350ms=0 3400ms=0 3450ms=0 3500ms=0 3550ms=0 3600ms=0 3650ms=0 3700ms=0 3750ms=0 3800ms=0 3850ms=0 3900ms=0 3950ms=0 4000ms=0 4050ms=0 4100ms=0 4150ms=0 4200ms=0 4250ms=0 4300ms=0 4350ms=0 4400ms=0 4450ms=0 4500ms=0 4550ms=0 4600ms=0 4650ms=0 4700ms=0 4750ms=0 4800ms=0 4850ms=0 4900ms=0 4950ms=0
50th gpu percentile: 5ms
90th gpu percentile: 9ms
95th gpu percentile: 12ms
99th gpu percentile: 4950ms
GPU HISTOGRAM: 1ms=0 2ms=0 3ms=6 4ms=120 5ms=122 6ms=29 7ms=128 8ms=23 9ms=9 10ms=13 11ms=3 12ms=3 13ms=5 14ms=0 15ms=0 16ms=3 17ms=2 18ms=0 19ms=4 20ms=0 21ms=2 22ms=0 23ms=0 24ms=0 25ms=0 4950ms=6

Pipeline=Skia (OpenGL)
Memory policy:
  Max surface area: 2073600
  Max resource usage: 99.53MB (x48)
  Background retention: 50% (altUiHidden = true)
  GPU Context timeout: 10
Contexts: 1 (stopped = 0)
CPU Caches:
  Glyph Cache: 1.76 MB (1 entry)
  Glyph Count: 116 
Total CPU memory usage:
  1843913 bytes, 1.76 MB (0.00 bytes is purgeable)
GPU Caches:
  Image:
    Texture: 28.91 MB (99 entries)
  Other:
    Other: 24.71 KB (1 entry)
    Buffer Object: 464.00 bytes (2 entries)
    StencilAttachment: 15.00 KB (4 entries)
  Scratch:
    RenderTarget: 55.67 MB (68 entries)
    Texture: 2.04 MB (5 entries)
    Buffer Object: 78.03 KB (3 entries)
Total GPU memory usage:
  90950864 bytes, 86.74 MB (68.83 MB is purgeable)

Profile data in ms:

	com.auroratv.lab/com.auroratv.MainActivity/android.view.ViewRootImpl@53f6ecb (visibility=0)
Window: com.auroratv.lab/com.auroratv.MainActivity
Stats since: 339188071609068ns
Total frames rendered: 478
Janky frames: 21 (4.39%)
Janky frames (legacy): 186 (38.91%)
50th percentile: 14ms
90th percentile: 34ms
95th percentile: 40ms
99th percentile: 89ms
Number Missed Vsync: 6
Number High input latency: 641
Number Slow UI thread: 17
Number Slow bitmap uploads: 5
Number Slow issue draw commands: 15
Number Frame deadline missed: 21
Number Frame deadline missed (legacy): 20
HISTOGRAM: 5ms=0 6ms=0 7ms=17 8ms=20 9ms=54 10ms=62 11ms=48 12ms=17 13ms=16 14ms=17 15ms=9 16ms=3 17ms=4 18ms=3 19ms=11 20ms=12 21ms=15 22ms=28 23ms=29 24ms=26 25ms=18 26ms=5 27ms=3 28ms=3 29ms=2 30ms=3 31ms=1 32ms=4 34ms=12 36ms=6 38ms=6 40ms=3 42ms=1 44ms=1 46ms=1 48ms=1 53ms=5 57ms=2 61ms=2 65ms=0 69ms=0 73ms=0 77ms=1 81ms=1 85ms=1 89ms=1 93ms=0 97ms=0 101ms=0 105ms=0 109ms=0 113ms=1 117ms=0 121ms=0 125ms=0 129ms=0 133ms=0 150ms=0 200ms=0 250ms=1 300ms=1 350ms=0 400ms=0 450ms=0 500ms=0 550ms=0 600ms=0 650ms=0 700ms=0 750ms=0 800ms=0 850ms=0 900ms=1 950ms=0 1000ms=0 1050ms=0 1100ms=0 1150ms=0 1200ms=0 1250ms=0 1300ms=0 1350ms=0 1400ms=0 1450ms=0 1500ms=0 1550ms=0 1600ms=0 1650ms=0 1700ms=0 1750ms=0 1800ms=0 1850ms=0 1900ms=0 1950ms=0 2000ms=0 2050ms=0 2100ms=0 2150ms=0 2200ms=0 2250ms=0 2300ms=0 2350ms=0 2400ms=0 2450ms=0 2500ms=0 2550ms=0 2600ms=0 2650ms=0 2700ms=0 2750ms=0 2800ms=0 2850ms=0 2900ms=0 2950ms=0 3000ms=0 3050ms=0 3100ms=0 3150ms=0 3200ms=0 3250ms=0 3300ms=0 3350ms=0 3400ms=0 3450ms=0 3500ms=0 3550ms=0 3600ms=0 3650ms=0 3700ms=0 3750ms=0 3800ms=0 3850ms=0 3900ms=0 3950ms=0 4000ms=0 4050ms=0 4100ms=0 4150ms=0 4200ms=0 4250ms=0 4300ms=0 4350ms=0 4400ms=0 4450ms=0 4500ms=0 4550ms=0 4600ms=0 4650ms=0 4700ms=0 4750ms=0 4800ms=0 4850ms=0 4900ms=0 4950ms=0
50th gpu percentile: 5ms
90th gpu percentile: 9ms
95th gpu percentile: 12ms
99th gpu percentile: 4950ms
GPU HISTOGRAM: 1ms=0 2ms=0 3ms=6 4ms=120 5ms=122 6ms=29 7ms=128 8ms=23 9ms=9 10ms=13 11ms=3 12ms=3 13ms=5 14ms=0 15ms=0 16ms=3 17ms=2 18ms=0 19ms=4 20ms=0 21ms=2 22ms=0 23ms=0 24ms=0 25ms=0 4950ms=6



---PROFILEDATA---
Flags,FrameTimelineVsyncId,IntendedVsync,Vsync,InputEventId,HandleInputStart,AnimationStart,PerformTraversalsStart,DrawStart,FrameDeadline,FrameInterval,FrameStartTime,SyncQueued,SyncStart,IssueDrawCommandsStart,SwapBuffers,FrameCompleted,DequeueBufferDuration,QueueBufferDuration,GpuCompleted,SwapBuffersCompleted,DisplayPresentTime,CommandSubmissionCompleted,
0,117595717,339197411687553,339197411687553,0,339197411956406,339197411957656,339197412890031,339197413032864,339197447171057,339197411950656,16800171,339197414287239,339197414378698,339197415172698,339197417930573,339197422128698,74250,290750,339197422128698,339197418518323,-1,339197417930573,
0,117595725,339197428487724,339197428487724,0,339197428761031,339197428762364,339197429712448,339197429898448,339197463971228,339197428755323,16800171,339197431012989,339197431165281,339197431998031,339197435031614,339197439246073,73167,371417,339197439246073,339197435730156,-1,339197435031614,
0,117595733,339197445287895,339197445287895,0,339197445565906,339197445567156,339197446538364,339197446681489,339197480771399,339197445560323,16800171,339197448305948,339197448426323,339197449283198,339197452522489,339197456668531,19541,291375,339197456668531,339197453107739,-1,339197452522489,
0,117595741,339197462088066,339197462088066,0,339197462362156,339197462363406,339197463304448,339197463463239,339197497571570,339197462355906,16800171,339197464842198,339197464938531,339197465559656,339197468146281,339197471631989,173333,283208,339197471631989,339197468738489,-1,339197468146281,
0,117595749,339197478888237,339197478888237,0,339197479159823,339197479161073,339197480162989,339197480326948,339197514371741,339197479154114,16800171,339197481578156,339197481674073,339197482349573,339197484683698,339197488066364,99916,284916,339197488066364,339197485251198,-1,339197484683698,
0,117595757,339197495688408,339197495688408,0,339197495964573,339197495965948,339197496860781,339197497038823,339197531171912,339197495959156,16800171,339197498142031,339197498232614,339197498956406,339197501681031,339197505056614,304875,516666,339197505056614,339197502562114,-1,339197501681031,
0,117595765,339197512488579,339197512488579,0,339197512757531,339197512758906,339197513525198,339197513669239,339197547972083,339197512751739,16800171,339197513878073,339197513960114,339197515895531,339197518394364,339197521786489,15334,283916,339197521786489,339197518964989,-1,339197518394364,
0,117595773,339197529288750,339197529288750,0,339197529557114,339197529558448,339197530234406,339197530431031,339197564772254,339197529551531,16800171,339197531322073,339197531452656,339197532103614,339197534969948,339197538340573,666791,280666,339197538340573,339197535532281,-1,339197534969948,
0,117595781,339197546088921,339197546088921,0,339197546356323,339197546357698,339197546883448,339197547027239,339197581572425,339197546350989,16800171,339197547236198,339197547319323,339197547856073,339197551844073,339197555224239,1714167,402875,339197555224239,339197552633781,-1,339197551844073,
0,117595789,339197562889092,339197562889092,0,339197563149364,339197563150614,339197564058864,339197564201864,339197598372596,339197563144073,16800171,339197564376614,339197564453073,339197564995406,339197568573323,339197572841239,1335417,281666,339197572841239,339197569137739,-1,339197568573323,
0,117595797,339197579689263,339197579689263,0,339197579948823,339197579950156,339197580404489,339197580557531,339197615172767,339197579942948,16800171,339197580715031,339197580800864,339197581316531,339197585274239,339197589523573,1763333,275042,339197589523573,339197585837989,-1,339197585274239,
0,117595805,339197596489434,339197596489434,0,339197596768573,339197596769864,339197597136573,339197597296073,339197631972938,339197596763406,16800171,339197597342073,339197597426739,339197597934239,339197601966073,339197606212114,1871625,270625,339197606212114,339197602525989,-1,339197601966073,
0,117595813,339197613289605,339197613289605,0,339197613554989,339197613556281,339197613920281,339197614055364,339197648773109,339197613549531,16800171,339197614099823,339197614182531,339197614701698,339197618795281,339197623039573,1960959,275458,339197623039573,339197619350531,-1,339197618795281,
0,117595821,339197630089776,339197630089776,0,339197630490656,339197630492781,339197631060239,339197631288989,339197665573280,339197630482406,16800171,339197631345823,339197631468406,339197633928323,339197637401489,339197641723031,117500,393583,339197641723031,339197638213906,-1,339197637401489,
0,117595829,339197646889947,339197646889947,0,339197647260698,339197647262364,339197647698573,339197647855239,339197682373451,339197647253323,16800171,339197647906614,339197648044781,339197648676198,339197653302739,339197657581906,2037417,589666,339197657581906,339197654225156,-1,339197653302739,
0,117595837,339197663690118,339197663690118,0,339197664071448,339197664072948,339197664500281,339197664649114,339197699173622,339197664064323,16800171,339197664715239,339197664868323,339197665522448,339197670142281,339197674492406,1831625,365750,339197674492406,339197670859448,-1,339197670142281,
0,117595845,339197680490289,339197680490289,-253171405,339197680734989,339197680736573,339197681210031,339197681398448,339197715973793,339197680728573,16800171,339197682539323,339197684100448,339197684759365,339197687226615,339197691535365,20084,606375,339197691535365,339197688148115,-1,339197687226615,
0,117595853,339197697290460,339197697290460,0,339197697601323,339197697602656,339197698264698,339197698424948,339197732773964,339197697594990,16800171,339197718176656,339197718285156,339197719192615,339197725721906,339197732415448,22041,306042,339197732415448,339197728716573,-1,339197725721906,
0,117595861,339197714090631,339197714090631,0,339197720440615,339197720442115,339197721635948,339197721840865,339197749574135,339197720430865,16800171,339197726373781,339197728858156,339197731614531,339197735186573,339197739640615,22292,295291,339197739640615,339197735794573,-1,339197735186573,
0,117595869,339197730890802,339197730890802,0,339197739267948,339197739269698,339197740441240,339197740609948,339197766374306,339197739258573,16800171,339197742742906,339197742834031,339197745076240,339197750871365,339197755406865,17541,414333,339197755406865,339197751641281,-1,339197750871365,
0,117595877,339197747690973,339197747690973,0,339197749784281,339197749786115,339197751867865,339197752067740,339197783174477,339197749774448,16800171,339197753917156,339197754039365,339197758405615,339197763674406,339197767981365,21000,321000,339197767981365,339197764308615,-1,339197763674406,
0,117595885,339197764491144,339197764491144,0,339197764762823,339197764764198,339197765902448,339197766058531,339197799974648,339197764756990,16800171,339197767421406,339197767521781,339197768240740,339197770681823,339197774911115,15583,268208,339197774911115,339197771239073,-1,339197770681823,
0,117595893,339197781291315,339197781291315,0,339197781570073,339197781571865,339197782165448,339197782337448,339197816774819,339197781564615,16800171,339197803521490,339197803687906,339197805048073,339197817422531,339197820835448,21083,354584,339197820835448,339197818284406,-1,339197817422531,
0,117595901,339197798091486,339197798091486,0,339197805488115,339197805489698,339197806617615,339197806821573,339197850375161,339197805480531,16800171,339197808259490,339197818422906,339197819351115,339197822755781,339197826213240,23125,302083,339197826213240,339197823399198,-1,339197822755781,
0,117595909,339197814891657,339197814891657,0,339197823582198,339197823583781,339197825192073,339197825426448,339197867175332,339197823573073,16800171,339197828257531,339197828363156,339197830984156,339197840805073,339197844193198,4280375,291958,339197844193198,339197841393656,-1,339197840805073,
0,117595916,339197831691828,339197831691828,0,339197834461198,339197834462531,339197835899115,339197836092698,339197883975503,339197834452365,16800171,339197838009823,339197841523073,339197845408031,339197856468490,339197859743781,6585042,290458,339197859743781,339197857057990,-1,339197856468490,
0,117595924,339197848491999,339197848491999,0,339197848782323,339197848783698,339197849515240,339197849663656,339197900775674,339197848776573,16800171,339197850944490,339197857195781,339197858026240,339197871339531,339197874741365,10776917,336666,339197874741365,339197872048865,-1,339197871339531,
0,117595932,339197865292170,339197865292170,0,339197865551865,339197865553240,339197866202448,339197866351031,339197917575845,339197865546240,16800171,339197867496781,339197872198615,339197873248115,339197889147531,339197892512031,12589875,250584,339197892512031,339197889724323,-1,339197889147531,
0,117595940,339197882092341,339197882092341,0,339197882434365,339197882435781,339197883192573,339197883346990,339197934376016,339197882427906,16800171,339197884756073,339197889858365,339197890813990,339197905137656,339197908481240,11647375,589708,339197908481240,339197906074531,-1,339197905137656,
0,117595948,339197898892512,339197898892512,0,339197899218115,339197899219448,339197899916073,339197900106323,339197951176187,339197899211948,16800171,339197901445240,339197906217115,339197907145490,339197921570031,339197924865448,11975875,570125,339197924865448,339197922432198,-1,339197921570031,
0,117595956,339197915692683,339197915692683,0,339197915981240,339197915982573,339197916697240,339197916844865,339197967976358,339197915975490,16800171,339197917055656,339197922564906,339197923350031,339197938250615,339197941535115,12544292,569125,339197941535115,339197939132615,-1,339197938250615,
0,117595964,339197932492854,339197932492854,0,339197932759198,339197932760531,339197933299115,339197933438281,339197984776529,339197932753573,16800171,339197933582323,339197939278948,339197939974240,339197955204073,339197958506906,12807959,521584,339197958506906,339197956078490,-1,339197955204073,
0,117595972,339197949293025,339197949293025,0,339197949562990,339197949564281,339197950040323,339197950191281,339198001576700,339197949557240,16800171,339197950324865,339197956209615,339197956941531,339197971751490,339197975017698,12474584,589833,339197975017698,339197972634198,-1,339197971751490,
0,117596123,339198302096616,339198302096616,-324817665,339198302489781,339198302491198,339198303081656,339198303264615,339198320779949,339198302483406,16800171,339198303909781,339198304114698,339198305056448,339198307521198,339198317314365,27041,354958,339198317314365,339198308172948,-1,339198307521198,
0,117596130,339198318896787,339198318896787,0,339198319221906,339198319223198,339198319669698,339198319819323,339198337580120,339198319216240,16800171,339198320274698,339198320381990,339198321151906,339198324401906,339198336953573,54208,473750,339198336953573,339198325203073,-1,339198324401906,
0,117596138,339198335696958,339198335696958,0,339198335975281,339198335976698,339198336458740,339198336602448,339198354380291,339198335969615,16800171,339198336840198,339198336969240,339198337732740,339198341262365,339198353477240,19083,283709,339198353477240,339198341829323,-1,339198341262365,
0,117596146,339198352497129,339198352497129,0,339198352800781,339198352802531,339198353181406,339198353801365,339198371180462,339198352795240,16800171,339198354041615,339198354123990,339198356166948,339198358564906,339198370778740,16583,279041,339198370778740,339198359121656,-1,339198358564906,
0,117596154,339198369297300,339198369297300,0,339198369679240,339198369680698,339198370109156,339198370253531,339198387980633,339198369673115,16800171,339198370446490,339198370534823,339198372713406,339198375313156,339198387574865,20167,295041,339198387574865,339198375935115,-1,339198375313156,
0,117596162,339198386097471,339198386097471,0,339198386468990,339198386470240,339198386962157,339198387109907,339198404780804,339198386461948,16800171,339198387333782,339198387425698,339198389553157,339198392315782,339198404312365,16916,296541,339198404312365,339198393023948,-1,339198392315782,
0,117596170,339198402897642,339198402897642,-321863585,339198404612532,339198404613907,339198405436573,339198405640407,339198421580975,339198404605615,16800171,339198407302157,339198407509157,339198408384615,339198411160698,339198423682823,19125,630333,339198423682823,339198412135032,-1,339198411160698,
0,117596178,339198419697813,339198419697813,-182422849,339198420058115,339198420059490,339198420674448,339198420891073,339198455181317,339198420051448,16800171,339198421489407,339198421587073,339198422930615,339198426979282,339198432083740,18083,532333,339198432083740,339198427861615,-1,339198426979282,
0,117596186,339198436497984,339198436497984,0,339198436781657,339198436783240,339198437297323,339198437447115,339198471981488,339198436775823,16800171,339198437666115,339198437752490,339198439767448,339198443058657,339198448095657,173583,361417,339198448095657,339198443736698,-1,339198443058657,
0,117596194,339198453298155,339198453298155,0,339198453577323,339198453578990,339198454043698,339198454181282,339198488781659,339198453571782,16800171,339198454373573,339198454457240,339198455336782,339198459410115,339198463816240,1420833,292375,339198463816240,339198459999782,-1,339198459410115,
0,117596202,339198470098326,339198470098326,0,339198470379073,339198470380407,339198471011782,339198471167740,339198505581830,339198470373448,16800171,339198471639323,339198471741657,339198474153907,339198476973740,339198481567490,23958,314416,339198481567490,339198477718490,-1,339198476973740,
0,117596210,339198486898497,339198486898497,0,339198487228740,339198487230073,339198487730198,339198487879448,339198522382001,339198487222615,16800171,339198488201073,339198488312657,339198490405240,339198493210865,339198497582282,15833,305750,339198497582282,339198493861323,-1,339198493210865,
0,117596218,339198503698668,339198503698668,0,339198504078073,339198504079532,339198504549782,339198504695240,339198539182172,339198504071823,16800171,339198504952240,339198505045407,339198507203157,339198509995032,339198514343865,30750,294000,339198514343865,339198510601115,-1,339198509995032,
0,117596226,339198520498839,339198520498839,-126471552,339198520862948,339198520864865,339198521551532,339198521727740,339198555982343,339198520855990,16800171,339198522751490,339198522841115,339198523643948,339198526849740,339198531437782,372375,550792,339198531437782,339198527736948,-1,339198526849740,
0,117596234,339198537299010,339198537299010,-924201642,339198537644323,339198537646240,339198538232240,339198538419657,339198572782514,339198537638407,16800171,339198538959907,339198539048573,339198541539323,339198545411990,339198550627532,18708,432208,339198550627532,339198546226865,-1,339198545411990,
0,117596242,339198554099181,339198554099181,0,339198554387198,339198554388573,339198554874115,339198555022573,339198589582685,339198554380907,16800171,339198555240115,339198555325865,339198556168407,339198560401365,339198564937907,1564625,282667,339198564937907,339198560976823,-1,339198560401365,
0,117596250,339198570899352,339198570899352,0,339198571179657,339198571181032,339198571783157,339198571928407,339198606382856,339198571173698,16800171,339198572347282,339198572430740,339198574635990,339198577265615,339198581811032,16959,277875,339198581811032,339198577842740,-1,339198577265615,
0,117596258,339198587699523,339198587699523,0,339198588028365,339198588029698,339198588493907,339198588644657,339198623183027,339198587997365,16800171,339198588857448,339198588989657,339198591078490,339198593709615,339198598381532,16666,285583,339198598381532,339198594303782,-1,339198593709615,
0,117596266,339198604499694,339198604499694,0,339198604850365,339198604851740,339198605383282,339198605625532,339198639983198,339198604844032,16800171,339198605775032,339198605912365,339198608159657,339198610923740,339198615536282,16750,328917,339198615536282,339198611629282,-1,339198610923740,
0,117596274,339198621299865,339198621299865,0,339198621612198,339198621613573,339198622259740,339198622413157,339198656783369,339198621606407,16800171,339198622475282,339198622585907,339198623414865,339198627635740,339198632316490,1416583,328084,339198632316490,339198628280448,-1,339198627635740,
0,117596282,339198638100036,339198638100036,-102266499,339198638379282,339198638380657,339198638925490,339198639107657,339198673583540,339198638373407,16800171,339198639767698,339198639902365,339198640777073,339198644738865,339198649378865,1236875,306458,339198649378865,339198645374198,-1,339198644738865,
0,117596290,339198654900207,339198654900207,0,339198655226323,339198655227782,339198655807907,339198655971490,339198690383711,339198655220115,16800171,339198656337365,339198656455948,339198657791615,339198662138157,339198667467657,738083,565208,339198667467657,339198662995323,-1,339198662138157,
0,117596298,339198671700378,339198671700378,0,339198671991032,339198671992365,339198672602782,339198672756407,339198707183882,339198671984865,16800171,339198672818365,339198672922073,339198675003615,339198677766823,339198682426573,106666,514250,339198682426573,339198678575782,-1,339198677766823,
0,117596306,339198688500549,339198688500549,0,339198688776615,339198688778032,339198689307657,339198689446032,339198723984053,339198688771240,16800171,339198689718782,339198689822115,339198691909948,339198694584657,339198699265823,25167,537750,339198699265823,339198695433282,-1,339198694584657,
0,117596314,339198705300720,339198705300720,0,339198705582823,339198705584073,339198706099490,339198706307865,339198740784224,339198705577115,16800171,339198706369573,339198706481573,339198707197532,339198711517740,339198716263990,1604542,575375,339198716263990,339198712471657,-1,339198711517740,
0,117596322,339198722100891,339198722100891,0,339198722438032,339198722439365,339198722948490,339198723104615,339198757584395,339198722432032,16800171,339198723163032,339198723275615,339198725626282,339198728597657,339198733242948,114917,516916,339198733242948,339198729444073,-1,339198728597657,
0,117596330,339198738901062,339198738901062,0,339198739204907,339198739206615,339198739733282,339198739870073,339198774384566,339198739198948,16800171,339198739925532,339198740092865,339198740821657,339198745869240,339198750588657,1655125,297959,339198750588657,339198746614115,-1,339198745869240,
0,117596338,339198755701233,339198755701233,-827476876,339198756052282,339198756053698,339198756653157,339198756834615,339198791184737,339198756045698,16800171,339198757484448,339198757745823,339198758709198,339198762758782,339198767690615,515417,312875,339198767690615,339198763461990,-1,339198762758782,
0,117596346,339198772501404,339198772501404,0,339198772808865,339198772810198,339198773377740,339198773536615,339198807984908,339198772802948,16800171,339198773836490,339198774033032,339198775147823,339198779682282,339198785115615,865000,599625,339198785115615,339198780581823,-1,339198779682282,
0,117596354,339198789301575,339198789301575,0,339198789575407,339198789576740,339198790097532,339198790272532,339198824785079,339198789569740,16800171,339198790328948,339198790434823,339198791158698,339198795739198,339198800634990,1614042,318250,339198800634990,339198796488157,-1,339198795739198,
0,117596362,339198806101746,339198806101746,0,339198806372532,339198806373865,339198806888407,339198807023073,339198841585250,339198806367115,16800171,339198807936657,339198808164698,339198809226698,339198813128823,339198817818532,363125,296333,339198817818532,339198813786865,-1,339198813128823,
0,117596370,339198822901917,339198822901917,0,339198823195073,339198823196532,339198823662198,339198823800323,339198858385421,339198823189365,16800171,339198823853407,339198824039823,339198824782990,339198829320157,339198834015740,1674667,529000,339198834015740,339198830185948,-1,339198829320157,
0,117596378,339198839702088,339198839702088,0,339198839989032,339198839990573,339198840526615,339198840717490,339198875185592,339198839983782,16800171,339198840796698,339198840896573,339198841611573,339198845818448,339198850388157,1487041,513791,339198850388157,339198846641198,-1,339198845818448,
0,117596386,339198856502259,339198856502259,0,339198856789282,339198856790532,339198857303698,339198857439365,339198891985763,339198856783282,16800171,339198857492282,339198857589948,339198858273532,339198863051615,339198867608490,1621250,364958,339198867608490,339198863719323,-1,339198863051615,
0,117596394,339198873302430,339198873302430,0,339198873572740,339198873574115,339198874038365,339198874171073,339198908785934,339198873567407,16800171,339198874299990,339198874411823,339198875105573,339198879338490,339198883900365,1658583,550542,339198883900365,339198880187698,-1,339198879338490,
0,117596402,339198890102601,339198890102601,0,339198890379907,339198890381240,339198890895782,339198891053948,339198925586105,339198890374240,16800171,339198892784615,339198892930073,339198893979240,339198897491907,339198901936490,16000,291583,339198901936490,339198898179823,-1,339198897491907,
0,117596410,339198906902772,339198906902772,0,339198907165740,339198907167448,339198908068448,339198908220865,339198942386276,339198907160282,16800171,339198908278573,339198908392115,339198909260865,339198913037032,339198916859365,1046084,290250,339198916859365,339198913712157,-1,339198913037032,
0,117596418,339198923702943,339198923702943,0,339198923983990,339198923985323,339198924510948,339198924644865,339198959186447,339198923978198,16800171,339198926216157,339198926365323,339198927262573,339198930008990,339198933703823,16708,305375,339198933703823,339198930723698,-1,339198930008990,
0,117596426,339198940503114,339198940503114,0,339198941098157,339198941099573,339198941553490,339198941712323,339198975986618,339198940760323,16800171,339198941763240,339198941867532,339198942705990,339198946665490,339198950334448,1173917,295334,339198950334448,339198947336407,-1,339198946665490,
0,117596434,339198957303285,339198957303285,0,339198957597657,339198957598907,339198958114282,339198958251698,339198992786789,339198957591573,16800171,339198958302365,339198958405615,339198959139240,339198963434407,339198967127823,1543584,299625,339198967127823,339198964079698,-1,339198963434407,
0,117596442,339198974103456,339198974103456,0,339198974401282,339198974402657,339198974825907,339198974963198,339199009586960,339198974395323,16800171,339198975013865,339198975168615,339198975835490,339198980237782,339198983949740,1675250,362375,339198983949740,339198980907032,-1,339198980237782,
0,117596450,339198990903627,339198990903627,0,339198991192782,339198991194032,339198991716448,339198991851823,339199026387131,339198991187115,16800171,339198991901740,339198992032698,339198992898240,339198997077907,339199000757407,1424709,293958,339199000757407,339198997676198,-1,339198997077907,
0,117596458,339199007703798,339199007703798,0,339199007976865,339199007978198,339199008433948,339199008593490,339199043187302,339199007971032,16800171,339199008642657,339199008744115,339199009408782,339199013625490,339199017298365,1653125,291500,339199017298365,339199014231240,-1,339199013625490,
0,117596466,339199024503969,339199024503969,0,339199024784073,339199024785407,339199025195240,339199025331740,339199059987473,339199024777990,16800171,339199025877782,339199026006198,339199028090573,339199030771990,339199034291907,16500,503500,339199034291907,339199031545073,-1,339199030771990,
0,117596474,339199041304140,339199041304140,0,339199041583990,339199041585365,339199042093532,339199042287615,339199076787644,339199041577365,16800171,339199042339115,339199042438823,339199043131490,339199047006573,339199050579490,1585417,655041,339199050579490,339199048044073,-1,339199047006573,
0,117596482,339199058104311,339199058104311,0,339199058512157,339199058514198,339199059057782,339199059245782,339199093587815,339199058502698,16800171,339199059311407,339199059462865,339199062453865,339199066180782,339199069775865,22917,745875,339199069775865,339199067344240,-1,339199066180782,
0,117596490,339199074904482,339199074904482,0,339199075285448,339199075287407,339199075917323,339199076167865,339199110387986,339199075277532,16800171,339199076231407,339199076373407,339199079126573,339199083406949,339199087037574,22833,837166,339199087037574,339199084675782,-1,339199083406949,
0,117596498,339199091704653,339199091704653,0,339199092121865,339199092123865,339199092731865,339199092908324,339199127188157,339199092113740,16800171,339199092970282,339199093107074,339199095817865,339199099142199,339199102791574,20459,432125,339199102791574,339199100060740,-1,339199099142199,
0,117596506,339199108504824,339199108504824,0,339199108923824,339199108925782,339199109753324,339199109930365,339199143988328,339199108914282,16800171,339199109994907,339199110178907,339199111438740,339199116472740,339199120275032,1220500,807584,339199120275032,339199117726699,-1,339199116472740,
0,117596514,339199125304995,339199125304995,0,339199125628199,339199125629782,339199126090115,339199126239032,339199160788499,339199125621740,16800171,339199126292657,339199126405490,339199127150240,339199132171199,339199135759282,1833750,626000,339199135759282,339199133221449,-1,339199132171199,
0,117596522,339199142105166,339199142105166,0,339199142429157,339199142430990,339199143098990,339199143268324,339199177588670,339199142422574,16800171,339199143948157,339199145668199,339199146543615,339199149938699,339199153385782,21833,318875,339199153385782,339199150592699,-1,339199149938699,
0,117596530,339199158905337,339199158905337,0,339199159220907,339199159222532,339199159685615,339199159860949,339199194388841,339199159214865,16800171,339199159921240,339199160080240,339199162333115,339199165172865,339199168595990,149166,314584,339199168595990,339199165812115,-1,339199165172865,
0,117596538,339199175705508,339199175705508,0,339199176046865,339199176048324,339199176471824,339199176611699,339199211189012,339199176039699,16800171,339199176664490,339199176767157,339199177466407,339199182940157,339199186344990,1686583,303875,339199186344990,339199183541532,-1,339199182940157,
0,117596546,339199192505679,339199192505679,0,339199192875240,339199192876907,339199193385115,339199193549032,339199227989183,339199192867782,16800171,339199193608949,339199193736032,339199196812657,339199200167324,339199203611115,23125,978125,339199203611115,339199201543324,-1,339199200167324,
0,117596554,339199209305850,339199209305850,0,339199209732199,339199209734074,339199210447824,339199210643657,339199244789354,339199209722490,16800171,339199210711199,339199210949407,339199212208615,339199217447865,339199220977740,1684458,398541,339199220977740,339199218254157,-1,339199217447865,
0,117596562,339199226106021,339199226106021,0,339199226681365,339199226683240,339199227197324,339199227455615,339199261589525,339199226674407,16800171,339199227529074,339199227649324,339199228474740,339199232986990,339199236452032,1425083,356709,339199236452032,339199233754990,-1,339199232986990,
0,117596570,339199242906192,339199242906192,0,339199243273615,339199243275449,339199243856574,339199244080824,339199278389696,339199243265699,16800171,339199244143990,339199244282407,339199246992824,339199250819490,339199254311365,100292,414625,339199254311365,339199251683032,-1,339199250819490,
0,117596578,339199259706363,339199259706363,0,339199260170615,339199260172490,339199260717240,339199260892824,339199295189867,339199260162407,16800171,339199261527240,339199261677990,339199262896657,339199268480865,339199271845449,847959,593292,339199271845449,339199269497699,-1,339199268480865,
0,117596707,339199562109441,339199562109441,-422849661,339199562413324,339199562414615,339199580791782,339199580950282,339199580792774,339199562407740,16800171,339199584654032,339199584788115,339199586290615,339199606788115,339199615885907,21042,680958,339199615885907,339199607812865,-1,339199606788115,
0,117596714,339199578909612,339199629310125,0,339199637368782,339199637370199,339199641502032,339199642449324,339199647993458,339199637354490,16800171,339199662759240,339199662844990,339199666010699,339199679459657,339199691315407,19333,475583,339199691315407,339199680258865,-1,339199679459657,
0,117596723,339199646110296,339199662910467,0,339199667202699,339199667204115,339199667883990,339199668134365,339199715194142,339199667189157,16800171,339199695425824,339199695560240,339199696916740,339199700455907,339199709605032,17916,316792,339199709605032,339199701199949,-1,339199700455907,
0,117596730,339199679710638,339199696510809,0,339199697297699,339199697298865,339199698046032,339199698249615,339199731994313,339199697284365,16800171,339199701767282,339199701862115,339199703563657,339199723010240,339199763099699,17875,371958,339199763099699,339199723701699,-1,339199723010240,
0,117596739,339199713310980,339199713310980,0,339199713704907,339199713706907,339199714844240,339199715359365,339199782394826,339199713696907,16800171,339199717695657,339199723838199,339199726421865,339199731358407,339199777376907,20709,31754417,339199777376907,339199763458574,-1,339199731358407,
0,117596747,339199730111151,339199730111151,0,339199730526240,339199730528032,339199731117074,339199731320865,339199799194997,339199730519824,16800171,339199733488490,339199763599240,339199764987782,339199771726824,339199788067491,2592583,5482125,339199788067491,339199777506199,-1,339199771726824,
0,117596755,339199746911322,339199763711493,0,339199765398782,339199765400074,339199767435157,339199767773949,339199815995168,339199765386365,16800171,339199769522782,339199777644949,339199779028074,339199794061449,339199804210116,10425667,543875,339199804210116,339199794947699,-1,339199794061449,
0,117596764,339199780511664,339199780511664,0,339199783120282,339199783121574,339199783887366,339199784131949,339199832795339,339199783111157,16800171,339199789790949,339199795082699,339199798377407,339199817159699,339199827748741,2913125,559125,339199827748741,339199818174491,-1,339199817159699,
0,117596772,339199797311835,339199797311835,0,339199799062032,339199799063366,339199799704324,339199799874574,339199849595510,339199799053824,16800171,339199800408074,339199818406449,339199819241949,339199825023616,339199834632949,20542,2540791,339199834632949,339199828227157,-1,339199825023616,
0,117596780,339199814112006,339199814112006,0,339199821537907,339199821539449,339199821970574,339199822175074,339199866395681,339199821528199,16800171,339199822295741,339199828375199,339199829259532,339199838685657,339199845230074,5611541,771083,339199845230074,339199840070407,-1,339199838685657,
0,117596788,339199830912177,339199830912177,0,339199831282199,339199831283532,339199833851574,339199834026782,339199883195852,339199831275532,16800171,339199834192074,339199840212699,339199840985907,339199856057782,339199862677116,10493416,575291,339199862677116,339199857059449,-1,339199856057782,
0,117596796,339199847712348,339199847712348,0,339199848076032,339199848077657,339199848712657,339199848863991,339199899996023,339199848070282,16800171,339199848904407,339199857194866,339199858530449,339199872152116,339199878629866,9826167,1160167,339199878629866,339199873756532,-1,339199872152116,
0,117596804,339199864512519,339199864512519,0,339199864843574,339199864844866,339199865225324,339199865364949,339199916796194,339199864837741,16800171,339199865401241,339199873892949,339199874692491,339199888805699,339199895348824,10796292,965083,339199895348824,339199890250866,-1,339199888805699,
0,117596812,339199881312690,339199881312690,0,339199881649366,339199881650657,339199882014199,339199882160324,339199933596365,339199881643074,16800171,339199882201782,339199890389324,339199891077866,339199906379074,339199912892032,10840500,298417,339199912892032,339199907165407,-1,339199906379074,
0,117596820,339199898112861,339199898112861,0,339199898441532,339199898442907,339199898875366,339199899059407,339199950396536,339199898435407,16800171,339199899098032,339199907341574,339199908218032,339199922268366,339199928908449,10413000,849625,339199928908449,339199923644157,-1,339199922268366,
0,117596828,339199914913032,339199914913032,0,339199915259366,339199915261032,339199915641866,339199915782407,339199967196707,339199915253699,16800171,339199915819282,339199923778657,339199924643824,339199938339866,339199944873199,10733958,308417,339199944873199,339199939088616,-1,339199938339866,
0,117596836,339199931713203,339199931713203,0,339199932137699,339199932139157,339199940624491,339199940834991,339199983996878,339199932130949,16800171,339199943165574,339199943293116,339199944061491,339199958675824,339199965128491,7950958,508333,339199965128491,339199959469907,-1,339199958675824,
0,117596844,339199948513374,339199948513374,0,339199948832741,339199948834199,339199949293366,339199949543657,339200000797049,339199948826824,16800171,339199949587907,339199959598241,339199960295949,339199971786366,339199978253741,8484291,595542,339199978253741,339199972768782,-1,339199971786366,
0,117596852,339199965313545,339199965313545,0,339199965605866,339199965607241,339199965979657,339199966112866,339200017597220,339199965600574,16800171,339199966148032,339199972912741,339199973687949,339199987919616,339199994413532,11864667,544084,339199994413532,339199988798574,-1,339199987919616,
0,117596860,339199982113716,339199982113716,0,339199982402657,339199982403949,339199982767157,339199982902699,339200034397391,339199982396949,16800171,339199982939032,339199988927116,339199989574949,339200005368241,339200011869032,12818958,363584,339200011869032,339200006042366,-1,339200005368241,
0,117596868,339199998913887,339199998913887,0,339199999232991,339199999234824,339199999617366,339199999791241,339200051197562,339199999226907,16800171,339199999828491,339200006196991,339200006905616,339200022373366,339200028826574,12344084,375583,339200028826574,339200023096574,-1,339200022373366,
0,117596876,339200015714058,339200015714058,0,339200016059407,339200016061074,339200016453366,339200016601574,339200067997733,339200016052407,16800171,339200016640991,339200023253366,339200024059699,339200040374616,339200046889824,12402750,420417,339200046889824,339200041220032,-1,339200040374616,
0,117596884,339200032514229,339200032514229,0,339200032943657,339200032945491,339200033404449,339200033578157,339200084797904,339200032934157,16800171,339200033621907,339200041397241,339200042325449,339200057041032,339200063625991,10946541,388625,339200063625991,339200057823741,-1,339200057041032,
0,117596892,339200049314400,339200049314400,0,339200049744324,339200049746157,339200050193241,339200050365074,339200101598075,339200049736449,16800171,339200050409199,339200057990116,339200058844574,339200073879574,339200080389532,10960625,475667,339200080389532,339200074756324,-1,339200073879574,
0,117596900,339200066114571,339200066114571,0,339200066521616,339200066523199,339200066937366,339200067221699,339200118398246,339200066514657,16800171,339200067265407,339200074921449,339200075893241,339200091566241,339200098058616,11170084,818709,339200098058616,339200092799449,-1,339200091566241,
0,117596908,339200082914742,339200082914742,0,339200083346324,339200083348616,339200083839991,339200084224866,339200135198417,339200083337116,16800171,339200084277074,339200092966199,339200093989866,339200109101157,339200115648074,10031333,882417,339200115648074,339200110490741,-1,339200109101157,
0,117596916,339200099714913,339200099714913,0,339200100105699,339200100107407,339200100548199,339200100720991,339200151998588,339200100097824,16800171,339200100763574,339200110686491,339200111670991,339200124676366,339200131217116,9221791,711708,339200131217116,339200125813991,-1,339200124676366,
0,117596924,339200116515084,339200116515084,0,339200116917824,339200116919699,339200117434241,339200117625366,339200168798759,339200116908741,16800171,339200117671824,339200125978866,339200126836616,339200142215991,339200148732491,10916250,401792,339200148732491,339200143024657,-1,339200142215991,
0,117596932,339200133315255,339200133315255,0,339200133781949,339200133784241,339200134338532,339200134546616,339200185598930,339200133770949,16800171,339200134598824,339200143189032,339200144083366,339200159005949,339200165540407,10488375,435209,339200165540407,339200159893741,-1,339200159005949,
---PROFILEDATA---


View hierarchy:

  com.auroratv.lab/com.auroratv.MainActivity/android.view.ViewRootImpl@53f6ecb
  357 views, 634.99 kB of render nodes


Total ViewRootImpl   : 1
Total attached Views : 357
Total RenderNode     : 634.99 kB (used) / 2562.89 kB (capacity)

