Applications Graphics Acceleration Info:
Uptime: 339228894 Realtime: 373903004

** Graphics info for pid 23102 [com.auroratv.lab] **

Stats since: 339217278541041ns
Total frames rendered: 418
Janky frames: 14 (3.35%)
Janky frames (legacy): 377 (90.19%)
50th percentile: 24ms
90th percentile: 34ms
95th percentile: 46ms
99th percentile: 97ms
Number Missed Vsync: 2
Number High input latency: 808
Number Slow UI thread: 9
Number Slow bitmap uploads: 0
Number Slow issue draw commands: 14
Number Frame deadline missed: 14
Number Frame deadline missed (legacy): 14
HISTOGRAM: 5ms=0 6ms=0 7ms=0 8ms=0 9ms=0 10ms=0 11ms=0 12ms=2 13ms=6 14ms=3 15ms=2 16ms=0 17ms=0 18ms=1 19ms=0 20ms=3 21ms=7 22ms=52 23ms=115 24ms=87 25ms=30 26ms=26 27ms=5 28ms=5 29ms=2 30ms=1 31ms=5 32ms=13 34ms=15 36ms=8 38ms=3 40ms=1 42ms=2 44ms=2 46ms=3 48ms=0 53ms=5 57ms=3 61ms=1 65ms=0 69ms=0 73ms=0 77ms=0 81ms=0 85ms=1 89ms=2 93ms=1 97ms=4 101ms=0 105ms=1 109ms=1 113ms=0 117ms=0 121ms=0 125ms=0 129ms=0 133ms=0 150ms=0 200ms=0 250ms=0 300ms=0 350ms=0 400ms=0 450ms=0 500ms=0 550ms=0 600ms=0 650ms=0 700ms=0 750ms=0 800ms=0 850ms=0 900ms=0 950ms=0 1000ms=0 1050ms=0 1100ms=0 1150ms=0 1200ms=0 1250ms=0 1300ms=0 1350ms=0 1400ms=0 1450ms=0 1500ms=0 1550ms=0 1600ms=0 1650ms=0 1700ms=0 1750ms=0 1800ms=0 1850ms=0 1900ms=0 1950ms=0 2000ms=0 2050ms=0 2100ms=0 2150ms=0 2200ms=0 2250ms=0 2300ms=0 2350ms=0 2400ms=0 2450ms=0 2500ms=0 2550ms=0 2600ms=0 2650ms=0 2700ms=0 2750ms=0 2800ms=0 2850ms=0 2900ms=0 2950ms=0 3000ms=0 3050ms=0 3100ms=0 3150ms=0 3200ms=0 3250ms=0 3300ms=0 3350ms=0 3400ms=0 3450ms=0 3500ms=0 3550ms=0 3600ms=0 3650ms=0 3700ms=0 3750ms=0 3800ms=0 3850ms=0 3900ms=0 3950ms=0 4000ms=0 4050ms=0 4100ms=0 4150ms=0 4200ms=0 4250ms=0 4300ms=0 4350ms=0 4400ms=0 4450ms=0 4500ms=0 4550ms=0 4600ms=0 4650ms=0 4700ms=0 4750ms=0 4800ms=0 4850ms=0 4900ms=0 4950ms=0
50th gpu percentile: 7ms
90th gpu percentile: 10ms
95th gpu percentile: 19ms
99th gpu percentile: 4950ms
GPU HISTOGRAM: 1ms=0 2ms=0 3ms=0 4ms=0 5ms=0 6ms=0 7ms=320 8ms=10 9ms=34 10ms=18 11ms=1 12ms=1 13ms=1 14ms=2 15ms=0 16ms=7 17ms=0 18ms=1 19ms=3 20ms=2 21ms=1 22ms=0 23ms=1 24ms=1 25ms=0 4950ms=15

Pipeline=Skia (OpenGL)
Memory policy:
  Max surface area: 2073600
  Max resource usage: 99.53MB (x48)
  Background retention: 50% (altUiHidden = true)
  GPU Context timeout: 10
Contexts: 1 (stopped = 0)
CPU Caches:
  Glyph Cache: 1.89 MB (1 entry)
  Glyph Count: 102 
Total CPU memory usage:
  1982147 bytes, 1.89 MB (0.00 bytes is purgeable)
GPU Caches:
  Image:
    Texture: 16.46 MB (46 entries)
  Other:
    Other: 173.73 KB (1 entry)
    Buffer Object: 464.00 bytes (2 entries)
    StencilAttachment: 15.00 KB (4 entries)
  Scratch:
    RenderTarget: 10.26 MB (36 entries)
    Texture: 4.04 MB (6 entries)
    Buffer Object: 78.03 KB (3 entries)
Total GPU memory usage:
  32525836 bytes, 31.02 MB (11.46 MB is purgeable)

Profile data in ms:

	com.auroratv.lab/com.auroratv.MainActivity/android.view.ViewRootImpl@c16aa45 (visibility=0)
Window: com.auroratv.lab/com.auroratv.MainActivity
Stats since: 339217278539916ns
Total frames rendered: 418
Janky frames: 14 (3.35%)
Janky frames (legacy): 377 (90.19%)
50th percentile: 24ms
90th percentile: 34ms
95th percentile: 46ms
99th percentile: 97ms
Number Missed Vsync: 2
Number High input latency: 808
Number Slow UI thread: 9
Number Slow bitmap uploads: 0
Number Slow issue draw commands: 14
Number Frame deadline missed: 14
Number Frame deadline missed (legacy): 14
HISTOGRAM: 5ms=0 6ms=0 7ms=0 8ms=0 9ms=0 10ms=0 11ms=0 12ms=2 13ms=6 14ms=3 15ms=2 16ms=0 17ms=0 18ms=1 19ms=0 20ms=3 21ms=7 22ms=52 23ms=115 24ms=87 25ms=30 26ms=26 27ms=5 28ms=5 29ms=2 30ms=1 31ms=5 32ms=13 34ms=15 36ms=8 38ms=3 40ms=1 42ms=2 44ms=2 46ms=3 48ms=0 53ms=5 57ms=3 61ms=1 65ms=0 69ms=0 73ms=0 77ms=0 81ms=0 85ms=1 89ms=2 93ms=1 97ms=4 101ms=0 105ms=1 109ms=1 113ms=0 117ms=0 121ms=0 125ms=0 129ms=0 133ms=0 150ms=0 200ms=0 250ms=0 300ms=0 350ms=0 400ms=0 450ms=0 500ms=0 550ms=0 600ms=0 650ms=0 700ms=0 750ms=0 800ms=0 850ms=0 900ms=0 950ms=0 1000ms=0 1050ms=0 1100ms=0 1150ms=0 1200ms=0 1250ms=0 1300ms=0 1350ms=0 1400ms=0 1450ms=0 1500ms=0 1550ms=0 1600ms=0 1650ms=0 1700ms=0 1750ms=0 1800ms=0 1850ms=0 1900ms=0 1950ms=0 2000ms=0 2050ms=0 2100ms=0 2150ms=0 2200ms=0 2250ms=0 2300ms=0 2350ms=0 2400ms=0 2450ms=0 2500ms=0 2550ms=0 2600ms=0 2650ms=0 2700ms=0 2750ms=0 2800ms=0 2850ms=0 2900ms=0 2950ms=0 3000ms=0 3050ms=0 3100ms=0 3150ms=0 3200ms=0 3250ms=0 3300ms=0 3350ms=0 3400ms=0 3450ms=0 3500ms=0 3550ms=0 3600ms=0 3650ms=0 3700ms=0 3750ms=0 3800ms=0 3850ms=0 3900ms=0 3950ms=0 4000ms=0 4050ms=0 4100ms=0 4150ms=0 4200ms=0 4250ms=0 4300ms=0 4350ms=0 4400ms=0 4450ms=0 4500ms=0 4550ms=0 4600ms=0 4650ms=0 4700ms=0 4750ms=0 4800ms=0 4850ms=0 4900ms=0 4950ms=0
50th gpu percentile: 7ms
90th gpu percentile: 10ms
95th gpu percentile: 19ms
99th gpu percentile: 4950ms
GPU HISTOGRAM: 1ms=0 2ms=0 3ms=0 4ms=0 5ms=0 6ms=0 7ms=320 8ms=10 9ms=34 10ms=18 11ms=1 12ms=1 13ms=1 14ms=2 15ms=0 16ms=7 17ms=0 18ms=1 19ms=3 20ms=2 21ms=1 22ms=0 23ms=1 24ms=1 25ms=0 4950ms=15



---PROFILEDATA---
Flags,FrameTimelineVsyncId,IntendedVsync,Vsync,InputEventId,HandleInputStart,AnimationStart,PerformTraversalsStart,DrawStart,FrameDeadline,FrameInterval,FrameStartTime,SyncQueued,SyncStart,IssueDrawCommandsStart,SwapBuffers,FrameCompleted,DequeueBufferDuration,QueueBufferDuration,GpuCompleted,SwapBuffersCompleted,DisplayPresentTime,CommandSubmissionCompleted,
0,117607698,339223871956878,339223871956878,0,339223872248794,339223872250585,339223872860210,339223873012919,339223924240553,339223872243252,16800171,339223873231669,339223879618419,339223880617627,339223895641044,339223903187085,11543583,313208,339223903187085,339223896250919,-1,339223895641044,
0,117607706,339223888757049,339223888757049,0,339223889018835,339223889020419,339223889542085,339223889691377,339223941040724,339223889012877,16800171,339223889914252,339223896384627,339223897407835,339223912343127,339223919465210,11498833,275750,339223919465210,339223912916794,-1,339223912343127,
0,117607714,339223905557220,339223905557220,0,339223905811210,339223905812627,339223906373585,339223906520710,339223957840895,339223905805377,16800171,339223906750669,339223913051794,339223913962460,339223929330835,339223936173877,11787875,336708,339223936173877,339223930051127,-1,339223929330835,
0,117607722,339223922357391,339223922357391,0,339223922614252,339223922615835,339223923202002,339223923358627,339223974641066,339223922608502,16800171,339223923581002,339223930185710,339223931166877,339223945703294,339223952323835,11398583,277584,339223952323835,339223946263085,-1,339223945703294,
0,117607730,339223939157562,339223939157562,0,339223939418210,339223939419669,339223939938585,339223940129127,339223991441237,339223939412877,16800171,339223940353544,339223946395877,339223947295960,339223963125127,339223969718835,12430584,562584,339223969718835,339223964071419,-1,339223963125127,
0,117607738,339223955957733,339223955957733,0,339223956237169,339223956239002,339223956780502,339223956932502,339224008241408,339223956231627,16800171,339223957155585,339223964209877,339223965097419,339223978833669,339223985407419,11042084,276250,339223985407419,339223979402002,-1,339223978833669,
0,117607746,339223972757904,339223972757904,0,339223973018127,339223973019585,339223973562002,339223973768919,339224025041579,339223973012252,16800171,339223974220252,339223979535294,339223980769544,339223995900710,339224002480419,12199834,286208,339224002480419,339223996570294,-1,339223995900710,
0,117607754,339223989558075,339223989558075,0,339223989818127,339223989819585,339223990302919,339223990459210,339224041841750,339223989812210,16800171,339223990673585,339223996719835,339223997694794,339224012432044,339224018933960,12088333,286250,339224018933960,339224013014044,-1,339224012432044,
0,117607762,339224006358246,339224006358246,0,339224006618835,339224006620377,339224007195877,339224007346502,339224058641921,339224006612419,16800171,339224007561669,339224013148502,339224014041460,339224029483085,339224036142210,12525583,304000,339224036142210,339224030113210,-1,339224029483085,
0,117607770,339224023158417,339224023158417,0,339224023415127,339224023416502,339224023933919,339224024116585,339224075442092,339224023409335,16800171,339224024320002,339224030251002,339224031262044,339224047519127,339224054056835,12422458,412042,339224054056835,339224048364960,-1,339224047519127,
0,117607778,339224039958588,339224039958588,0,339224040305502,339224040307002,339224040859502,339224041110127,339224092242263,339224040298794,16800171,339224041325669,339224048528585,339224049600544,339224064454127,339224071069044,11135875,361791,339224071069044,339224065180502,-1,339224064454127,
0,117607794,339224073558930,339224073558930,0,339224073922460,339224073924210,339224074487127,339224074689669,339224109042434,339224073915585,16800171,339224074876335,339224075032085,339224077550835,339224080833294,339224087370252,15917,295083,339224087370252,339224081485252,-1,339224080833294,
0,117607802,339224090359101,339224090359101,0,339224090702460,339224090704127,339224091280710,339224091457877,339224125842605,339224090696169,16800171,339224091644710,339224091788377,339224092880710,339224097460044,339224103979377,1356625,309000,339224103979377,339224098120919,-1,339224097460044,
0,117607810,339224107159272,339224107159272,0,339224107615585,339224107617460,339224108801794,339224108989919,339224142642776,339224107609002,16800171,339224109349377,339224109504252,339224110524419,339224119494085,339224126011710,5770875,354084,339224126011710,339224120205877,-1,339224119494085,
0,117607818,339224123959443,339224123959443,0,339224124322419,339224124324252,339224131879002,339224132263419,339224159442947,339224124316002,16800171,339224132384210,339224132540960,339224134028044,339224137613877,339224144214252,22708,434459,339224144214252,339224138398544,-1,339224137613877,
0,117607826,339224140759614,339224140759614,0,339224141140960,339224141142835,339224141692835,339224141894669,339224176243118,339224141134502,16800171,339224141940544,339224142061419,339224142797794,339224147787502,339224154358585,2013292,717209,339224154358585,339224148940169,-1,339224147787502,
0,117607834,339224157559785,339224157559785,0,339224157960335,339224157961919,339224158430169,339224158607419,339224193043289,339224157953460,16800171,339224158657794,339224158909877,339224159622835,339224164737835,339224171362460,1884208,302917,339224171362460,339224165509419,-1,339224164737835,
0,117607842,339224174359956,339224174359956,0,339224174736627,339224174738419,339224175258294,339224175433627,339224209843460,339224174728294,16800171,339224175479085,339224175610544,339224176472877,339224181200585,339224187803627,1779458,297584,339224187803627,339224181962002,-1,339224181200585,
0,117607850,339224191160127,339224191160127,0,339224191445585,339224191447127,339224191845877,339224192045710,339224226643631,339224191439794,16800171,339224192086169,339224192179877,339224192796502,339224197271127,339224203730377,1827375,276417,339224203730377,339224197844919,-1,339224197271127,
0,117607858,339224207960298,339224207960298,0,339224208286044,339224208287752,339224208715419,339224208863294,339224243443802,339224208278669,16800171,339224208904460,339224209001835,339224209649085,339224214159502,339224220636252,1799791,318125,339224220636252,339224214811502,-1,339224214159502,
0,117607866,339224224760469,339224224760469,0,339224225082835,339224225085127,339224225678294,339224225856085,339224260243973,339224225075044,16800171,339224225901960,339224226069585,339224228458169,339224231711419,339224238188002,18250,491416,339224238188002,339224232554502,-1,339224231711419,
0,117607874,339224241560640,339224241560640,0,339224241914002,339224241916044,339224242506044,339224242695294,339224277044144,339224241905502,16800171,339224242744752,339224242876877,339224245757377,339224250399711,339224256945752,24208,435750,339224256945752,339224251284669,-1,339224250399711,
0,117607882,339224258360811,339224258360811,0,339224258696502,339224258698919,339224259297669,339224259487961,339224293844315,339224258688294,16800171,339224259538961,339224259673252,339224262143961,339224266578086,339224273201086,228292,453875,339224273201086,339224267611419,-1,339224266578086,
0,117607890,339224275160982,339224275160982,0,339224275503461,339224275505752,339224276083169,339224276304836,339224310644486,339224275495752,16800171,339224276353919,339224276489752,339224277347794,339224283105627,339224289619294,1806334,427583,339224289619294,339224283949336,-1,339224283105627,
0,117607898,339224291961153,339224291961153,0,339224292392294,339224292395086,339224292943419,339224293155502,339224327444657,339224292381836,16800171,339224293206044,339224293391294,339224294604461,339224300094627,339224306611877,1637041,369500,339224306611877,339224300953877,-1,339224300094627,
0,117607906,339224308761324,339224308761324,0,339224309169669,339224309172377,339224309824836,339224310050377,339224344244828,339224309160086,16800171,339224310105002,339224310303877,339224311314294,339224317734669,339224324363752,1820542,429459,339224324363752,339224318641502,-1,339224317734669,
0,117608042,339224627964573,339224627964573,-144018988,339224628395419,339224628397169,339224683778169,339224684025169,339224646647906,339224628388294,16800171,339224696755711,339224696899294,339224698605252,339224701904086,339224720805252,21708,316750,339224720805252,339224702530669,-1,339224701904086,
0,117608049,339224644764744,339224695165257,0,339224698999294,339224699000586,339224699830044,339224700039419,339224747448932,339224698986669,16800171,339224700763294,339224702667586,339224703709461,339224709154419,339224746196336,18042,11452375,339224746196336,339224720946044,-1,339224709154419,
0,117608056,339224711965428,339224711965428,0,339224712253836,339224712255419,339224716034419,339224716206294,339224764249103,339224712248294,16800171,339224717770836,339224721102419,339224722060544,339224736472961,339224772275086,10049500,9511125,339224772275086,339224746289252,-1,339224736472961,
0,117608064,339224728765599,339224728765599,0,339224729034961,339224729036419,339224729588252,339224729738127,339224797849445,339224729029377,16800171,339224729944419,339224746416627,339224747418586,339224752811461,339224797997419,1734083,19378666,339224797997419,339224772499711,-1,339224752811461,
0,117608072,339224745565770,339224745565770,0,339224747710294,339224747712127,339224748276211,339224748432794,339224831449787,339224747700711,16800171,339224748659877,339224772627211,339224773521336,339224786247836,339224824124544,8963000,11551250,339224824124544,339224798121627,-1,339224786247836,
0,117608080,339224762365941,339224762365941,0,339224773805961,339224773806836,339224774272086,339224774409669,339224848249958,339224773800836,16800171,339224774610252,339224798259336,339224799185002,339224819994086,339224833146836,16912750,3883791,339224833146836,339224824224586,-1,339224819994086,
0,117608088,339224779166112,339224795966283,0,339224799478002,339224799479044,339224800048502,339224800196294,339224865050129,339224799467544,16800171,339224800623877,339224824364377,339224825356377,339224836643836,339224845639919,7564625,294916,339224845639919,339224837229794,-1,339224836643836,
0,117608097,339224812766454,339224812766454,0,339224825760919,339224825762419,339224826210586,339224826364294,339224881850300,339224825753752,16800171,339224826576086,339224837381169,339224838346419,339224853267002,339224862234877,11360292,319792,339224862234877,339224853932127,-1,339224853267002,
0,117608105,339224829566625,339224829566625,0,339224838751877,339224838753211,339224839195336,339224839343586,339224898650471,339224838745169,16800171,339224839548794,339224854066419,339224854975169,339224870610086,339224879658461,11513833,550541,339224879658461,339224871458211,-1,339224870610086,
0,117608121,339224863166967,339224863166967,0,339224863424794,339224863426377,339224863871794,339224864047752,339224915450642,339224863419211,16800171,339224864262002,339224871621919,339224872619252,339224886878752,339224895895336,10674708,275666,339224895895336,339224887439627,-1,339224886878752,
0,117608129,339224879967138,339224879967138,0,339224880263252,339224880264752,339224880708627,339224880850627,339224932250813,339224880256961,16800171,339224881043044,339224887605002,339224888581002,339224903487419,339224912434711,11533041,582917,339224912434711,339224904381877,-1,339224903487419,
0,117608137,339224896767309,339224896767309,0,339224897016627,339224897018086,339224897569961,339224897719669,339224949050984,339224897011127,16800171,339224897965711,339224904509419,339224905419086,339224923009836,339224931998669,11746417,932000,339224931998669,339224924372377,-1,339224923009836,
0,117608145,339224913567480,339224913567480,0,339224913832711,339224913834461,339224914313794,339224914466669,339224965851155,339224913827252,16800171,339224914675586,339224924560836,339224925938419,339224939666377,339224946308002,8274041,853542,339224946308002,339224941025377,-1,339224939666377,
0,117608153,339224930367651,339224930367651,0,339224930715086,339224930717544,339224931285711,339224931478502,339224982651326,339224930707002,16800171,339224931759294,339224941213961,339224942569627,339224956100128,339224962769586,8447667,705833,339224962769586,339224957266878,-1,339224956100128,
0,117608161,339224947167822,339224947167822,0,339224947538669,339224947541044,339224948155503,339224948350169,339224999451497,339224947530836,16800171,339224948635419,339224957453253,339224958817711,339224972980836,339224979620711,9257500,717208,339224979620711,339224974127461,-1,339224972980836,
0,117608169,339224963967993,339224963967993,0,339224964402461,339224964404878,339224965007294,339224965213711,339225016251668,339224964392961,16800171,339224965522419,339224974299086,339224975528586,339224990567419,339224997264003,9550917,679666,339224997264003,339224991680461,-1,339224990567419,
0,117608177,339224980768164,339224980768164,0,339224981173628,339224981176503,339224981869003,339224982089461,339225033051839,339224981163461,16800171,339224982419044,339224991850419,339224993270378,339225007948253,339225014827211,8584500,934083,339225014827211,339225009524586,-1,339225007948253,
0,117608185,339224997568335,339224997568335,0,339224997925794,339224997928086,339224998534878,339224998735753,339225049852010,339224997917836,16800171,339224999051878,339225009712961,339225011073836,339225023531044,339225030229336,7368750,483209,339225030229336,339225024491711,-1,339225023531044,
0,117608193,339225014368506,339225014368506,0,339225014735794,339225014737878,339225015345503,339225015544378,339225066652181,339225014726711,16800171,339225015940419,339225024663961,339225025913628,339225041411669,339225047995836,9567583,366584,339225047995836,339225042169794,-1,339225041411669,
0,117608201,339225031168677,339225031168677,0,339225031579836,339225031582294,339225032102461,339225032320461,339225083452352,339225031570169,16800171,339225032606461,339225042390128,339225043617669,339225058250253,339225064848044,8682458,957542,339225064848044,339225059663586,-1,339225058250253,
0,117608209,339225047968848,339225047968848,0,339225048413544,339225048415586,339225048843169,339225049029544,339225100252523,339225048404586,16800171,339225049271253,339225059862461,339225061204669,339225074583294,339225081303336,7645042,915000,339225081303336,339225076100294,-1,339225074583294,
0,117608217,339225064769019,339225064769019,0,339225065125169,339225065127253,339225065576461,339225065862003,339225117052694,339225065116461,16800171,339225066116753,339225076304211,339225077761544,339225090420836,339225097043336,7754583,925666,339225097043336,339225091827336,-1,339225090420836,
0,117608225,339225081569190,339225081569190,0,339225081907211,339225081909253,339225082364169,339225082560961,339225133852865,339225081899544,16800171,339225082815669,339225092126044,339225093613169,339225107492919,339225114151586,9023333,834625,339225114151586,339225108776253,-1,339225107492919,
0,117608233,339225098369361,339225098369361,0,339225098780044,339225098783086,339225099303628,339225099586461,339225150653036,339225098769878,16800171,339225099900128,339225108947711,339225110160836,339225124740128,339225131352503,9380750,818208,339225131352503,339225126013503,-1,339225124740128,
0,117608241,339225115169532,339225115169532,0,339225115571878,339225115574961,339225116202586,339225116437628,339225167453207,339225115561794,16800171,339225116748753,339225126188003,339225127331544,339225142326086,339225148945253,8928917,683334,339225148945253,339225143425753,-1,339225142326086,
0,117608249,339225131969703,339225131969703,0,339225132457253,339225132460044,339225132983253,339225133206586,339225184253378,339225132446544,16800171,339225133509336,339225143630503,339225144930044,339225159311128,339225166023794,8296458,1096542,339225166023794,339225160904878,-1,339225159311128,
0,117608257,339225148769874,339225148769874,0,339225149157503,339225149160003,339225149675003,339225149866294,339225201053549,339225149149378,16800171,339225150111253,339225161105753,339225162709086,339225175204128,339225181834419,6903084,983625,339225181834419,339225176742503,-1,339225175204128,
0,117608265,339225165570045,339225165570045,0,339225165917586,339225165919378,339225166410669,339225166597336,339225217853720,339225165909503,16800171,339225166840128,339225176944461,339225178395628,339225191193628,339225197799086,7888042,813292,339225197799086,339225192445669,-1,339225191193628,
0,117608273,339225182370216,339225182370216,0,339225182713378,339225182715378,339225183139336,339225183324378,339225234653891,339225182705128,16800171,339225183564669,339225192645794,339225194008336,339225208408878,339225215008294,9565708,714625,339225215008294,339225209532044,-1,339225208408878,
0,117608281,339225199170387,339225199170387,0,339225199577461,339225199580378,339225200133878,339225200354461,339225251454062,339225199567586,16800171,339225200643336,339225209701753,339225210922169,339225225633086,339225232238961,9531917,787375,339225232238961,339225226840961,-1,339225225633086,
0,117608289,339225215970558,339225215970558,0,339225216421253,339225216423586,339225217020128,339225217237128,339225268254233,339225216410919,16800171,339225217524336,339225227011711,339225228315586,339225240773586,339225247426003,8223458,591417,339225247426003,339225241702836,-1,339225240773586,
0,117608297,339225232770729,339225232770729,0,339225233149836,339225233151878,339225233565253,339225233731461,339225285054404,339225233141086,16800171,339225233944586,339225241886253,339225243232461,339225259687628,339225266305044,10785417,458000,339225266305044,339225260707503,-1,339225259687628,
0,117608305,339225249570900,339225249570900,0,339225249920461,339225249922419,339225250346669,339225250530669,339225301854575,339225249912336,16800171,339225250874378,339225260913003,339225262504461,339225275753586,339225282453128,8079625,382792,339225282453128,339225276585669,-1,339225275753586,
0,117608313,339225266371071,339225266371071,0,339225266735586,339225266738044,339225267201461,339225267403836,339225318654746,339225266726586,16800171,339225267671461,339225276760378,339225277918669,339225293196544,339225299824628,9587875,683000,339225299824628,339225294336378,-1,339225293196544,
0,117608321,339225283171242,339225283171242,0,339225283506961,339225283508753,339225284139836,339225284356628,339225335454917,339225283498919,16800171,339225284643919,339225294522669,339225295758253,339225308963669,339225315623169,8404083,678208,339225315623169,339225310126503,-1,339225308963669,
0,117608329,339225299971413,339225299971413,0,339225300362961,339225300365503,339225300819378,339225301120003,339225352255088,339225300353544,16800171,339225301393211,339225310297336,339225311546961,339225326761503,339225333351294,9570834,772917,339225333351294,339225327929794,-1,339225326761503,
0,117608337,339225316771584,339225316771584,0,339225317174836,339225317177419,339225317665294,339225317882336,339225369055259,339225317164544,16800171,339225318189253,339225328151544,339225329366753,339225344099044,339225350731669,8577417,860083,339225350731669,339225345423878,-1,339225344099044,
0,117608345,339225333571755,339225333571755,0,339225333971711,339225333973711,339225334395836,339225334581419,339225385855430,339225333964003,16800171,339225334821419,339225345612961,339225346844086,339225360182044,339225366812794,7487709,974125,339225366812794,339225361638544,-1,339225360182044,
0,117608353,339225350371926,339225350371926,0,339225350787794,339225350790378,339225351213794,339225351398878,339225402655601,339225350778919,16800171,339225351643294,339225361853419,339225363247419,339225376793461,339225383388461,7922250,679000,339225383388461,339225377880503,-1,339225376793461,
0,117608361,339225367172097,339225367172097,0,339225367545128,339225367547836,339225368077336,339225368283836,339225419455772,339225367536836,16800171,339225368560794,339225378068669,339225379055461,339225392253711,339225398845628,9166917,627458,339225398845628,339225393242836,-1,339225392253711,
0,117608369,339225383972268,339225383972268,0,339225384337419,339225384339378,339225384751503,339225385037211,339225436255943,339225384329753,16800171,339225385279461,339225393397628,339225394466294,339225408713544,339225415273128,10130375,622667,339225415273128,339225409658794,-1,339225408713544,
0,117608377,339225400772439,339225400772439,0,339225401110711,339225401112503,339225401503753,339225401666878,339225453056114,339225401103961,16800171,339225401884919,339225409818003,339225410847586,339225425006378,339225431886128,10404583,282541,339225431886128,339225425655919,-1,339225425006378,
0,117608385,339225417572610,339225417572610,0,339225417891294,339225417893003,339225418304919,339225418464003,339225469856285,339225417884711,16800171,339225418679253,339225425789003,339225426868378,339225442698586,339225449364628,12081875,318667,339225449364628,339225443343003,-1,339225442698586,
0,117608393,339225434372781,339225434372781,-906849863,339225434710419,339225434712336,339225437630586,339225437823919,339225486656456,339225434704044,16800171,339225438740461,339225443485086,339225444669753,339225458323503,339225464998086,10151709,317917,339225464998086,339225458974794,-1,339225458323503,
0,117608401,339225451172952,339225451172952,0,339225451499878,339225451501544,339225452201544,339225452369836,339225503456627,339225451493669,16800171,339225452895878,339225459112378,339225460175878,339225476319044,339225483086128,11645834,311083,339225483086128,339225476973711,-1,339225476319044,
0,117608409,339225467973123,339225467973123,0,339225468307419,339225468309169,339225480797878,339225480953544,339225520256798,339225468301711,16800171,339225484529419,339225484685086,339225485846878,339225493523169,339225500267211,2559875,492833,339225500267211,339225494304211,-1,339225493523169,
0,117608417,339225484773294,339225484773294,0,339225486109919,339225486110878,339225490129503,339225490305794,339225537056969,339225486104503,16800171,339225491710753,339225494435253,339225495467003,339225510452669,339225519273586,9550708,539792,339225519273586,339225511287378,-1,339225510452669,
0,117608425,339225501573465,339225501573465,0,339225501825628,339225501827044,339225502348711,339225502531211,339225553857140,339225501820086,16800171,339225502742336,339225511417503,339225512340461,339225525240794,339225533393878,9442542,499792,339225533393878,339225526025919,-1,339225525240794,
0,117608433,339225518373636,339225518373636,0,339225518669669,339225518671294,339225519177503,339225519328628,339225570657311,339225518663753,16800171,339225519540128,339225526155711,339225527049503,339225541942544,339225549459419,11547167,503458,339225549459419,339225542736628,-1,339225541942544,
0,117608441,339225535173807,339225535173807,0,339225535419461,339225535420878,339225535949586,339225536185294,339225587457482,339225535413669,16800171,339225536392086,339225542871794,339225543766753,339225558667544,339225565769044,11625250,509917,339225565769044,339225559492503,-1,339225558667544,
0,117608449,339225551973978,339225551973978,0,339225552247461,339225552249169,339225552767169,339225552912211,339225604257653,339225552241336,16800171,339225553116003,339225559626544,339225560623086,339225575942044,339225582815169,11566167,497333,339225582815169,339225576804461,-1,339225575942044,
0,117608457,339225568774149,339225568774149,0,339225569039253,339225569040711,339225569575044,339225569718086,339225621057824,339225569033586,16800171,339225569919128,339225576957086,339225577881336,339225591909211,339225598572419,11161000,493125,339225598572419,339225592723211,-1,339225591909211,
0,117608465,339225585574320,339225585574320,0,339225585876419,339225585878128,339225586364919,339225586508669,339225637857995,339225585870419,16800171,339225586709961,339225592856044,339225593734711,339225608709919,339225615322794,12082583,594167,339225615322794,339225609598586,-1,339225608709919,
0,117608473,339225602374491,339225602374491,0,339225602637711,339225602639586,339225603185086,339225603336669,339225654658166,339225602632336,16800171,339225603763628,339225609731211,339225610697628,339225625417836,339225631926253,11881042,490708,339225631926253,339225626197419,-1,339225625417836,
0,117608481,339225619174662,339225619174662,0,339225619437378,339225619439003,339225619920253,339225620093961,339225671458337,339225619431961,16800171,339225620292961,339225626393586,339225627252336,339225642105711,339225648603295,12208584,499583,339225648603295,339225642893711,-1,339225642105711,
0,117608489,339225635974833,339225635974833,0,339225636252003,339225636253836,339225636779294,339225636933878,339225688258508,339225636246419,16800171,339225637145836,339225643025086,339225643889961,339225658902336,339225665384003,12318584,501917,339225665384003,339225659692420,-1,339225658902336,
0,117608497,339225652775004,339225652775004,0,339225653044628,339225653046295,339225653488961,339225653632170,339225705058679,339225653039003,16800171,339225653899295,339225659822003,339225660728795,339225675665878,339225682153628,12285083,530792,339225682153628,339225676487086,-1,339225675665878,
0,117608505,339225669575175,339225669575175,0,339225669829836,339225669831545,339225670268586,339225670473336,339225721858850,339225669824461,16800171,339225670661003,339225676618461,339225677483086,339225692486461,339225698968378,12335458,498250,339225698968378,339225693276086,-1,339225692486461,
0,117608513,339225686375346,339225686375346,0,339225686659128,339225686660670,339225687099461,339225687240670,339225738659021,339225686653628,16800171,339225687415378,339225693408670,339225694270253,339225709255586,339225715729336,12325250,497792,339225715729336,339225710046503,-1,339225709255586,
0,117608521,339225703175517,339225703175517,0,339225703439711,339225703441128,339225703876586,339225704049211,339225755459192,339225703434420,16800171,339225704222670,339225710179503,339225711031920,339225726026878,339225732498086,12335917,494958,339225732498086,339225726811378,-1,339225726026878,
0,117608529,339225719975688,339225719975688,0,339225720256711,339225720258295,339225720695795,339225720899253,339225772259363,339225720251378,16800171,339225721046753,339225726940836,339225727804003,339225742854836,339225749350753,12425417,341667,339225749350753,339225743506420,-1,339225742854836,
0,117608537,339225736775859,339225736775859,0,339225737039336,339225737040920,339225737518503,339225737662670,339225789059534,339225737033211,16800171,339225737810503,339225743651586,339225744936128,339225762205461,339225768830295,12860959,690333,339225768830295,339225763396878,-1,339225762205461,
0,117608545,339225753576030,339225753576030,0,339225753974128,339225753976545,339225755344086,339225755572128,339225805859705,339225753965253,16800171,339225755792086,339225763567878,339225765004961,339225779195836,339225785731128,9700875,855250,339225785731128,339225780472378,-1,339225779195836,
0,117608553,339225770376201,339225770376201,0,339225770771545,339225770773795,339225779843711,339225780103170,339225822659876,339225770761961,16800171,339225780232420,339225780636420,339225782130211,339225795777586,339225802291003,9190334,701000,339225802291003,339225796903003,-1,339225795777586,
0,117608561,339225787176372,339225787176372,0,339225787568461,339225787570586,339225788147711,339225788366795,339225839460047,339225787559253,16800171,339225788433003,339225797060420,339225797894128,339225812863920,339225819376503,10406583,894250,339225819376503,339225814209336,-1,339225812863920,
0,117608569,339225803976543,339225803976543,0,339225804410128,339225804412211,339225804871961,339225805049253,339225856260218,339225804401836,16800171,339225805095503,339225814468045,339225815493461,339225829188836,339225835769586,9163250,838416,339225835769586,339225830511503,-1,339225829188836,
0,117608577,339225820776714,339225820776714,0,339225821122795,339225821124878,339225821581711,339225821759295,339225873060389,339225821115003,16800171,339225821804503,339225830701878,339225831742795,339225844072378,339225850600711,9412667,406500,339225850600711,339225844803461,-1,339225844072378,
0,117608585,339225837576885,339225837576885,0,339225838155670,339225838157753,339225838570878,339225838723545,339225889860560,339225838148753,16800171,339225838766336,339225844939461,339225845651128,339225862057670,339225868619836,13368708,345125,339225868619836,339225862757003,-1,339225862057670,
0,117608593,339225854377056,339225854377056,0,339225854680461,339225854682586,339225855038795,339225855193336,339225906660731,339225854674295,16800171,339225855233503,339225862895878,339225863593420,339225877647753,339225884130211,11316500,636000,339225884130211,339225878606086,-1,339225877647753,
0,117608601,339225871177227,339225871177227,0,339225871495128,339225871496836,339225871946378,339225872145961,339225923460902,339225871488128,16800171,339225872189295,339225878740378,339225879422295,339225894284378,339225900750128,12150000,549458,339225900750128,339225895139753,-1,339225894284378,
0,117608609,339225887977398,339225887977398,0,339225888482461,339225888484586,339225888879586,339225889025086,339225940261073,339225888476045,16800171,339225889064211,339225895269670,339225895940211,339225912210211,339225918699253,12895083,363167,339225918699253,339225912917878,-1,339225912210211,
0,117608617,339225904777569,339225904777569,0,339225905121211,339225905123086,339225905752878,339225906008295,339225957061244,339225905079711,16800171,339225906055253,339225913068753,339225913839795,339225929494836,339225936048253,11736500,542208,339225936048253,339225930450795,-1,339225929494836,
0,117608625,339225921577740,339225921577740,0,339225921921086,339225921923420,339225922380961,339225922557128,339225973861415,339225921913045,16800171,339225922603086,339225930626128,339225931569461,339225946049836,339225952544170,10794750,384500,339225952544170,339225946812670,-1,339225946049836,
0,117608633,339225938377911,339225938377911,0,339225939062336,339225939064503,339225939551586,339225939730670,339225990661586,339225939053420,16800171,339225939776420,339225946976503,339225947932920,339225963058336,339225969567420,11464000,360166,339225969567420,339225963792170,-1,339225963058336,
0,117608749,339226207180647,339226207180647,0,339226207520420,339226207522586,339226229262628,339226229533336,339226225863980,339226207512628,16800171,339226234174711,339226234320503,339226235446128,339226239203753,339226252362378,29541,603542,339226252362378,339226240273003,-1,339226239203753,
0,117608756,339226223980818,339226223980818,0,339226235940795,339226235942586,339226237252503,339226237515128,339226276264493,339226235930461,16800171,339226238147336,339226240451128,339226241864336,339226253653128,339226268750253,27333,718125,339226268750253,339226254813711,-1,339226253653128,
0,117608763,339226240780989,339226240780989,0,339226242512336,339226242514753,339226244291961,339226244531128,339226293064664,339226242498295,16800171,339226244578503,339226254986711,339226255916836,339226271898836,339226287021878,6155750,399417,339226287021878,339226272721045,-1,339226271898836,
0,117608771,339226257581160,339226257581160,0,339226258143211,339226258145586,339226259724211,339226260053711,339226309864835,339226258134628,16800171,339226260550170,339226272927336,339226273842128,339226289343711,339226304504711,4678500,364958,339226304504711,339226290121420,-1,339226289343711,
0,117608779,339226274381331,339226274381331,0,339226274702045,339226274703670,339226275869378,339226276111128,339226326665006,339226274694795,16800171,339226276556170,339226290277170,339226295870128,339226301875420,339226325371503,21167,2364167,339226325371503,339226304647170,-1,339226301875420,
0,117608787,339226291181502,339226291181502,0,339226296302378,339226296304586,339226297685211,339226297894045,339226343465177,339226296293920,16800171,339226298273878,339226304815961,339226305842086,339226318252378,339226339119586,6118791,6883459,339226339119586,339226325562378,-1,339226318252378,
0,117608795,339226307981673,339226307981673,0,339226308329920,339226308332128,339226309477836,339226309656586,339226360265348,339226308322836,16800171,339226312060628,339226325729045,339226326587628,339226332872003,339226345623462,2219250,6020917,339226345623462,339226339289086,-1,339226332872003,
0,117608803,339226324781844,339226324781844,0,339226327477753,339226327479628,339226328748961,339226328967170,339226377065519,339226327467961,16800171,339226329346128,339226339520211,339226340509128,339226349489378,339226356162253,4928875,349292,339226356162253,339226350201837,-1,339226349489378,
0,117608811,339226341582015,339226341582015,0,339226341890545,339226341892336,339226343085003,339226343264545,339226393865690,339226341883628,16800171,339226343622836,339226350361753,339226351185212,339226367429337,339226374100670,11362750,373208,339226374100670,339226368165545,-1,339226367429337,
0,117608819,339226358382186,339226358382186,0,339226358731712,339226358733962,339226360066253,339226360267712,339226410665861,339226358723378,16800171,339226360654087,339226368323587,339226369272003,339226384109462,339226390812712,10020625,373458,339226390812712,339226384863545,-1,339226384109462,
0,117608827,339226375182357,339226375182357,0,339226375579087,339226375581378,339226376959087,339226377169628,339226427466032,339226375569170,16800171,339226377584920,339226385031587,339226385928670,339226401323587,339226408051670,10389584,535041,339226408051670,339226402289545,-1,339226401323587,
0,117608835,339226391982528,339226391982528,0,339226392415795,339226392418253,339226393988753,339226394216837,339226444266203,339226392405920,16800171,339226394669628,339226402461212,339226403353170,339226417727253,339226424427087,9713667,428500,339226424427087,339226418568045,-1,339226417727253,
0,117608843,339226408782699,339226408782699,0,339226409150128,339226409152087,339226410337795,339226410530378,339226461066374,339226409141545,16800171,339226410900670,339226418749087,339226419870378,339226433736045,339226440477045,9690083,407708,339226440477045,339226434562795,-1,339226433736045,
0,117608851,339226425582870,339226425582870,0,339226425929962,339226425932003,339226427105378,339226427296212,339226477866545,339226425921753,16800171,339226427669628,339226434745462,339226435844503,339226451600670,339226458324712,10834209,662209,339226458324712,339226452712420,-1,339226451600670,
0,117608859,339226442383041,339226442383041,0,339226442809378,339226442812170,339226444618128,339226444853753,339226494666716,339226442798878,16800171,339226445319337,339226452898920,339226454261045,339226467451837,339226474151170,9226917,463833,339226474151170,339226468420837,-1,339226467451837,
0,117608867,339226459183212,339226459183212,0,339226459572045,339226459574087,339226461014170,339226461225128,339226511466887,339226459562795,16800171,339226461775003,339226468592295,339226469516128,339226485352962,339226492104295,10817416,372958,339226492104295,339226486113295,-1,339226485352962,
0,117608875,339226475983383,339226475983383,0,339226476408670,339226476411462,339226478106962,339226478382712,339226528267058,339226476398587,16800171,339226478940212,339226486280295,339226487153545,339226502137087,339226508720670,9885958,521375,339226508720670,339226503070295,-1,339226502137087,
0,117608883,339226492783554,339226492783554,0,339226493136128,339226493138170,339226494878378,339226495100462,339226545067229,339226493127253,16800171,339226495558503,339226503251087,339226504376753,339226517834420,339226524425670,9069583,404250,339226524425670,339226518784587,-1,339226517834420,
0,117608891,339226509583725,339226509583725,0,339226510112878,339226510115128,339226510460753,339226510659920,339226561867400,339226510104087,16800171,339226510972795,339226518966878,339226519933795,339226533987712,339226540575420,10307834,407292,339226540575420,339226534784212,-1,339226533987712,
0,117608899,339226526383896,339226526383896,0,339226526728378,339226526730420,339226527032212,339226527315837,339226578667571,339226526719295,16800171,339226527593545,339226534962295,339226535902920,339226550742920,339226557252253,11103959,371750,339226557252253,339226551615212,-1,339226550742920,
---PROFILEDATA---


View hierarchy:

  com.auroratv.lab/com.auroratv.MainActivity/android.view.ViewRootImpl@c16aa45
  357 views, 634.99 kB of render nodes


Total ViewRootImpl   : 1
Total attached Views : 357
Total RenderNode     : 634.99 kB (used) / 2550.89 kB (capacity)

