16683333
0	0	0
0	0	0
0	0	0
0	0	0
0	0	0
0	0	0
0	0	0
0	0	0
0	0	0
0	0	0
0	0	0
0	0	0
0	0	0
0	0	0
0	0	0
0	0	0
0	0	0
0	0	0
0	0	0
0	0	0
0	0	0
0	0	0
0	0	0
0	0	0
0	0	0
0	0	0
0	0	0
0	0	0
0	0	0
0	0	0
0	0	0
0	0	0
0	0	0
0	0	0
0	0	0
0	0	0
0	0	0
0	0	0
0	0	0
0	0	0
0	0	0
0	0	0
0	0	0
0	0	0
0	0	0
0	0	0
0	0	0
0	0	0
0	0	0
0	0	0
0	0	0
0	0	0
0	0	0
0	0	0
0	0	0
0	0	0
0	0	0
0	0	0
0	0	0
0	0	0
0	0	0
0	0	0
0	0	0
0	0	0
0	0	0
0	0	0
0	0	0
0	0	0
0	0	0
0	0	0
0	0	0
0	0	0
0	0	0
0	0	0
0	0	0
0	0	0
0	0	0
0	0	0
0	0	0
0	0	0
0	0	0
0	0	0
0	0	0
0	0	0
0	0	0
0	0	0
0	0	0
0	0	0
0	0	0
0	0	0
0	0	0
0	0	0
0	0	0
0	0	0
0	0	0
0	0	0
0	0	0
0	0	0
0	0	0
0	0	0
0	0	0
0	0	0
0	0	0
0	0	0
0	0	0
0	0	0
0	0	0
0	0	0
0	0	0
0	0	0
0	0	0
0	0	0
0	0	0
0	0	0
0	0	0
0	0	0
0	0	0
0	0	0
0	0	0
0	0	0
0	0	0
0	0	0
0	0	0
0	0	0
0	0	0
0	0	0
0	0	0

===
16683333
0	0	0
0	0	0
0	0	0
0	0	0
0	0	0
0	0	0
0	0	0
0	0	0
0	0	0
0	0	0
0	0	0
0	0	0
0	0	0
0	0	0
0	0	0
0	0	0
0	0	0
0	0	0
0	0	0
0	0	0
0	0	0
0	0	0
0	0	0
0	0	0
0	0	0
0	0	0
0	0	0
0	0	0
0	0	0
0	0	0
0	0	0
0	0	0
0	0	0
0	0	0
0	0	0
0	0	0
0	0	0
0	0	0
0	0	0
0	0	0
0	0	0
0	0	0
0	0	0
0	0	0
0	0	0
0	0	0
0	0	0
0	0	0
0	0	0
0	0	0
0	0	0
0	0	0
0	0	0
0	0	0
0	0	0
0	0	0
0	0	0
0	0	0
0	0	0
0	0	0
0	0	0
0	0	0
0	0	0
0	0	0
0	0	0
0	0	0
0	0	0
0	0	0
0	0	0
0	0	0
0	0	0
0	0	0
0	0	0
0	0	0
0	0	0
0	0	0
0	0	0
0	0	0
0	0	0
0	0	0
0	0	0
0	0	0
0	0	0
0	0	0
0	0	0
0	0	0
0	0	0
0	0	0
0	0	0
338107052328928	338107063048108	338107064998594
338107070879719	338107079731441	338107086054844
338107094996886	338107096414774	338107110077136
338107108340261	338107113098107	338107125952594
338107125429803	338107146464773	338107147711886
338107137020261	338107163148106	338107155472761
338107166191345	338107179831439	338107172652261
338107186276220	338107196514772	338107192706386
338107199763136	338107213198105	338107206216178
338107216039761	338107229881438	338107222467386
338107232947178	338107263248104	338107239304386
338107250129595	338107279931437	338107256480636
338107268050970	338107296614770	338107274452553
338107285354803	338107313298103	338107291815220
338107301084136	338107329981436	338107307529970
338107319112261	338107346664769	338107325450220
338107336656011	338107363348102	338107342945761
338107352305511	338107380031435	338107358428345
338107369782761	338107396714768	338107375785845
338107865315262	338107897214758	338107883895387
338107887931553	338107913898091	338107912660012
338107912921553	338107947264757	338107939083637
338107926718387	338107963948090	338107966451512
338107958979887	338107997314756	338107992983470
338107974806553	338108013998089	338108003965095
338108007177220	338108030681422	338108015873220
338108024295928	338108047364755	338108032986053
338108040178970	338108064048088	338108048823762
338108057618720	338108080731421	338108066335345
338108077921137	338108097414754	338108086599720
338108094904262	338108114098087	338108103535887
338108114095220	338108130781420	338108120356887
338108126156095	338108147464753	338108132397970
338108143440595	338108164148086	338108149666053
338108160043678	338108180831419	338108166227137
338108178010678	338108197514752	338108184211803
338108193825012	338108214198085	338108199917220
338108210891220	338108230881418	338108217071970

===
16683333
0	0	0
0	0	0
0	0	0
0	0	0
0	0	0
0	0	0
0	0	0
0	0	0
0	0	0
0	0	0
0	0	0
0	0	0
0	0	0
0	0	0
0	0	0
0	0	0
0	0	0
0	0	0
0	0	0
0	0	0
0	0	0
0	0	0
0	0	0
338107052328928	338107063048108	338107064998594
338107070879719	338107079731441	338107086054844
338107094996886	338107096414774	338107110077136
338107108340261	338107113098107	338107125952594
338107125429803	338107146464773	338107147711886
338107137020261	338107163148106	338107155472761
338107166191345	338107179831439	338107172652261
338107186276220	338107196514772	338107192706386
338107199763136	338107213198105	338107206216178
338107216039761	338107229881438	338107222467386
338107232947178	338107263248104	338107239304386
338107250129595	338107279931437	338107256480636
338107268050970	338107296614770	338107274452553
338107285354803	338107313298103	338107291815220
338107301084136	338107329981436	338107307529970
338107319112261	338107346664769	338107325450220
338107336656011	338107363348102	338107342945761
338107352305511	338107380031435	338107358428345
338107369782761	338107396714768	338107375785845
338107865315262	338107897214758	338107883895387
338107887931553	338107913898091	338107912660012
338107912921553	338107947264757	338107939083637
338107926718387	338107963948090	338107966451512
338107958979887	338107997314756	338107992983470
338107974806553	338108013998089	338108003965095
338108007177220	338108030681422	338108015873220
338108024295928	338108047364755	338108032986053
338108040178970	338108064048088	338108048823762
338108057618720	338108080731421	338108066335345
338108077921137	338108097414754	338108086599720
338108094904262	338108114098087	338108103535887
338108114095220	338108130781420	338108120356887
338108126156095	338108147464753	338108132397970
338108143440595	338108164148086	338108149666053
338108160043678	338108180831419	338108166227137
338108178010678	338108197514752	338108184211803
338108193825012	338108214198085	338108199917220
338108210891220	338108230881418	338108217071970
338108228876512	338108247564751	338108235052512
338108242936595	338108264248084	338108248951762
338108264383470	338108280931417	338108270566137
338108276208095	338108297614750	338108282347595
338108292896512	338108314298083	338108299085053
338108309782845	338108330981416	338108315967428
338108327829303	338108347664749	338108333959595
338108345026303	338108364348082	338108351147928
338108360946012	338108381031415	338108366928262
338108377299595	338108397714748	338108383520053
338108395763262	338108414398081	338108401822637
338108411217887	338108431081414	338108417422553
338108428940303	338108447764747	338108435125053
338108446033553	338108464448080	338108452243637
338108464435053	338108481131413	338108470616137
338108480184678	338108497814746	338108486278928
338108494774637	338108514498079	338108500964762
338108511643595	338108531181412	338108517843012
338108527976095	338108547864745	338108534179637
338108543787845	338108564548078	338108550033303
338108565015512	338108581231411	338108571181054
338108577776554	338108597914744	338108584199220
338108597528887	338108614598077	338108604236470
338108613048304	338108631281410	338108619727720
338108629540054	338108647964743	338108636226345
338108646406970	338108664648076	338108653100595
338108663303387	338108681331409	338108669919637
338108680040929	338108698014742	338108686681387
338108696898095	338108714698075	338108703568345
338108713555845	338108731381408	338108720242345
338108729815595	338108748064741	338108736138804
338108746867470	338108764748074	338108753148762
338108762817970	338108781431407	338108769062595
338108779007429	338108798114740	338108785286137
338108795848554	338108814798073	338108802124595
338108812645262	338108831481406	338108818850929
338108829431762	338108848164739	338108835701304
338108846373429	338108864848072	338108852643679
338108863073512	338108881531405	338108869318804
338108882299304	338108898214738	338108888566220
338108899745679	338108914898071	338108905968137
338108917906137	338108931581404	338108924108720
338108932926262	338108948264737	338108939190970
338108950894637	338108964948070	338108956575720
338108968193679	338108981631403	338108974418470
338108983660387	338108998314736	338108989482262
338109000770929	338109014998069	338109006982720
338109017205470	338109031681402	338109023428970
338109033708679	338109048364735	338109039965470
338109051124762	338109065048068	338109057375845
338109068531304	338109081731401	338109074798470
338109083809470	338109098414734	338109090083054
338109098889054	338109115098067	338109105161012
338109116253012	338109131781400	338109122511804
338109131890095	338109148464733	338109138229387
338109150275095	338109165148066	338109156570845
338109170518179	338109181831399	338109176814804
338109190031845	338109198514732	338109196270804
338109206690720	338109215198065	338109212974512
338109224319220	338109231881398	338109230597137
338109240752887	338109248564731	338109247015137
338109257887720	338109265248064	338109264249429
338109282615971	338109281931397	338109288413887
338109306040262	338109315298063	338109312294554
338109375471512	338109382031395	338109381318096
338109389869179	338109398714728	338109396183804

===
16683333
0	0	0
0	0	0
0	0	0
0	0	0
0	0	0
0	0	0
0	0	0
0	0	0
0	0	0
338107052328928	338107063048108	338107064998594
338107070879719	338107079731441	338107086054844
338107094996886	338107096414774	338107110077136
338107108340261	338107113098107	338107125952594
338107125429803	338107146464773	338107147711886
338107137020261	338107163148106	338107155472761
338107166191345	338107179831439	338107172652261
338107186276220	338107196514772	338107192706386
338107199763136	338107213198105	338107206216178
338107216039761	338107229881438	338107222467386
338107232947178	338107263248104	338107239304386
338107250129595	338107279931437	338107256480636
338107268050970	338107296614770	338107274452553
338107285354803	338107313298103	338107291815220
338107301084136	338107329981436	338107307529970
338107319112261	338107346664769	338107325450220
338107336656011	338107363348102	338107342945761
338107352305511	338107380031435	338107358428345
338107369782761	338107396714768	338107375785845
338107865315262	338107897214758	338107883895387
338107887931553	338107913898091	338107912660012
338107912921553	338107947264757	338107939083637
338107926718387	338107963948090	338107966451512
338107958979887	338107997314756	338107992983470
338107974806553	338108013998089	338108003965095
338108007177220	338108030681422	338108015873220
338108024295928	338108047364755	338108032986053
338108040178970	338108064048088	338108048823762
338108057618720	338108080731421	338108066335345
338108077921137	338108097414754	338108086599720
338108094904262	338108114098087	338108103535887
338108114095220	338108130781420	338108120356887
338108126156095	338108147464753	338108132397970
338108143440595	338108164148086	338108149666053
338108160043678	338108180831419	338108166227137
338108178010678	338108197514752	338108184211803
338108193825012	338108214198085	338108199917220
338108210891220	338108230881418	338108217071970
338108228876512	338108247564751	338108235052512
338108242936595	338108264248084	338108248951762
338108264383470	338108280931417	338108270566137
338108276208095	338108297614750	338108282347595
338108292896512	338108314298083	338108299085053
338108309782845	338108330981416	338108315967428
338108327829303	338108347664749	338108333959595
338108345026303	338108364348082	338108351147928
338108360946012	338108381031415	338108366928262
338108377299595	338108397714748	338108383520053
338108395763262	338108414398081	338108401822637
338108411217887	338108431081414	338108417422553
338108428940303	338108447764747	338108435125053
338108446033553	338108464448080	338108452243637
338108464435053	338108481131413	338108470616137
338108480184678	338108497814746	338108486278928
338108494774637	338108514498079	338108500964762
338108511643595	338108531181412	338108517843012
338108527976095	338108547864745	338108534179637
338108543787845	338108564548078	338108550033303
338108565015512	338108581231411	338108571181054
338108577776554	338108597914744	338108584199220
338108597528887	338108614598077	338108604236470
338108613048304	338108631281410	338108619727720
338108629540054	338108647964743	338108636226345
338108646406970	338108664648076	338108653100595
338108663303387	338108681331409	338108669919637
338108680040929	338108698014742	338108686681387
338108696898095	338108714698075	338108703568345
338108713555845	338108731381408	338108720242345
338108729815595	338108748064741	338108736138804
338108746867470	338108764748074	338108753148762
338108762817970	338108781431407	338108769062595
338108779007429	338108798114740	338108785286137
338108795848554	338108814798073	338108802124595
338108812645262	338108831481406	338108818850929
338108829431762	338108848164739	338108835701304
338108846373429	338108864848072	338108852643679
338108863073512	338108881531405	338108869318804
338108882299304	338108898214738	338108888566220
338108899745679	338108914898071	338108905968137
338108917906137	338108931581404	338108924108720
338108932926262	338108948264737	338108939190970
338108950894637	338108964948070	338108956575720
338108968193679	338108981631403	338108974418470
338108983660387	338108998314736	338108989482262
338109000770929	338109014998069	338109006982720
338109017205470	338109031681402	338109023428970
338109033708679	338109048364735	338109039965470
338109051124762	338109065048068	338109057375845
338109068531304	338109081731401	338109074798470
338109083809470	338109098414734	338109090083054
338109098889054	338109115098067	338109105161012
338109116253012	338109131781400	338109122511804
338109131890095	338109148464733	338109138229387
338109150275095	338109165148066	338109156570845
338109170518179	338109181831399	338109176814804
338109190031845	338109198514732	338109196270804
338109206690720	338109215198065	338109212974512
338109224319220	338109231881398	338109230597137
338109240752887	338109248564731	338109247015137
338109257887720	338109265248064	338109264249429
338109282615971	338109281931397	338109288413887
338109306040262	338109315298063	338109312294554
338109375471512	338109382031395	338109381318096
338109389869179	338109398714728	338109396183804
338109620318596	338109632281390	338109638970179
338110382722388	338110399714708	338110400335221
338110391766971	338110416398041	338110410600846
338110450893763	338110466448040	338110461130929
338110455346679	338110483131373	338110469877596
338110475370013	338110499814706	338110478245679
338110491751596	338110516498039	338110494639429
338110509921096	338110533181372	338110512808346
338110526498471	338110549864705	338110529362513
338110544883888	338110566548038	338110547808263
338110561017179	338110583231371	338110563858388
338110577810971	338110599914704	338110581614554
338110595690804	338110616598037	338110599468013
338110611349221	338110633281370	338110614994138

===
16683333
338107199763136	338107213198105	338107206216178
338107216039761	338107229881438	338107222467386
338107232947178	338107263248104	338107239304386
338107250129595	338107279931437	338107256480636
338107268050970	338107296614770	338107274452553
338107285354803	338107313298103	338107291815220
338107301084136	338107329981436	338107307529970
338107319112261	338107346664769	338107325450220
338107336656011	338107363348102	338107342945761
338107352305511	338107380031435	338107358428345
338107369782761	338107396714768	338107375785845
338107865315262	338107897214758	338107883895387
338107887931553	338107913898091	338107912660012
338107912921553	338107947264757	338107939083637
338107926718387	338107963948090	338107966451512
338107958979887	338107997314756	338107992983470
338107974806553	338108013998089	338108003965095
338108007177220	338108030681422	338108015873220
338108024295928	338108047364755	338108032986053
338108040178970	338108064048088	338108048823762
338108057618720	338108080731421	338108066335345
338108077921137	338108097414754	338108086599720
338108094904262	338108114098087	338108103535887
338108114095220	338108130781420	338108120356887
338108126156095	338108147464753	338108132397970
338108143440595	338108164148086	338108149666053
338108160043678	338108180831419	338108166227137
338108178010678	338108197514752	338108184211803
338108193825012	338108214198085	338108199917220
338108210891220	338108230881418	338108217071970
338108228876512	338108247564751	338108235052512
338108242936595	338108264248084	338108248951762
338108264383470	338108280931417	338108270566137
338108276208095	338108297614750	338108282347595
338108292896512	338108314298083	338108299085053
338108309782845	338108330981416	338108315967428
338108327829303	338108347664749	338108333959595
338108345026303	338108364348082	338108351147928
338108360946012	338108381031415	338108366928262
338108377299595	338108397714748	338108383520053
338108395763262	338108414398081	338108401822637
338108411217887	338108431081414	338108417422553
338108428940303	338108447764747	338108435125053
338108446033553	338108464448080	338108452243637
338108464435053	338108481131413	338108470616137
338108480184678	338108497814746	338108486278928
338108494774637	338108514498079	338108500964762
338108511643595	338108531181412	338108517843012
338108527976095	338108547864745	338108534179637
338108543787845	338108564548078	338108550033303
338108565015512	338108581231411	338108571181054
338108577776554	338108597914744	338108584199220
338108597528887	338108614598077	338108604236470
338108613048304	338108631281410	338108619727720
338108629540054	338108647964743	338108636226345
338108646406970	338108664648076	338108653100595
338108663303387	338108681331409	338108669919637
338108680040929	338108698014742	338108686681387
338108696898095	338108714698075	338108703568345
338108713555845	338108731381408	338108720242345
338108729815595	338108748064741	338108736138804
338108746867470	338108764748074	338108753148762
338108762817970	338108781431407	338108769062595
338108779007429	338108798114740	338108785286137
338108795848554	338108814798073	338108802124595
338108812645262	338108831481406	338108818850929
338108829431762	338108848164739	338108835701304
338108846373429	338108864848072	338108852643679
338108863073512	338108881531405	338108869318804
338108882299304	338108898214738	338108888566220
338108899745679	338108914898071	338108905968137
338108917906137	338108931581404	338108924108720
338108932926262	338108948264737	338108939190970
338108950894637	338108964948070	338108956575720
338108968193679	338108981631403	338108974418470
338108983660387	338108998314736	338108989482262
338109000770929	338109014998069	338109006982720
338109017205470	338109031681402	338109023428970
338109033708679	338109048364735	338109039965470
338109051124762	338109065048068	338109057375845
338109068531304	338109081731401	338109074798470
338109083809470	338109098414734	338109090083054
338109098889054	338109115098067	338109105161012
338109116253012	338109131781400	338109122511804
338109131890095	338109148464733	338109138229387
338109150275095	338109165148066	338109156570845
338109170518179	338109181831399	338109176814804
338109190031845	338109198514732	338109196270804
338109206690720	338109215198065	338109212974512
338109224319220	338109231881398	338109230597137
338109240752887	338109248564731	338109247015137
338109257887720	338109265248064	338109264249429
338109282615971	338109281931397	338109288413887
338109306040262	338109315298063	338109312294554
338109375471512	338109382031395	338109381318096
338109389869179	338109398714728	338109396183804
338109620318596	338109632281390	338109638970179
338110382722388	338110399714708	338110400335221
338110391766971	338110416398041	338110410600846
338110450893763	338110466448040	338110461130929
338110455346679	338110483131373	338110469877596
338110475370013	338110499814706	338110478245679
338110491751596	338110516498039	338110494639429
338110509921096	338110533181372	338110512808346
338110526498471	338110549864705	338110529362513
338110544883888	338110566548038	338110547808263
338110561017179	338110583231371	338110563858388
338110577810971	338110599914704	338110581614554
338110595690804	338110616598037	338110599468013
338110611349221	338110633281370	338110614994138
338111229883805	338111233881358	338111238663013
338111247219555	338111250564691	338111256025138
338111264471013	338111267248024	338111273266221
338111284522763	338111283931357	338111293246096
338111298376555	338111300614690	338111307136221
338111315843471	338111317298023	338111318681221
338111333078263	338111333981356	338111335991513
338111350954221	338111350664689	338111353859346
338111367335680	338111367348022	338111370251513
338111382807180	338111384031355	338111385663555
338111399649097	338111400714688	338111402050347
338111416774430	338111417398021	338111419621430
338111433970013	338111434081354	338111437687888
338111455772847	338111450764687	338111459454722
338111467254138	338111467448020	338111470908222
338111483554097	338111484131353	338111487022263
338111499798222	338111500814686	338111503461305

===
16683333
338108812645262	338108831481406	338108818850929
338108829431762	338108848164739	338108835701304
338108846373429	338108864848072	338108852643679
338108863073512	338108881531405	338108869318804
338108882299304	338108898214738	338108888566220
338108899745679	338108914898071	338108905968137
338108917906137	338108931581404	338108924108720
338108932926262	338108948264737	338108939190970
338108950894637	338108964948070	338108956575720
338108968193679	338108981631403	338108974418470
338108983660387	338108998314736	338108989482262
338109000770929	338109014998069	338109006982720
338109017205470	338109031681402	338109023428970
338109033708679	338109048364735	338109039965470
338109051124762	338109065048068	338109057375845
338109068531304	338109081731401	338109074798470
338109083809470	338109098414734	338109090083054
338109098889054	338109115098067	338109105161012
338109116253012	338109131781400	338109122511804
338109131890095	338109148464733	338109138229387
338109150275095	338109165148066	338109156570845
338109170518179	338109181831399	338109176814804
338109190031845	338109198514732	338109196270804
338109206690720	338109215198065	338109212974512
338109224319220	338109231881398	338109230597137
338109240752887	338109248564731	338109247015137
338109257887720	338109265248064	338109264249429
338109282615971	338109281931397	338109288413887
338109306040262	338109315298063	338109312294554
338109375471512	338109382031395	338109381318096
338109389869179	338109398714728	338109396183804
338109620318596	338109632281390	338109638970179
338110382722388	338110399714708	338110400335221
338110391766971	338110416398041	338110410600846
338110450893763	338110466448040	338110461130929
338110455346679	338110483131373	338110469877596
338110475370013	338110499814706	338110478245679
338110491751596	338110516498039	338110494639429
338110509921096	338110533181372	338110512808346
338110526498471	338110549864705	338110529362513
338110544883888	338110566548038	338110547808263
338110561017179	338110583231371	338110563858388
338110577810971	338110599914704	338110581614554
338110595690804	338110616598037	338110599468013
338110611349221	338110633281370	338110614994138
338111229883805	338111233881358	338111238663013
338111247219555	338111250564691	338111256025138
338111264471013	338111267248024	338111273266221
338111284522763	338111283931357	338111293246096
338111298376555	338111300614690	338111307136221
338111315843471	338111317298023	338111318681221
338111333078263	338111333981356	338111335991513
338111350954221	338111350664689	338111353859346
338111367335680	338111367348022	338111370251513
338111382807180	338111384031355	338111385663555
338111399649097	338111400714688	338111402050347
338111416774430	338111417398021	338111419621430
338111433970013	338111434081354	338111437687888
338111455772847	338111450764687	338111459454722
338111467254138	338111467448020	338111470908222
338111483554097	338111484131353	338111487022263
338111499798222	338111500814686	338111503461305
338112089171972	338112101414674	338112098368472
338112106070639	338112134781340	338112117730847
338112119813264	338112151464673	338112131533514
338112138552305	338112168148006	338112150291889
338112154962264	338112184831339	338112166884222
338112171777264	338112201514672	338112181359222
338112189275805	338112218198005	338112193052014
338112206460097	338112234881338	338112210297805
338112222640389	338112251564671	338112226444639
338112239926472	338112268248004	338112243131180
338112255652097	338112284931337	338112258739139
338112272661514	338112301614670	338112275756097
338112289253472	338112318298003	338112292378264
338112305891805	338112334981336	338112308974014
338112322632264	338112351664669	338112325697847
338112339663889	338112368348002	338112342621764
338112356346472	338112385031335	338112359414264
338112373089389	338112401714668	338112376180264
338112391855097	338112418398001	338112394864722
338112409367472	338112435081334	338112413268389
338112424369180	338112451764667	338112428512180
338112441977389	338112468448000	338112446046222
338112459688389	338112485131333	338112463771639
338112477301639	338112501814666	338112482125597
338112491877764	338112518497999	338112496795764
338112508389930	338112535181332	338112513352972
338112525408639	338112551864665	338112530427389
338112542257555	338112568547998	338112547258222
338112558799847	338112585231331	338112563779555
338112575871222	338112601914664	338112580934389
338112594342139	338112618597997	338112599394264
338112609171555	338112635281330	338112612929264
338112625822305	338112651964663	338112628887889
338112642956889	338112668647996	338112646052430
338112659407305	338112685331329	338112662496139
338112677227472	338112702014662	338112680311430
338112693013847	338112718697995	338112696088055
338112709366472	338112735381328	338112712457430
338112726080555	338112752064661	338112729375972
338112743098264	338112768747994	338112747048222
338112760177431	338112785431327	338112763692306
338112781825847	338112802114660	338112783402097
338112794299556	338112818797993	338112798230431
338112810641056	338112835481326	338112814577389
338112827521847	338112852164659	338112831457431
338112844403056	338112868847992	338112848366014
338112885247347	338112885531325	338112889339681
338112890866431	338112902214658	338112894879181
338112905134639	338112918897991	338112909134472
338112918643847	338112935581324	338112922645972
338112950492681	338112952264657	338112953539181
338112959178181	338112968947990	338112962176347
338112968268431	338112985631323	338112971338431
338112983370931	338113002314656	338112986330097
338112999437222	338113018997989	338113002496722
338113015456264	338113035681322	338113018421722
338113029125972	338113052364655	338113032103722
338113045561806	338113069047988	338113048567014
338113062147972	338113085731321	338113065136139
338113079265056	338113102414654	338113082216431
338113095807306	338113119097987	338113098825847
338113112864347	338113135781320	338113115829556
338113198056597	338113202514652	338113203472472
338113214882931	338113219197985	338113221701972
338113229832972	338113235881318	338113236625722

===
16683333
338112206460097	338112234881338	338112210297805
338112222640389	338112251564671	338112226444639
338112239926472	338112268248004	338112243131180
338112255652097	338112284931337	338112258739139
338112272661514	338112301614670	338112275756097
338112289253472	338112318298003	338112292378264
338112305891805	338112334981336	338112308974014
338112322632264	338112351664669	338112325697847
338112339663889	338112368348002	338112342621764
338112356346472	338112385031335	338112359414264
338112373089389	338112401714668	338112376180264
338112391855097	338112418398001	338112394864722
338112409367472	338112435081334	338112413268389
338112424369180	338112451764667	338112428512180
338112441977389	338112468448000	338112446046222
338112459688389	338112485131333	338112463771639
338112477301639	338112501814666	338112482125597
338112491877764	338112518497999	338112496795764
338112508389930	338112535181332	338112513352972
338112525408639	338112551864665	338112530427389
338112542257555	338112568547998	338112547258222
338112558799847	338112585231331	338112563779555
338112575871222	338112601914664	338112580934389
338112594342139	338112618597997	338112599394264
338112609171555	338112635281330	338112612929264
338112625822305	338112651964663	338112628887889
338112642956889	338112668647996	338112646052430
338112659407305	338112685331329	338112662496139
338112677227472	338112702014662	338112680311430
338112693013847	338112718697995	338112696088055
338112709366472	338112735381328	338112712457430
338112726080555	338112752064661	338112729375972
338112743098264	338112768747994	338112747048222
338112760177431	338112785431327	338112763692306
338112781825847	338112802114660	338112783402097
338112794299556	338112818797993	338112798230431
338112810641056	338112835481326	338112814577389
338112827521847	338112852164659	338112831457431
338112844403056	338112868847992	338112848366014
338112885247347	338112885531325	338112889339681
338112890866431	338112902214658	338112894879181
338112905134639	338112918897991	338112909134472
338112918643847	338112935581324	338112922645972
338112950492681	338112952264657	338112953539181
338112959178181	338112968947990	338112962176347
338112968268431	338112985631323	338112971338431
338112983370931	338113002314656	338112986330097
338112999437222	338113018997989	338113002496722
338113015456264	338113035681322	338113018421722
338113029125972	338113052364655	338113032103722
338113045561806	338113069047988	338113048567014
338113062147972	338113085731321	338113065136139
338113079265056	338113102414654	338113082216431
338113095807306	338113119097987	338113098825847
338113112864347	338113135781320	338113115829556
338113198056597	338113202514652	338113203472472
338113214882931	338113219197985	338113221701972
338113229832972	338113235881318	338113236625722
338113246720889	338113252564651	338113253425347
338113263505556	338113269247984	338113270221306
338113280090597	338113285931317	338113286689306
338113297693139	338113302614650	338113304264222
338113313332097	338113319297983	338113319904431
338113330366722	338113335981316	338113336909556
338113346903139	338113352664649	338113352370556
338113363834972	338113369347982	338113366929597
338113380338222	338113386031315	338113383389389
338113397019139	338113402714648	338113400105597
338113414055889	338113419397981	338113417101847
338113430589722	338113436081314	338113433662431
338113447481222	338113452764647	338113450468431
338113464306514	338113469447980	338113467421181
338113481169431	338113486131313	338113484282848
338113498001723	338113502814646	338113501022348
338113516135306	338113519497979	338113519069639
338113532786639	338113536181312	338113535893431
338113549154806	338113552864645	338113552246014
338113565797639	338113569547978	338113569763306
338113596359348	338113602914644	338113600376306
338113605117056	338113619597977	338113609957431
338113617879014	338113636281310	338113622816348
338113634046639	338113652964643	338113639071681
338113651210056	338113669647976	338113656250639
338113667882681	338113686331309	338113672717889
338113684763264	338113703014642	338113688666514
338113702758556	338113719697975	338113706569848
338113718763806	338113736381308	338113722565973
338113734667639	338113753064641	338113737918431
338113751832639	338113769747974	338113754922556
338113768172598	338113786431307	338113771239931
338113785225806	338113803114640	338113788324473
338113801687098	338113819797973	338113804755931
338113818170389	338113836481306	338113821267264
338113834807848	338113853164639	338113837886848
338113852068181	338113869847972	338113855025973
338113868518098	338113886531305	338113871614014
338113887240306	338113903214638	338113890256181
338113904264931	338113919897971	338113908116306
338113919650514	338113936581304	338113923639806
338113936638306	338113953264637	338113940487973
338113953724431	338113969947970	338113957713056
338113983093348	338113986631303	338113987151264
338113997425014	338114003314636	338114001495889
338114004044431	338114019997969	338114008067014
338114020332681	338114036681302	338114024320639
338114037257223	338114053364635	338114041143889
338114080795139	338114086731301	338114084937723
338114088422056	338114103414634	338114092376723
338114105683389	338114120097967	338114109280389
338114121990181	338114136781300	338114125043264
338114138717223	338114153464633	338114141709848
338114154505889	338114170147966	338114157476598
338114171031640	338114186831299	338114174031140
338114187771681	338114203514632	338114190743431
338114204536765	338114220197965	338114207511348
338114221556140	338114236881298	338114224488640
338114238078640	338114253564631	338114241051848
338114323394848	338114320297963	338114332865681
338114339070431	338114336981296	338114351178390
338114354848931	338114353664629	338114366707390
338114371687265	338114370347962	338114383548390
338114388491431	338114387031295	338114400360598
338114405312681	338114403714628	338114416912723
338114422212265	338114420397961	338114427471431
338114438942640	338114437081294	338114442785390
338114455815098	338114453764627	338114459647015
338114472604223	338114487131293	338114475877765

===
16683333
338113430589722	338113436081314	338113433662431
338113447481222	338113452764647	338113450468431
338113464306514	338113469447980	338113467421181
338113481169431	338113486131313	338113484282848
338113498001723	338113502814646	338113501022348
338113516135306	338113519497979	338113519069639
338113532786639	338113536181312	338113535893431
338113549154806	338113552864645	338113552246014
338113565797639	338113569547978	338113569763306
338113596359348	338113602914644	338113600376306
338113605117056	338113619597977	338113609957431
338113617879014	338113636281310	338113622816348
338113634046639	338113652964643	338113639071681
338113651210056	338113669647976	338113656250639
338113667882681	338113686331309	338113672717889
338113684763264	338113703014642	338113688666514
338113702758556	338113719697975	338113706569848
338113718763806	338113736381308	338113722565973
338113734667639	338113753064641	338113737918431
338113751832639	338113769747974	338113754922556
338113768172598	338113786431307	338113771239931
338113785225806	338113803114640	338113788324473
338113801687098	338113819797973	338113804755931
338113818170389	338113836481306	338113821267264
338113834807848	338113853164639	338113837886848
338113852068181	338113869847972	338113855025973
338113868518098	338113886531305	338113871614014
338113887240306	338113903214638	338113890256181
338113904264931	338113919897971	338113908116306
338113919650514	338113936581304	338113923639806
338113936638306	338113953264637	338113940487973
338113953724431	338113969947970	338113957713056
338113983093348	338113986631303	338113987151264
338113997425014	338114003314636	338114001495889
338114004044431	338114019997969	338114008067014
338114020332681	338114036681302	338114024320639
338114037257223	338114053364635	338114041143889
338114080795139	338114086731301	338114084937723
338114088422056	338114103414634	338114092376723
338114105683389	338114120097967	338114109280389
338114121990181	338114136781300	338114125043264
338114138717223	338114153464633	338114141709848
338114154505889	338114170147966	338114157476598
338114171031640	338114186831299	338114174031140
338114187771681	338114203514632	338114190743431
338114204536765	338114220197965	338114207511348
338114221556140	338114236881298	338114224488640
338114238078640	338114253564631	338114241051848
338114323394848	338114320297963	338114332865681
338114339070431	338114336981296	338114351178390
338114354848931	338114353664629	338114366707390
338114371687265	338114370347962	338114383548390
338114388491431	338114387031295	338114400360598
338114405312681	338114403714628	338114416912723
338114422212265	338114420397961	338114427471431
338114438942640	338114437081294	338114442785390
338114455815098	338114453764627	338114459647015
338114472604223	338114487131293	338114475877765
338114489777306	338114503814626	338114492908306
338114506865306	338114520497959	338114510015681
338114523157348	338114537181292	338114526271056
338114539511390	338114553864625	338114542662556
338114557437390	338114570547958	338114560520015
338114572899681	338114587231291	338114575994598
338114589701140	338114603914624	338114592763015
338114607508973	338114620597957	338114610596015
338114625389473	338114637281290	338114628511390
338114641973431	338114653964623	338114645951348
338114658590973	338114670647956	338114662533431
338114674528723	338114687331289	338114678591223
338114705562723	338114720697955	338114709487765
338114713967806	338114737381288	338114718764306
338114726501515	338114754064621	338114731419515
338114742896431	338114770747954	338114747920806
338114759645181	338114787431287	338114764724765
338114776628015	338114804114620	338114781647765
338114792944598	338114820797953	338114797933931
338114810037515	338114837481286	338114815031056
338114827794015	338114854164619	338114832718723
338114843817348	338114870847952	338114847874306
338114860584182	338114887531285	338114863678640
338114877736932	338114904214618	338114880820848
338114894496765	338114920897951	338114897587307
338114910356557	338114937581284	338114913437557
338114928096390	338114954264617	338114931093223
338114943662932	338114970947950	338114946738140
338114960749265	338114987631283	338114964671848
338114977418182	338115004314616	338114981393682
338114996314307	338115020997949	338115000219723
338115011581890	338115037681282	338115015529890
338115028716557	338115054364615	338115032606432
338115045408140	338115071047948	338115049356932
338115083419098	338115087731281	338115087418015
338115093678890	338115104414614	338115097749015
338115103439348	338115121097947	338115107457932
338115119228848	338115137781280	338115123243640
338115129216390	338115154464613	338115133180515
338115171770557	338115187831279	338115175583182
338115177325723	338115204514612	338115181272223
338115199165098	338115221197945	338115203197557
338115214999640	338115237881278	338115218914848
338115229319807	338115254564611	338115233148848
338115246279015	338115271247944	338115250164182
338115263050807	338115287931277	338115266871640
338115279797473	338115304614610	338115282817515
338115296582890	338115321297943	338115299593848
338115313510932	338115337981276	338115316489015
338115330204098	338115354664609	338115333122348
338115346948890	338115371347942	338115349895182
338115431925848	338115438081274	338115437279140
338115449475057	338115454764607	338115456260515
338115463839807	338115471447940	338115470615807
338115480538765	338115488131273	338115487269390
338115497209015	338115504814606	338115503951140
338115514053473	338115521497939	338115520647557
338115530725390	338115538181272	338115537314598
338115547621557	338115554864605	338115554284390
338115565309349	338115571547938	338115571920974
338115580799765	338115588231271	338115586321640
338115598705682	338115604914604	338115602453057
338115614591557	338115621597937	338115617672390
338115632183932	338115638281270	338115635227015
338115648218724	338115654964603	338115651236432
338115664989349	338115671647936	338115668103849
338115681397557	338115688331269	338115684518765
338115698082307	338115705014602	338115701234890
338115715387015	338115721697935	338115718490140

===
16683333
338114371687265	338114370347962	338114383548390
338114388491431	338114387031295	338114400360598
338114405312681	338114403714628	338114416912723
338114422212265	338114420397961	338114427471431
338114438942640	338114437081294	338114442785390
338114455815098	338114453764627	338114459647015
338114472604223	338114487131293	338114475877765
338114489777306	338114503814626	338114492908306
338114506865306	338114520497959	338114510015681
338114523157348	338114537181292	338114526271056
338114539511390	338114553864625	338114542662556
338114557437390	338114570547958	338114560520015
338114572899681	338114587231291	338114575994598
338114589701140	338114603914624	338114592763015
338114607508973	338114620597957	338114610596015
338114625389473	338114637281290	338114628511390
338114641973431	338114653964623	338114645951348
338114658590973	338114670647956	338114662533431
338114674528723	338114687331289	338114678591223
338114705562723	338114720697955	338114709487765
338114713967806	338114737381288	338114718764306
338114726501515	338114754064621	338114731419515
338114742896431	338114770747954	338114747920806
338114759645181	338114787431287	338114764724765
338114776628015	338114804114620	338114781647765
338114792944598	338114820797953	338114797933931
338114810037515	338114837481286	338114815031056
338114827794015	338114854164619	338114832718723
338114843817348	338114870847952	338114847874306
338114860584182	338114887531285	338114863678640
338114877736932	338114904214618	338114880820848
338114894496765	338114920897951	338114897587307
338114910356557	338114937581284	338114913437557
338114928096390	338114954264617	338114931093223
338114943662932	338114970947950	338114946738140
338114960749265	338114987631283	338114964671848
338114977418182	338115004314616	338114981393682
338114996314307	338115020997949	338115000219723
338115011581890	338115037681282	338115015529890
338115028716557	338115054364615	338115032606432
338115045408140	338115071047948	338115049356932
338115083419098	338115087731281	338115087418015
338115093678890	338115104414614	338115097749015
338115103439348	338115121097947	338115107457932
338115119228848	338115137781280	338115123243640
338115129216390	338115154464613	338115133180515
338115171770557	338115187831279	338115175583182
338115177325723	338115204514612	338115181272223
338115199165098	338115221197945	338115203197557
338115214999640	338115237881278	338115218914848
338115229319807	338115254564611	338115233148848
338115246279015	338115271247944	338115250164182
338115263050807	338115287931277	338115266871640
338115279797473	338115304614610	338115282817515
338115296582890	338115321297943	338115299593848
338115313510932	338115337981276	338115316489015
338115330204098	338115354664609	338115333122348
338115346948890	338115371347942	338115349895182
338115431925848	338115438081274	338115437279140
338115449475057	338115454764607	338115456260515
338115463839807	338115471447940	338115470615807
338115480538765	338115488131273	338115487269390
338115497209015	338115504814606	338115503951140
338115514053473	338115521497939	338115520647557
338115530725390	338115538181272	338115537314598
338115547621557	338115554864605	338115554284390
338115565309349	338115571547938	338115571920974
338115580799765	338115588231271	338115586321640
338115598705682	338115604914604	338115602453057
338115614591557	338115621597937	338115617672390
338115632183932	338115638281270	338115635227015
338115648218724	338115654964603	338115651236432
338115664989349	338115671647936	338115668103849
338115681397557	338115688331269	338115684518765
338115698082307	338115705014602	338115701234890
338115715387015	338115721697935	338115718490140
338115732345932	338115738381268	338115735456807
338115749606557	338115755064601	338115752833307
338115766687682	338115771747934	338115769759099
338115783205599	338115788431267	338115786418682
338115812821057	338115821797933	338115815947432
338115820028890	338115838481266	338115824632474
338115837946599	338115855164599	338115842800265
338115852234765	338115871847932	338115857193682
338115868423682	338115888531265	338115873499224
338115885288890	338115905214598	338115890211599
338115902101140	338115921897931	338115907018599
338115918840182	338115938581264	338115923037932
338115936728724	338115955264597	338115940587724
338115952117349	338115971947930	338115955281307
338115969011557	338115988631263	338115972100890
338115985580474	338116005314596	338115988638682
338116002426015	338116021997929	338116005515932
338116019087849	338116038681262	338116022180390
338116035895890	338116055364595	338116038976765
338116052607640	338116072047928	338116055676307
338116069357557	338116088731261	338116072410224
338116086072515	338116105414594	338116089123599
338116103015765	338116122097927	338116106091474
338116121980515	338116138781260	338116124978599
338116138826890	338116155464593	338116142744307
338116154202557	338116172147926	338116158254265
338116170626974	338116188831259	338116174623307
338116187473265	338116205514592	338116191520807
338116228778974	338116222197925	338116232843140
338116234276765	338116238881258	338116238307765
338116246918307	338116255564591	338116250990265
338116261726099	338116272247924	338116265545557
338116273952057	338116288931257	338116277757599
338116311132307	338116305614590	338116315051057
338116321574182	338116322297923	338116325524557
338116330441391	338116338981256	338116334279266
338116345682807	338116355664589	338116349285891
338116359674391	338116372347922	338116362652057
338116373082099	338116389031255	338116376072391
338116389326599	338116405714588	338116392320516
338116406318557	338116422397921	338116409333266
338116422048891	338116439081254	338116425033641
338116438913807	338116455764587	338116441882224
338116455817141	338116472447920	338116458741099
338116841314057	338116839481246	338116850306266
338116863134516	338116889531245	338116872613141
338116876319224	338116906214578	338116888335391
338116892836932	338116922897911	338116904719724
338116910753474	338116939581244	338116922609474
338116926745599	338116956264577	338116938582307
338116943667516	338116972947910	338116955433558

===
16683333
338115279797473	338115304614610	338115282817515
338115296582890	338115321297943	338115299593848
338115313510932	338115337981276	338115316489015
338115330204098	338115354664609	338115333122348
338115346948890	338115371347942	338115349895182
338115431925848	338115438081274	338115437279140
338115449475057	338115454764607	338115456260515
338115463839807	338115471447940	338115470615807
338115480538765	338115488131273	338115487269390
338115497209015	338115504814606	338115503951140
338115514053473	338115521497939	338115520647557
338115530725390	338115538181272	338115537314598
338115547621557	338115554864605	338115554284390
338115565309349	338115571547938	338115571920974
338115580799765	338115588231271	338115586321640
338115598705682	338115604914604	338115602453057
338115614591557	338115621597937	338115617672390
338115632183932	338115638281270	338115635227015
338115648218724	338115654964603	338115651236432
338115664989349	338115671647936	338115668103849
338115681397557	338115688331269	338115684518765
338115698082307	338115705014602	338115701234890
338115715387015	338115721697935	338115718490140
338115732345932	338115738381268	338115735456807
338115749606557	338115755064601	338115752833307
338115766687682	338115771747934	338115769759099
338115783205599	338115788431267	338115786418682
338115812821057	338115821797933	338115815947432
338115820028890	338115838481266	338115824632474
338115837946599	338115855164599	338115842800265
338115852234765	338115871847932	338115857193682
338115868423682	338115888531265	338115873499224
338115885288890	338115905214598	338115890211599
338115902101140	338115921897931	338115907018599
338115918840182	338115938581264	338115923037932
338115936728724	338115955264597	338115940587724
338115952117349	338115971947930	338115955281307
338115969011557	338115988631263	338115972100890
338115985580474	338116005314596	338115988638682
338116002426015	338116021997929	338116005515932
338116019087849	338116038681262	338116022180390
338116035895890	338116055364595	338116038976765
338116052607640	338116072047928	338116055676307
338116069357557	338116088731261	338116072410224
338116086072515	338116105414594	338116089123599
338116103015765	338116122097927	338116106091474
338116121980515	338116138781260	338116124978599
338116138826890	338116155464593	338116142744307
338116154202557	338116172147926	338116158254265
338116170626974	338116188831259	338116174623307
338116187473265	338116205514592	338116191520807
338116228778974	338116222197925	338116232843140
338116234276765	338116238881258	338116238307765
338116246918307	338116255564591	338116250990265
338116261726099	338116272247924	338116265545557
338116273952057	338116288931257	338116277757599
338116311132307	338116305614590	338116315051057
338116321574182	338116322297923	338116325524557
338116330441391	338116338981256	338116334279266
338116345682807	338116355664589	338116349285891
338116359674391	338116372347922	338116362652057
338116373082099	338116389031255	338116376072391
338116389326599	338116405714588	338116392320516
338116406318557	338116422397921	338116409333266
338116422048891	338116439081254	338116425033641
338116438913807	338116455764587	338116441882224
338116455817141	338116472447920	338116458741099
338116841314057	338116839481246	338116850306266
338116863134516	338116889531245	338116872613141
338116876319224	338116906214578	338116888335391
338116892836932	338116922897911	338116904719724
338116910753474	338116939581244	338116922609474
338116926745599	338116956264577	338116938582307
338116943667516	338116972947910	338116955433558
338116961007349	338116989631243	338116972816016
338116979896558	338117006314576	338116989759808
338116996180224	338117022997909	338117000803683
338117010815724	338117039681242	338117014919016
338117027499099	338117056364575	338117031555974
338117044236808	338117073047908	338117048318599
338117061391349	338117089731241	338117065428516
338117078166933	338117106414574	338117082189516
338117095645599	338117123097907	338117099116683
338117111836016	338117139781240	338117115985558
338117128672516	338117156464573	338117132913349
338117145001266	338117173147906	338117149235016
338117161738016	338117189831239	338117165977016
338117179232474	338117206514572	338117183308933
338117195842433	338117223197905	338117200043183
338117214340433	338117239881238	338117218639683
338117231459308	338117256564571	338117236462558
338117246243891	338117273247904	338117251231058
338117263845016	338117289931237	338117268214224
338117279941683	338117306614570	338117284356516
338117296895474	338117323297903	338117301265266
338117313765891	338117339981236	338117318115933
338117332091516	338117356664569	338117336520974
338117347738433	338117373347902	338117352866141
338117364901849	338117390031235	338117369246224
338117380494349	338117406714568	338117384846933
338117397367058	338117423397901	338117401770891
338117413869474	338117440081234	338117418128224
338117431317349	338117456764567	338117435538641
338117447269558	338117473447900	338117451529683
338117464081891	338117490131233	338117468337349
338117481408308	338117506814566	338117484905516
338117497450891	338117523497899	338117500838391
338117514607349	338117540181232	338117517987016
338117531897474	338117556864565	338117535286433
338117548091933	338117573547898	338117551431308
338117564699516	338117590231231	338117568085683
338117581505099	338117606914564	338117584903599
338117598244308	338117623597897	338117601616266
338117615739974	338117640281230	338117618977433
338117633945183	338117656964563	338117638042224
338117650789766	338117673647896	338117654937391
338117668293225	338117690331229	338117672465016
338117684718266	338117707014562	338117688837058
338117702864100	338117723697895	338117706770266
338117718269308	338117740381228	338117722197850
338117734443308	338117757064561	338117738381141
338117751274558	338117773747894	338117755209433
338117769074475	338117790431227	338117773028683
338117785870266	338117807114560	338117789786683
338117803919433	338117823797893	338117807938766
338117818592350	338117840481226	338117822587641
338117837386975	338117857164559	338117841152141

===
16683333
338115766687682	338115771747934	338115769759099
338115783205599	338115788431267	338115786418682
338115812821057	338115821797933	338115815947432
338115820028890	338115838481266	338115824632474
338115837946599	338115855164599	338115842800265
338115852234765	338115871847932	338115857193682
338115868423682	338115888531265	338115873499224
338115885288890	338115905214598	338115890211599
338115902101140	338115921897931	338115907018599
338115918840182	338115938581264	338115923037932
338115936728724	338115955264597	338115940587724
338115952117349	338115971947930	338115955281307
338115969011557	338115988631263	338115972100890
338115985580474	338116005314596	338115988638682
338116002426015	338116021997929	338116005515932
338116019087849	338116038681262	338116022180390
338116035895890	338116055364595	338116038976765
338116052607640	338116072047928	338116055676307
338116069357557	338116088731261	338116072410224
338116086072515	338116105414594	338116089123599
338116103015765	338116122097927	338116106091474
338116121980515	338116138781260	338116124978599
338116138826890	338116155464593	338116142744307
338116154202557	338116172147926	338116158254265
338116170626974	338116188831259	338116174623307
338116187473265	338116205514592	338116191520807
338116228778974	338116222197925	338116232843140
338116234276765	338116238881258	338116238307765
338116246918307	338116255564591	338116250990265
338116261726099	338116272247924	338116265545557
338116273952057	338116288931257	338116277757599
338116311132307	338116305614590	338116315051057
338116321574182	338116322297923	338116325524557
338116330441391	338116338981256	338116334279266
338116345682807	338116355664589	338116349285891
338116359674391	338116372347922	338116362652057
338116373082099	338116389031255	338116376072391
338116389326599	338116405714588	338116392320516
338116406318557	338116422397921	338116409333266
338116422048891	338116439081254	338116425033641
338116438913807	338116455764587	338116441882224
338116455817141	338116472447920	338116458741099
338116841314057	338116839481246	338116850306266
338116863134516	338116889531245	338116872613141
338116876319224	338116906214578	338116888335391
338116892836932	338116922897911	338116904719724
338116910753474	338116939581244	338116922609474
338116926745599	338116956264577	338116938582307
338116943667516	338116972947910	338116955433558
338116961007349	338116989631243	338116972816016
338116979896558	338117006314576	338116989759808
338116996180224	338117022997909	338117000803683
338117010815724	338117039681242	338117014919016
338117027499099	338117056364575	338117031555974
338117044236808	338117073047908	338117048318599
338117061391349	338117089731241	338117065428516
338117078166933	338117106414574	338117082189516
338117095645599	338117123097907	338117099116683
338117111836016	338117139781240	338117115985558
338117128672516	338117156464573	338117132913349
338117145001266	338117173147906	338117149235016
338117161738016	338117189831239	338117165977016
338117179232474	338117206514572	338117183308933
338117195842433	338117223197905	338117200043183
338117214340433	338117239881238	338117218639683
338117231459308	338117256564571	338117236462558
338117246243891	338117273247904	338117251231058
338117263845016	338117289931237	338117268214224
338117279941683	338117306614570	338117284356516
338117296895474	338117323297903	338117301265266
338117313765891	338117339981236	338117318115933
338117332091516	338117356664569	338117336520974
338117347738433	338117373347902	338117352866141
338117364901849	338117390031235	338117369246224
338117380494349	338117406714568	338117384846933
338117397367058	338117423397901	338117401770891
338117413869474	338117440081234	338117418128224
338117431317349	338117456764567	338117435538641
338117447269558	338117473447900	338117451529683
338117464081891	338117490131233	338117468337349
338117481408308	338117506814566	338117484905516
338117497450891	338117523497899	338117500838391
338117514607349	338117540181232	338117517987016
338117531897474	338117556864565	338117535286433
338117548091933	338117573547898	338117551431308
338117564699516	338117590231231	338117568085683
338117581505099	338117606914564	338117584903599
338117598244308	338117623597897	338117601616266
338117615739974	338117640281230	338117618977433
338117633945183	338117656964563	338117638042224
338117650789766	338117673647896	338117654937391
338117668293225	338117690331229	338117672465016
338117684718266	338117707014562	338117688837058
338117702864100	338117723697895	338117706770266
338117718269308	338117740381228	338117722197850
338117734443308	338117757064561	338117738381141
338117751274558	338117773747894	338117755209433
338117769074475	338117790431227	338117773028683
338117785870266	338117807114560	338117789786683
338117803919433	338117823797893	338117807938766
338117818592350	338117840481226	338117822587641
338117837386975	338117857164559	338117841152141
338118271147433	338118274247884	338118279999266
338118361547683	338118374347882	338118372500642
338118387664933	338118391031215	338118396323058
338118424194600	338118457764547	338118466676183
338118430780725	338118491131213	338118494641475
338118473767433	338118507814546	338118505470600
338118521200017	338118524497879	338118529222433
338118527228392	338118541181212	338118535594058
338118543307433	338118557864545	338118549501808
338118558459350	338118574547878	338118564648475
338118577371017	338118591231211	338118582863142
338118593343100	338118607914544	338118598862683
338118610307183	338118624597877	338118616383767
338118625390225	338118641281210	338118631554392
338118642587517	338118657964543	338118648753892
338118660155433	338118674647876	338118666188392
338118675944433	338118691331209	338118682035892
338118692975808	338118708014542	338118699116517
338118710140767	338118724697875	338118716221017
338118726909683	338118741381208	338118732969558
338118743410683	338118758064541	338118749458183
338118760130808	338118774747874	338118766118058
338118776155933	338118791431207	338118782174267
338118793752017	338118808114540	338118799862600
338118811184308	338118824797873	338118817295892

===
16683333
338115766687682	338115771747934	338115769759099
338115783205599	338115788431267	338115786418682
338115812821057	338115821797933	338115815947432
338115820028890	338115838481266	338115824632474
338115837946599	338115855164599	338115842800265
338115852234765	338115871847932	338115857193682
338115868423682	338115888531265	338115873499224
338115885288890	338115905214598	338115890211599
338115902101140	338115921897931	338115907018599
338115918840182	338115938581264	338115923037932
338115936728724	338115955264597	338115940587724
338115952117349	338115971947930	338115955281307
338115969011557	338115988631263	338115972100890
338115985580474	338116005314596	338115988638682
338116002426015	338116021997929	338116005515932
338116019087849	338116038681262	338116022180390
338116035895890	338116055364595	338116038976765
338116052607640	338116072047928	338116055676307
338116069357557	338116088731261	338116072410224
338116086072515	338116105414594	338116089123599
338116103015765	338116122097927	338116106091474
338116121980515	338116138781260	338116124978599
338116138826890	338116155464593	338116142744307
338116154202557	338116172147926	338116158254265
338116170626974	338116188831259	338116174623307
338116187473265	338116205514592	338116191520807
338116228778974	338116222197925	338116232843140
338116234276765	338116238881258	338116238307765
338116246918307	338116255564591	338116250990265
338116261726099	338116272247924	338116265545557
338116273952057	338116288931257	338116277757599
338116311132307	338116305614590	338116315051057
338116321574182	338116322297923	338116325524557
338116330441391	338116338981256	338116334279266
338116345682807	338116355664589	338116349285891
338116359674391	338116372347922	338116362652057
338116373082099	338116389031255	338116376072391
338116389326599	338116405714588	338116392320516
338116406318557	338116422397921	338116409333266
338116422048891	338116439081254	338116425033641
338116438913807	338116455764587	338116441882224
338116455817141	338116472447920	338116458741099
338116841314057	338116839481246	338116850306266
338116863134516	338116889531245	338116872613141
338116876319224	338116906214578	338116888335391
338116892836932	338116922897911	338116904719724
338116910753474	338116939581244	338116922609474
338116926745599	338116956264577	338116938582307
338116943667516	338116972947910	338116955433558
338116961007349	338116989631243	338116972816016
338116979896558	338117006314576	338116989759808
338116996180224	338117022997909	338117000803683
338117010815724	338117039681242	338117014919016
338117027499099	338117056364575	338117031555974
338117044236808	338117073047908	338117048318599
338117061391349	338117089731241	338117065428516
338117078166933	338117106414574	338117082189516
338117095645599	338117123097907	338117099116683
338117111836016	338117139781240	338117115985558
338117128672516	338117156464573	338117132913349
338117145001266	338117173147906	338117149235016
338117161738016	338117189831239	338117165977016
338117179232474	338117206514572	338117183308933
338117195842433	338117223197905	338117200043183
338117214340433	338117239881238	338117218639683
338117231459308	338117256564571	338117236462558
338117246243891	338117273247904	338117251231058
338117263845016	338117289931237	338117268214224
338117279941683	338117306614570	338117284356516
338117296895474	338117323297903	338117301265266
338117313765891	338117339981236	338117318115933
338117332091516	338117356664569	338117336520974
338117347738433	338117373347902	338117352866141
338117364901849	338117390031235	338117369246224
338117380494349	338117406714568	338117384846933
338117397367058	338117423397901	338117401770891
338117413869474	338117440081234	338117418128224
338117431317349	338117456764567	338117435538641
338117447269558	338117473447900	338117451529683
338117464081891	338117490131233	338117468337349
338117481408308	338117506814566	338117484905516
338117497450891	338117523497899	338117500838391
338117514607349	338117540181232	338117517987016
338117531897474	338117556864565	338117535286433
338117548091933	338117573547898	338117551431308
338117564699516	338117590231231	338117568085683
338117581505099	338117606914564	338117584903599
338117598244308	338117623597897	338117601616266
338117615739974	338117640281230	338117618977433
338117633945183	338117656964563	338117638042224
338117650789766	338117673647896	338117654937391
338117668293225	338117690331229	338117672465016
338117684718266	338117707014562	338117688837058
338117702864100	338117723697895	338117706770266
338117718269308	338117740381228	338117722197850
338117734443308	338117757064561	338117738381141
338117751274558	338117773747894	338117755209433
338117769074475	338117790431227	338117773028683
338117785870266	338117807114560	338117789786683
338117803919433	338117823797893	338117807938766
338117818592350	338117840481226	338117822587641
338117837386975	338117857164559	338117841152141
338118271147433	338118274247884	338118279999266
338118361547683	338118374347882	338118372500642
338118387664933	338118391031215	338118396323058
338118424194600	338118457764547	338118466676183
338118430780725	338118491131213	338118494641475
338118473767433	338118507814546	338118505470600
338118521200017	338118524497879	338118529222433
338118527228392	338118541181212	338118535594058
338118543307433	338118557864545	338118549501808
338118558459350	338118574547878	338118564648475
338118577371017	338118591231211	338118582863142
338118593343100	338118607914544	338118598862683
338118610307183	338118624597877	338118616383767
338118625390225	338118641281210	338118631554392
338118642587517	338118657964543	338118648753892
338118660155433	338118674647876	338118666188392
338118675944433	338118691331209	338118682035892
338118692975808	338118708014542	338118699116517
338118710140767	338118724697875	338118716221017
338118726909683	338118741381208	338118732969558
338118743410683	338118758064541	338118749458183
338118760130808	338118774747874	338118766118058
338118776155933	338118791431207	338118782174267
338118793752017	338118808114540	338118799862600
338118811184308	338118824797873	338118817295892

