Applications Graphics Acceleration Info:
Uptime: 339096288 Realtime: 373770398

** Graphics info for pid 21573 [com.auroratv.lab] **

Stats since: 339082055704768ns
Total frames rendered: 492
Janky frames: 22 (4.47%)
Janky frames (legacy): 199 (40.45%)
50th percentile: 15ms
90th percentile: 30ms
95th percentile: 38ms
99th percentile: 121ms
Number Missed Vsync: 5
Number High input latency: 625
Number Slow UI thread: 16
Number Slow bitmap uploads: 6
Number Slow issue draw commands: 16
Number Frame deadline missed: 22
Number Frame deadline missed (legacy): 23
HISTOGRAM: 5ms=0 6ms=0 7ms=9 8ms=38 9ms=69 10ms=53 11ms=38 12ms=19 13ms=8 14ms=4 15ms=11 16ms=18 17ms=8 18ms=6 19ms=6 20ms=15 21ms=9 22ms=25 23ms=38 24ms=37 25ms=9 26ms=8 27ms=5 28ms=2 29ms=3 30ms=5 31ms=8 32ms=4 34ms=6 36ms=5 38ms=2 40ms=1 42ms=1 44ms=0 46ms=1 48ms=2 53ms=4 57ms=2 61ms=3 65ms=1 69ms=0 73ms=0 77ms=2 81ms=0 85ms=1 89ms=0 93ms=1 97ms=0 101ms=0 105ms=0 109ms=0 113ms=0 117ms=0 121ms=1 125ms=0 129ms=0 133ms=0 150ms=0 200ms=0 250ms=1 300ms=0 350ms=0 400ms=1 450ms=0 500ms=1 550ms=0 600ms=0 650ms=0 700ms=1 750ms=0 800ms=0 850ms=0 900ms=0 950ms=0 1000ms=0 1050ms=0 1100ms=0 1150ms=0 1200ms=0 1250ms=0 1300ms=0 1350ms=0 1400ms=0 1450ms=0 1500ms=0 1550ms=0 1600ms=0 1650ms=0 1700ms=0 1750ms=0 1800ms=0 1850ms=0 1900ms=0 1950ms=0 2000ms=0 2050ms=0 2100ms=0 2150ms=0 2200ms=0 2250ms=0 2300ms=0 2350ms=0 2400ms=0 2450ms=0 2500ms=0 2550ms=0 2600ms=0 2650ms=0 2700ms=0 2750ms=0 2800ms=0 2850ms=0 2900ms=0 2950ms=0 3000ms=0 3050ms=0 3100ms=0 3150ms=0 3200ms=0 3250ms=0 3300ms=0 3350ms=0 3400ms=0 3450ms=0 3500ms=0 3550ms=0 3600ms=0 3650ms=0 3700ms=0 3750ms=0 3800ms=0 3850ms=0 3900ms=0 3950ms=0 4000ms=0 4050ms=0 4100ms=0 4150ms=0 4200ms=0 4250ms=0 4300ms=0 4350ms=0 4400ms=0 4450ms=0 4500ms=0 4550ms=0 4600ms=0 4650ms=0 4700ms=0 4750ms=0 4800ms=0 4850ms=0 4900ms=0 4950ms=0
50th gpu percentile: 5ms
90th gpu percentile: 10ms
95th gpu percentile: 13ms
99th gpu percentile: 4950ms
GPU HISTOGRAM: 1ms=0 2ms=0 3ms=0 4ms=149 5ms=121 6ms=25 7ms=113 8ms=13 9ms=7 10ms=19 11ms=5 12ms=7 13ms=16 14ms=1 15ms=1 16ms=1 17ms=2 18ms=3 19ms=1 20ms=1 21ms=0 22ms=0 23ms=1 24ms=0 25ms=0 4950ms=6

Pipeline=Skia (OpenGL)
Memory policy:
  Max surface area: 2073600
  Max resource usage: 99.53MB (x48)
  Background retention: 50% (altUiHidden = true)
  GPU Context timeout: 10
Contexts: 1 (stopped = 0)
CPU Caches:
  Glyph Cache: 1.76 MB (1 entry)
  Glyph Count: 116 
Total CPU memory usage:
  1850419 bytes, 1.76 MB (0.00 bytes is purgeable)
GPU Caches:
  Image:
    Texture: 28.91 MB (102 entries)
  Other:
    Other: 25.50 KB (1 entry)
    Buffer Object: 464.00 bytes (2 entries)
    StencilAttachment: 15.00 KB (4 entries)
  Scratch:
    RenderTarget: 55.67 MB (68 entries)
    Texture: 2.04 MB (5 entries)
    Buffer Object: 78.03 KB (3 entries)
Total GPU memory usage:
  90956288 bytes, 86.74 MB (68.84 MB is purgeable)

Profile data in ms:

	com.auroratv.lab/com.auroratv.MainActivity/android.view.ViewRootImpl@1725dad (visibility=0)
Window: com.auroratv.lab/com.auroratv.MainActivity
Stats since: 339082055703809ns
Total frames rendered: 492
Janky frames: 22 (4.47%)
Janky frames (legacy): 199 (40.45%)
50th percentile: 15ms
90th percentile: 30ms
95th percentile: 38ms
99th percentile: 121ms
Number Missed Vsync: 5
Number High input latency: 625
Number Slow UI thread: 16
Number Slow bitmap uploads: 6
Number Slow issue draw commands: 16
Number Frame deadline missed: 22
Number Frame deadline missed (legacy): 23
HISTOGRAM: 5ms=0 6ms=0 7ms=9 8ms=38 9ms=69 10ms=53 11ms=38 12ms=19 13ms=8 14ms=4 15ms=11 16ms=18 17ms=8 18ms=6 19ms=6 20ms=15 21ms=9 22ms=25 23ms=38 24ms=37 25ms=9 26ms=8 27ms=5 28ms=2 29ms=3 30ms=5 31ms=8 32ms=4 34ms=6 36ms=5 38ms=2 40ms=1 42ms=1 44ms=0 46ms=1 48ms=2 53ms=4 57ms=2 61ms=3 65ms=1 69ms=0 73ms=0 77ms=2 81ms=0 85ms=1 89ms=0 93ms=1 97ms=0 101ms=0 105ms=0 109ms=0 113ms=0 117ms=0 121ms=1 125ms=0 129ms=0 133ms=0 150ms=0 200ms=0 250ms=1 300ms=0 350ms=0 400ms=1 450ms=0 500ms=1 550ms=0 600ms=0 650ms=0 700ms=1 750ms=0 800ms=0 850ms=0 900ms=0 950ms=0 1000ms=0 1050ms=0 1100ms=0 1150ms=0 1200ms=0 1250ms=0 1300ms=0 1350ms=0 1400ms=0 1450ms=0 1500ms=0 1550ms=0 1600ms=0 1650ms=0 1700ms=0 1750ms=0 1800ms=0 1850ms=0 1900ms=0 1950ms=0 2000ms=0 2050ms=0 2100ms=0 2150ms=0 2200ms=0 2250ms=0 2300ms=0 2350ms=0 2400ms=0 2450ms=0 2500ms=0 2550ms=0 2600ms=0 2650ms=0 2700ms=0 2750ms=0 2800ms=0 2850ms=0 2900ms=0 2950ms=0 3000ms=0 3050ms=0 3100ms=0 3150ms=0 3200ms=0 3250ms=0 3300ms=0 3350ms=0 3400ms=0 3450ms=0 3500ms=0 3550ms=0 3600ms=0 3650ms=0 3700ms=0 3750ms=0 3800ms=0 3850ms=0 3900ms=0 3950ms=0 4000ms=0 4050ms=0 4100ms=0 4150ms=0 4200ms=0 4250ms=0 4300ms=0 4350ms=0 4400ms=0 4450ms=0 4500ms=0 4550ms=0 4600ms=0 4650ms=0 4700ms=0 4750ms=0 4800ms=0 4850ms=0 4900ms=0 4950ms=0
50th gpu percentile: 5ms
90th gpu percentile: 10ms
95th gpu percentile: 13ms
99th gpu percentile: 4950ms
GPU HISTOGRAM: 1ms=0 2ms=0 3ms=0 4ms=149 5ms=121 6ms=25 7ms=113 8ms=13 9ms=7 10ms=19 11ms=5 12ms=7 13ms=16 14ms=1 15ms=1 16ms=1 17ms=2 18ms=3 19ms=1 20ms=1 21ms=0 22ms=0 23ms=1 24ms=0 25ms=0 4950ms=6



---PROFILEDATA---
Flags,FrameTimelineVsyncId,IntendedVsync,Vsync,InputEventId,HandleInputStart,AnimationStart,PerformTraversalsStart,DrawStart,FrameDeadline,FrameInterval,FrameStartTime,SyncQueued,SyncStart,IssueDrawCommandsStart,SwapBuffers,FrameCompleted,DequeueBufferDuration,QueueBufferDuration,GpuCompleted,SwapBuffersCompleted,DisplayPresentTime,CommandSubmissionCompleted,
0,117549617,339091338099623,339091338099623,0,339091338374397,339091338375814,339091339383189,339091339570355,339091373583413,339091338368522,16800457,339091341457147,339091341585022,339091342290397,339091345499647,339091349660147,18917,280167,339091349660147,339091346077980,-1,339091345499647,
0,117549625,339091354900080,339091354900080,0,339091355167647,339091355168939,339091356200439,339091356356272,339091390383870,339091355161439,16800457,339091357765772,339091357891772,339091358563522,339091361103772,339091364611647,16792,360917,339091364611647,339091361756605,-1,339091361103772,
0,117549633,339091371700537,339091371700537,0,339091371968564,339091371969897,339091372951022,339091373136355,339091407184327,339091371963105,16800457,339091374832230,339091374931897,339091375639480,339091378010064,339091381403439,31291,285000,339091381403439,339091378589439,-1,339091378010064,
0,117549641,339091388500994,339091388500994,0,339091388763397,339091388764772,339091389739105,339091389895772,339091423984784,339091388756980,16800457,339091391252189,339091391346522,339091392145772,339091394589355,339091398029230,14875,286125,339091398029230,339091395203355,-1,339091394589355,
0,117549649,339091405301451,339091405301451,0,339091405570689,339091405572022,339091406383522,339091406537147,339091440785241,339091405565230,16800457,339091407797980,339091407907980,339091408696022,339091411137605,339091414524855,177041,324166,339091414524855,339091411781980,-1,339091411137605,
0,117549657,339091422101908,339091422101908,0,339091422375064,339091422376439,339091423194189,339091423348230,339091457585698,339091422369439,16800457,339091423578814,339091423667897,339091424349897,339091427900564,339091431366814,1219167,283292,339091431366814,339091428519481,-1,339091427900564,
0,117549665,339091438902365,339091438902365,0,339091439162272,339091439163647,339091439968272,339091440144022,339091474386155,339091439156981,16800457,339091440331439,339091440417814,339091442232522,339091444471439,339091447884106,15541,525292,339091447884106,339091445305522,-1,339091444471439,
0,117549673,339091455702822,339091455702822,0,339091455967814,339091455969147,339091456563981,339091456737231,339091491186612,339091455961647,16800457,339091456933356,339091457024189,339091457687647,339091461622106,339091465039814,1506042,301208,339091465039814,339091462209481,-1,339091461622106,
0,117549681,339091472503279,339091472503279,0,339091472766272,339091472767772,339091473170564,339091473308272,339091507987069,339091472760939,16800457,339091473430481,339091473517897,339091474049981,339091477988814,339091481349147,1776292,278416,339091481349147,339091478554397,-1,339091477988814,
0,117549689,339091489303736,339091489303736,0,339091489576439,339091489577772,339091490011481,339091490179231,339091524787526,339091489571397,16800457,339091490228814,339091490330856,339091490963356,339091495066772,339091498442439,1711292,276375,339091498442439,339091495694939,-1,339091495066772,
0,117549697,339091506104193,339091506104193,0,339091506359772,339091506361064,339091506730397,339091506869731,339091541587983,339091506354481,16800457,339091506913856,339091506999606,339091507508314,339091511759189,339091515134647,1904291,332542,339091515134647,339091512495772,-1,339091511759189,
0,117549705,339091522904650,339091522904650,0,339091523309981,339091523311772,339091523844772,339091524084564,339091558388440,339091523303231,16800457,339091524174522,339091524319731,339091525066689,339091529769439,339091533167022,1643250,458875,339091533167022,339091530569772,-1,339091529769439,
0,117549713,339091539705107,339091539705107,0,339091540088106,339091540089731,339091540552147,339091540703731,339091575188897,339091540080897,16800457,339091540752856,339091540859772,339091541486439,339091545871814,339091550209731,1900708,577334,339091550209731,339091546769147,-1,339091545871814,
0,117549721,339091556505564,339091556505564,0,339091556841856,339091556843314,339091557317772,339091557479981,339091591989354,339091556835397,16800457,339091557535606,339091557705231,339091558359772,339091563242314,339091567660397,1737875,280458,339091567660397,339091563943814,-1,339091563242314,
0,117549729,339091573306021,339091573306021,-827347729,339091573619606,339091573621356,339091574058314,339091574226606,339091608789811,339091573613772,16800457,339091575505439,339091575599064,339091576279606,339091579794439,339091584148897,818625,405541,339091584148897,339091580582564,-1,339091579794439,
0,117549737,339091590106478,339091590106478,0,339091590386147,339091590387481,339091590904606,339091591049772,339091625590268,339091590380314,16800457,339091604755647,339091604951647,339091605950564,339091614045814,339091618517814,23250,625292,339091618517814,339091615171439,-1,339091614045814,
0,117549745,339091606906935,339091606906935,0,339091608351606,339091608353481,339091609555939,339091609746606,339091642390725,339091608345231,16800457,339091613677689,339091615319564,339091616690272,339091619530481,339091624043647,22208,709666,339091624043647,339091620724272,-1,339091619530481,
0,117549753,339091623707392,339091623707392,0,339091624084397,339091624085731,339091625203147,339091625384647,339091659191182,339091624077814,16800457,339091627778147,339091627897897,339091630238231,339091635213731,339091639529856,21458,273583,339091639529856,339091635765272,-1,339091635213731,
0,117549761,339091640507849,339091640507849,0,339091640776147,339091640777439,339091642358356,339091642541522,339091675991639,339091640770231,16800457,339091644816147,339091644926397,339091648323856,339091652952647,339091656349397,19292,280750,339091656349397,339091653534106,-1,339091652952647,
0,117549769,339091657308306,339091657308306,0,339091657580314,339091657581564,339091658833272,339091658975439,339091692792096,339091657574856,16800457,339091681267647,339091681561481,339091685152314,339091691632106,339091695118856,21583,428583,339091695118856,339091692411397,-1,339091691632106,
0,117549777,339091674108763,339091674108763,0,339091685708814,339091685710356,339091687115522,339091687419231,339091726393010,339091685700814,16800457,339091689154064,339091692548106,339091693535772,339091696579439,339091700086397,23750,588334,339091700086397,339091697662814,-1,339091696579439,
0,117549785,339091690909220,339091690909220,0,339091698069689,339091698071147,339091700222189,339091700442981,339091743193467,339091698059897,16800457,339091702515397,339091702617856,339091706410772,339091716846689,339091720365314,5088334,513625,339091720365314,339091717771772,-1,339091716846689,
0,117549793,339091707709677,339091707709677,0,339091708968814,339091708970022,339091710353647,339091710512939,339091759993924,339091708960106,16800457,339091713219106,339091717910647,339091721915481,339091733095356,339091736448981,6340792,274458,339091736448981,339091733716647,-1,339091733095356,
0,117549801,339091724510134,339091724510134,0,339091724799772,339091724801022,339091725842356,339091726053522,339091776794381,339091724794106,16800457,339091727228314,339091733858189,339091734679147,339091747351106,339091750603689,10257583,272792,339091750603689,339091747906981,-1,339091747351106,
0,117549809,339091741310591,339091741310591,0,339091741568772,339091741570022,339091741992272,339091742171481,339091793594838,339091741563272,16800457,339091743205814,339091748076856,339091748892231,339091764050314,339091767329064,12832334,335417,339091767329064,339091764705814,-1,339091764050314,
0,117549817,339091758111048,339091758111048,0,339091758390731,339091758391981,339091759181397,339091759326564,339091810395295,339091758384606,16800457,339091760457981,339091764843772,339091765642814,339091780724314,339091784024481,12699833,277209,339091784024481,339091781294856,-1,339091780724314,
0,117549825,339091774911505,339091774911505,0,339091775179564,339091775180814,339091775785772,339091775932397,339091827195752,339091775173856,16800457,339091776202064,339091781434231,339091782124606,339091797613856,339091800888439,13045500,340000,339091800888439,339091798242022,-1,339091797613856,
0,117549833,339091791711962,339091791711962,0,339091791967856,339091791969231,339091792524897,339091792729522,339091843996209,339091791962022,16800457,339091793574106,339091798379689,339091799086897,339091814471814,339091817785106,13053166,344875,339091817785106,339091815121564,-1,339091814471814,
0,117549841,339091808512419,339091808512419,0,339091808882772,339091808884522,339091809248439,339091809403772,339091860796666,339091808877439,16800457,339091809584272,339091815258272,339091816079564,339091831465356,339091834834439,12952167,308292,339091834834439,339091832128147,-1,339091831465356,
0,117549849,339091825312876,339091825312876,0,339091825559689,339091825560939,339091826236356,339091826450147,339091877597123,339091825553689,16800457,339091826597647,339091832265481,339091833032147,339091847788189,339091851808981,12430166,287250,339091851808981,339091848433147,-1,339091847788189,
0,117549857,339091842113333,339091842113333,0,339091842404689,339091842406147,339091842704939,339091842847939,339091894397580,339091842399481,16800457,339091842971939,339091848569397,339091849250397,339091864536647,339091868695231,13014042,273916,339091868695231,339091865123856,-1,339091864536647,
0,117550008,339092194922930,339092194922930,-599491974,339092195225273,339092195226606,339092195842648,339092196209481,339092213606263,339092195218689,16800457,339092196873814,339092197162314,339092198036939,339092200727356,339092210495898,22292,532167,339092210495898,339092201560898,-1,339092200727356,
0,117550015,339092211723387,339092211723387,-584229628,339092212077689,339092212079064,339092212598773,339092212782731,339092230406720,339092212071148,16800457,339092213096523,339092213214148,339092214016856,339092217689773,339092230136773,76583,574542,339092230136773,339092218699023,-1,339092217689773,
0,117550023,339092228523844,339092228523844,0,339092228805314,339092228806898,339092229216856,339092229460439,339092247207177,339092228799689,16800457,339092229704398,339092229842064,339092230549481,339092233425481,339092245706439,17667,517167,339092245706439,339092234311689,-1,339092233425481,
0,117550031,339092245324301,339092245324301,0,339092245651231,339092245652773,339092246092981,339092246239189,339092264007634,339092245644939,16800457,339092246435023,339092246519856,339092247206814,339092250063023,339092262247023,17792,524209,339092262247023,339092250876023,-1,339092250063023,
0,117550039,339092262124758,339092262124758,0,339092262438981,339092262440314,339092263243439,339092263419648,339092280808091,339092262433481,16800457,339092263615356,339092263705856,339092265815356,339092268277356,339092275201106,19375,538209,339092275201106,339092269109064,-1,339092268277356,
0,117550047,339092278925215,339092278925215,0,339092279299898,339092279301148,339092279715564,339092279856481,339092297608548,339092279292939,16800457,339092280089814,339092280184523,339092281072731,339092284475606,339092288697564,18833,753542,339092288697564,339092285580939,-1,339092284475606,
0,117550055,339092295725672,339092295725672,0,339092296088148,339092296089314,339092296538356,339092296697023,339092314409005,339092296081356,16800457,339092296926148,339092297081773,339092297842231,339092302195439,339092306482189,19333,588167,339092306482189,339092303127731,-1,339092302195439,
0,117550063,339092312526129,339092312526129,-626496964,339092313085856,339092313087523,339092313704981,339092313885356,339092331209462,339092313079856,16800457,339092314789731,339092315007398,339092315849939,339092319196273,339092323713439,18042,596750,339092323713439,339092320322481,-1,339092319196273,
0,117550071,339092329326586,339092329326586,-880899010,339092329694189,339092329695939,339092330226939,339092330425606,339092348009919,339092329688648,16800457,339092330968231,339092331071398,339092331928189,339092337499898,339092342569064,18334,542375,339092342569064,339092338830856,-1,339092337499898,
0,117550079,339092346127043,339092346127043,0,339092346425023,339092346426356,339092346908106,339092347062564,339092364810376,339092346419148,16800457,339092347282481,339092347383398,339092348153981,339092351591189,339092356093773,17958,330000,339092356093773,339092352312398,-1,339092351591189,
0,117550087,339092362927500,339092362927500,0,339092363204648,339092363206106,339092363690148,339092363840856,339092381610833,339092363199189,16800457,339092364351439,339092364452898,339092366639023,339092369218689,339092373655314,17000,561084,339092373655314,339092370092314,-1,339092369218689,
0,117550095,339092379727957,339092379727957,0,339092380112523,339092380113773,339092380573606,339092380729189,339092398411290,339092380106273,16800457,339092380956439,339092381046689,339092383061439,339092385667648,339092390120148,16459,581667,339092390120148,339092386569856,-1,339092385667648,
0,117550103,339092396528414,339092396528414,0,339092396823439,339092396824939,339092397333439,339092397611398,339092415211747,339092396817064,16800457,339092397850064,339092397973398,339092398769564,339092402017231,339092406406564,20167,314291,339092406406564,339092402670273,-1,339092402017231,
0,117550111,339092413328871,339092413328871,0,339092413638523,339092413639773,339092414295481,339092414454106,339092432012204,339092413632106,16800457,339092414678606,339092414782773,339092415596064,339092418720439,339092423138356,18875,309500,339092423138356,339092419352314,-1,339092418720439,
0,117550119,339092430129328,339092430129328,-288462456,339092430414939,339092430416564,339092431062148,339092431447523,339092448812661,339092430408689,16800457,339092433690939,339092433773398,339092434611814,339092437619731,339092442129231,19708,710375,339092442129231,339092438692189,-1,339092437619731,
0,117550127,339092446929785,339092446929785,-726297103,339092447229398,339092447230689,339092447881523,339092448125273,339092465613118,339092447223148,16800457,339092448984356,339092449075064,339092449959898,339092453713189,339092458941023,18291,714209,339092458941023,339092454829189,-1,339092453713189,
0,117550135,339092463730242,339092463730242,0,339092464069856,339092464071189,339092464713023,339092464866981,339092482413575,339092464063023,16800457,339092465084231,339092465171314,339092465988648,339092468973148,339092473574273,18875,542209,339092473574273,339092469816939,-1,339092468973148,
0,117550143,339092480530699,339092480530699,0,339092480863148,339092480864648,339092481373856,339092481520148,339092499214032,339092480857273,16800457,339092481908189,339092481996314,339092482864439,339092485777564,339092490318856,39291,644625,339092490318856,339092486733773,-1,339092485777564,
0,117550151,339092497331156,339092497331156,0,339092497624648,339092497626356,339092498059814,339092498214856,339092516014489,339092497619231,16800457,339092498347106,339092498507898,339092499240606,339092502220689,339092506790731,18250,553125,339092506790731,339092503146648,-1,339092502220689,
0,117550159,339092514131613,339092514131613,0,339092514492939,339092514494398,339092515066273,339092515223023,339092532814946,339092514485606,16800457,339092515302398,339092515427481,339092516250314,339092519580273,339092524149898,18417,671834,339092524149898,339092520633523,-1,339092519580273,
0,117550167,339092530932070,339092530932070,0,339092531254106,339092531255481,339092531777398,339092531933731,339092549615403,339092531247689,16800457,339092531998064,339092532174106,339092533028648,339092536201523,339092540714939,19333,719000,339092540714939,339092537270398,-1,339092536201523,
0,117550175,339092547732527,339092547732527,-739765859,339092548094981,339092548096398,339092548967814,339092549144439,339092566415860,339092548088398,16800457,339092551093523,339092551224356,339092551973148,339092555145939,339092559873606,54208,636625,339092559873606,339092556157106,-1,339092555145939,
0,117550183,339092564532984,339092564532984,-518400885,339092564857356,339092564858648,339092565503398,339092565682773,339092583216317,339092564850773,16800457,339092565989314,339092566122731,339092567103481,339092570835439,339092576208273,19583,576208,339092576208273,339092571777564,-1,339092570835439,
0,117550191,339092581333441,339092581333441,0,339092581613231,339092581614898,339092582312273,339092582461606,339092600016774,339092581607606,16800457,339092582522689,339092582628523,339092583459314,339092586743189,339092591472606,17917,615166,339092591472606,339092587782814,-1,339092586743189,
0,117550199,339092598133898,339092598133898,0,339092598452148,339092598453481,339092598985356,339092599127023,339092616817231,339092598446314,16800457,339092599370106,339092599493564,339092600262898,339092603559481,339092608267814,17042,647542,339092608267814,339092604552939,-1,339092603559481,
0,117550207,339092614934355,339092614934355,0,339092615208814,339092615210148,339092615773439,339092615977398,339092633617688,339092615203106,16800457,339092616094689,339092616209898,339092617022148,339092619986439,339092624739773,19250,584333,339092624739773,339092620976023,-1,339092619986439,
0,117550215,339092631734812,339092631734812,0,339092632097273,339092632098731,339092632567606,339092632714273,339092650418145,339092632091481,16800457,339092632772231,339092632886273,339092633744898,339092637118439,339092641746231,19750,615417,339092641746231,339092638084523,-1,339092637118439,
0,117550223,339092648535269,339092648535269,0,339092649033731,339092649035106,339092649717773,339092649869356,339092667218602,339092649015523,16800457,339092649927106,339092650052481,339092651094314,339092654724606,339092659444564,20708,622958,339092659444564,339092655789606,-1,339092654724606,
0,117550231,339092665335726,339092665335726,-140448588,339092665627523,339092665628856,339092666430523,339092666613564,339092684019059,339092665621148,16800457,339092667196939,339092667407439,339092668988814,339092672391231,339092677189231,18500,323334,339092677189231,339092673140981,-1,339092672391231,
0,117550239,339092682136183,339092682136183,-919033471,339092682433689,339092682435023,339092682991231,339092683169148,339092700819516,339092682427564,16800457,339092683425439,339092683600148,339092684745648,339092688845481,339092694320689,19792,360542,339092694320689,339092689621773,-1,339092688845481,
0,117550247,339092698936640,339092698936640,0,339092699222106,339092699223439,339092699727731,339092699886981,339092717619973,339092699215856,16800457,339092700493189,339092700614564,339092701590606,339092705277606,339092709921064,18083,383000,339092709921064,339092705973523,-1,339092705277606,
0,117550255,339092715737097,339092715737097,0,339092716038939,339092716040356,339092716538064,339092716682273,339092734420430,339092716032731,16800457,339092716926648,339092717040273,339092718035689,339092720960981,339092725608981,19042,296000,339092725608981,339092721555939,-1,339092720960981,
0,117550263,339092732537554,339092732537554,0,339092732816273,339092732817981,339092733369564,339092733594606,339092751220887,339092732810898,16800457,339092733648523,339092733754731,339092734569648,339092737397564,339092742056356,18000,289833,339092742056356,339092738002898,-1,339092737397564,
0,117550271,339092749338011,339092749338011,0,339092749632689,339092749634148,339092750206481,339092750402523,339092768021344,339092749626898,16800457,339092750459481,339092750567981,339092752689814,339092755883731,339092760502564,16500,295375,339092760502564,339092756500356,-1,339092755883731,
0,117550279,339092766138468,339092766138468,0,339092766416314,339092766417898,339092766915273,339092767141356,339092784821801,339092766411023,16800457,339092767199023,339092767315731,339092768052523,339092771342814,339092775971106,18167,591584,339092775971106,339092772247439,-1,339092771342814,
0,117550287,339092782938925,339092782938925,0,339092783212856,339092783214773,339092783802106,339092783945606,339092801622258,339092783207523,16800457,339092784032773,339092784142148,339092784963148,339092787894898,339092792570981,18708,684209,339092792570981,339092788950981,-1,339092787894898,
0,117550295,339092799739382,339092799739382,0,339092800049856,339092800051189,339092800555439,339092800739439,339092818422715,339092800042606,16800457,339092800841731,339092800947773,339092801645148,339092804749231,339092809378398,18542,573458,339092809378398,339092805636148,-1,339092804749231,
0,117550303,339092816539839,339092816539839,0,339092816834606,339092816835939,339092817314481,339092817450731,339092835223172,339092816829106,16800457,339092817914939,339092818037023,339092818933981,339092822208064,339092826013356,20250,616500,339092826013356,339092823189814,-1,339092822208064,
0,117550311,339092833340296,339092833340296,0,339092833632065,339092833633731,339092834155731,339092834371023,339092852023629,339092833626648,16800457,339092834636148,339092834757190,339092835527440,339092838355148,339092842081148,17583,630792,339092842081148,339092839297606,-1,339092838355148,
0,117550319,339092850140753,339092850140753,0,339092850423106,339092850424481,339092850962315,339092851115981,339092868824086,339092850417315,16800457,339092851167315,339092851275981,339092851959065,339092854668106,339092858401356,56084,616500,339092858401356,339092855643356,-1,339092854668106,
0,117550327,339092866941210,339092866941210,0,339092867224606,339092867226190,339092867660023,339092867806065,339092885624543,339092867218856,16800457,339092867855398,339092867960148,339092868687981,339092871509440,339092875233440,17917,551916,339092875233440,339092872359981,-1,339092871509440,
0,117550335,339092883741667,339092883741667,0,339092884048231,339092884049523,339092884488648,339092884630940,339092902425000,339092884041898,16800457,339092884680940,339092884786106,339092885546773,339092888450273,339092892117773,17375,615875,339092892117773,339092889382856,-1,339092888450273,
0,117550343,339092900542124,339092900542124,0,339092900825940,339092900827356,339092901270648,339092901416065,339092919225457,339092900819940,16800457,339092901468190,339092901574190,339092902331565,339092905124940,339092908854856,17083,560458,339092908854856,339092906030940,-1,339092905124940,
0,117550351,339092917342581,339092917342581,0,339092917620356,339092917622065,339092918146148,339092918292523,339092936025914,339092917614565,16800457,339092918342523,339092918444231,339092919172523,339092921913356,339092925626356,19417,528833,339092925626356,339092922765981,-1,339092921913356,
0,117550359,339092934143038,339092934143038,0,339092934441315,339092934443065,339092934937356,339092935163273,339092952826371,339092934434440,16800457,339092935631648,339092935759981,339092936615231,339092939714731,339092943244481,18583,592917,339092943244481,339092940589148,-1,339092939714731,
0,117550367,339092950943495,339092950943495,0,339092951256023,339092951257523,339092951696231,339092951849565,339092969626828,339092951250440,16800457,339092951901273,339092952035523,339092952716815,339092955363940,339092958945731,17167,600584,339092958945731,339092956291065,-1,339092955363940,
0,117550375,339092967743952,339092967743952,0,339092968201773,339092968203856,339092968926648,339092969127523,339092986427285,339092968192315,16800457,339092969193565,339092969374773,339092970452148,339092974771731,339092978378273,23875,875500,339092978378273,339092976099690,-1,339092974771731,
0,117550383,339092984544409,339092984544409,0,339092984987440,339092984989773,339092985798315,339092986014106,339093003227742,339092984976898,16800457,339092986084731,339092986270731,339092987683065,339092992494815,339092996096231,50333,839625,339092996096231,339092993751023,-1,339092992494815,
0,117550391,339093001344866,339093001344866,0,339093001824190,339093001826065,339093002387148,339093002582273,339093020028199,339093001815315,16800457,339093002647148,339093002809023,339093003930731,339093010534940,339093014522106,24708,902542,339093014522106,339093011892440,-1,339093010534940,
0,117550399,339093018145323,339093018145323,0,339093018517690,339093018519440,339093019149940,339093019332398,339093036828656,339093018509815,16800457,339093019393856,339093019539231,339093021175648,339093026182065,339093030733648,52375,864041,339093030733648,339093027485148,-1,339093026182065,
0,117550407,339093034945780,339093034945780,0,339093035317231,339093035319315,339093035886856,339093036118481,339093053629113,339093035309356,16800457,339093036185023,339093038043648,339093038986106,339093043353148,339093047915023,19916,818125,339093047915023,339093044618231,-1,339093043353148,
0,117550415,339093051746237,339093051746237,0,339093052192231,339093052194648,339093052908731,339093053106690,339093070429570,339093052182981,16800457,339093054115856,339093054281481,339093055310398,339093060151481,339093064534565,23792,823208,339093064534565,339093061368606,-1,339093060151481,
0,117550423,339093068546694,339093068546694,0,339093068989981,339093068992356,339093069653606,339093069872815,339093087230027,339093068979648,16800457,339093069939731,339093070116023,339093071201856,339093076387065,339093080729606,26333,381625,339093080729606,339093077150315,-1,339093076387065,
0,117550431,339093085347151,339093085347151,0,339093085792856,339093085795231,339093086380481,339093086584565,339093104030484,339093085782940,16800457,339093086651231,339093086828648,339093088193315,339093093413898,339093097793315,24375,448667,339093097793315,339093094893981,-1,339093093413898,
0,117550439,339093102147608,339093102147608,0,339093102544440,339093102546356,339093103042023,339093103288565,339093120830941,339093102536273,16800457,339093103379565,339093103525148,339093105185356,339093109696106,339093114245981,28917,462375,339093114245981,339093110608856,-1,339093109696106,
0,117550447,339093118948065,339093118948065,0,339093119319731,339093119321648,339093119958440,339093120178648,339093137631398,339093119311981,16800457,339093120241440,339093120389440,339093121907815,339093126332606,339093130700481,23250,486459,339093130700481,339093127311606,-1,339093126332606,
0,117550455,339093135748522,339093135748522,0,339093136182565,339093136184398,339093136850440,339093137132690,339093154431855,339093136173981,16800457,339093137197648,339093137441273,339093138415898,339093142309606,339093146644523,22958,849083,339093146644523,339093143628065,-1,339093142309606,
0,117550463,339093152548979,339093152548979,0,339093153116856,339093153119356,339093153734023,339093153947023,339093171232312,339093153106440,16800457,339093154015023,339093154206231,339093157489481,339093160812065,339093165240356,22583,386833,339093165240356,339093161640190,-1,339093160812065,
0,117550471,339093169349436,339093169349436,0,339093170383731,339093170386065,339093171022106,339093171237231,339093188032769,339093170373940,16800457,339093172452398,339093172666065,339093174075231,339093178977690,339093183164690,24875,831459,339093183164690,339093180232106,-1,339093178977690,
0,117550599,339093471757662,339093471757662,-744050963,339093472080815,339093472082023,339093496792856,339093496996981,339093490440995,339093472074523,16800457,339093500739023,339093501016106,339093502176440,339093523944523,339093533069690,19958,631250,339093533069690,339093524958606,-1,339093523944523,
0,117550606,339093488558119,339093555759947,0,339093557621107,339093557622440,339093559889565,339093560853398,339093557642823,339093557605982,16800457,339093581887523,339093581995190,339093586875773,339093603423898,339093612583190,22917,487708,339093612583190,339093604306982,-1,339093603423898,
0,117550614,339093572560404,339093572560404,0,339093588091357,339093588092732,339093588625732,339093588814982,339093641645108,339093588082273,16800457,339093622652065,339093622821398,339093624254148,339093628315107,339093637427940,18333,446958,339093637427940,339093629088815,-1,339093628315107,
0,117550621,339093589360861,339093622961775,0,339093624734273,339093624735398,339093627327107,339093627525065,339093658445565,339093624721815,16800457,339093629536315,339093629646357,339093631087940,339093650781315,339093665511648,19666,352584,339093665511648,339093651533315,-1,339093650781315,
0,117550630,339093639762232,339093639762232,0,339093640235732,339093640237857,339093640808857,339093641013148,339093692046479,339093640229398,16800457,339093648866440,339093651677690,339093653396940,339093659319482,339093676157273,19250,5952459,339093676157273,339093665639607,-1,339093659319482,
0,117550638,339093656562689,339093656562689,0,339093656915065,339093656916898,339093657542148,339093657833315,339093708846936,339093656909065,16800457,339093660662273,339093665781565,339093667207232,339093681956357,339093692551565,10257584,320333,339093692551565,339093682603398,-1,339093681956357,
0,117550646,339093673363146,339093673363146,0,339093673695023,339093673696815,339093674332190,339093674516023,339093725647393,339093673689440,16800457,339093678584107,339093682743107,339093684277648,339093698452107,339093709089273,9749084,579750,339093709089273,339093699410482,-1,339093698452107,
0,117550654,339093690163603,339093690163603,0,339093690523940,339093690525482,339093691062607,339093691336315,339093742447850,339093690517232,16800457,339093693342315,339093699553898,339093700890482,339093715251107,339093725575690,10038916,577959,339093725575690,339093716146023,-1,339093715251107,
0,117550662,339093706964060,339093706964060,0,339093707418148,339093707419648,339093707976273,339093708231940,339093759248307,339093707411190,16800457,339093714574815,339093716282773,339093718884898,339093738857607,339093749585482,8568625,545916,339093749585482,339093739723857,-1,339093738857607,
0,117550670,339093723764517,339093723764517,0,339093724130482,339093724132523,339093733533648,339093733777398,339093776048764,339093724124232,16800457,339093738394107,339093739863023,339093740672398,339093753626565,339093760116898,3676834,316333,339093760116898,339093754290690,-1,339093753626565,
0,117550678,339093740564974,339093740564974,0,339093743452523,339093743453857,339093743881107,339093744134982,339093792849221,339093743442815,16800457,339093744311648,339093754436482,339093755157273,339093763583232,339093770089982,5898833,331250,339093770089982,339093764200648,-1,339093763583232,
0,117550686,339093757365431,339093757365431,0,339093757721857,339093757723690,339093758123565,339093758284857,339093809649678,339093757716398,16800457,339093758327773,339093764393982,339093765053482,339093779993982,339093786525023,12525166,510291,339093786525023,339093780837898,-1,339093779993982,
0,117550694,339093774165888,339093774165888,0,339093774471398,339093774473107,339093774852565,339093775003190,339093826450135,339093774465982,16800457,339093775047232,339093780968232,339093781623440,339093797024690,339093803457398,12885667,506084,339093803457398,339093797822065,-1,339093797024690,
0,117550702,339093790966345,339093790966345,0,339093791253357,339093791254648,339093791629565,339093791771773,339093843250592,339093791247773,16800457,339093791810607,339093797947523,339093798588148,339093813960815,339093820463023,12622833,348375,339093820463023,339093814611648,-1,339093813960815,
0,117550710,339093807766802,339093807766802,0,339093808087857,339093808089607,339093808477065,339093808627940,339093860051049,339093808081898,16800457,339093808668273,339093814741815,339093815444190,339093831921940,339093838586857,13076500,346292,339093838586857,339093832769773,-1,339093831921940,
0,117550718,339093824567259,339093824567259,0,339093824851190,339093824852607,339093825251148,339093825414982,339093876851506,339093824844898,16800457,339093825458940,339093832923398,339093833809607,339093849111732,339093855610273,11579250,439167,339093855610273,339093849911732,-1,339093849111732,
0,117550726,339093841367716,339093841367716,0,339093841747815,339093841749648,339093842220190,339093842408815,339093893651963,339093841739898,16800457,339093842456940,339093850067190,339093850948315,339093866759857,339093873243440,11535000,623125,339093873243440,339093867741607,-1,339093866759857,
0,117550734,339093858168173,339093858168173,0,339093858584773,339093858587357,339093859099065,339093859299065,339093910452420,339093858576065,16800457,339093859351482,339093867926940,339093868986398,339093883513773,339093890048648,10186208,855584,339093890048648,339093884811523,-1,339093883513773,
0,117550742,339093874968630,339093874968630,0,339093875321482,339093875323023,339093876189315,339093876396898,339093927252877,339093875314565,16800457,339093876450648,339093884996607,339093886026815,339093899579607,339093906066398,9683042,830917,339093906066398,339093900838857,-1,339093899579607,
0,117550750,339093891769087,339093891769087,0,339093892144648,339093892146815,339093892619648,339093892809565,339093944053334,339093892136940,16800457,339093892858940,339093901040982,339093901951315,339093916841815,339093923391857,11010916,399083,339093923391857,339093917680148,-1,339093916841815,
0,117550758,339093908569544,339093908569544,0,339093909018398,339093909020732,339093909505565,339093909740523,339093960853791,339093909008982,16800457,339093909790815,339093917847982,339093918736857,339093934315190,339093940841023,10973167,819542,339093940841023,339093935575898,-1,339093934315190,
0,117550766,339093925370001,339093925370001,0,339093925816357,339093925818815,339093926358065,339093926571190,339093977654248,339093925806523,16800457,339093926626690,339093935742357,339093936749857,339093951424732,339093958447732,9753625,1013209,339093958447732,339093952892273,-1,339093951424732,
0,117550774,339093942170458,339093942170458,0,339093942535232,339093942536815,339093943047107,339093943455982,339093994454705,339093942527440,16800457,339093943510857,339093953082773,339093954153190,339093967640273,339093974158982,8618458,737792,339093974158982,339093968837982,-1,339093967640273,
0,117550782,339093958970915,339093958970915,0,339093959397107,339093959398815,339093959866607,339093960096232,339094011255162,339093959389107,16800457,339093960145523,339093969040773,339093970173773,339093983349107,339093989852148,9494875,660334,339093989852148,339093984424148,-1,339093983349107,
0,117550790,339093975771372,339093975771372,0,339093976215482,339093976217065,339093976691648,339093976897732,339094028055619,339093976207107,16800457,339093976947023,339093984620107,339093985674273,339094000754107,339094007264607,10954125,367417,339094007264607,339094001511065,-1,339094000754107,
0,117550798,339093992571829,339093992571829,0,339093993034898,339093993037107,339093993602190,339093993835607,339094044856076,339093993025482,16800457,339093993886940,339094001678315,339094002667190,339094017994440,339094024543940,10987917,374916,339094024543940,339094018782440,-1,339094017994440,
0,117550806,339094009372286,339094009372286,0,339094009881482,339094009883732,339094010383273,339094010587607,339094061656533,339094009871315,16800457,339094010637648,339094019056940,339094019903148,339094035476398,339094041987690,10642583,415292,339094041987690,339094036380232,-1,339094035476398,
0,117550814,339094026172743,339094026172743,0,339094026613565,339094026615607,339094027153815,339094027358398,339094078456990,339094026603565,16800457,339094027408482,339094036546232,339094037512732,339094052535107,339094059057440,9823167,560916,339094059057440,339094053561232,-1,339094052535107,
0,117550822,339094042973200,339094042973200,0,339094043319732,339094043321565,339094043764857,339094044066357,339094095257447,339094043311815,16800457,339094044120815,339094053754982,339094054886190,339094068109607,339094074662607,8802917,850417,339094074662607,339094069422732,-1,339094068109607,
0,117550830,339094059773657,339094059773657,0,339094060235065,339094060236773,339094060733273,339094061012107,339094112057904,339094060227023,16800457,339094061062565,339094069613232,339094070614232,339094084414523,339094091114148,9826167,670500,339094091114148,339094085787315,-1,339094084414523,
---PROFILEDATA---


View hierarchy:

  com.auroratv.lab/com.auroratv.MainActivity/android.view.ViewRootImpl@1725dad
  357 views, 634.99 kB of render nodes


Total ViewRootImpl   : 1
Total attached Views : 357
Total RenderNode     : 634.99 kB (used) / 2550.89 kB (capacity)

