16683333
0	0	0
0	0	0
0	0	0
0	0	0
0	0	0
0	0	0
0	0	0
0	0	0
0	0	0
0	0	0
0	0	0
0	0	0
0	0	0
0	0	0
0	0	0
0	0	0
0	0	0
0	0	0
0	0	0
0	0	0
0	0	0
0	0	0
0	0	0
0	0	0
0	0	0
0	0	0
0	0	0
0	0	0
0	0	0
0	0	0
0	0	0
0	0	0
0	0	0
0	0	0
0	0	0
0	0	0
0	0	0
0	0	0
0	0	0
0	0	0
0	0	0
0	0	0
0	0	0
0	0	0
0	0	0
0	0	0
0	0	0
0	0	0
0	0	0
0	0	0
0	0	0
0	0	0
0	0	0
0	0	0
0	0	0
0	0	0
0	0	0
0	0	0
0	0	0
0	0	0
0	0	0
0	0	0
0	0	0
0	0	0
0	0	0
0	0	0
0	0	0
0	0	0
0	0	0
0	0	0
0	0	0
0	0	0
0	0	0
0	0	0
0	0	0
0	0	0
0	0	0
0	0	0
0	0	0
0	0	0
0	0	0
0	0	0
0	0	0
0	0	0
0	0	0
0	0	0
0	0	0
0	0	0
0	0	0
0	0	0
0	0	0
0	0	0
0	0	0
0	0	0
0	0	0
0	0	0
0	0	0
0	0	0
0	0	0
0	0	0
0	0	0
0	0	0
0	0	0
0	0	0
0	0	0
0	0	0
0	0	0
0	0	0
0	0	0
0	0	0
0	0	0
0	0	0
0	0	0
0	0	0
0	0	0
0	0	0
0	0	0
0	0	0
0	0	0
0	0	0
0	0	0
0	0	0
0	0	0
0	0	0
0	0	0
0	0	0
0	0	0

===
16683333
0	0	0
0	0	0
0	0	0
0	0	0
0	0	0
0	0	0
0	0	0
0	0	0
0	0	0
0	0	0
0	0	0
0	0	0
0	0	0
0	0	0
0	0	0
0	0	0
0	0	0
0	0	0
0	0	0
0	0	0
0	0	0
0	0	0
0	0	0
0	0	0
0	0	0
0	0	0
0	0	0
0	0	0
0	0	0
0	0	0
0	0	0
0	0	0
0	0	0
0	0	0
0	0	0
0	0	0
0	0	0
0	0	0
0	0	0
0	0	0
0	0	0
0	0	0
0	0	0
0	0	0
0	0	0
0	0	0
0	0	0
0	0	0
0	0	0
0	0	0
0	0	0
0	0	0
0	0	0
0	0	0
0	0	0
0	0	0
0	0	0
0	0	0
0	0	0
0	0	0
0	0	0
0	0	0
0	0	0
0	0	0
0	0	0
0	0	0
0	0	0
0	0	0
0	0	0
0	0	0
0	0	0
0	0	0
0	0	0
0	0	0
0	0	0
0	0	0
0	0	0
0	0	0
0	0	0
0	0	0
0	0	0
0	0	0
0	0	0
0	0	0
0	0	0
0	0	0
0	0	0
0	0	0
0	0	0
0	0	0
339056971449797	339056987329972	339056984080131
339056990877339	339057004013305	339057005961381
339057021306256	339057037379971	339057036367006
339057034766047	339057054063304	339057052147339
339057063546422	339057070746637	339057073251089
339057078313339	339057087429970	339057084754131
339057090085089	339057104113303	339057096397297
339057109227422	339057120796636	339057115552464
339057123534547	339057137479969	339057130039589
339057140482214	339057154163302	339057146875381
339057157254547	339057170846635	339057163728589
339057173987297	339057187529968	339057180336506
339057191767798	339057204213301	339057198179214
339057209135048	339057220896634	339057215445298
339057225220548	339057237579967	339057231649464
339057242112839	339057254263300	339057248516256
339057258816048	339057270946633	339057265120589
339057275045381	339057287629966	339057281425673
339057292795423	339057304313299	339057298983589
339057526707131	339057554563294	339057546283964
339057562945173	339057587929960	339057585402173
339057577267923	339057621296626	339057608362048
339057602235089	339057637979959	339057631953714
339057633695464	339057654663292	339057644082756
339057663556131	339057688029958	339057673625923
339057678832631	339057704713291	339057688963423
339057694489256	339057721396624	339057704592256
339057717840298	339057738079957	339057727790798
339057734844423	339057754763290	339057744464173
339057748500923	339057771446623	339057758040506
339057763863964	339057788129956	339057773420548
339057783176714	339057804813289	339057792739464
339057797947839	339057821496622	339057807550631
339057813936673	339057838179955	339057823518048
339057831470006	339057854863288	339057840219423
339057849227006	339057871546621	339057852907548
339057867621923	339057888229954	339057871349423

===
16683333
0	0	0
0	0	0
0	0	0
0	0	0
0	0	0
0	0	0
0	0	0
0	0	0
0	0	0
0	0	0
0	0	0
0	0	0
0	0	0
0	0	0
0	0	0
0	0	0
0	0	0
0	0	0
0	0	0
0	0	0
0	0	0
0	0	0
0	0	0
0	0	0
0	0	0
0	0	0
0	0	0
0	0	0
0	0	0
0	0	0
339056971449797	339056987329972	339056984080131
339056990877339	339057004013305	339057005961381
339057021306256	339057037379971	339057036367006
339057034766047	339057054063304	339057052147339
339057063546422	339057070746637	339057073251089
339057078313339	339057087429970	339057084754131
339057090085089	339057104113303	339057096397297
339057109227422	339057120796636	339057115552464
339057123534547	339057137479969	339057130039589
339057140482214	339057154163302	339057146875381
339057157254547	339057170846635	339057163728589
339057173987297	339057187529968	339057180336506
339057191767798	339057204213301	339057198179214
339057209135048	339057220896634	339057215445298
339057225220548	339057237579967	339057231649464
339057242112839	339057254263300	339057248516256
339057258816048	339057270946633	339057265120589
339057275045381	339057287629966	339057281425673
339057292795423	339057304313299	339057298983589
339057526707131	339057554563294	339057546283964
339057562945173	339057587929960	339057585402173
339057577267923	339057621296626	339057608362048
339057602235089	339057637979959	339057631953714
339057633695464	339057654663292	339057644082756
339057663556131	339057688029958	339057673625923
339057678832631	339057704713291	339057688963423
339057694489256	339057721396624	339057704592256
339057717840298	339057738079957	339057727790798
339057734844423	339057754763290	339057744464173
339057748500923	339057771446623	339057758040506
339057763863964	339057788129956	339057773420548
339057783176714	339057804813289	339057792739464
339057797947839	339057821496622	339057807550631
339057813936673	339057838179955	339057823518048
339057831470006	339057854863288	339057840219423
339057849227006	339057871546621	339057852907548
339057867621923	339057888229954	339057871349423
339057883878840	339057904913287	339057887578131
339057899433840	339057921596620	339057903205840
339057916503006	339057938279953	339057920194965
339057932465131	339057954963286	339057936083131
339057949392131	339057971646619	339057953082006
339057966428965	339057988329952	339057970138215
339057983851173	339058005013285	339057987546631
339058006276506	339058021696618	339058010086006
339058020529340	339058038379951	339058024386715
339058049775881	339058055063284	339058054736423
339058063121340	339058071746617	339058068226006
339058075272590	339058088429950	339058080271923
339058168846881	339058171846615	339058175202215
339058182009881	339058188529948	339058187399048
339058215575131	339058221896614	339058220429215
339058222578215	339058238579947	339058227299923
339058234747506	339058255263280	339058239338798
339058249354048	339058271946613	339058253939923
339058267000090	339058288629946	339058271559006
339058283148798	339058305313279	339058286929215
339058301613548	339058321996612	339058305102881
339058319159215	339058338679945	339058322650215
339058336064423	339058355363278	339058339496631
339058354009590	339058372046611	339058357465173
339058369993673	339058388729944	339058373458006
339058387138590	339058405413277	339058390598131
339058404344006	339058422096610	339058407748298
339058418907548	339058438779943	339058422259215
339058436173340	339058455463276	339058439382756
339058452476923	339058472146609	339058455861965
339058467408506	339058488829942	339058470898881
339058484638423	339058505513275	339058488135673
339058500608298	339058522196608	339058504040631
339058520178881	339058538879941	339058523713006
339058542897006	339058555563274	339058547504756
339058559749965	339058572246607	339058564548048
339058576743798	339058588929940	339058581349007
339058650739423	339058655663272	339058656931715
339058675134173	339058689029938	339058680701965
339058715924382	339058722396604	339058724264840
339058722358507	339058739079937	339058731922840
339058735519548	339058755763270	339058743098840
339058752521298	339058772446603	339058759974673
339058768716340	339058789129936	339058776242548
339058785376132	339058805813269	339058792833215
339058802244090	339058822496602	339058809661423
339058821511007	339058839179935	339058824996465
339058837827215	339058855863268	339058841237757
339058855488840	339058872546601	339058858872840
339058873195257	339058889229934	339058876589548
339058890762173	339058905913267	339058894231382
339058908813632	339058922596600	339058912147132
339058922357382	339058939279933	339058925711632
339058938270965	339058955963266	339058941705798
339058954335798	339058972646599	339058957831715
339058971388923	339058989329932	339058974783673
339058990445465	339059006013265	339058992734548
339059009178590	339059022696598	339059013784548
339059029368007	339059039379931	339059034033340
339059047413090	339059056063264	339059053488715

===
16683333
339057867621923	339057888229954	339057871349423
339057883878840	339057904913287	339057887578131
339057899433840	339057921596620	339057903205840
339057916503006	339057938279953	339057920194965
339057932465131	339057954963286	339057936083131
339057949392131	339057971646619	339057953082006
339057966428965	339057988329952	339057970138215
339057983851173	339058005013285	339057987546631
339058006276506	339058021696618	339058010086006
339058020529340	339058038379951	339058024386715
339058049775881	339058055063284	339058054736423
339058063121340	339058071746617	339058068226006
339058075272590	339058088429950	339058080271923
339058168846881	339058171846615	339058175202215
339058182009881	339058188529948	339058187399048
339058215575131	339058221896614	339058220429215
339058222578215	339058238579947	339058227299923
339058234747506	339058255263280	339058239338798
339058249354048	339058271946613	339058253939923
339058267000090	339058288629946	339058271559006
339058283148798	339058305313279	339058286929215
339058301613548	339058321996612	339058305102881
339058319159215	339058338679945	339058322650215
339058336064423	339058355363278	339058339496631
339058354009590	339058372046611	339058357465173
339058369993673	339058388729944	339058373458006
339058387138590	339058405413277	339058390598131
339058404344006	339058422096610	339058407748298
339058418907548	339058438779943	339058422259215
339058436173340	339058455463276	339058439382756
339058452476923	339058472146609	339058455861965
339058467408506	339058488829942	339058470898881
339058484638423	339058505513275	339058488135673
339058500608298	339058522196608	339058504040631
339058520178881	339058538879941	339058523713006
339058542897006	339058555563274	339058547504756
339058559749965	339058572246607	339058564548048
339058576743798	339058588929940	339058581349007
339058650739423	339058655663272	339058656931715
339058675134173	339058689029938	339058680701965
339058715924382	339058722396604	339058724264840
339058722358507	339058739079937	339058731922840
339058735519548	339058755763270	339058743098840
339058752521298	339058772446603	339058759974673
339058768716340	339058789129936	339058776242548
339058785376132	339058805813269	339058792833215
339058802244090	339058822496602	339058809661423
339058821511007	339058839179935	339058824996465
339058837827215	339058855863268	339058841237757
339058855488840	339058872546601	339058858872840
339058873195257	339058889229934	339058876589548
339058890762173	339058905913267	339058894231382
339058908813632	339058922596600	339058912147132
339058922357382	339058939279933	339058925711632
339058938270965	339058955963266	339058941705798
339058954335798	339058972646599	339058957831715
339058971388923	339058989329932	339058974783673
339058990445465	339059006013265	339058992734548
339059009178590	339059022696598	339059013784548
339059029368007	339059039379931	339059034033340
339059047413090	339059056063264	339059053488715
339059129754840	339059139479929	339059135742590
339059151621298	339059156163262	339059159034507
339059190474423	339059189529928	339059196679882
339059195442465	339059206213261	339059202844465
339059206232340	339059222896594	339059212298882
339059223080548	339059239579927	339059229048923
339059240171673	339059256263260	339059246085840
339059257174632	339059272946593	339059262080465
339059273358715	339059289629926	339059276810965
339059290019549	339059306313259	339059293472215
339059306443757	339059322996592	339059309957549
339059323250382	339059339679925	339059326680549
339059340931299	339059356363258	339059344028799
339059359380507	339059373046591	339059362726049
339059375190132	339059389729924	339059378517674
339059391517715	339059406413257	339059394876590
339059409216840	339059423096590	339059412638132
339059425269507	339059439779923	339059428756465
339059443649549	339059456463256	339059447144299
339059458277132	339059473146589	339059461611757
339059476227007	339059489829922	339059479813840
339059500488799	339059506513255	339059505023715
339059517586757	339059523196588	339059522273965
339059536031465	339059539879921	339059540661424
339059609986465	339059606613253	339059616054465
339059626965340	339059623296586	339059632608965
339059658108174	339059656663252	339059663159465
339059664254215	339059673346585	339059668835840
339059676581049	339059690029918	339059681086299
339059694018882	339059706713251	339059698524382
339059710247424	339059723396584	339059714648007
339059726399674	339059740079917	339059730831007
339059743257924	339059773446583	339059747712090
339059761184465	339059790129916	339059765589299
339059780255299	339059806813249	339059784559049
339059796576257	339059823496582	339059800932215
339059812809965	339059840179915	339059817161757
339059829963090	339059856863248	339059834332049
339059847167799	339059873546581	339059851514382
339059866126882	339059890229914	339059870277132
339059880235632	339059906913247	339059884605507
339059897423632	339059923596580	339059900953465
339059912358674	339059940279913	339059915772549
339059929130590	339059956963246	339059932586632
339059945176799	339059973646579	339059948622174
339059964103549	339059990329912	339059967680799
339059988543716	339060007013245	339059993224632
339060003419966	339060023696578	339060008077799
339060081634382	339060090429910	339060086310674
339060096077716	339060107113243	339060100377007
339060126188882	339060140479909	339060131745507
339060131025216	339060157163242	339060136787591
339060146390882	339060173846575	339060150964299
339060163139382	339060190529908	339060167637882
339060180058674	339060207213241	339060184531716
339060196718216	339060223896574	339060201194716
339060213354216	339060240579907	339060217815632
339060230174507	339060257263240	339060233641174
339060247178966	339060273946573	339060250636299
339060266226549	339060290629906	339060269658299
339060284136757	339060307313239	339060287499507
339060301103591	339060323996572	339060304545257
339060317081799	339060340679905	339060320445257
339060334000966	339060357363238	339060338424716
339060351307341	339060374046571	339060355652049
339060367490424	339060390729904	339060371808674

===
16683333
339059257174632	339059272946593	339059262080465
339059273358715	339059289629926	339059276810965
339059290019549	339059306313259	339059293472215
339059306443757	339059322996592	339059309957549
339059323250382	339059339679925	339059326680549
339059340931299	339059356363258	339059344028799
339059359380507	339059373046591	339059362726049
339059375190132	339059389729924	339059378517674
339059391517715	339059406413257	339059394876590
339059409216840	339059423096590	339059412638132
339059425269507	339059439779923	339059428756465
339059443649549	339059456463256	339059447144299
339059458277132	339059473146589	339059461611757
339059476227007	339059489829922	339059479813840
339059500488799	339059506513255	339059505023715
339059517586757	339059523196588	339059522273965
339059536031465	339059539879921	339059540661424
339059609986465	339059606613253	339059616054465
339059626965340	339059623296586	339059632608965
339059658108174	339059656663252	339059663159465
339059664254215	339059673346585	339059668835840
339059676581049	339059690029918	339059681086299
339059694018882	339059706713251	339059698524382
339059710247424	339059723396584	339059714648007
339059726399674	339059740079917	339059730831007
339059743257924	339059773446583	339059747712090
339059761184465	339059790129916	339059765589299
339059780255299	339059806813249	339059784559049
339059796576257	339059823496582	339059800932215
339059812809965	339059840179915	339059817161757
339059829963090	339059856863248	339059834332049
339059847167799	339059873546581	339059851514382
339059866126882	339059890229914	339059870277132
339059880235632	339059906913247	339059884605507
339059897423632	339059923596580	339059900953465
339059912358674	339059940279913	339059915772549
339059929130590	339059956963246	339059932586632
339059945176799	339059973646579	339059948622174
339059964103549	339059990329912	339059967680799
339059988543716	339060007013245	339059993224632
339060003419966	339060023696578	339060008077799
339060081634382	339060090429910	339060086310674
339060096077716	339060107113243	339060100377007
339060126188882	339060140479909	339060131745507
339060131025216	339060157163242	339060136787591
339060146390882	339060173846575	339060150964299
339060163139382	339060190529908	339060167637882
339060180058674	339060207213241	339060184531716
339060196718216	339060223896574	339060201194716
339060213354216	339060240579907	339060217815632
339060230174507	339060257263240	339060233641174
339060247178966	339060273946573	339060250636299
339060266226549	339060290629906	339060269658299
339060284136757	339060307313239	339060287499507
339060301103591	339060323996572	339060304545257
339060317081799	339060340679905	339060320445257
339060334000966	339060357363238	339060338424716
339060351307341	339060374046571	339060355652049
339060367490424	339060390729904	339060371808674
339060383769799	339060407413237	339060388190924
339060399487674	339060424096570	339060404158674
339060415630757	339060440779903	339060420086466
339060445116299	339060457463236	339060449653757
339060452423341	339060474146569	339060458377257
339060474358799	339060490829902	339060480345882
339060491995549	339060507513235	339060498028216
339060509511466	339060524196568	339060515408757
339060586810132	339060590929900	339060591291466
339060594373091	339060607613233	339060598319966
339060624820466	339060624296566	339060628480299
339060629982966	339060640979899	339060634371924
339060636254299	339060657663232	339060639797091
339060650488049	339060674346565	339060653918632
339060667724049	339060691029898	339060671208549
339060684092424	339060707713231	339060687486924
339060701023966	339060724396564	339060704461049
339060718519508	339060741079897	339060721947008
339060736525466	339060757763230	339060739878549
339060754555424	339060774446563	339060757949091
339060771054008	339060791129896	339060774593258
339060787327883	339060807813229	339060790711508
339060805063008	339060824496562	339060808505841
339060823383924	339060841179895	339060826711258
339060837822049	339060857863228	339060841034883
339060854297091	339060874546561	339060857433591
339060870122549	339060891229894	339060873512174
339060886297424	339060907913227	339060889716258
339060906710008	339060924596560	339060910113799
339060926712091	339060941279893	339060930462633
339060940114591	339060957963226	339060944753924
339060961484383	339060974646559	339060966190258
339060978986174	339060991329892	339060983701508
339061053257841	339061058063224	339061058004299
339061069640341	339061074746557	339061074153174
339061097531424	339061108113223	339061102504008
339061103694924	339061124796556	339061108304508
339061120442674	339061141479889	339061125014716
339061137660591	339061158163222	339061142177216
339061154515466	339061174846555	339061158995716
339061171626466	339061191529888	339061176091508
339061187810924	339061208213221	339061192266133
339061204920466	339061224896554	339061209364299
339061224614216	339061241579887	339061228958341
339061240826049	339061258263220	339061245124299
339061256751133	339061274946553	339061261125341
339061274336424	339061291629886	339061278696966
339061291515299	339061308313219	339061295749216
339061308618591	339061324996552	339061312945841
339061326200299	339061341679885	339061330473049
339061341282591	339061358363218	339061345608091
339061357986299	339061375046551	339061362298716
339061375033800	339061391729884	339061379457383
339061391945883	339061408413217	339061396271633
339061409109300	339061425096550	339061413372591
339061425354550	339061441779883	339061429814591
339061441794466	339061458463216	339061446187550
339061459164925	339061475146549	339061463507216
339061476614175	339061491829882	339061480819508
339061493186633	339061508513215	339061497448841
339061510007050	339061525196548	339061514314716
339061525812841	339061541879881	339061530092050
339061542771966	339061558563214	339061547086008
339061559550633	339061575246547	339061563843550
339061576821800	339061591929880	339061581170133
339061593966341	339061608613213	339061598257800
339061611029091	339061625296546	339061614349216
339061626726675	339061641979879	339061629956925

===
16683333
339060684092424	339060707713231	339060687486924
339060701023966	339060724396564	339060704461049
339060718519508	339060741079897	339060721947008
339060736525466	339060757763230	339060739878549
339060754555424	339060774446563	339060757949091
339060771054008	339060791129896	339060774593258
339060787327883	339060807813229	339060790711508
339060805063008	339060824496562	339060808505841
339060823383924	339060841179895	339060826711258
339060837822049	339060857863228	339060841034883
339060854297091	339060874546561	339060857433591
339060870122549	339060891229894	339060873512174
339060886297424	339060907913227	339060889716258
339060906710008	339060924596560	339060910113799
339060926712091	339060941279893	339060930462633
339060940114591	339060957963226	339060944753924
339060961484383	339060974646559	339060966190258
339060978986174	339060991329892	339060983701508
339061053257841	339061058063224	339061058004299
339061069640341	339061074746557	339061074153174
339061097531424	339061108113223	339061102504008
339061103694924	339061124796556	339061108304508
339061120442674	339061141479889	339061125014716
339061137660591	339061158163222	339061142177216
339061154515466	339061174846555	339061158995716
339061171626466	339061191529888	339061176091508
339061187810924	339061208213221	339061192266133
339061204920466	339061224896554	339061209364299
339061224614216	339061241579887	339061228958341
339061240826049	339061258263220	339061245124299
339061256751133	339061274946553	339061261125341
339061274336424	339061291629886	339061278696966
339061291515299	339061308313219	339061295749216
339061308618591	339061324996552	339061312945841
339061326200299	339061341679885	339061330473049
339061341282591	339061358363218	339061345608091
339061357986299	339061375046551	339061362298716
339061375033800	339061391729884	339061379457383
339061391945883	339061408413217	339061396271633
339061409109300	339061425096550	339061413372591
339061425354550	339061441779883	339061429814591
339061441794466	339061458463216	339061446187550
339061459164925	339061475146549	339061463507216
339061476614175	339061491829882	339061480819508
339061493186633	339061508513215	339061497448841
339061510007050	339061525196548	339061514314716
339061525812841	339061541879881	339061530092050
339061542771966	339061558563214	339061547086008
339061559550633	339061575246547	339061563843550
339061576821800	339061591929880	339061581170133
339061593966341	339061608613213	339061598257800
339061611029091	339061625296546	339061614349216
339061626726675	339061641979879	339061629956925
339061642323716	339061658663212	339061645749050
339061661702008	339061675346545	339061665061341
339061676053466	339061692029878	339061679369341
339061692350675	339061708713211	339061695636341
339061710683466	339061725396544	339061715015091
339061726288008	339061742079877	339061730589008
339061742934466	339061758763210	339061747239091
339061759529883	339061775446543	339061763908716
339061776805216	339061792129876	339061781145591
339061793162216	339061808813209	339061797562175
339061810369258	339061825496542	339061815445008
339061826432300	339061842179875	339061830541133
339061843298341	339061858863208	339061847535841
339061860132216	339061875546541	339061864387716
339061877045258	339061892229874	339061881432591
339061897743633	339061908913207	339061902201258
339061910491800	339061925596540	339061914964383
339061927335133	339061942279873	339061931914758
339061944643341	339061958963206	339061948524133
339061960669341	339061975646539	339061964214591
339061977921800	339061992329872	339061981437633
339061994507216	339062009013205	339061998015175
339062011017633	339062025696538	339062014528425
339062028056175	339062042379871	339062031541800
339062045050050	339062059063204	339062048571008
339062062852050	339062075746537	339062066341091
339062078674383	339062092429870	339062082157217
339062097017592	339062109113203	339062100391383
339062114183217	339062142479869	339062117639050
339062131258258	339062159163202	339062134732258
339062147884050	339062175846535	339062151409258
339062165815883	339062192529868	339062169313842
339062182256550	339062192529868	339062185887842
339062198052050	339062225896534	339062201550925
339062213554258	339062242579867	339062217077925
339062230509925	339062259263200	339062234105592
339062247148925	339062275946533	339062251720842
339062263642633	339062292629866	339062268190925
339062280767758	339062309313199	339062286170967
339062297364175	339062325996532	339062302649592
339062313707342	339062342679865	339062319152008
339062330563717	339062359363198	339062336148508
339062347264883	339062376046531	339062351626758
339062367870383	339062392729864	339062372246967
339062380778550	339062409413197	339062385269383
339062397792967	339062426096530	339062402381050
339062414503800	339062442779863	339062418406675
339062431253217	339062459463196	339062434784967
339062447992342	339062476146529	339062451543633
339062464873467	339062492829862	339062468368842
339062481799258	339062509513195	339062485276675
339062498368675	339062526196528	339062501846758
339062515451342	339062542879861	339062518968967
339062532167717	339062559563194	339062535638675
339062548853050	339062576246527	339062552351008
339062567816300	339062592929860	339062571303217
339062585206217	339062609613193	339062589640258
339062601803217	339062626296526	339062606195217
339062618236258	339062642979859	339062622677092
339062634680758	339062659663192	339062639149967
339062651970592	339062676346525	339062656452550
339062669449300	339062693029858	339062673887133
339062684371508	339062709713191	339062688856967
339062700393092	339062726396524	339062704907300
339062717252675	339062743079857	339062721836550
339062734238300	339062759763190	339062738818842
339062750416175	339062776446523	339062755102925
339062767985550	339062793129856	339062773074592
339062783709634	339062809813189	339062789016050
339062800749925	339062826496522	339062806221259
339062817399467	339062843179855	339062821739717
339062834208925	339062859863188	339062838570175
339062853976092	339062876546521	339062858425009
339062867946675	339062893229854	339062872481717

===
16683333
339061994507216	339062009013205	339061998015175
339062011017633	339062025696538	339062014528425
339062028056175	339062042379871	339062031541800
339062045050050	339062059063204	339062048571008
339062062852050	339062075746537	339062066341091
339062078674383	339062092429870	339062082157217
339062097017592	339062109113203	339062100391383
339062114183217	339062142479869	339062117639050
339062131258258	339062159163202	339062134732258
339062147884050	339062175846535	339062151409258
339062165815883	339062192529868	339062169313842
339062182256550	339062192529868	339062185887842
339062198052050	339062225896534	339062201550925
339062213554258	339062242579867	339062217077925
339062230509925	339062259263200	339062234105592
339062247148925	339062275946533	339062251720842
339062263642633	339062292629866	339062268190925
339062280767758	339062309313199	339062286170967
339062297364175	339062325996532	339062302649592
339062313707342	339062342679865	339062319152008
339062330563717	339062359363198	339062336148508
339062347264883	339062376046531	339062351626758
339062367870383	339062392729864	339062372246967
339062380778550	339062409413197	339062385269383
339062397792967	339062426096530	339062402381050
339062414503800	339062442779863	339062418406675
339062431253217	339062459463196	339062434784967
339062447992342	339062476146529	339062451543633
339062464873467	339062492829862	339062468368842
339062481799258	339062509513195	339062485276675
339062498368675	339062526196528	339062501846758
339062515451342	339062542879861	339062518968967
339062532167717	339062559563194	339062535638675
339062548853050	339062576246527	339062552351008
339062567816300	339062592929860	339062571303217
339062585206217	339062609613193	339062589640258
339062601803217	339062626296526	339062606195217
339062618236258	339062642979859	339062622677092
339062634680758	339062659663192	339062639149967
339062651970592	339062676346525	339062656452550
339062669449300	339062693029858	339062673887133
339062684371508	339062709713191	339062688856967
339062700393092	339062726396524	339062704907300
339062717252675	339062743079857	339062721836550
339062734238300	339062759763190	339062738818842
339062750416175	339062776446523	339062755102925
339062767985550	339062793129856	339062773074592
339062783709634	339062809813189	339062789016050
339062800749925	339062826496522	339062806221259
339062817399467	339062843179855	339062821739717
339062834208925	339062859863188	339062838570175
339062853976092	339062876546521	339062858425009
339062867946675	339062893229854	339062872481717
339062884623175	339062909913187	339062889229009
339062901691884	339062926596520	339062905613050
339062918291134	339062943279853	339062921806342
339062935376759	339062959963186	339062938874675
339062951737634	339062976646519	339062955217842
339062968541175	339062993329852	339062972041967
339062985478009	339063010013185	339062988998884
339063002362800	339063026696518	339063005839342
339063019011259	339063043379851	339063022513384
339063035774634	339063060063184	339063039351092
339063054598425	339063076746517	339063058071717
339063071437759	339063093429850	339063074932009
339063091471634	339063110113183	339063094929050
339063105348342	339063126796516	339063108832842
339063122669467	339063143479849	339063126125175
339063138566759	339063160163182	339063142069717
339063156419259	339063176846515	339063159977925
339063171432759	339063193529848	339063175016384
339063187988759	339063210213181	339063191468759
339063205285592	339063226896514	339063208771509
339063221339550	339063243579847	339063224941800
339063238330300	339063260263180	339063242500842
339063255025425	339063276946513	339063259106092
339063271258634	339063293629846	339063275498717
339063287959425	339063310313179	339063292280425
339063304842134	339063326996512	339063309187675
339063325825967	339063343679845	339063330285217
339063338592175	339063360363178	339063343110467
339063355228800	339063377046511	339063359789509
339063372128634	339063393729844	339063376038342
339063388708134	339063410413177	339063392215884
339063405560800	339063427096510	339063409059842
339063422498092	339063443779843	339063426013467
339063439290175	339063460463176	339063442800217
339063456268592	339063477146509	339063459643800
339063473256717	339063493829842	339063476780301
339063489761592	339063510513175	339063493263717
339063506539426	339063527196508	339063510016926
339063523235301	339063543879841	339063526713467
339063542331342	339063560563174	339063545701717
339063559444467	339063577246507	339063562921592
339063576761634	339063593929840	339063580306926
339063594434009	339063610613173	339063597878342
339063609580217	339063627296506	339063613118592
339063627202926	339063643979839	339063630657301
339063642413717	339063660663172	339063645937176
339063658256426	339063677346505	339063661883717
339063675536592	339063694029838	339063679055176
339063691824426	339063710713171	339063695362676
339063708294967	339063727396504	339063711831926
339063725738259	339063744079837	339063729766967
339063741540759	339063760763170	339063745715884
339063758172092	339063777446503	339063762427259
339063774962801	339063794129836	339063779323551
339063791919842	339063810813169	339063796281842
339063813280634	339063827496502	339063817649301
339063825937342	339063844179835	339063830439134
339063842660801	339063860863168	339063847176884
339063859350551	339063877546501	339063863287176
339063876556009	339063894229834	339063880117051
339063892965884	339063910913167	339063896488134
339063909697926	339063927596500	339063913185051
339063926306009	339063944279833	339063929786342
339063943700592	339063960963166	339063947190051
339063960282259	339063977646499	339063963764926
339063977297342	339063994329832	339063980799801
339063993442884	339064011013165	339063996946926
339064012188467	339064027696498	339064015608217
339064030251259	339064044379831	339064033848301
339064048154384	339064061063164	339064051582009
339064063277842	339064077746497	339064066746176
339064081234009	339064094429830	339064084694634
339064098225134	339064111113163	339064101754634
339064113886676	339064127796496	339064117442009

===
16683333
339063271258634	339063293629846	339063275498717
339063287959425	339063310313179	339063292280425
339063304842134	339063326996512	339063309187675
339063325825967	339063343679845	339063330285217
339063338592175	339063360363178	339063343110467
339063355228800	339063377046511	339063359789509
339063372128634	339063393729844	339063376038342
339063388708134	339063410413177	339063392215884
339063405560800	339063427096510	339063409059842
339063422498092	339063443779843	339063426013467
339063439290175	339063460463176	339063442800217
339063456268592	339063477146509	339063459643800
339063473256717	339063493829842	339063476780301
339063489761592	339063510513175	339063493263717
339063506539426	339063527196508	339063510016926
339063523235301	339063543879841	339063526713467
339063542331342	339063560563174	339063545701717
339063559444467	339063577246507	339063562921592
339063576761634	339063593929840	339063580306926
339063594434009	339063610613173	339063597878342
339063609580217	339063627296506	339063613118592
339063627202926	339063643979839	339063630657301
339063642413717	339063660663172	339063645937176
339063658256426	339063677346505	339063661883717
339063675536592	339063694029838	339063679055176
339063691824426	339063710713171	339063695362676
339063708294967	339063727396504	339063711831926
339063725738259	339063744079837	339063729766967
339063741540759	339063760763170	339063745715884
339063758172092	339063777446503	339063762427259
339063774962801	339063794129836	339063779323551
339063791919842	339063810813169	339063796281842
339063813280634	339063827496502	339063817649301
339063825937342	339063844179835	339063830439134
339063842660801	339063860863168	339063847176884
339063859350551	339063877546501	339063863287176
339063876556009	339063894229834	339063880117051
339063892965884	339063910913167	339063896488134
339063909697926	339063927596500	339063913185051
339063926306009	339063944279833	339063929786342
339063943700592	339063960963166	339063947190051
339063960282259	339063977646499	339063963764926
339063977297342	339063994329832	339063980799801
339063993442884	339064011013165	339063996946926
339064012188467	339064027696498	339064015608217
339064030251259	339064044379831	339064033848301
339064048154384	339064061063164	339064051582009
339064063277842	339064077746497	339064066746176
339064081234009	339064094429830	339064084694634
339064098225134	339064111113163	339064101754634
339064113886676	339064127796496	339064117442009
339064129555759	339064144479829	339064132989092
339064145896051	339064161163162	339064149473467
339064163813259	339064177846495	339064167212759
339064179977426	339064194529828	339064183514551
339064196477259	339064211213161	339064200684259
339064212908426	339064227896494	339064217044676
339064228889468	339064244579827	339064233125634
339064245652134	339064261263160	339064249990759
339064262939634	339064277946493	339064266890551
339064284473468	339064294629826	339064288924134
339064296268009	339064311313159	339064300780926
339064312860009	339064327996492	339064317467426
339064329660968	339064344679825	339064333578134
339064346381593	339064361363158	339064349904259
339064362962093	339064378046491	339064366477468
339064379964218	339064394729824	339064383452176
339064396774384	339064411413157	339064400257134
339064413531843	339064428096490	339064417029259
339064430549759	339064444779823	339064434094926
339064447073551	339064461463156	339064450579718
339064463991634	339064478146489	339064467465009
339064482594134	339064494829822	339064486048509
339064499838634	339064528196488	339064503316718
339064517341009	339064544879821	339064520842801
339064534691426	339064561563154	339064538092134
339064551626801	339064578246487	339064555135218
339064567203176	339064594929820	339064570714634
339064585248884	339064611613153	339064588776384
339064602476343	339064628296486	339064605989468
339064616856468	339064644979819	339064620408593
339064632974134	339064661663152	339064637504884
339064649440468	339064678346485	339064653988384
339064666819593	339064695029818	339064671340468
339064686640093	339064711713151	339064691119468
339064702332426	339064728396484	339064707566343
339064719056093	339064745079817	339064724433676
339064735213051	339064761763150	339064740928384
339064753564468	339064778446483	339064758139926
339064769605968	339064795129816	339064774194134
339064788647968	339064811813149	339064793375551
339064802874551	339064828496482	339064807696676
339064822506468	339064845179815	339064827327718
339064836053551	339064861863148	339064840181301
339064853477968	339064878546481	339064857278218
339064869171801	339064895229814	339064872991551
339064886335676	339064911913147	339064890147718
339064902432135	339064928596480	339064906233926
339064919884385	339064945279813	339064923683635
339064936649343	339064961963146	339064940452260
339064953510176	339064978646479	339064957302010
339064969741926	339064995329812	339064973564510
339064988985676	339065012013145	339064992755468
339065006855926	339065028696478	339065010632135
339065025578260	339065045379811	339065029372301
339065039778260	339065062063144	339065043586260
339065056659510	339065078746477	339065060471135
339065074012510	339065095429810	339065077821551
339065091761051	339065112113143	339065095716468
339065108959718	339065128796476	339065112852676
339065124967218	339065145479809	339065128848926
339065142013093	339065162163142	339065145894093
339065154015843	339065178846475	339065157902301
339065175989385	339065195529808	339065186272343
339065193317885	339065212213141	339065203490343
339065207712885	339065228896474	339065217845218
339065224451135	339065245579807	339065234556551
339065244749176	339065262263140	339065254714176
339065264652551	339065278946473	339065274613885
339065278984676	339065295629806	339065288880468
339065293580926	339065312313139	339065302967093
339065307088260	339065328996472	339065315624801
339065324491885	339065345679805	339065332915343
339065341006885	339065362363138	339065349400926
339065357757635	339065379046471	339065366134301
339065374473468	339065395729804	339065382975343
339065391335010	339065412413137	339065399703676

===
16683333
339064212908426	339064227896494	339064217044676
339064228889468	339064244579827	339064233125634
339064245652134	339064261263160	339064249990759
339064262939634	339064277946493	339064266890551
339064284473468	339064294629826	339064288924134
339064296268009	339064311313159	339064300780926
339064312860009	339064327996492	339064317467426
339064329660968	339064344679825	339064333578134
339064346381593	339064361363158	339064349904259
339064362962093	339064378046491	339064366477468
339064379964218	339064394729824	339064383452176
339064396774384	339064411413157	339064400257134
339064413531843	339064428096490	339064417029259
339064430549759	339064444779823	339064434094926
339064447073551	339064461463156	339064450579718
339064463991634	339064478146489	339064467465009
339064482594134	339064494829822	339064486048509
339064499838634	339064528196488	339064503316718
339064517341009	339064544879821	339064520842801
339064534691426	339064561563154	339064538092134
339064551626801	339064578246487	339064555135218
339064567203176	339064594929820	339064570714634
339064585248884	339064611613153	339064588776384
339064602476343	339064628296486	339064605989468
339064616856468	339064644979819	339064620408593
339064632974134	339064661663152	339064637504884
339064649440468	339064678346485	339064653988384
339064666819593	339064695029818	339064671340468
339064686640093	339064711713151	339064691119468
339064702332426	339064728396484	339064707566343
339064719056093	339064745079817	339064724433676
339064735213051	339064761763150	339064740928384
339064753564468	339064778446483	339064758139926
339064769605968	339064795129816	339064774194134
339064788647968	339064811813149	339064793375551
339064802874551	339064828496482	339064807696676
339064822506468	339064845179815	339064827327718
339064836053551	339064861863148	339064840181301
339064853477968	339064878546481	339064857278218
339064869171801	339064895229814	339064872991551
339064886335676	339064911913147	339064890147718
339064902432135	339064928596480	339064906233926
339064919884385	339064945279813	339064923683635
339064936649343	339064961963146	339064940452260
339064953510176	339064978646479	339064957302010
339064969741926	339064995329812	339064973564510
339064988985676	339065012013145	339064992755468
339065006855926	339065028696478	339065010632135
339065025578260	339065045379811	339065029372301
339065039778260	339065062063144	339065043586260
339065056659510	339065078746477	339065060471135
339065074012510	339065095429810	339065077821551
339065091761051	339065112113143	339065095716468
339065108959718	339065128796476	339065112852676
339065124967218	339065145479809	339065128848926
339065142013093	339065162163142	339065145894093
339065154015843	339065178846475	339065157902301
339065175989385	339065195529808	339065186272343
339065193317885	339065212213141	339065203490343
339065207712885	339065228896474	339065217845218
339065224451135	339065245579807	339065234556551
339065244749176	339065262263140	339065254714176
339065264652551	339065278946473	339065274613885
339065278984676	339065295629806	339065288880468
339065293580926	339065312313139	339065302967093
339065307088260	339065328996472	339065315624801
339065324491885	339065345679805	339065332915343
339065341006885	339065362363138	339065349400926
339065357757635	339065379046471	339065366134301
339065374473468	339065395729804	339065382975343
339065391335010	339065412413137	339065399703676
339065411394426	339065429096470	339065417802718
339065426237968	339065445779803	339065432717885
339065443577926	339065462463136	339065450204635
339065458868260	339065479146469	339065465396176
339065476112218	339065495829802	339065482622593
339065494006426	339065512513135	339065500625885
339065511216343	339065529196468	339065517739551
339065527689760	339065545879801	339065534222801
339065545443051	339065562563134	339065552035260
339065563536968	339065579246467	339065570036260
339065578532427	339065595929800	339065585134843
339065592921260	339065612613133	339065599485843
339065611169302	339065629296466	339065617794843
339065628335218	339065645979799	339065634913802
339065648375302	339065662663132	339065654947135
339065660617218	339065679346465	339065666859468
339065678254635	339065696029798	339065684463010
339065693818177	339065712713131	339065699474760
339065710747635	339065729396464	339065716877552
339065727791843	339065746079797	339065734059843
339065743932635	339065762763130	339065750214927
339065762592760	339065779446463	339065768846718
339065778325343	339065796129796	339065784495843
339065794799218	339065812813129	339065800980885
339065811728968	339065829496462	339065817988010
339065829202177	339065846179795	339065835428635
339065846709135	339065862863128	339065852904552
339065862323177	339065879546461	339065868516635
339065879802218	339065896229794	339065886019260
339065896728302	339065912913127	339065902915927
339065912312593	339065929596460	339065918337468
339065929619427	339065946279793	339065935809968
339065946198635	339065962963126	339065952395927
339065963331510	339065979646459	339065969454010
339065982698677	339065996329792	339065989192760
339066004717093	339066013013125	339066009348010
339066019316427	339066029696458	339066024343385
339066035242177	339066046379791	339066040278427
339066051099718	339066063063124	339066056076677
339066065022802	339066079746457	339066070084135
339066081600260	339066096429790	339066088228260
339066097797760	339066113113123	339066104426927
339066112753260	339066129796456	339066119405552
339066131079385	339066146479789	339066137744885
339066146425802	339066163163122	339066153018760
339066163614552	339066179846455	339066170013177
339066182118718	339066196529788	339066189680802
339066198289593	339066213213121	339066204566760
339066213595385	339066229896454	339066219902302
339066230870260	339066246579787	339066237159885
339066248256552	339066263263120	339066253865968
339066264614219	339066279946453	339066270796594
339066280783302	339066296629786	339066287083135
339066296806635	339066313313119	339066303021219
339066314681427	339066329996452	339066320865052
339066333317719	339066346679785	339066339313094

===
16683333
339064212908426	339064227896494	339064217044676
339064228889468	339064244579827	339064233125634
339064245652134	339064261263160	339064249990759
339064262939634	339064277946493	339064266890551
339064284473468	339064294629826	339064288924134
339064296268009	339064311313159	339064300780926
339064312860009	339064327996492	339064317467426
339064329660968	339064344679825	339064333578134
339064346381593	339064361363158	339064349904259
339064362962093	339064378046491	339064366477468
339064379964218	339064394729824	339064383452176
339064396774384	339064411413157	339064400257134
339064413531843	339064428096490	339064417029259
339064430549759	339064444779823	339064434094926
339064447073551	339064461463156	339064450579718
339064463991634	339064478146489	339064467465009
339064482594134	339064494829822	339064486048509
339064499838634	339064528196488	339064503316718
339064517341009	339064544879821	339064520842801
339064534691426	339064561563154	339064538092134
339064551626801	339064578246487	339064555135218
339064567203176	339064594929820	339064570714634
339064585248884	339064611613153	339064588776384
339064602476343	339064628296486	339064605989468
339064616856468	339064644979819	339064620408593
339064632974134	339064661663152	339064637504884
339064649440468	339064678346485	339064653988384
339064666819593	339064695029818	339064671340468
339064686640093	339064711713151	339064691119468
339064702332426	339064728396484	339064707566343
339064719056093	339064745079817	339064724433676
339064735213051	339064761763150	339064740928384
339064753564468	339064778446483	339064758139926
339064769605968	339064795129816	339064774194134
339064788647968	339064811813149	339064793375551
339064802874551	339064828496482	339064807696676
339064822506468	339064845179815	339064827327718
339064836053551	339064861863148	339064840181301
339064853477968	339064878546481	339064857278218
339064869171801	339064895229814	339064872991551
339064886335676	339064911913147	339064890147718
339064902432135	339064928596480	339064906233926
339064919884385	339064945279813	339064923683635
339064936649343	339064961963146	339064940452260
339064953510176	339064978646479	339064957302010
339064969741926	339064995329812	339064973564510
339064988985676	339065012013145	339064992755468
339065006855926	339065028696478	339065010632135
339065025578260	339065045379811	339065029372301
339065039778260	339065062063144	339065043586260
339065056659510	339065078746477	339065060471135
339065074012510	339065095429810	339065077821551
339065091761051	339065112113143	339065095716468
339065108959718	339065128796476	339065112852676
339065124967218	339065145479809	339065128848926
339065142013093	339065162163142	339065145894093
339065154015843	339065178846475	339065157902301
339065175989385	339065195529808	339065186272343
339065193317885	339065212213141	339065203490343
339065207712885	339065228896474	339065217845218
339065224451135	339065245579807	339065234556551
339065244749176	339065262263140	339065254714176
339065264652551	339065278946473	339065274613885
339065278984676	339065295629806	339065288880468
339065293580926	339065312313139	339065302967093
339065307088260	339065328996472	339065315624801
339065324491885	339065345679805	339065332915343
339065341006885	339065362363138	339065349400926
339065357757635	339065379046471	339065366134301
339065374473468	339065395729804	339065382975343
339065391335010	339065412413137	339065399703676
339065411394426	339065429096470	339065417802718
339065426237968	339065445779803	339065432717885
339065443577926	339065462463136	339065450204635
339065458868260	339065479146469	339065465396176
339065476112218	339065495829802	339065482622593
339065494006426	339065512513135	339065500625885
339065511216343	339065529196468	339065517739551
339065527689760	339065545879801	339065534222801
339065545443051	339065562563134	339065552035260
339065563536968	339065579246467	339065570036260
339065578532427	339065595929800	339065585134843
339065592921260	339065612613133	339065599485843
339065611169302	339065629296466	339065617794843
339065628335218	339065645979799	339065634913802
339065648375302	339065662663132	339065654947135
339065660617218	339065679346465	339065666859468
339065678254635	339065696029798	339065684463010
339065693818177	339065712713131	339065699474760
339065710747635	339065729396464	339065716877552
339065727791843	339065746079797	339065734059843
339065743932635	339065762763130	339065750214927
339065762592760	339065779446463	339065768846718
339065778325343	339065796129796	339065784495843
339065794799218	339065812813129	339065800980885
339065811728968	339065829496462	339065817988010
339065829202177	339065846179795	339065835428635
339065846709135	339065862863128	339065852904552
339065862323177	339065879546461	339065868516635
339065879802218	339065896229794	339065886019260
339065896728302	339065912913127	339065902915927
339065912312593	339065929596460	339065918337468
339065929619427	339065946279793	339065935809968
339065946198635	339065962963126	339065952395927
339065963331510	339065979646459	339065969454010
339065982698677	339065996329792	339065989192760
339066004717093	339066013013125	339066009348010
339066019316427	339066029696458	339066024343385
339066035242177	339066046379791	339066040278427
339066051099718	339066063063124	339066056076677
339066065022802	339066079746457	339066070084135
339066081600260	339066096429790	339066088228260
339066097797760	339066113113123	339066104426927
339066112753260	339066129796456	339066119405552
339066131079385	339066146479789	339066137744885
339066146425802	339066163163122	339066153018760
339066163614552	339066179846455	339066170013177
339066182118718	339066196529788	339066189680802
339066198289593	339066213213121	339066204566760
339066213595385	339066229896454	339066219902302
339066230870260	339066246579787	339066237159885
339066248256552	339066263263120	339066253865968
339066264614219	339066279946453	339066270796594
339066280783302	339066296629786	339066287083135
339066296806635	339066313313119	339066303021219
339066314681427	339066329996452	339066320865052
339066333317719	339066346679785	339066339313094

