Applications Graphics Acceleration Info:
Uptime: 338015873 Realtime: 372689984

** Graphics info for pid 7100 [com.auroratv.lab] **

Stats since: 338001878940211ns
Total frames rendered: 476
Janky frames: 16 (3.36%)
Janky frames (legacy): 159 (33.40%)
50th percentile: 12ms
90th percentile: 27ms
95th percentile: 34ms
99th percentile: 109ms
Number Missed Vsync: 6
Number High input latency: 672
Number Slow UI thread: 12
Number Slow bitmap uploads: 6
Number Slow issue draw commands: 13
Number Frame deadline missed: 16
Number Frame deadline missed (legacy): 17
HISTOGRAM: 5ms=0 6ms=0 7ms=6 8ms=34 9ms=65 10ms=60 11ms=47 12ms=27 13ms=9 14ms=3 15ms=10 16ms=20 17ms=10 18ms=9 19ms=4 20ms=9 21ms=3 22ms=21 23ms=35 24ms=36 25ms=13 26ms=7 27ms=2 28ms=3 29ms=4 30ms=8 31ms=1 32ms=4 34ms=3 36ms=2 38ms=1 40ms=1 42ms=2 44ms=2 46ms=1 48ms=2 53ms=1 57ms=0 61ms=2 65ms=0 69ms=0 73ms=0 77ms=0 81ms=1 85ms=1 89ms=0 93ms=1 97ms=1 101ms=0 105ms=0 109ms=1 113ms=0 117ms=1 121ms=0 125ms=0 129ms=0 133ms=0 150ms=0 200ms=0 250ms=1 300ms=1 350ms=0 400ms=0 450ms=0 500ms=0 550ms=0 600ms=0 650ms=0 700ms=0 750ms=0 800ms=0 850ms=0 900ms=1 950ms=0 1000ms=0 1050ms=0 1100ms=0 1150ms=0 1200ms=0 1250ms=0 1300ms=0 1350ms=0 1400ms=0 1450ms=0 1500ms=0 1550ms=0 1600ms=0 1650ms=0 1700ms=0 1750ms=0 1800ms=0 1850ms=0 1900ms=0 1950ms=0 2000ms=0 2050ms=0 2100ms=0 2150ms=0 2200ms=0 2250ms=0 2300ms=0 2350ms=0 2400ms=0 2450ms=0 2500ms=0 2550ms=0 2600ms=0 2650ms=0 2700ms=0 2750ms=0 2800ms=0 2850ms=0 2900ms=0 2950ms=0 3000ms=0 3050ms=0 3100ms=0 3150ms=0 3200ms=0 3250ms=0 3300ms=0 3350ms=0 3400ms=0 3450ms=0 3500ms=0 3550ms=0 3600ms=0 3650ms=0 3700ms=0 3750ms=0 3800ms=0 3850ms=0 3900ms=0 3950ms=0 4000ms=0 4050ms=0 4100ms=0 4150ms=0 4200ms=0 4250ms=0 4300ms=0 4350ms=0 4400ms=0 4450ms=0 4500ms=0 4550ms=0 4600ms=0 4650ms=0 4700ms=0 4750ms=0 4800ms=0 4850ms=0 4900ms=0 4950ms=0
50th gpu percentile: 5ms
90th gpu percentile: 10ms
95th gpu percentile: 13ms
99th gpu percentile: 23ms
GPU HISTOGRAM: 1ms=0 2ms=0 3ms=0 4ms=131 5ms=115 6ms=43 7ms=112 8ms=6 9ms=4 10ms=22 11ms=4 12ms=9 13ms=21 14ms=0 15ms=0 16ms=0 17ms=0 18ms=1 19ms=2 20ms=1 21ms=0 22ms=0 23ms=2 24ms=0 25ms=0 4950ms=3

Pipeline=Skia (OpenGL)
Memory policy:
  Max surface area: 2073600
  Max resource usage: 99.53MB (x48)
  Background retention: 50% (altUiHidden = true)
  GPU Context timeout: 10
Contexts: 1 (stopped = 0)
CPU Caches:
  Glyph Cache: 1.77 MB (1 entry)
  Glyph Count: 118 
Total CPU memory usage:
  1858387 bytes, 1.77 MB (0.00 bytes is purgeable)
GPU Caches:
  Image:
    Texture: 28.90 MB (95 entries)
  Other:
    Other: 24.31 KB (1 entry)
    Buffer Object: 464.00 bytes (2 entries)
    StencilAttachment: 47.00 KB (5 entries)
  Scratch:
    RenderTarget: 55.68 MB (68 entries)
    Texture: 2.04 MB (5 entries)
    Buffer Object: 78.03 KB (3 entries)
Total GPU memory usage:
  90985024 bytes, 86.77 MB (68.84 MB is purgeable)

Profile data in ms:

	com.auroratv.lab/com.auroratv.MainActivity/android.view.ViewRootImpl@1932abc (visibility=0)
Window: com.auroratv.lab/com.auroratv.MainActivity
Stats since: 338001878939503ns
Total frames rendered: 476
Janky frames: 16 (3.36%)
Janky frames (legacy): 159 (33.40%)
50th percentile: 12ms
90th percentile: 27ms
95th percentile: 34ms
99th percentile: 109ms
Number Missed Vsync: 6
Number High input latency: 672
Number Slow UI thread: 12
Number Slow bitmap uploads: 6
Number Slow issue draw commands: 13
Number Frame deadline missed: 16
Number Frame deadline missed (legacy): 17
HISTOGRAM: 5ms=0 6ms=0 7ms=6 8ms=34 9ms=65 10ms=60 11ms=47 12ms=27 13ms=9 14ms=3 15ms=10 16ms=20 17ms=10 18ms=9 19ms=4 20ms=9 21ms=3 22ms=21 23ms=35 24ms=36 25ms=13 26ms=7 27ms=2 28ms=3 29ms=4 30ms=8 31ms=1 32ms=4 34ms=3 36ms=2 38ms=1 40ms=1 42ms=2 44ms=2 46ms=1 48ms=2 53ms=1 57ms=0 61ms=2 65ms=0 69ms=0 73ms=0 77ms=0 81ms=1 85ms=1 89ms=0 93ms=1 97ms=1 101ms=0 105ms=0 109ms=1 113ms=0 117ms=1 121ms=0 125ms=0 129ms=0 133ms=0 150ms=0 200ms=0 250ms=1 300ms=1 350ms=0 400ms=0 450ms=0 500ms=0 550ms=0 600ms=0 650ms=0 700ms=0 750ms=0 800ms=0 850ms=0 900ms=1 950ms=0 1000ms=0 1050ms=0 1100ms=0 1150ms=0 1200ms=0 1250ms=0 1300ms=0 1350ms=0 1400ms=0 1450ms=0 1500ms=0 1550ms=0 1600ms=0 1650ms=0 1700ms=0 1750ms=0 1800ms=0 1850ms=0 1900ms=0 1950ms=0 2000ms=0 2050ms=0 2100ms=0 2150ms=0 2200ms=0 2250ms=0 2300ms=0 2350ms=0 2400ms=0 2450ms=0 2500ms=0 2550ms=0 2600ms=0 2650ms=0 2700ms=0 2750ms=0 2800ms=0 2850ms=0 2900ms=0 2950ms=0 3000ms=0 3050ms=0 3100ms=0 3150ms=0 3200ms=0 3250ms=0 3300ms=0 3350ms=0 3400ms=0 3450ms=0 3500ms=0 3550ms=0 3600ms=0 3650ms=0 3700ms=0 3750ms=0 3800ms=0 3850ms=0 3900ms=0 3950ms=0 4000ms=0 4050ms=0 4100ms=0 4150ms=0 4200ms=0 4250ms=0 4300ms=0 4350ms=0 4400ms=0 4450ms=0 4500ms=0 4550ms=0 4600ms=0 4650ms=0 4700ms=0 4750ms=0 4800ms=0 4850ms=0 4900ms=0 4950ms=0
50th gpu percentile: 5ms
90th gpu percentile: 10ms
95th gpu percentile: 13ms
99th gpu percentile: 23ms
GPU HISTOGRAM: 1ms=0 2ms=0 3ms=0 4ms=131 5ms=115 6ms=43 7ms=112 8ms=6 9ms=4 10ms=22 11ms=4 12ms=9 13ms=21 14ms=0 15ms=0 16ms=0 17ms=0 18ms=1 19ms=2 20ms=1 21ms=0 22ms=0 23ms=2 24ms=0 25ms=0 4950ms=3



---PROFILEDATA---
Flags,FrameTimelineVsyncId,IntendedVsync,Vsync,InputEventId,HandleInputStart,AnimationStart,PerformTraversalsStart,DrawStart,FrameDeadline,FrameInterval,FrameStartTime,SyncQueued,SyncStart,IssueDrawCommandsStart,SwapBuffers,FrameCompleted,DequeueBufferDuration,QueueBufferDuration,GpuCompleted,SwapBuffersCompleted,DisplayPresentTime,CommandSubmissionCompleted,
0,117086076,338010675408567,338010675408567,0,338010675675298,338010675676632,338010676643132,338010676786882,338010710891614,338010675669507,16799714,338010677887882,338010677980382,338010678628882,338010681594923,338010686918132,228333,286667,338010686918132,338010682178298,-1,338010681594923,
0,117086084,338010692208281,338010692208281,0,338010692475965,338010692477632,338010693498715,338010693641715,338010727691328,338010692470382,16799714,338010694791673,338010694879132,338010695535049,338010698429757,338010703808257,129125,570792,338010703808257,338010699391257,-1,338010698429757,
0,117086092,338010709007995,338010709007995,0,338010709288382,338010709290049,338010710283174,338010710441049,338010744491042,338010709282257,16799714,338010711785340,338010711882257,338010712644340,338010715866507,338010721169924,182042,385083,338010721169924,338010716575549,-1,338010715866507,
0,117086100,338010725807709,338010725807709,0,338010726084090,338010726085590,338010727065340,338010727208674,338010761290756,338010726078257,16799714,338010728805424,338010728911382,338010729690215,338010732789507,338010736330049,19250,276542,338010736330049,338010733435257,-1,338010732789507,
0,117086108,338010742607423,338010742607423,0,338010742901757,338010742903007,338010743754507,338010743907090,338010778090470,338010742895340,16799714,338010745416215,338010745514424,338010746310424,338010748771257,338010752220299,19667,336500,338010752220299,338010749476549,-1,338010748771257,
0,117086116,338010759407137,338010759407137,0,338010759680840,338010759682257,338010760628549,338010760782299,338010794890184,338010759674924,16799714,338010762010549,338010762098215,338010762713257,338010765293049,338010768836132,114458,281083,338010768836132,338010765952757,-1,338010765293049,
0,117086124,338010776206851,338010776206851,0,338010776484049,338010776485340,338010777341799,338010777485924,338010811689898,338010776478382,16799714,338010777700299,338010777783924,338010778423757,338010782044965,338010785483674,1160333,278125,338010785483674,338010782607632,-1,338010782044965,
0,117086132,338010793006565,338010793006565,0,338010793279257,338010793280674,338010793963424,338010794102924,338010828489612,338010793273549,16799714,338010795084340,338010795167757,338010795815090,338010798652465,338010802047757,692459,277125,338010802047757,338010799206340,-1,338010798652465,
0,117086140,338010809806279,338010809806279,0,338010810073799,338010810075049,338010810553215,338010810722965,338010845289326,338010810067632,16799714,338010810934840,338010811019424,338010811566715,338010815577174,338010818953382,1626500,338042,338010818953382,338010816216340,-1,338010815577174,
0,117086148,338010826605993,338010826605993,0,338010826860715,338010826862424,338010827660382,338010827803257,338010862089040,338010826855049,16799714,338010827977507,338010828097424,338010828634757,338010832983549,338010836371757,1312667,370666,338010836371757,338010833656424,-1,338010832983549,
0,117086156,338010843405707,338010843405707,0,338010843665007,338010843666590,338010844132507,338010844272049,338010878888754,338010843659299,16799714,338010844398465,338010844491049,338010845046799,338010848998340,338010852377840,1637792,279000,338010852377840,338010849576299,-1,338010848998340,
0,117086164,338010860205421,338010860205421,0,338010860497549,338010860499049,338010860866049,338010861003715,338010895688468,338010860491882,16799714,338010861048882,338010861135632,338010861670090,338010865822924,338010869174674,1772833,286875,338010869174674,338010866399215,-1,338010865822924,
0,117086172,338010877005135,338010877005135,0,338010877269674,338010877271090,338010877691632,338010877827340,338010912488182,338010877263507,16799714,338010877872507,338010877958632,338010878493507,338010884146007,338010887626507,1815083,483750,338010887626507,338010885092257,-1,338010884146007,
0,117086180,338010893804849,338010893804849,0,338010894155549,338010894157465,338010894635090,338010894829924,338010929287896,338010894147215,16799714,338010894885965,338010895011424,338010896106132,338010901236424,338010904763549,1526041,454708,338010904763549,338010902196549,-1,338010901236424,
0,117086188,338010910604563,338010910604563,0,338010911003299,338010911005590,338010911664549,338010911843382,338010946087610,338010910993674,16799714,338010911899715,338010912093799,338010913083340,338010918519715,338010922059174,1649167,400958,338010922059174,338010919339424,-1,338010918519715,
0,117086196,338010927404277,338010927404277,0,338010927798715,338010927800340,338010928397382,338010928609924,338010962887324,338010927791132,16799714,338010928668632,338010928800340,338010931200715,338010934145715,338010938442965,21709,323375,338010938442965,338010934823007,-1,338010934145715,
0,117086204,338010944203991,338010944203991,0,338010944544507,338010944546007,338010945025090,338010945179632,338010979687038,338010944537132,16799714,338010945230424,338010945330049,338010945908174,338010950336049,338010954594965,1826542,583542,338010954594965,338010951248465,-1,338010950336049,
0,117086212,338010961003705,338010961003705,-835040146,338010961323507,338010961325340,338010961775424,338010961955007,338010996486752,338010961316924,16799714,338010963319382,338010963428174,338010964174424,338010967166382,338010971512715,467667,304833,338010971512715,338010967785757,-1,338010967166382,
0,117086220,338010977803419,338010977803419,0,338010978148799,338010978150257,338010978767549,338010978931715,338011013286466,338010978141465,16799714,338010995561007,338010995691507,338010996991924,338011007422049,338011012355924,21333,631750,338011012355924,338011009018257,-1,338011007422049,
0,117086228,338010994603133,338010994603133,0,338010997598507,338010997600090,338010998686174,338010998880465,338011030086180,338010997589924,16799714,338011002406632,338011009152590,338011010562174,338011013729340,338011019927090,23875,313625,338011019927090,338011014434174,-1,338011013729340,
0,117086236,338011011402847,338011011402847,0,338011013394174,338011013395840,338011015051174,338011015277715,338011046885894,338011013384840,16799714,338011017426924,338011017599299,338011019996132,338011024548924,338011028943757,22750,309375,338011028943757,338011025209799,-1,338011024548924,
0,117086244,338011028202561,338011028202561,0,338011028550799,338011028552215,338011030114340,338011030290840,338011063685608,338011028530590,16799714,338011032671840,338011032773257,338011036855257,338011041818007,338011046073799,20750,308708,338011046073799,338011042452507,-1,338011041818007,
0,117086252,338011045002275,338011045002275,0,338011045304382,338011045306049,338011046876257,338011047020882,338011080485322,338011045298007,16799714,338011048603007,338011048740507,338011050295257,338011053885382,338011058112757,20916,658417,338011058112757,338011054872049,-1,338011053885382,
0,117086260,338011061801989,338011061801989,0,338011062069257,338011062070924,338011062887340,338011063046674,338011097285036,338011062063382,16799714,338011081855299,338011082026299,338011083117549,338011088622507,338011092936507,22625,3235542,338011092936507,338011092269465,-1,338011088622507,
0,117086268,338011078601703,338011078601703,0,338011083602715,338011083603924,338011084544340,338011084733674,338011114084750,338011083594715,16799714,338011086855132,338011092396632,338011093211299,338011096676549,338011100879549,17083,520041,338011100879549,338011097567882,-1,338011096676549,
0,117086276,338011095401417,338011095401417,0,338011096407257,338011096408590,338011098228257,338011098424757,338011130884464,338011096397882,16799714,338011101014840,338011101120090,338011103895424,338011108552674,338011112666840,21084,370792,338011112666840,338011109212840,-1,338011108552674,
0,117086284,338011112201131,338011112201131,0,338011112501632,338011112503215,338011113361382,338011113574840,338011147684178,338011112494924,16799714,338011115865924,338011115983257,338011118398507,338011122639174,338011126811590,19041,268667,338011126811590,338011123176007,-1,338011122639174,
0,117086292,338011129000845,338011129000845,0,338011129269132,338011129270882,338011130325590,338011130466590,338011164483892,338011129263340,16799714,338011132709757,338011132823424,338011135036840,338011138318424,338011142472132,21000,273292,338011142472132,338011138867965,-1,338011138318424,
0,117086300,338011145800559,338011145800559,0,338011146065215,338011146066757,338011146803715,338011146946757,338011181283606,338011146059799,16799714,338011148165965,338011148268132,338011149051007,338011151578549,338011154909465,250291,301291,338011154909465,338011152241257,-1,338011151578549,
0,117086308,338011162600273,338011162600273,0,338011162868340,338011162869924,338011163538924,338011163686465,338011198083320,338011162862715,16799714,338011164951799,338011165072965,338011165904257,338011168541340,338011171813174,15250,275834,338011171813174,338011169105590,-1,338011168541340,
0,117086316,338011179399987,338011179399987,0,338011179670049,338011179671424,338011180326590,338011180470257,338011214883034,338011179663674,16799714,338011181487507,338011181586840,338011182511340,338011185164632,338011188428007,397292,274417,338011188428007,338011185734715,-1,338011185164632,
0,117086324,338011196199701,338011196199701,0,338011196470424,338011196471799,338011197046799,338011197189924,338011231682748,338011196464174,16799714,338011197384757,338011197479215,338011198148465,338011201780590,338011205077465,1410500,275333,338011205077465,338011202346090,-1,338011201780590,
0,117086332,338011212999415,338011212999415,0,338011213248757,338011213250507,338011213774840,338011213914632,338011248482462,338011213243174,16799714,338011214056549,338011214147299,338011214784340,338011218510424,338011221779090,1549875,274000,338011221779090,338011219059424,-1,338011218510424,
0,117086340,338011229799129,338011229799129,0,338011230063424,338011230064715,338011230324257,338011230469049,338011265282176,338011230057215,16799714,338011230580507,338011230675382,338011231306799,338011235296174,338011238547590,1803917,271917,338011238547590,338011235852799,-1,338011235296174,
0,117086483,338011565793409,338011565793409,-654387631,338011566135841,338011566137257,338011566784382,338011566969049,338011584476742,338011566129257,16799714,338011567739799,338011567895841,338011568909674,338011572247174,338011582001882,21625,420542,338011582001882,338011572967132,-1,338011572247174,
0,117086490,338011582593123,338011582593123,0,338011582871341,338011582872674,338011583326341,338011583476424,338011601276456,338011582864924,16799714,338011583850299,338011583958966,338011586188174,338011589213382,338011601889257,19458,277959,338011601889257,338011589765924,-1,338011589213382,
0,117086498,338011599392837,338011599392837,0,338011599683799,338011599685132,338011600213257,338011600361174,338011634875884,338011599678049,16799714,338011600420341,338011600522882,338011601206591,338011604193841,338011616441466,17875,488959,338011616441466,338011604981216,-1,338011604193841,
0,117086506,338011616192551,338011616192551,0,338011616468382,338011616469716,338011616883841,338011617044716,338011651675598,338011616461466,16799714,338011617414091,338011617499674,338011618203424,338011622139257,338011634376716,1349416,486125,338011634376716,338011622911007,-1,338011622139257,
0,117086514,338011632992265,338011632992265,0,338011633325049,338011633326424,338011633850882,338011634008216,338011668475312,338011633318507,16799714,338011634220716,338011634310049,338011635068757,338011639450132,338011651813924,1462375,373958,338011651813924,338011640287216,-1,338011639450132,
0,117086522,338011649791979,338011649791979,0,338011650101299,338011650102716,338011650591341,338011650868882,338011685275026,338011650094591,16799714,338011651113257,338011651202966,338011652122007,338011656319924,338011668477632,1277500,293959,338011668477632,338011656931757,-1,338011656319924,
0,117086530,338011666591693,338011666591693,-277527641,338011668318007,338011668319591,338011668874257,338011669058674,338011702074740,338011668311924,16799714,338011670004924,338011670100674,338011670958549,338011674811216,338011687172674,18792,640041,338011687172674,338011675829924,-1,338011674811216,
0,117086538,338011683391407,338011683391407,-480188285,338011683708257,338011683709674,338011684263466,338011684476591,338011718874454,338011683702216,16799714,338011685187299,338011685414966,338011686997549,338011692557299,338011697640341,362542,606292,338011697640341,338011693578841,-1,338011692557299,
0,117086546,338011700191121,338011700191121,0,338011700514091,338011700515674,338011701047966,338011701224924,338011735674168,338011700507257,16799714,338011701526507,338011701650882,338011702930799,338011706794966,338011711903382,1185958,318709,338011711903382,338011707440549,-1,338011706794966,
0,117086554,338011716990835,338011716990835,0,338011717310924,338011717312257,338011717859674,338011718006966,338011752473882,338011717304132,16799714,338011718209674,338011718295132,338011719041049,338011723141216,338011727624091,1543083,291916,338011727624091,338011723728257,-1,338011723141216,
0,117086562,338011733790549,338011733790549,0,338011734072299,338011734073841,338011734547799,338011734789257,338011769273596,338011734065674,16799714,338011735271966,338011735355966,338011736162007,338011740222174,338011744622466,1193208,529417,338011744622466,338011741046924,-1,338011740222174,
0,117086570,338011750590263,338011750590263,0,338011750908049,338011750909507,338011751380716,338011751534216,338011786073310,338011750901549,16799714,338011751764882,338011751898799,338011752778091,338011758204049,338011762599007,1235375,556500,338011762599007,338011759099882,-1,338011758204049,
0,117086578,338011767389977,338011767389977,0,338011767707674,338011767709507,338011768203799,338011768438382,338011802873024,338011767701507,16799714,338011768672716,338011768776632,338011769522757,338011773826716,338011778226049,1373500,300625,338011778226049,338011774534424,-1,338011773826716,
0,117086586,338011784189691,338011784189691,-694132107,338011784541257,338011784542799,338011785121382,338011785297382,338011819672738,338011784534382,16799714,338011786314757,338011786399632,338011787232716,338011791301799,338011795803841,629875,293666,338011795803841,338011791914299,-1,338011791301799,
0,117086594,338011800989405,338011800989405,-701937302,338011801300299,338011801302341,338011801805841,338011802108299,338011836472452,338011801294257,16799714,338011802597674,338011802693007,338011803573091,338011808362966,338011813583049,1216792,306334,338011813583049,338011809076716,-1,338011808362966,
0,117086602,338011817789119,338011817789119,0,338011818073341,338011818074841,338011818522882,338011818669257,338011853272166,338011818067341,16799714,338011818886174,338011819073132,338011819838716,338011823971549,338011828546549,1537750,278042,338011828546549,338011824583174,-1,338011823971549,
0,117086610,338011834588833,338011834588833,0,338011834869049,338011834870549,338011835459924,338011835621466,338011870071880,338011834863174,16799714,338011836139841,338011836234216,338011838324341,338011841038966,338011845581216,19708,280500,338011845581216,338011841609299,-1,338011841038966,
0,117086618,338011851388547,338011851388547,0,338011851663466,338011851664716,338011852246382,338011852400799,338011886871594,338011851657507,16799714,338011852610882,338011853909966,338011854686716,338011857557132,338011862122674,166333,682500,338011862122674,338011858565091,-1,338011857557132,
0,117086626,338011868188261,338011868188261,0,338011868496799,338011868498299,338011869424049,338011869581424,338011903671308,338011868490799,16799714,338011869791757,338011869898924,338011871959382,338011875242674,338011879802424,49708,436333,338011879802424,338011876037341,-1,338011875242674,
0,117086634,338011884987975,338011884987975,0,338011885309341,338011885310966,338011885838632,338011886000424,338011920471022,338011885302424,16799714,338011886141466,338011886274382,338011887000841,338011891630382,338011897700757,1669250,309459,338011897700757,338011892358174,-1,338011891630382,
0,117086642,338011901787689,338011901787689,-400144871,338011902084424,338011902086132,338011902713007,338011903122216,338011937270736,338011902077424,16799714,338011903763674,338011904147716,338011905539507,338011908862841,338011913545382,209417,317125,338011913545382,338011909962216,-1,338011908862841,
0,117086650,338011918587403,338011918587403,0,338011918930716,338011918932132,338011919469382,338011919630591,338011954070450,338011918924299,16799714,338011919960257,338011920111007,338011922064882,338011925420382,338011930717924,105250,410125,338011930717924,338011926120799,-1,338011925420382,
0,117086658,338011935387117,338011935387117,0,338011935660757,338011935662382,338011936278257,338011936439424,338011970870164,338011935655132,16799714,338011936497757,338011936613882,338011937441049,338011941397882,338011946073007,1310959,283209,338011946073007,338011941971049,-1,338011941397882,
0,117086666,338011952186831,338011952186831,0,338011952478216,338011952479466,338011952964924,338011953100924,338011987669878,338011952472091,16799714,338011953345091,338011953448674,338011955507424,338011958253341,338011962933382,92875,281666,338011962933382,338011958825924,-1,338011958253341,
0,117086674,338011968986545,338011968986545,0,338011969261299,338011969263007,338011969754882,338011969915216,338012004469592,338011969255382,16799714,338011969979716,338011970100341,338011970910841,338011975486174,338011980280632,1670166,335000,338011980280632,338011976131299,-1,338011975486174,
0,117086682,338011985786259,338011985786259,0,338011986146716,338011986148382,338011986779382,338011986935174,338012021269306,338011986140132,16799714,338011986995091,338011987110174,338011989267341,338011992197591,338011996832674,16166,521375,338011996832674,338011993044382,-1,338011992197591,
0,117086690,338012002585973,338012002585973,0,338012002885132,338012002886799,338012003346591,338012003489882,338012038069020,338012002879091,16799714,338012003663632,338012003842007,338012006137924,338012008948757,338012013591882,15416,292375,338012013591882,338012009579591,-1,338012008948757,
0,117086698,338012019385687,338012019385687,-74474052,338012019702216,338012019703716,338012020422466,338012020596632,338012054868734,338012019695757,16799714,338012021188591,338012021316757,338012023498591,338012026550007,338012031341341,18958,295458,338012031341341,338012027173007,-1,338012026550007,
0,117086706,338012036185401,338012036185401,0,338012036483091,338012036484424,338012037040091,338012037191674,338012071668448,338012036476799,16799714,338012037587757,338012037695841,338012039724299,338012042915799,338012048357716,18708,510708,338012048357716,338012043712216,-1,338012042915799,
0,117086714,338012052985115,338012052985115,0,338012053256549,338012053257882,338012053899216,338012054048966,338012088468162,338012053250966,16799714,338012054573674,338012054674757,338012056849299,338012059912216,338012064631091,18583,507459,338012064631091,338012060793549,-1,338012059912216,
0,117086722,338012069784829,338012069784829,0,338012070053591,338012070055299,338012070869882,338012071077049,338012105267876,338012070047882,16799714,338012071875132,338012071998174,338012073086091,338012077008507,338012082819424,423708,289208,338012082819424,338012078919341,-1,338012077008507,
0,117086730,338012086584543,338012086584543,0,338012086880007,338012086881382,338012087490757,338012087681966,338012122067590,338012086872799,16799714,338012087748341,338012087868424,338012088763174,338012092987799,338012097500799,1270584,735000,338012097500799,338012094030633,-1,338012092987799,
0,117086738,338012103384257,338012103384257,0,338012103668341,338012103669674,338012104191049,338012104330258,338012138867304,338012103662466,16799714,338012104420091,338012104527216,338012105226383,338012110591133,338012115043758,1535291,269750,338012115043758,338012111174508,-1,338012110591133,
0,117086746,338012120183971,338012120183971,0,338012120447383,338012120448716,338012121038799,338012121185841,338012155667018,338012120441299,16799714,338012121243549,338012121346924,338012122041799,338012126504591,338012130927758,1499584,412000,338012130927758,338012127220758,-1,338012126504591,
0,117086754,338012136983685,338012136983685,0,338012137284174,338012137286008,338012137797466,338012137941591,338012172466732,338012137278258,16799714,338012137999591,338012138102216,338012138802466,338012143373924,338012147831174,1719375,412209,338012147831174,338012144156633,-1,338012143373924,
0,117086762,338012153783399,338012153783399,0,338012154061966,338012154063341,338012154529883,338012154664133,338012189266446,338012154055799,16799714,338012154718841,338012154822424,338012155599091,338012160161258,338012164633383,1534250,287166,338012164633383,338012160754341,-1,338012160161258,
0,117086770,338012170583113,338012170583113,0,338012170862758,338012170864174,338012171314924,338012171483841,338012206066160,338012170856674,16799714,338012171540591,338012171637883,338012172457549,338012176835383,338012180728091,1449708,352042,338012180728091,338012177513216,-1,338012176835383,
0,117086778,338012187382827,338012187382827,0,338012187654716,338012187655966,338012188215883,338012188352258,338012222865874,338012187648841,16799714,338012188597216,338012188714299,338012189692966,338012193384799,338012197169258,1015583,292625,338012197169258,338012194084549,-1,338012193384799,
0,117086786,338012204182541,338012204182541,0,338012204487049,338012204488341,338012204970549,338012205118841,338012239665588,338012204481091,16799714,338012205169341,338012205270341,338012206179799,338012210352841,338012214025424,1354958,274167,338012214025424,338012210935049,-1,338012210352841,
0,117086794,338012220982255,338012220982255,0,338012221285258,338012221286591,338012221724341,338012221868049,338012256465302,338012221279091,16799714,338012221920341,338012222025299,338012222703716,338012227004091,338012230686133,1673416,293584,338012230686133,338012227631008,-1,338012227004091,
0,117086802,338012237781969,338012237781969,0,338012238086883,338012238088133,338012238564299,338012238725716,338012273265016,338012238080758,16799714,338012238778633,338012238879466,338012239534049,338012243683216,338012247365508,1584083,374458,338012247365508,338012244362883,-1,338012243683216,
0,117086810,338012254581683,338012254581683,0,338012254859883,338012254861299,338012255363091,338012255508049,338012290064730,338012254853883,16799714,338012255560674,338012255660299,338012256400466,338012260321758,338012264041174,1546417,496458,338012264041174,338012261116591,-1,338012260321758,
0,117086818,338012271381397,338012271381397,0,338012271659841,338012271661258,338012272120216,338012272264008,338012306864444,338012271653591,16799714,338012272315924,338012272419716,338012273156674,338012277152133,338012280834633,1542958,503208,338012280834633,338012277953133,-1,338012277152133,
0,117086826,338012288181111,338012288181111,0,338012288476633,338012288477883,338012288924174,338012289066549,338012323664158,338012288470924,16799714,338012289522549,338012289623924,338012291638549,338012294469049,338012298015799,17042,507292,338012298015799,338012295299716,-1,338012294469049,
0,117086834,338012304980825,338012304980825,0,338012305359424,338012305361216,338012306001383,338012306250008,338012340463872,338012305351049,16799714,338012306317924,338012306489966,338012309128299,338012312522799,338012316127883,23334,700375,338012316127883,338012313617883,-1,338012312522799,
0,117086842,338012321780539,338012321780539,0,338012322232591,338012322234674,338012322933591,338012323124383,338012357263586,338012322222716,16799714,338012323190341,338012323345383,338012326190966,338012329589008,338012333179841,25375,677959,338012333179841,338012330653424,-1,338012329589008,
0,117086850,338012338580253,338012338580253,0,338012338995549,338012338997549,338012339593049,338012339784466,338012374063300,338012338985758,16799714,338012339850758,338012340048216,338012343025049,338012346673674,338012350259383,23583,677833,338012350259383,338012347743466,-1,338012346673674,
0,117086858,338012355379967,338012355379967,0,338012355817049,338012355819341,338012356599883,338012356806591,338012390863014,338012355807091,16799714,338012356875716,338012357060799,338012360203341,338012364411549,338012368064716,25709,821291,338012368064716,338012365706841,-1,338012364411549,
0,117086866,338012372179681,338012372179681,0,338012372561966,338012372564091,338012373139008,338012373314466,338012407662728,338012372553508,16799714,338012373376799,338012373514758,338012376367133,338012380505716,338012384193383,24208,836000,338012384193383,338012381809049,-1,338012380505716,
0,117086874,338012388979395,338012388979395,0,338012389346883,338012389348758,338012389944424,338012390128841,338012424462442,338012389338966,16799714,338012390197549,338012390346966,338012393066424,338012396711841,338012400357299,19833,867583,338012400357299,338012398064424,-1,338012396711841,
0,117086882,338012405779109,338012405779109,0,338012406164591,338012406166341,338012406847133,338012407072591,338012441262156,338012406156383,16799714,338012407988883,338012408198841,338012409336674,338012413794841,338012417235508,444875,680459,338012417235508,338012414855133,-1,338012413794841,
0,117086890,338012422578823,338012422578823,0,338012423008299,338012423010424,338012423627383,338012423866924,338012458061870,338012422997383,16799714,338012423943133,338012424172049,338012427083008,338012430712841,338012434237508,22542,695334,338012434237508,338012431804633,-1,338012430712841,
0,117086898,338012439378537,338012439378537,0,338012439823383,338012439825716,338012440465591,338012440793008,338012474861584,338012439813049,16799714,338012440864758,338012441034674,338012444091549,338012447810299,338012451306466,25834,663625,338012451306466,338012448911383,-1,338012447810299,
0,117086906,338012456178251,338012456178251,0,338012456570008,338012456571966,338012457419466,338012457629299,338012491661298,338012456561716,16799714,338012457703633,338012457920174,338012459071383,338012465077049,338012468551424,1384833,944083,338012468551424,338012466492799,-1,338012465077049,
0,117086914,338012472977965,338012472977965,0,338012473347466,338012473349633,338012474054799,338012474246133,338012508461012,338012473338841,16799714,338012474314674,338012474470216,338012475589091,338012482203924,338012486703424,1480292,460375,338012486703424,338012483162299,-1,338012482203924,
0,117086922,338012489777679,338012489777679,0,338012490130841,338012490132633,338012490755508,338012490937966,338012525260726,338012490122258,16799714,338012491003049,338012491149424,338012492202091,338012498208508,338012502661966,1663583,594709,338012502661966,338012499264216,-1,338012498208508,
0,117086930,338012506577393,338012506577393,0,338012507029299,338012507031591,338012507695008,338012508578924,338012542060440,338012506999716,16799714,338012508653049,338012508813716,338012509867299,338012514319716,338012518724674,844959,376875,338012518724674,338012515094591,-1,338012514319716,
0,117086938,338012523377107,338012523377107,0,338012523872133,338012523874299,338012524685383,338012525027341,338012558860154,338012523860966,16799714,338012525978466,338012526189799,338012527427841,338012532357383,338012536558591,260125,533959,338012536558591,338012533271924,-1,338012532357383,
0,117087081,338012859371387,338012859371387,-110225453,338012859791800,338012859793050,338012881406758,338012881548966,338012878054720,338012859784716,16799714,338012885067633,338012885192091,338012886335758,338012905217925,338012914767258,22083,576625,338012914767258,338012906136925,-1,338012905217925,
0,117087088,338012876171101,338012926570243,0,338012938011425,338012938012716,338012940442383,338012942218550,338012945253576,338012937996258,16799714,338012967728175,338012967819508,338012971356050,338012985148258,338012996251925,21291,557875,338012996251925,338012986082050,-1,338012985148258,
0,117087097,338012943369957,338012960169671,0,338012974343841,338012974345008,338012975029841,338012975237550,338013029252146,338012974328841,16799714,338013012590841,338013012710966,338013014558841,338013018173091,338013027304883,19375,436042,338013027304883,338013019123966,-1,338013018173091,
0,117087104,338012976969385,338013010568813,0,338013015121008,338013015122300,338013017332175,338013017519383,338013046051860,338013015107550,16799714,338013019484091,338013019646258,338013021097675,338013040147466,338013072331800,19208,402041,338013072331800,338013040892300,-1,338013040147466,
0,117087113,338013027368527,338013027368527,0,338013027860758,338013027862675,338013028575050,338013028768008,338013096451002,338013027853133,16799714,338013030674091,338013041026675,338013042307216,338013046499216,338013082953133,19833,25620667,338013082953133,338013072449008,-1,338013046499216,
0,117087121,338013044168241,338013044168241,0,338013044496591,338013044497800,338013045079466,338013045261758,338013113250716,338013044490258,16799714,338013047661716,338013072612716,338013073983341,338013085531883,338013096099425,7459125,294166,338013096099425,338013086129258,-1,338013085531883,
0,117087129,338013060967955,338013060967955,0,338013074414133,338013074415466,338013075597341,338013075753758,338013130050430,338013074406133,16799714,338013077148633,338013086260550,338013087509091,338013102946383,338013113591341,10625583,294250,338013113591341,338013103538758,-1,338013102946383,
0,117087137,338013077767669,338013077767669,0,338013087992925,338013087994216,338013094432508,338013094647008,338013146850144,338013087986050,16799714,338013105685425,338013105800133,338013108233425,338013130303300,338013140770050,6556750,288917,338013140770050,338013130896508,-1,338013130303300,
0,117087145,338013094567383,338013094567383,0,338013108528300,338013108529091,338013109708175,338013109879258,338013163649858,338013108522508,16799714,338013110075966,338013131097758,338013131907091,338013135146341,338013147068216,16292,5379917,338013147068216,338013140877675,-1,338013135146341,
0,117087153,338013111367097,338013128166811,0,338013135558883,338013135560258,338013136102466,338013136285216,338013180449572,338013135544300,16799714,338013136528258,338013141012383,338013141691800,338013151321966,338013157821050,6878666,593583,338013157821050,338013152221341,-1,338013151321966,
0,117087162,338013144966525,338013144966525,0,338013145356425,338013145357800,338013145766175,338013145923216,338013197249286,338013145349800,16799714,338013145963341,338013152355800,338013153249716,338013169231466,338013175805133,12410834,612458,338013175805133,338013170300133,-1,338013169231466,
0,117087170,338013161766239,338013161766239,0,338013162064675,338013162066050,338013162430425,338013162574008,338013214049000,338013162058466,16799714,338013162694383,338013170549800,338013171413800,338013186292258,338013192872966,11050000,608542,338013192872966,338013187331008,-1,338013186292258,
0,117087178,338013178565953,338013178565953,0,338013178942550,338013178944300,338013179923633,338013180164050,338013230848714,338013178933800,16799714,338013180213925,338013187548258,338013188604716,338013202876341,338013209448383,10738833,369000,338013209448383,338013203618550,-1,338013202876341,
0,117087186,338013195365667,338013195365667,0,338013195683591,338013195685008,338013196114050,338013196270216,338013247648428,338013195676550,16799714,338013196310175,338013203782675,338013204687675,338013220231175,338013226744716,11670833,365000,338013226744716,338013220987050,-1,338013220231175,
0,117087194,338013212165381,338013212165381,0,338013212627008,338013212628966,338013213143841,338013213345883,338013264448142,338013212617675,16799714,338013213395550,338013221151508,338013222004175,338013238371175,338013244871425,11377709,744625,338013244871425,338013239530800,-1,338013238371175,
0,117087202,338013228965095,338013228965095,0,338013229410133,338013229412550,338013230018675,338013230230091,338013281247856,338013229399966,16799714,338013230281550,338013239701341,338013240560633,338013254158008,338013260740883,9191583,823625,338013260740883,338013255422883,-1,338013254158008,
0,117087210,338013245764809,338013245764809,0,338013246126383,338013246128133,338013246566508,338013246737966,338013298047570,338013246118925,16799714,338013246782591,338013255627383,338013256752800,338013270490758,338013277026091,9788291,870084,338013277026091,338013271811633,-1,338013270490758,
0,117087218,338013262564523,338013262564523,0,338013262945008,338013262946800,338013263514341,338013263695341,338013314847284,338013262936341,16799714,338013263741758,338013271997508,338013272917633,338013287488675,338013294034383,10513375,802208,338013294034383,338013288728633,-1,338013287488675,
0,117087226,338013279364237,338013279364237,0,338013279759841,338013279761841,338013280382966,338013280592258,338013331646998,338013279750883,16799714,338013280643466,338013288892341,338013289778633,338013304829550,338013311356675,10611083,364583,338013311356675,338013305615383,-1,338013304829550,
0,117087234,338013296163951,338013296163951,0,338013296585675,338013296588133,338013297242841,338013297455341,338013348446712,338013296575925,16799714,338013297513466,338013305776966,338013306627425,338013321567675,338013328270716,10602458,440666,338013328270716,338013322463550,-1,338013321567675,
0,117087242,338013312963665,338013312963665,0,338013313327258,338013313329466,338013313837341,338013314049425,338013365246426,338013313317508,16799714,338013314103508,338013322655258,338013323644966,338013338183008,338013344715466,10028292,436291,338013344715466,338013339068008,-1,338013338183008,
0,117087250,338013329763379,338013329763379,0,338013330129925,338013330131758,338013330643883,338013330835758,338013382046140,338013330121633,16799714,338013330884216,338013339258175,338013340347841,338013353893216,338013360607633,10021875,443042,338013360607633,338013354951300,-1,338013353893216,
0,117087258,338013346563093,338013346563093,0,338013346934508,338013346936508,338013347511633,338013347692133,338013398845854,338013346925966,16799714,338013347738425,338013355143425,338013356261633,338013370787466,338013377302925,11044334,367542,338013377302925,338013371534300,-1,338013370787466,
0,117087266,338013363362807,338013363362807,0,338013363794716,338013363796925,338013364466008,338013364651383,338013415645568,338013363784633,16799714,338013364698133,338013371714883,338013372613633,338013388231466,338013394820883,11803917,836458,338013394820883,338013389479966,-1,338013388231466,
0,117087274,338013380162521,338013380162521,0,338013380593050,338013380595466,338013381268466,338013381477925,338013432445282,338013380582758,16799714,338013381528216,338013389646091,338013390564175,338013405851925,338013412359466,10728000,749541,338013412359466,338013407015966,-1,338013405851925,
0,117087282,338013396962235,338013396962235,0,338013397410966,338013397413175,338013398046966,338013398254716,338013449244996,338013397401300,16799714,338013398307925,338013407178216,338013408113050,338013423136133,338013429672258,9946125,878000,338013429672258,338013424497091,-1,338013423136133,
0,117087290,338013413761949,338013413761949,0,338013414167508,338013414169258,338013414743716,338013414930050,338013466044710,338013414159050,16799714,338013414981425,338013424721800,338013425862216,338013439000800,338013445872758,8469375,924542,338013445872758,338013440448258,-1,338013439000800,
0,117087298,338013430561663,338013430561663,0,338013430942050,338013430943800,338013431538175,338013431718050,338013482844424,338013430933675,16799714,338013431763591,338013440637466,338013441753550,338013455079966,338013461746966,9369750,867750,338013461746966,338013456445425,-1,338013455079966,
---PROFILEDATA---


View hierarchy:

  com.auroratv.lab/com.auroratv.MainActivity/android.view.ViewRootImpl@1932abc
  357 views, 634.99 kB of render nodes


Total ViewRootImpl   : 1
Total attached Views : 357
Total RenderNode     : 634.99 kB (used) / 2562.89 kB (capacity)

