16683333
0	0	0
0	0	0
0	0	0
0	0	0
0	0	0
0	0	0
0	0	0
0	0	0
0	0	0
0	0	0
0	0	0
0	0	0
0	0	0
0	0	0
0	0	0
0	0	0
0	0	0
0	0	0
0	0	0
0	0	0
0	0	0
0	0	0
0	0	0
0	0	0
0	0	0
0	0	0
0	0	0
0	0	0
0	0	0
0	0	0
0	0	0
0	0	0
0	0	0
0	0	0
0	0	0
0	0	0
0	0	0
0	0	0
0	0	0
0	0	0
0	0	0
0	0	0
0	0	0
0	0	0
0	0	0
0	0	0
0	0	0
0	0	0
0	0	0
0	0	0
0	0	0
0	0	0
0	0	0
0	0	0
0	0	0
0	0	0
0	0	0
0	0	0
0	0	0
0	0	0
0	0	0
0	0	0
0	0	0
0	0	0
0	0	0
0	0	0
0	0	0
0	0	0
0	0	0
0	0	0
0	0	0
0	0	0
0	0	0
0	0	0
0	0	0
0	0	0
0	0	0
0	0	0
0	0	0
0	0	0
0	0	0
0	0	0
0	0	0
0	0	0
0	0	0
0	0	0
0	0	0
0	0	0
0	0	0
0	0	0
0	0	0
0	0	0
0	0	0
0	0	0
0	0	0
0	0	0
0	0	0
0	0	0
0	0	0
0	0	0
0	0	0
0	0	0
0	0	0
0	0	0
0	0	0
0	0	0
0	0	0
0	0	0
0	0	0
0	0	0
0	0	0
0	0	0
0	0	0
0	0	0
0	0	0
0	0	0
0	0	0
0	0	0
0	0	0
0	0	0
0	0	0
0	0	0
0	0	0
0	0	0
0	0	0
0	0	0
337466274843664	337466295288063	337466287450081

===
16683333
0	0	0
0	0	0
0	0	0
0	0	0
0	0	0
0	0	0
0	0	0
0	0	0
0	0	0
0	0	0
0	0	0
0	0	0
0	0	0
0	0	0
0	0	0
0	0	0
0	0	0
0	0	0
0	0	0
0	0	0
0	0	0
0	0	0
0	0	0
0	0	0
0	0	0
0	0	0
0	0	0
0	0	0
0	0	0
0	0	0
0	0	0
0	0	0
0	0	0
0	0	0
0	0	0
0	0	0
0	0	0
0	0	0
0	0	0
0	0	0
0	0	0
0	0	0
0	0	0
0	0	0
0	0	0
0	0	0
0	0	0
0	0	0
0	0	0
0	0	0
0	0	0
0	0	0
0	0	0
0	0	0
0	0	0
0	0	0
0	0	0
0	0	0
0	0	0
0	0	0
0	0	0
0	0	0
0	0	0
0	0	0
0	0	0
0	0	0
0	0	0
0	0	0
0	0	0
0	0	0
0	0	0
0	0	0
0	0	0
0	0	0
0	0	0
0	0	0
0	0	0
0	0	0
0	0	0
0	0	0
0	0	0
0	0	0
0	0	0
0	0	0
0	0	0
0	0	0
337466274843664	337466295288063	337466287450081
337466298576914	337466328654729	337466313600872
337466318299539	337466345338062	337466333329331
337466341434456	337466362021395	337466356572956
337466359170206	337466395388061	337466378686747
337466371162456	337466412071394	337466391778497
337466399904372	337466428754727	337466406379622
337466419476039	337466445438060	337466425995581
337466433549414	337466462121393	337466440102247
337466450906956	337466478804726	337466457415456
337466466991039	337466495488059	337466473407081
337466483486372	337466512171392	337466489992872
337466501706122	337466528854725	337466508150914
337466518466789	337466545538058	337466524902956
337466537000664	337466562221391	337466543293289
337466552498497	337466578904724	337466558845956
337466569958831	337466595588057	337466576324747
337466586318039	337466612271390	337466592712956
337466604173206	337466628954723	337466610127164
337467148162789	337467162821379	337467166667289
337467153469123	337467196188045	337467185116664
337467185740081	337467212871378	337467206759456
337467208608998	337467229554711	337467230353914
337467226254956	337467262921377	337467254199206
337467245896789	337467279604710	337467269288373
337467280400414	337467296288043	337467288880539
337467294093539	337467312971376	337467302872873
337467308756414	337467329654709	337467317618539
337467325364998	337467346338042	337467333993789
337467345057789	337467363021375	337467353653248
337467361361456	337467379704708	337467370003956
337467377622414	337467396388041	337467386288206
337467394292748	337467413071374	337467402986414
337467410215289	337467429754707	337467418708248
337467427222581	337467446438040	337467435811664
337467445288706	337467463121373	337467453864914
337467465589623	337467479804706	337467471815123
337467477786039	337467496488039	337467484031581
337467494016164	337467513171372	337467500337289
337467511431581	337467529854705	337467517647831
337467528472206	337467546538038	337467534703123

===
16683333
0	0	0
0	0	0
0	0	0
0	0	0
0	0	0
0	0	0
0	0	0
0	0	0
0	0	0
0	0	0
0	0	0
0	0	0
0	0	0
0	0	0
0	0	0
0	0	0
0	0	0
0	0	0
337466274843664	337466295288063	337466287450081
337466298576914	337466328654729	337466313600872
337466318299539	337466345338062	337466333329331
337466341434456	337466362021395	337466356572956
337466359170206	337466395388061	337466378686747
337466371162456	337466412071394	337466391778497
337466399904372	337466428754727	337466406379622
337466419476039	337466445438060	337466425995581
337466433549414	337466462121393	337466440102247
337466450906956	337466478804726	337466457415456
337466466991039	337466495488059	337466473407081
337466483486372	337466512171392	337466489992872
337466501706122	337466528854725	337466508150914
337466518466789	337466545538058	337466524902956
337466537000664	337466562221391	337466543293289
337466552498497	337466578904724	337466558845956
337466569958831	337466595588057	337466576324747
337466586318039	337466612271390	337466592712956
337466604173206	337466628954723	337466610127164
337467148162789	337467162821379	337467166667289
337467153469123	337467196188045	337467185116664
337467185740081	337467212871378	337467206759456
337467208608998	337467229554711	337467230353914
337467226254956	337467262921377	337467254199206
337467245896789	337467279604710	337467269288373
337467280400414	337467296288043	337467288880539
337467294093539	337467312971376	337467302872873
337467308756414	337467329654709	337467317618539
337467325364998	337467346338042	337467333993789
337467345057789	337467363021375	337467353653248
337467361361456	337467379704708	337467370003956
337467377622414	337467396388041	337467386288206
337467394292748	337467413071374	337467402986414
337467410215289	337467429754707	337467418708248
337467427222581	337467446438040	337467435811664
337467445288706	337467463121373	337467453864914
337467465589623	337467479804706	337467471815123
337467477786039	337467496488039	337467484031581
337467494016164	337467513171372	337467500337289
337467511431581	337467529854705	337467517647831
337467528472206	337467546538038	337467534703123
337467546222081	337467563221371	337467552419540
337467560664415	337467579904704	337467566956248
337467578565165	337467596588037	337467584690998
337467593753998	337467613271370	337467600039373
337467610884123	337467629954703	337467616794331
337467628772081	337467646638036	337467634967665
337467644241331	337467663321369	337467650405498
337467660961498	337467680004702	337467667160081
337467679685581	337467696688035	337467685916831
337467696705456	337467713371368	337467702901165
337467713045415	337467730054701	337467719236706
337467730379248	337467746738034	337467736538665
337467747227206	337467763421367	337467753415748
337467764142748	337467780104700	337467770240665
337467778674040	337467796788033	337467784983581
337467795057956	337467813471366	337467801281165
337467812310915	337467830154699	337467818535248
337467829792956	337467846838032	337467835888498
337467846449915	337467863521365	337467852690290
337467865339081	337467880204698	337467872094248
337467879906956	337467896888031	337467886604831
337467896916373	337467913571364	337467903612790
337467913552915	337467930254697	337467920239123
337467930318706	337467946938030	337467937013290
337467947077290	337467963621363	337467953768040
337467963877581	337467980304696	337467970569831
337467980963665	337467996988029	337467987709915
337467997272623	337468013671362	337468003586456
337468014120956	337468030354695	337468020401540
337468029987081	337468047038028	337468036283123
337468046693540	337468063721361	337468052969415
337468063233540	337468080404694	337468069564415
337468080097706	337468097088027	337468086360540
337468096867331	337468113771360	337468103207623
337468113631540	337468130454693	337468119913540
337468131188540	337468147138026	337468137477915
337468149986373	337468163821359	337468156241456
337468166255998	337468180504692	337468172599206
337468183280248	337468197188025	337468189555665
337468199797456	337468213871358	337468206054831
337468216640248	337468230554691	337468222961998
337468233727290	337468247238024	337468239977123
337468252074623	337468263921357	337468258299498
337468268525957	337468280604690	337468274728540
337468283969123	337468297288023	337468290249707
337468300567582	337468313971356	337468306818707
337468317729832	337468330654689	337468323987540
337468335255123	337468347338022	337468341524665
337468352846332	337468364021355	337468359034082
337468368096123	337468380704688	337468374296498
337468386032332	337468397388021	337468392265248
337468403328415	337468414071354	337468409554915
337468417108332	337468430754687	337468423423998
337468433761540	337468447438020	337468440046957
337468450489498	337468464121353	337468456818790
337468467006207	337468480804686	337468473364790
337468483982540	337468497488019	337468490426123
337468501404082	337468514171352	337468507689998
337468517633665	337468530854685	337468523917248
337468534172832	337468547538018	337468540516415
337468551624123	337468564221351	337468557965540
337468568754248	337468580904684	337468575090582
337468585327498	337468597588017	337468591694457
337468601977957	337468614271350	337468608260998
337468618928873	337468630954683	337468625274915
337468640542873	337468664321349	337468646941832
337468728487290	337468747738014	337468734458957
337468742605498	337468764421347	337468749659498

===
16683333
337466318299539	337466345338062	337466333329331
337466341434456	337466362021395	337466356572956
337466359170206	337466395388061	337466378686747
337466371162456	337466412071394	337466391778497
337466399904372	337466428754727	337466406379622
337466419476039	337466445438060	337466425995581
337466433549414	337466462121393	337466440102247
337466450906956	337466478804726	337466457415456
337466466991039	337466495488059	337466473407081
337466483486372	337466512171392	337466489992872
337466501706122	337466528854725	337466508150914
337466518466789	337466545538058	337466524902956
337466537000664	337466562221391	337466543293289
337466552498497	337466578904724	337466558845956
337466569958831	337466595588057	337466576324747
337466586318039	337466612271390	337466592712956
337466604173206	337466628954723	337466610127164
337467148162789	337467162821379	337467166667289
337467153469123	337467196188045	337467185116664
337467185740081	337467212871378	337467206759456
337467208608998	337467229554711	337467230353914
337467226254956	337467262921377	337467254199206
337467245896789	337467279604710	337467269288373
337467280400414	337467296288043	337467288880539
337467294093539	337467312971376	337467302872873
337467308756414	337467329654709	337467317618539
337467325364998	337467346338042	337467333993789
337467345057789	337467363021375	337467353653248
337467361361456	337467379704708	337467370003956
337467377622414	337467396388041	337467386288206
337467394292748	337467413071374	337467402986414
337467410215289	337467429754707	337467418708248
337467427222581	337467446438040	337467435811664
337467445288706	337467463121373	337467453864914
337467465589623	337467479804706	337467471815123
337467477786039	337467496488039	337467484031581
337467494016164	337467513171372	337467500337289
337467511431581	337467529854705	337467517647831
337467528472206	337467546538038	337467534703123
337467546222081	337467563221371	337467552419540
337467560664415	337467579904704	337467566956248
337467578565165	337467596588037	337467584690998
337467593753998	337467613271370	337467600039373
337467610884123	337467629954703	337467616794331
337467628772081	337467646638036	337467634967665
337467644241331	337467663321369	337467650405498
337467660961498	337467680004702	337467667160081
337467679685581	337467696688035	337467685916831
337467696705456	337467713371368	337467702901165
337467713045415	337467730054701	337467719236706
337467730379248	337467746738034	337467736538665
337467747227206	337467763421367	337467753415748
337467764142748	337467780104700	337467770240665
337467778674040	337467796788033	337467784983581
337467795057956	337467813471366	337467801281165
337467812310915	337467830154699	337467818535248
337467829792956	337467846838032	337467835888498
337467846449915	337467863521365	337467852690290
337467865339081	337467880204698	337467872094248
337467879906956	337467896888031	337467886604831
337467896916373	337467913571364	337467903612790
337467913552915	337467930254697	337467920239123
337467930318706	337467946938030	337467937013290
337467947077290	337467963621363	337467953768040
337467963877581	337467980304696	337467970569831
337467980963665	337467996988029	337467987709915
337467997272623	337468013671362	337468003586456
337468014120956	337468030354695	337468020401540
337468029987081	337468047038028	337468036283123
337468046693540	337468063721361	337468052969415
337468063233540	337468080404694	337468069564415
337468080097706	337468097088027	337468086360540
337468096867331	337468113771360	337468103207623
337468113631540	337468130454693	337468119913540
337468131188540	337468147138026	337468137477915
337468149986373	337468163821359	337468156241456
337468166255998	337468180504692	337468172599206
337468183280248	337468197188025	337468189555665
337468199797456	337468213871358	337468206054831
337468216640248	337468230554691	337468222961998
337468233727290	337468247238024	337468239977123
337468252074623	337468263921357	337468258299498
337468268525957	337468280604690	337468274728540
337468283969123	337468297288023	337468290249707
337468300567582	337468313971356	337468306818707
337468317729832	337468330654689	337468323987540
337468335255123	337468347338022	337468341524665
337468352846332	337468364021355	337468359034082
337468368096123	337468380704688	337468374296498
337468386032332	337468397388021	337468392265248
337468403328415	337468414071354	337468409554915
337468417108332	337468430754687	337468423423998
337468433761540	337468447438020	337468440046957
337468450489498	337468464121353	337468456818790
337468467006207	337468480804686	337468473364790
337468483982540	337468497488019	337468490426123
337468501404082	337468514171352	337468507689998
337468517633665	337468530854685	337468523917248
337468534172832	337468547538018	337468540516415
337468551624123	337468564221351	337468557965540
337468568754248	337468580904684	337468575090582
337468585327498	337468597588017	337468591694457
337468601977957	337468614271350	337468608260998
337468618928873	337468630954683	337468625274915
337468640542873	337468664321349	337468646941832
337468728487290	337468747738014	337468734458957
337468742605498	337468764421347	337468749659498
337468968248540	337468997988009	337468986732624
337469666954082	337469682004662	337469684573957
337469685938041	337469698687995	337469696616207
337469732620707	337469748737994	337469742644166
337469737111082	337469765421327	337469751317791
337469759739707	337469782104660	337469762645541
337469777598749	337469798787993	337469780351249
337469794682416	337469815471326	337469797529957
337469811818291	337469832154659	337469814705082
337469830048124	337469848837992	337469832884874
337469845961707	337469865521325	337469848813749
337469861702499	337469882204658	337469864563666
337469878795541	337469898887991	337469881796916
337469895967832	337469915571324	337469898830041
337469913500082	337469932254657	337469916361707
337469930304082	337469948937990	337469933156707
337469946127707	337469965621323	337469949151416
337469962488916	337469982304656	337469965474374
337469979706249	337469998987989	337469983398082
337469997257041	337470015671322	337470000857874

===
16683333
337467148162789	337467162821379	337467166667289
337467153469123	337467196188045	337467185116664
337467185740081	337467212871378	337467206759456
337467208608998	337467229554711	337467230353914
337467226254956	337467262921377	337467254199206
337467245896789	337467279604710	337467269288373
337467280400414	337467296288043	337467288880539
337467294093539	337467312971376	337467302872873
337467308756414	337467329654709	337467317618539
337467325364998	337467346338042	337467333993789
337467345057789	337467363021375	337467353653248
337467361361456	337467379704708	337467370003956
337467377622414	337467396388041	337467386288206
337467394292748	337467413071374	337467402986414
337467410215289	337467429754707	337467418708248
337467427222581	337467446438040	337467435811664
337467445288706	337467463121373	337467453864914
337467465589623	337467479804706	337467471815123
337467477786039	337467496488039	337467484031581
337467494016164	337467513171372	337467500337289
337467511431581	337467529854705	337467517647831
337467528472206	337467546538038	337467534703123
337467546222081	337467563221371	337467552419540
337467560664415	337467579904704	337467566956248
337467578565165	337467596588037	337467584690998
337467593753998	337467613271370	337467600039373
337467610884123	337467629954703	337467616794331
337467628772081	337467646638036	337467634967665
337467644241331	337467663321369	337467650405498
337467660961498	337467680004702	337467667160081
337467679685581	337467696688035	337467685916831
337467696705456	337467713371368	337467702901165
337467713045415	337467730054701	337467719236706
337467730379248	337467746738034	337467736538665
337467747227206	337467763421367	337467753415748
337467764142748	337467780104700	337467770240665
337467778674040	337467796788033	337467784983581
337467795057956	337467813471366	337467801281165
337467812310915	337467830154699	337467818535248
337467829792956	337467846838032	337467835888498
337467846449915	337467863521365	337467852690290
337467865339081	337467880204698	337467872094248
337467879906956	337467896888031	337467886604831
337467896916373	337467913571364	337467903612790
337467913552915	337467930254697	337467920239123
337467930318706	337467946938030	337467937013290
337467947077290	337467963621363	337467953768040
337467963877581	337467980304696	337467970569831
337467980963665	337467996988029	337467987709915
337467997272623	337468013671362	337468003586456
337468014120956	337468030354695	337468020401540
337468029987081	337468047038028	337468036283123
337468046693540	337468063721361	337468052969415
337468063233540	337468080404694	337468069564415
337468080097706	337468097088027	337468086360540
337468096867331	337468113771360	337468103207623
337468113631540	337468130454693	337468119913540
337468131188540	337468147138026	337468137477915
337468149986373	337468163821359	337468156241456
337468166255998	337468180504692	337468172599206
337468183280248	337468197188025	337468189555665
337468199797456	337468213871358	337468206054831
337468216640248	337468230554691	337468222961998
337468233727290	337468247238024	337468239977123
337468252074623	337468263921357	337468258299498
337468268525957	337468280604690	337468274728540
337468283969123	337468297288023	337468290249707
337468300567582	337468313971356	337468306818707
337468317729832	337468330654689	337468323987540
337468335255123	337468347338022	337468341524665
337468352846332	337468364021355	337468359034082
337468368096123	337468380704688	337468374296498
337468386032332	337468397388021	337468392265248
337468403328415	337468414071354	337468409554915
337468417108332	337468430754687	337468423423998
337468433761540	337468447438020	337468440046957
337468450489498	337468464121353	337468456818790
337468467006207	337468480804686	337468473364790
337468483982540	337468497488019	337468490426123
337468501404082	337468514171352	337468507689998
337468517633665	337468530854685	337468523917248
337468534172832	337468547538018	337468540516415
337468551624123	337468564221351	337468557965540
337468568754248	337468580904684	337468575090582
337468585327498	337468597588017	337468591694457
337468601977957	337468614271350	337468608260998
337468618928873	337468630954683	337468625274915
337468640542873	337468664321349	337468646941832
337468728487290	337468747738014	337468734458957
337468742605498	337468764421347	337468749659498
337468968248540	337468997988009	337468986732624
337469666954082	337469682004662	337469684573957
337469685938041	337469698687995	337469696616207
337469732620707	337469748737994	337469742644166
337469737111082	337469765421327	337469751317791
337469759739707	337469782104660	337469762645541
337469777598749	337469798787993	337469780351249
337469794682416	337469815471326	337469797529957
337469811818291	337469832154659	337469814705082
337469830048124	337469848837992	337469832884874
337469845961707	337469865521325	337469848813749
337469861702499	337469882204658	337469864563666
337469878795541	337469898887991	337469881796916
337469895967832	337469915571324	337469898830041
337469913500082	337469932254657	337469916361707
337469930304082	337469948937990	337469933156707
337469946127707	337469965621323	337469949151416
337469962488916	337469982304656	337469965474374
337469979706249	337469998987989	337469983398082
337469997257041	337470015671322	337470000857874
337470584053791	337470582904644	337470592591791
337470600147833	337470599587977	337470608857958
337470616612208	337470616271310	337470625429374
337470634936333	337470632954643	337470643708583
337470652149708	337470649637976	337470660861458
337470669274416	337470666321309	337470678138458
337470685605708	337470683004642	337470694451583
337470704052374	337470699687975	337470712793958
337470718854874	337470716371308	337470721853333
337470735844416	337470733054641	337470738843624
337470753358958	337470749737974	337470756234041
337470769939874	337470766421307	337470772781333
337470784702416	337470783104640	337470787531791
337470801445958	337470799787973	337470804324999
337470818816624	337470816471306	337470821654374
337470837575041	337470833154639	337470841268333
337470853793333	337470849837972	337470857446708

===
16683333
337468216640248	337468230554691	337468222961998
337468233727290	337468247238024	337468239977123
337468252074623	337468263921357	337468258299498
337468268525957	337468280604690	337468274728540
337468283969123	337468297288023	337468290249707
337468300567582	337468313971356	337468306818707
337468317729832	337468330654689	337468323987540
337468335255123	337468347338022	337468341524665
337468352846332	337468364021355	337468359034082
337468368096123	337468380704688	337468374296498
337468386032332	337468397388021	337468392265248
337468403328415	337468414071354	337468409554915
337468417108332	337468430754687	337468423423998
337468433761540	337468447438020	337468440046957
337468450489498	337468464121353	337468456818790
337468467006207	337468480804686	337468473364790
337468483982540	337468497488019	337468490426123
337468501404082	337468514171352	337468507689998
337468517633665	337468530854685	337468523917248
337468534172832	337468547538018	337468540516415
337468551624123	337468564221351	337468557965540
337468568754248	337468580904684	337468575090582
337468585327498	337468597588017	337468591694457
337468601977957	337468614271350	337468608260998
337468618928873	337468630954683	337468625274915
337468640542873	337468664321349	337468646941832
337468728487290	337468747738014	337468734458957
337468742605498	337468764421347	337468749659498
337468968248540	337468997988009	337468986732624
337469666954082	337469682004662	337469684573957
337469685938041	337469698687995	337469696616207
337469732620707	337469748737994	337469742644166
337469737111082	337469765421327	337469751317791
337469759739707	337469782104660	337469762645541
337469777598749	337469798787993	337469780351249
337469794682416	337469815471326	337469797529957
337469811818291	337469832154659	337469814705082
337469830048124	337469848837992	337469832884874
337469845961707	337469865521325	337469848813749
337469861702499	337469882204658	337469864563666
337469878795541	337469898887991	337469881796916
337469895967832	337469915571324	337469898830041
337469913500082	337469932254657	337469916361707
337469930304082	337469948937990	337469933156707
337469946127707	337469965621323	337469949151416
337469962488916	337469982304656	337469965474374
337469979706249	337469998987989	337469983398082
337469997257041	337470015671322	337470000857874
337470584053791	337470582904644	337470592591791
337470600147833	337470599587977	337470608857958
337470616612208	337470616271310	337470625429374
337470634936333	337470632954643	337470643708583
337470652149708	337470649637976	337470660861458
337470669274416	337470666321309	337470678138458
337470685605708	337470683004642	337470694451583
337470704052374	337470699687975	337470712793958
337470718854874	337470716371308	337470721853333
337470735844416	337470733054641	337470738843624
337470753358958	337470749737974	337470756234041
337470769939874	337470766421307	337470772781333
337470784702416	337470783104640	337470787531791
337470801445958	337470799787973	337470804324999
337470818816624	337470816471306	337470821654374
337470837575041	337470833154639	337470841268333
337470853793333	337470849837972	337470857446708
337471439558458	337471450437960	337471448825375
337471457671000	337471483804626	337471469419291
337471472734083	337471500487959	337471484493166
337471490484416	337471517171292	337471502185708
337471506910625	337471533854625	337471518665125
337471523546750	337471550537958	337471534994708
337471540532250	337471567221291	337471552035125
337471557307500	337471583904624	337471568823125
337471574200916	337471600587957	337471585710625
337471590600250	337471617271290	337471593874291
337471607451041	337471633954623	337471610550541
337471623908041	337471650637956	337471627006708
337471640847333	337471667321289	337471643945666
337471657968208	337471684004622	337471661059500
337471674613791	337471700687955	337471677711208
337471691181541	337471717371288	337471694281958
337471707934000	337471734054621	337471711027625
337471724758166	337471750737954	337471727848750
337471743074083	337471767421287	337471746163875
337471761111958	337471784104620	337471764203458
337471776095833	337471800787953	337471779198625
337471792870042	337471817471286	337471796038125
337471812566833	337471834154619	337471816698792
337471829900125	337471850837952	337471834696542
337471843359000	337471867521285	337471848324500
337471860185292	337471884204618	337471865204250
337471877043167	337471900887951	337471882111917
337471894141458	337471917571284	337471899116417
337471910846958	337471934254617	337471915523542
337471927521917	337471950937950	337471932545458
337471945172042	337471967621283	337471950200042
337471960729208	337471984304616	337471964901333
337471977707542	337472000987949	337471981706250
337471994411750	337472017671282	337471998332417
337472011162667	337472034354615	337472015133917
337472027528750	337472051037948	337472030631667
337472044304750	337472067721281	337472047399792
337472061026667	337472084404614	337472064106167
337472078488292	337472101087947	337472081478667
337472094823792	337472117771280	337472097815917
337472111668708	337472134454613	337472114743708
337472128494833	337472151137946	337472132596708
337472145864375	337472167821279	337472149777708
337472162587708	337472184504612	337472166525375
337472179016875	337472201187945	337472183005917
337472219033958	337472217871278	337472223095167
337472231075125	337472234554611	337472235208875
337472247272500	337472251237944	337472251353167
337472254916000	337472267921277	337472259015542
337472267290667	337472284604610	337472271247292
337472306155583	337472317971276	337472310117167
337472313968958	337472334654609	337472317872625
337472334134292	337472351337942	337472337176458
337472349397292	337472368021275	337472352366792
337472365184833	337472384704608	337472368211958
337472380384708	337472401387941	337472383387917
337472398178500	337472418071274	337472401176708
337472414059792	337472434754607	337472417053417
337472430911667	337472451437940	337472433902709
337472447479625	337472468121273	337472450488584
337472464256334	337472484804606	337472467258875
337472482319875	337472501487939	337472485307000

===
16683333
337471490484416	337471517171292	337471502185708
337471506910625	337471533854625	337471518665125
337471523546750	337471550537958	337471534994708
337471540532250	337471567221291	337471552035125
337471557307500	337471583904624	337471568823125
337471574200916	337471600587957	337471585710625
337471590600250	337471617271290	337471593874291
337471607451041	337471633954623	337471610550541
337471623908041	337471650637956	337471627006708
337471640847333	337471667321289	337471643945666
337471657968208	337471684004622	337471661059500
337471674613791	337471700687955	337471677711208
337471691181541	337471717371288	337471694281958
337471707934000	337471734054621	337471711027625
337471724758166	337471750737954	337471727848750
337471743074083	337471767421287	337471746163875
337471761111958	337471784104620	337471764203458
337471776095833	337471800787953	337471779198625
337471792870042	337471817471286	337471796038125
337471812566833	337471834154619	337471816698792
337471829900125	337471850837952	337471834696542
337471843359000	337471867521285	337471848324500
337471860185292	337471884204618	337471865204250
337471877043167	337471900887951	337471882111917
337471894141458	337471917571284	337471899116417
337471910846958	337471934254617	337471915523542
337471927521917	337471950937950	337471932545458
337471945172042	337471967621283	337471950200042
337471960729208	337471984304616	337471964901333
337471977707542	337472000987949	337471981706250
337471994411750	337472017671282	337471998332417
337472011162667	337472034354615	337472015133917
337472027528750	337472051037948	337472030631667
337472044304750	337472067721281	337472047399792
337472061026667	337472084404614	337472064106167
337472078488292	337472101087947	337472081478667
337472094823792	337472117771280	337472097815917
337472111668708	337472134454613	337472114743708
337472128494833	337472151137946	337472132596708
337472145864375	337472167821279	337472149777708
337472162587708	337472184504612	337472166525375
337472179016875	337472201187945	337472183005917
337472219033958	337472217871278	337472223095167
337472231075125	337472234554611	337472235208875
337472247272500	337472251237944	337472251353167
337472254916000	337472267921277	337472259015542
337472267290667	337472284604610	337472271247292
337472306155583	337472317971276	337472310117167
337472313968958	337472334654609	337472317872625
337472334134292	337472351337942	337472337176458
337472349397292	337472368021275	337472352366792
337472365184833	337472384704608	337472368211958
337472380384708	337472401387941	337472383387917
337472398178500	337472418071274	337472401176708
337472414059792	337472434754607	337472417053417
337472430911667	337472451437940	337472433902709
337472447479625	337472468121273	337472450488584
337472464256334	337472484804606	337472467258875
337472482319875	337472501487939	337472485307000
337472566338875	337472568221271	337472573103250
337472582804709	337472584904604	337472591181084
337472598671167	337472601587937	337472607106125
337472615526042	337472618271270	337472623957459
337472632493500	337472634954603	337472640934334
337472648915792	337472651637936	337472657233459
337472665903334	337472668321269	337472674165042
337472682730875	337472685004602	337472686608667
337472699436209	337472701687935	337472703290000
337472716058792	337472718371268	337472719309584
337472733148667	337472735054601	337472736299959
337472749463375	337472751737934	337472752575792
337472766209375	337472768421267	337472769324750
337472783141917	337472785104600	337472786257875
337472799889542	337472801787933	337472803878542
337472816719417	337472818471266	337472820719709
337472833398417	337472835154599	337472837403542
337472850577375	337472851837932	337472854567250
337472870111625	337472868521265	337472874062792
337472889569834	337472885204598	337472893569917
337472901346834	337472901887931	337472905345917
337472918003459	337472918571264	337472922022334
337472950170750	337472951937930	337472954238292
337472956663667	337472968621263	337472960879292
337472972866084	337472985304596	337472976580750
337472986068750	337473001987929	337472991062417
337473002548417	337473018671262	337473006571084
337473019304000	337473035354595	337473023290542
337473037473209	337473052037928	337473041373125
337473053732500	337473068721261	337473057543875
337473071911792	337473085404594	337473075785917
337473087009000	337473102087927	337473090214875
337473104476625	337473118771260	337473107570584
337473120230792	337473135454593	337473123331250
337473136768834	337473152137926	337473139872251
337473153310667	337473168821259	337473156409542
337473169944292	337473185504592	337473173046251
337473186914251	337473202187925	337473189998334
337473203718001	337473218871258	337473206834001
337473221126334	337473235554591	337473224205126
337473237283376	337473252237924	337473240385126
337473253977876	337473268921257	337473257853126
337473273023084	337473285604590	337473276899042
337473288255334	337473302287923	337473292227709
337473305219834	337473318971256	337473309237042
337473321774667	337473335654589	337473325817667
337473350510834	337473352337922	337473354522667
337473366802709	337473369021255	337473370922376
337473372692292	337473385704588	337473376337626
337473389580667	337473402387921	337473393573542
337473406424834	337473435754587	337473410311584
337473451587876	337473469121253	337473455495709
337473459102417	337473485804586	337473462980542
337473476166959	337473502487919	337473479971334
337473489316626	337473519171252	337473493144292
337473506004334	337473535854585	337473509833626
337473523037334	337473552537918	337473526877876
337473539800792	337473569221251	337473543617917
337473556525709	337473585904584	337473559523001
337473573098459	337473602587917	337473576097417
337473589985667	337473619271250	337473592989792
337473606571084	337473635954583	337473609547417
337473691212084	337473702687915	337473697942626
337473707466167	337473719371248	337473715867876
337473723415667	337473736054581	337473731798501
337473740232626	337473752737914	337473748660209
337473757077292	337473769421247	337473764860251
337473774934959	337473786104580	337473778797084

===
16683333
337472716058792	337472718371268	337472719309584
337472733148667	337472735054601	337472736299959
337472749463375	337472751737934	337472752575792
337472766209375	337472768421267	337472769324750
337472783141917	337472785104600	337472786257875
337472799889542	337472801787933	337472803878542
337472816719417	337472818471266	337472820719709
337472833398417	337472835154599	337472837403542
337472850577375	337472851837932	337472854567250
337472870111625	337472868521265	337472874062792
337472889569834	337472885204598	337472893569917
337472901346834	337472901887931	337472905345917
337472918003459	337472918571264	337472922022334
337472950170750	337472951937930	337472954238292
337472956663667	337472968621263	337472960879292
337472972866084	337472985304596	337472976580750
337472986068750	337473001987929	337472991062417
337473002548417	337473018671262	337473006571084
337473019304000	337473035354595	337473023290542
337473037473209	337473052037928	337473041373125
337473053732500	337473068721261	337473057543875
337473071911792	337473085404594	337473075785917
337473087009000	337473102087927	337473090214875
337473104476625	337473118771260	337473107570584
337473120230792	337473135454593	337473123331250
337473136768834	337473152137926	337473139872251
337473153310667	337473168821259	337473156409542
337473169944292	337473185504592	337473173046251
337473186914251	337473202187925	337473189998334
337473203718001	337473218871258	337473206834001
337473221126334	337473235554591	337473224205126
337473237283376	337473252237924	337473240385126
337473253977876	337473268921257	337473257853126
337473273023084	337473285604590	337473276899042
337473288255334	337473302287923	337473292227709
337473305219834	337473318971256	337473309237042
337473321774667	337473335654589	337473325817667
337473350510834	337473352337922	337473354522667
337473366802709	337473369021255	337473370922376
337473372692292	337473385704588	337473376337626
337473389580667	337473402387921	337473393573542
337473406424834	337473435754587	337473410311584
337473451587876	337473469121253	337473455495709
337473459102417	337473485804586	337473462980542
337473476166959	337473502487919	337473479971334
337473489316626	337473519171252	337473493144292
337473506004334	337473535854585	337473509833626
337473523037334	337473552537918	337473526877876
337473539800792	337473569221251	337473543617917
337473556525709	337473585904584	337473559523001
337473573098459	337473602587917	337473576097417
337473589985667	337473619271250	337473592989792
337473606571084	337473635954583	337473609547417
337473691212084	337473702687915	337473697942626
337473707466167	337473719371248	337473715867876
337473723415667	337473736054581	337473731798501
337473740232626	337473752737914	337473748660209
337473757077292	337473769421247	337473764860251
337473774934959	337473786104580	337473778797084
337473791192251	337473802787913	337473795056292
337473809184417	337473819471246	337473813036751
337473825788584	337473836154579	337473829733918
337473841251376	337473852837912	337473844464376
337473858190876	337473869521245	337473860915751
337473874714751	337473886204578	337473877826126
337473891444918	337473902887911	337473894539459
337473908458376	337473919571244	337473911456168
337473924971418	337473936254577	337473928132209
337473941751626	337473952937910	337473944842001
337473958719043	337473969621243	337473961779501
337473975378584	337473986304576	337473979372459
337473994232918	337474002987909	337473998178543
337474011815876	337474019671242	337474015792918
337474027029709	337474036354575	337474031087834
337474043879418	337474053037908	337474047923293
337474073273709	337474086404574	337474077369918
337474081105251	337474103087907	337474085835126
337474097173334	337474119771240	337474102056918
337474111888293	337474136454573	337474116878334
337474128568584	337474153137906	337474133589834
337474145013459	337474169821239	337474149997293
337474162136043	337474186504572	337474167156834
337474178983418	337474203187905	337474183171751
337474196755126	337474219871238	337474200627418
337474212150793	337474236554571	337474215283918
337474229176626	337474253237904	337474232269209
337474245783584	337474269921237	337474248881084
337474262427376	337474286604570	337474265520209
337474279023126	337474303287903	337474282110293
337474295879043	337474319971236	337474298910751
337474312656834	337474336654569	337474315755334
337474329382293	337474353337902	337474332357501
337474346159459	337474370021235	337474349231918
337474363802793	337474386704568	337474366852709
337474382741293	337474403387901	337474385839084
337474397630834	337474420071234	337474401692376
337474414585959	337474436754567	337474418566668
337474430726959	337474453437900	337474434713876
337474447966126	337474470121233	337474452031334
337474486363668	337474486804566	337474490415001
337474493536793	337474503487899	337474500215668
337474505281376	337474520171232	337474509301959
337474519257418	337474536854565	337474523277626
337474559736126	337474570221231	337474563678876
337474568119085	337474586904564	337474571973710
337474584559043	337474603587897	337474588526460
337474601077293	337474620271230	337474604886251
337474615581210	337474636954563	337474618624251
337474631767293	337474653637896	337474634756251
337474648639626	337474670321229	337474651633960
337474665340126	337474687004562	337474668350626
337474682112835	337474703687895	337474685135793
337474698826001	337474720371228	337474701834251
337474715532210	337474737054561	337474719362501
337474732522126	337474753737894	337474736317460
337474816730376	337474820471226	337474826223210
337474833871543	337474853837892	337474846202126
337474848928835	337474870521225	337474860952001
337474867058376	337474887204558	337474878920251
337474883924001	337474903887891	337474895821376
337474900942960	337474920571224	337474912578710
337474917491918	337474937254557	337474921335126
337474934312293	337474953937890	337474938111501
337474951227210	337474970621223	337474955099001
337474967831460	337474987304556	337474971064918
337474984596876	337475003987889	337474987647168
337475001323210	337475020671222	337475004428876

===
16683333
337473707466167	337473719371248	337473715867876
337473723415667	337473736054581	337473731798501
337473740232626	337473752737914	337473748660209
337473757077292	337473769421247	337473764860251
337473774934959	337473786104580	337473778797084
337473791192251	337473802787913	337473795056292
337473809184417	337473819471246	337473813036751
337473825788584	337473836154579	337473829733918
337473841251376	337473852837912	337473844464376
337473858190876	337473869521245	337473860915751
337473874714751	337473886204578	337473877826126
337473891444918	337473902887911	337473894539459
337473908458376	337473919571244	337473911456168
337473924971418	337473936254577	337473928132209
337473941751626	337473952937910	337473944842001
337473958719043	337473969621243	337473961779501
337473975378584	337473986304576	337473979372459
337473994232918	337474002987909	337473998178543
337474011815876	337474019671242	337474015792918
337474027029709	337474036354575	337474031087834
337474043879418	337474053037908	337474047923293
337474073273709	337474086404574	337474077369918
337474081105251	337474103087907	337474085835126
337474097173334	337474119771240	337474102056918
337474111888293	337474136454573	337474116878334
337474128568584	337474153137906	337474133589834
337474145013459	337474169821239	337474149997293
337474162136043	337474186504572	337474167156834
337474178983418	337474203187905	337474183171751
337474196755126	337474219871238	337474200627418
337474212150793	337474236554571	337474215283918
337474229176626	337474253237904	337474232269209
337474245783584	337474269921237	337474248881084
337474262427376	337474286604570	337474265520209
337474279023126	337474303287903	337474282110293
337474295879043	337474319971236	337474298910751
337474312656834	337474336654569	337474315755334
337474329382293	337474353337902	337474332357501
337474346159459	337474370021235	337474349231918
337474363802793	337474386704568	337474366852709
337474382741293	337474403387901	337474385839084
337474397630834	337474420071234	337474401692376
337474414585959	337474436754567	337474418566668
337474430726959	337474453437900	337474434713876
337474447966126	337474470121233	337474452031334
337474486363668	337474486804566	337474490415001
337474493536793	337474503487899	337474500215668
337474505281376	337474520171232	337474509301959
337474519257418	337474536854565	337474523277626
337474559736126	337474570221231	337474563678876
337474568119085	337474586904564	337474571973710
337474584559043	337474603587897	337474588526460
337474601077293	337474620271230	337474604886251
337474615581210	337474636954563	337474618624251
337474631767293	337474653637896	337474634756251
337474648639626	337474670321229	337474651633960
337474665340126	337474687004562	337474668350626
337474682112835	337474703687895	337474685135793
337474698826001	337474720371228	337474701834251
337474715532210	337474737054561	337474719362501
337474732522126	337474753737894	337474736317460
337474816730376	337474820471226	337474826223210
337474833871543	337474853837892	337474846202126
337474848928835	337474870521225	337474860952001
337474867058376	337474887204558	337474878920251
337474883924001	337474903887891	337474895821376
337474900942960	337474920571224	337474912578710
337474917491918	337474937254557	337474921335126
337474934312293	337474953937890	337474938111501
337474951227210	337474970621223	337474955099001
337474967831460	337474987304556	337474971064918
337474984596876	337475003987889	337474987647168
337475001323210	337475020671222	337475004428876
337475018003501	337475037354555	337475021148668
337475035096293	337475054037888	337475038277001
337475052198626	337475070721221	337475055321168
337475069054835	337475087404554	337475072156043
337475085384585	337475104087887	337475088516085
337475102042668	337475120771220	337475105137668
337475120928418	337475137454553	337475123982168
337475137317168	337475154137886	337475141280918
337475152919793	337475170821219	337475156968543
337475170737251	337475187504552	337475174888460
337475201238251	337475204187885	337475205313501
337475209263168	337475220871218	337475214068793
337475220333335	337475237554551	337475225336418
337475236851168	337475254237884	337475240887793
337475253663918	337475270921217	337475257694502
337475270350418	337475287604550	337475274233168
337475287474668	337475304287883	337475291404002
337475304285585	337475320971216	337475308216668
337475321985668	337475337654549	337475325856168
337475337726627	337475354337882	337475340904085
337475354588877	337475371021215	337475357684585
337475370913377	337475387704548	337475374012085
337475387661418	337475404387881	337475390757460
337475404857418	337475421071214	337475407955960
337475421135252	337475437754547	337475424236627
337475438070752	337475454437880	337475442022793
337475454623793	337475471121213	337475458581710
337475471485335	337475487804546	337475475446002
337475488178543	337475504487879	337475492088002
337475505561627	337475521171212	337475509500210
337475522470668	337475537854545	337475526529960
337475539545585	337475554537878	337475543759835
337475556071293	337475571221211	337475560181960
337475590946460	337475587904544	337475595075377
337475595822418	337475604587877	337475599998752
337475609954793	337475621271210	337475614030460
337475629129543	337475637954543	337475633095710
337475663729085	337475654637876	337475667664002
337475668361335	337475671321209	337475672295168
337475683136335	337475688004542	337475687054668
337475697811043	337475704687875	337475701707252
337475712036085	337475721371208	337475715843460
337475724244127	337475738054541	337475728103960
337475740476210	337475754737874	337475744314710
337475757321043	337475771421207	337475760315585
337475774451460	337475788104540	337475777458168
337475790768252	337475821471206	337475793751668
337475807680668	337475838154539	337475810663585
337475824621793	337475854837872	337475827590585
337476212467877	337476221871198	337476221402085
337476228410585	337476238554531	337476237440002
337476246482919	337476255237864	337476255430669
337476261934752	337476271921197	337476270979585
337476278881585	337476288604530	337476285819794

===
16683333
337474816730376	337474820471226	337474826223210
337474833871543	337474853837892	337474846202126
337474848928835	337474870521225	337474860952001
337474867058376	337474887204558	337474878920251
337474883924001	337474903887891	337474895821376
337474900942960	337474920571224	337474912578710
337474917491918	337474937254557	337474921335126
337474934312293	337474953937890	337474938111501
337474951227210	337474970621223	337474955099001
337474967831460	337474987304556	337474971064918
337474984596876	337475003987889	337474987647168
337475001323210	337475020671222	337475004428876
337475018003501	337475037354555	337475021148668
337475035096293	337475054037888	337475038277001
337475052198626	337475070721221	337475055321168
337475069054835	337475087404554	337475072156043
337475085384585	337475104087887	337475088516085
337475102042668	337475120771220	337475105137668
337475120928418	337475137454553	337475123982168
337475137317168	337475154137886	337475141280918
337475152919793	337475170821219	337475156968543
337475170737251	337475187504552	337475174888460
337475201238251	337475204187885	337475205313501
337475209263168	337475220871218	337475214068793
337475220333335	337475237554551	337475225336418
337475236851168	337475254237884	337475240887793
337475253663918	337475270921217	337475257694502
337475270350418	337475287604550	337475274233168
337475287474668	337475304287883	337475291404002
337475304285585	337475320971216	337475308216668
337475321985668	337475337654549	337475325856168
337475337726627	337475354337882	337475340904085
337475354588877	337475371021215	337475357684585
337475370913377	337475387704548	337475374012085
337475387661418	337475404387881	337475390757460
337475404857418	337475421071214	337475407955960
337475421135252	337475437754547	337475424236627
337475438070752	337475454437880	337475442022793
337475454623793	337475471121213	337475458581710
337475471485335	337475487804546	337475475446002
337475488178543	337475504487879	337475492088002
337475505561627	337475521171212	337475509500210
337475522470668	337475537854545	337475526529960
337475539545585	337475554537878	337475543759835
337475556071293	337475571221211	337475560181960
337475590946460	337475587904544	337475595075377
337475595822418	337475604587877	337475599998752
337475609954793	337475621271210	337475614030460
337475629129543	337475637954543	337475633095710
337475663729085	337475654637876	337475667664002
337475668361335	337475671321209	337475672295168
337475683136335	337475688004542	337475687054668
337475697811043	337475704687875	337475701707252
337475712036085	337475721371208	337475715843460
337475724244127	337475738054541	337475728103960
337475740476210	337475754737874	337475744314710
337475757321043	337475771421207	337475760315585
337475774451460	337475788104540	337475777458168
337475790768252	337475821471206	337475793751668
337475807680668	337475838154539	337475810663585
337475824621793	337475854837872	337475827590585
337476212467877	337476221871198	337476221402085
337476228410585	337476238554531	337476237440002
337476246482919	337476255237864	337476255430669
337476261934752	337476271921197	337476270979585
337476278881585	337476288604530	337476285819794
337476294701752	337476305287863	337476297640627
337476311820002	337476321971196	337476314789585
337476329399877	337476338654529	337476332370294
337476346075419	337476355337862	337476349214877
337476364102044	337476372021195	337476368028960
337476379205419	337476388704528	337476383137419
337476395906669	337476405387861	337476399896544
337476413081460	337476422071194	337476417028877
337476430486710	337476438754527	337476434258377
337476446779294	337476455437860	337476451200752
337476464844627	337476472121193	337476468882794
337476481764127	337476488804526	337476486510294
337476497127127	337476505487859	337476501238544
337476512658544	337476522171192	337476516791335
337476530466669	337476538854525	337476534577210
337476547878044	337476555537858	337476551926335
337476564808252	337476572221191	337476568886335
337476583447502	337476588904524	337476587638669
337476598321002	337476605587857	337476603255252
337476613377794	337476622271190	337476617624669
337476630350877	337476638954523	337476634580127
337476648548002	337476655637856	337476652864794
337476665230044	337476672321189	337476669421919
337476682490086	337476689004522	337476686661752
337476699661252	337476705687855	337476703999336
337476716103961	337476722371188	337476721100752
337476731331461	337476739054521	337476735713502
337476749305669	337476755737854	337476753694211
337476766115794	337476772421187	337476770523211
337476783299711	337476789104520	337476787623961
337476800443252	337476805787853	337476804997377
337476817932169	337476822471186	337476823073419
337476832180294	337476839154519	337476837196586
337476851113294	337476855837852	337476855471794
337476866950336	337476872521185	337476871309502
337476883605586	337476889204518	337476887935086
337476900502002	337476905887851	337476904821086
337476917414377	337476922571184	337476921699627
337476933731627	337476939254517	337476938030294
337476950271961	337476955937850	337476953969252
337476968187419	337476972621183	337476971522419
337476983717586	337476989304516	337476987090836
337477000565752	337477005987849	337477003952961
337477017421919	337477022671182	337477020802627
337477034062502	337477039354515	337477037456377
337477050874252	337477056037848	337477054266044
337477067617877	337477072721181	337477071005002
337477085485627	337477089404514	337477088727419
337477103862877	337477106087847	337477106894836
337477120283711	337477122771180	337477123568461
337477136375044	337477139454513	337477139547086
337477154007711	337477156137846	337477158163169
337477172812461	337477172821179	337477176755502
337477187072627	337477189504512	337477191179044
337477205354252	337477206187845	337477209287044
337477220588002	337477222871178	337477224557419
337477237821919	337477239554511	337477241779252
337477255219711	337477256237844	337477259146002
337477272805627	337477272921177	337477276780586
337477289556836	337477289604510	337477293152169
337477303996294	337477306287843	337477307771086

===
16683333
337475253663918	337475270921217	337475257694502
337475270350418	337475287604550	337475274233168
337475287474668	337475304287883	337475291404002
337475304285585	337475320971216	337475308216668
337475321985668	337475337654549	337475325856168
337475337726627	337475354337882	337475340904085
337475354588877	337475371021215	337475357684585
337475370913377	337475387704548	337475374012085
337475387661418	337475404387881	337475390757460
337475404857418	337475421071214	337475407955960
337475421135252	337475437754547	337475424236627
337475438070752	337475454437880	337475442022793
337475454623793	337475471121213	337475458581710
337475471485335	337475487804546	337475475446002
337475488178543	337475504487879	337475492088002
337475505561627	337475521171212	337475509500210
337475522470668	337475537854545	337475526529960
337475539545585	337475554537878	337475543759835
337475556071293	337475571221211	337475560181960
337475590946460	337475587904544	337475595075377
337475595822418	337475604587877	337475599998752
337475609954793	337475621271210	337475614030460
337475629129543	337475637954543	337475633095710
337475663729085	337475654637876	337475667664002
337475668361335	337475671321209	337475672295168
337475683136335	337475688004542	337475687054668
337475697811043	337475704687875	337475701707252
337475712036085	337475721371208	337475715843460
337475724244127	337475738054541	337475728103960
337475740476210	337475754737874	337475744314710
337475757321043	337475771421207	337475760315585
337475774451460	337475788104540	337475777458168
337475790768252	337475821471206	337475793751668
337475807680668	337475838154539	337475810663585
337475824621793	337475854837872	337475827590585
337476212467877	337476221871198	337476221402085
337476228410585	337476238554531	337476237440002
337476246482919	337476255237864	337476255430669
337476261934752	337476271921197	337476270979585
337476278881585	337476288604530	337476285819794
337476294701752	337476305287863	337476297640627
337476311820002	337476321971196	337476314789585
337476329399877	337476338654529	337476332370294
337476346075419	337476355337862	337476349214877
337476364102044	337476372021195	337476368028960
337476379205419	337476388704528	337476383137419
337476395906669	337476405387861	337476399896544
337476413081460	337476422071194	337476417028877
337476430486710	337476438754527	337476434258377
337476446779294	337476455437860	337476451200752
337476464844627	337476472121193	337476468882794
337476481764127	337476488804526	337476486510294
337476497127127	337476505487859	337476501238544
337476512658544	337476522171192	337476516791335
337476530466669	337476538854525	337476534577210
337476547878044	337476555537858	337476551926335
337476564808252	337476572221191	337476568886335
337476583447502	337476588904524	337476587638669
337476598321002	337476605587857	337476603255252
337476613377794	337476622271190	337476617624669
337476630350877	337476638954523	337476634580127
337476648548002	337476655637856	337476652864794
337476665230044	337476672321189	337476669421919
337476682490086	337476689004522	337476686661752
337476699661252	337476705687855	337476703999336
337476716103961	337476722371188	337476721100752
337476731331461	337476739054521	337476735713502
337476749305669	337476755737854	337476753694211
337476766115794	337476772421187	337476770523211
337476783299711	337476789104520	337476787623961
337476800443252	337476805787853	337476804997377
337476817932169	337476822471186	337476823073419
337476832180294	337476839154519	337476837196586
337476851113294	337476855837852	337476855471794
337476866950336	337476872521185	337476871309502
337476883605586	337476889204518	337476887935086
337476900502002	337476905887851	337476904821086
337476917414377	337476922571184	337476921699627
337476933731627	337476939254517	337476938030294
337476950271961	337476955937850	337476953969252
337476968187419	337476972621183	337476971522419
337476983717586	337476989304516	337476987090836
337477000565752	337477005987849	337477003952961
337477017421919	337477022671182	337477020802627
337477034062502	337477039354515	337477037456377
337477050874252	337477056037848	337477054266044
337477067617877	337477072721181	337477071005002
337477085485627	337477089404514	337477088727419
337477103862877	337477106087847	337477106894836
337477120283711	337477122771180	337477123568461
337477136375044	337477139454513	337477139547086
337477154007711	337477156137846	337477158163169
337477172812461	337477172821179	337477176755502
337477187072627	337477189504512	337477191179044
337477205354252	337477206187845	337477209287044
337477220588002	337477222871178	337477224557419
337477237821919	337477239554511	337477241779252
337477255219711	337477256237844	337477259146002
337477272805627	337477272921177	337477276780586
337477289556836	337477289604510	337477293152169
337477303996294	337477306287843	337477307771086
337477684572128	337477690004502	337477693324086
337477776834836	337477790104500	337477788158669
337477799741294	337477806787833	337477808485128
337477835438419	337477873521165	337477878544669
337477842390169	337477906887831	337477910204503
337477891739961	337477923571164	337477922346628
337477941737169	337477940254497	337477951737628
337477947705586	337477956937830	337477958001544
337477959918669	337477973621163	337477966083586
337477977514211	337477990304496	337477983663503
337477994840044	337478006987829	337478001051961
337478011618836	337478023671162	337478017733003
337478027837336	337478040354495	337478033931961
337478044411211	337478057037828	337478050574920
337478062051461	337478073721161	337478068223795
337478078984878	337478090404494	337478085075003
337478095525920	337478107087827	337478101626795
337478111288211	337478140454493	337478117414461
337478128166045	337478157137826	337478134275545
337478145612545	337478173821159	337478151806295
337478164565628	337478190504492	337478170672836
337478180618086	337478207187825	337478186625961
337478196318420	337478223871158	337478202480836
337478212614336	337478240554491	337478218681545
337478229849670	337478257237824	337478236121170
337478247440336	337478273921157	337478253557170

===
16683333
337475253663918	337475270921217	337475257694502
337475270350418	337475287604550	337475274233168
337475287474668	337475304287883	337475291404002
337475304285585	337475320971216	337475308216668
337475321985668	337475337654549	337475325856168
337475337726627	337475354337882	337475340904085
337475354588877	337475371021215	337475357684585
337475370913377	337475387704548	337475374012085
337475387661418	337475404387881	337475390757460
337475404857418	337475421071214	337475407955960
337475421135252	337475437754547	337475424236627
337475438070752	337475454437880	337475442022793
337475454623793	337475471121213	337475458581710
337475471485335	337475487804546	337475475446002
337475488178543	337475504487879	337475492088002
337475505561627	337475521171212	337475509500210
337475522470668	337475537854545	337475526529960
337475539545585	337475554537878	337475543759835
337475556071293	337475571221211	337475560181960
337475590946460	337475587904544	337475595075377
337475595822418	337475604587877	337475599998752
337475609954793	337475621271210	337475614030460
337475629129543	337475637954543	337475633095710
337475663729085	337475654637876	337475667664002
337475668361335	337475671321209	337475672295168
337475683136335	337475688004542	337475687054668
337475697811043	337475704687875	337475701707252
337475712036085	337475721371208	337475715843460
337475724244127	337475738054541	337475728103960
337475740476210	337475754737874	337475744314710
337475757321043	337475771421207	337475760315585
337475774451460	337475788104540	337475777458168
337475790768252	337475821471206	337475793751668
337475807680668	337475838154539	337475810663585
337475824621793	337475854837872	337475827590585
337476212467877	337476221871198	337476221402085
337476228410585	337476238554531	337476237440002
337476246482919	337476255237864	337476255430669
337476261934752	337476271921197	337476270979585
337476278881585	337476288604530	337476285819794
337476294701752	337476305287863	337476297640627
337476311820002	337476321971196	337476314789585
337476329399877	337476338654529	337476332370294
337476346075419	337476355337862	337476349214877
337476364102044	337476372021195	337476368028960
337476379205419	337476388704528	337476383137419
337476395906669	337476405387861	337476399896544
337476413081460	337476422071194	337476417028877
337476430486710	337476438754527	337476434258377
337476446779294	337476455437860	337476451200752
337476464844627	337476472121193	337476468882794
337476481764127	337476488804526	337476486510294
337476497127127	337476505487859	337476501238544
337476512658544	337476522171192	337476516791335
337476530466669	337476538854525	337476534577210
337476547878044	337476555537858	337476551926335
337476564808252	337476572221191	337476568886335
337476583447502	337476588904524	337476587638669
337476598321002	337476605587857	337476603255252
337476613377794	337476622271190	337476617624669
337476630350877	337476638954523	337476634580127
337476648548002	337476655637856	337476652864794
337476665230044	337476672321189	337476669421919
337476682490086	337476689004522	337476686661752
337476699661252	337476705687855	337476703999336
337476716103961	337476722371188	337476721100752
337476731331461	337476739054521	337476735713502
337476749305669	337476755737854	337476753694211
337476766115794	337476772421187	337476770523211
337476783299711	337476789104520	337476787623961
337476800443252	337476805787853	337476804997377
337476817932169	337476822471186	337476823073419
337476832180294	337476839154519	337476837196586
337476851113294	337476855837852	337476855471794
337476866950336	337476872521185	337476871309502
337476883605586	337476889204518	337476887935086
337476900502002	337476905887851	337476904821086
337476917414377	337476922571184	337476921699627
337476933731627	337476939254517	337476938030294
337476950271961	337476955937850	337476953969252
337476968187419	337476972621183	337476971522419
337476983717586	337476989304516	337476987090836
337477000565752	337477005987849	337477003952961
337477017421919	337477022671182	337477020802627
337477034062502	337477039354515	337477037456377
337477050874252	337477056037848	337477054266044
337477067617877	337477072721181	337477071005002
337477085485627	337477089404514	337477088727419
337477103862877	337477106087847	337477106894836
337477120283711	337477122771180	337477123568461
337477136375044	337477139454513	337477139547086
337477154007711	337477156137846	337477158163169
337477172812461	337477172821179	337477176755502
337477187072627	337477189504512	337477191179044
337477205354252	337477206187845	337477209287044
337477220588002	337477222871178	337477224557419
337477237821919	337477239554511	337477241779252
337477255219711	337477256237844	337477259146002
337477272805627	337477272921177	337477276780586
337477289556836	337477289604510	337477293152169
337477303996294	337477306287843	337477307771086
337477684572128	337477690004502	337477693324086
337477776834836	337477790104500	337477788158669
337477799741294	337477806787833	337477808485128
337477835438419	337477873521165	337477878544669
337477842390169	337477906887831	337477910204503
337477891739961	337477923571164	337477922346628
337477941737169	337477940254497	337477951737628
337477947705586	337477956937830	337477958001544
337477959918669	337477973621163	337477966083586
337477977514211	337477990304496	337477983663503
337477994840044	337478006987829	337478001051961
337478011618836	337478023671162	337478017733003
337478027837336	337478040354495	337478033931961
337478044411211	337478057037828	337478050574920
337478062051461	337478073721161	337478068223795
337478078984878	337478090404494	337478085075003
337478095525920	337478107087827	337478101626795
337478111288211	337478140454493	337478117414461
337478128166045	337478157137826	337478134275545
337478145612545	337478173821159	337478151806295
337478164565628	337478190504492	337478170672836
337478180618086	337478207187825	337478186625961
337478196318420	337478223871158	337478202480836
337478212614336	337478240554491	337478218681545
337478229849670	337478257237824	337478236121170
337478247440336	337478273921157	337478253557170

