16683333
0	0	0
0	0	0
0	0	0
0	0	0
0	0	0
0	0	0
0	0	0
0	0	0
0	0	0
0	0	0
0	0	0
0	0	0
0	0	0
0	0	0
0	0	0
0	0	0
0	0	0
0	0	0
0	0	0
0	0	0
0	0	0
0	0	0
0	0	0
0	0	0
0	0	0
0	0	0
0	0	0
0	0	0
0	0	0
0	0	0
0	0	0
0	0	0
0	0	0
0	0	0
0	0	0
0	0	0
0	0	0
0	0	0
0	0	0
0	0	0
0	0	0
0	0	0
0	0	0
0	0	0
0	0	0
0	0	0
0	0	0
0	0	0
0	0	0
0	0	0
0	0	0
0	0	0
0	0	0
0	0	0
0	0	0
0	0	0
0	0	0
0	0	0
0	0	0
0	0	0
0	0	0
0	0	0
0	0	0
0	0	0
0	0	0
0	0	0
0	0	0
0	0	0
0	0	0
0	0	0
0	0	0
0	0	0
0	0	0
0	0	0
0	0	0
0	0	0
0	0	0
0	0	0
0	0	0
0	0	0
0	0	0
0	0	0
0	0	0
0	0	0
0	0	0
0	0	0
0	0	0
0	0	0
0	0	0
0	0	0
0	0	0
0	0	0
0	0	0
0	0	0
0	0	0
0	0	0
0	0	0
0	0	0
0	0	0
0	0	0
0	0	0
0	0	0
0	0	0
0	0	0
0	0	0
0	0	0
0	0	0
0	0	0
0	0	0
0	0	0
0	0	0
0	0	0
0	0	0
0	0	0
0	0	0
0	0	0
0	0	0
0	0	0
0	0	0
0	0	0
0	0	0
0	0	0
0	0	0
0	0	0
0	0	0
0	0	0
0	0	0

===
16683333
0	0	0
0	0	0
0	0	0
0	0	0
0	0	0
0	0	0
0	0	0
0	0	0
0	0	0
0	0	0
0	0	0
0	0	0
0	0	0
0	0	0
0	0	0
0	0	0
0	0	0
0	0	0
0	0	0
0	0	0
0	0	0
0	0	0
0	0	0
0	0	0
0	0	0
0	0	0
0	0	0
0	0	0
0	0	0
0	0	0
0	0	0
0	0	0
0	0	0
0	0	0
0	0	0
0	0	0
0	0	0
0	0	0
0	0	0
0	0	0
0	0	0
0	0	0
0	0	0
0	0	0
0	0	0
0	0	0
0	0	0
0	0	0
0	0	0
0	0	0
0	0	0
0	0	0
0	0	0
0	0	0
0	0	0
0	0	0
0	0	0
0	0	0
0	0	0
0	0	0
0	0	0
0	0	0
0	0	0
0	0	0
0	0	0
0	0	0
0	0	0
0	0	0
0	0	0
0	0	0
0	0	0
0	0	0
0	0	0
0	0	0
0	0	0
0	0	0
0	0	0
0	0	0
0	0	0
0	0	0
0	0	0
0	0	0
0	0	0
0	0	0
0	0	0
0	0	0
0	0	0
0	0	0
0	0	0
0	0	0
0	0	0
338564292536771	338564306668193	338564305186521
338564311738896	338564323351526	338564326784396
338564343093562	338564356718192	338564358091271
338564360589313	338564373401525	338564380118354
338564383261146	338564390084858	338564402687354
338564398323188	338564423451524	338564421074479
338564410149771	338564440134857	338564427645229
338564429864896	338564456818190	338564436303979
338564444591146	338564473501523	338564451031313
338564461397604	338564490184856	338564467907396
338564478986521	338564506868189	338564485430938
338564495999063	338564523551522	338564502656396
338564513602229	338564540234855	338564520058729
338564530525063	338564556918188	338564536905479
338564547725646	338564573601521	338564554150271
338564564758354	338564590284854	338564571122146
338564581011354	338564606968187	338564587377604
338564596237813	338564623651520	338564602375854
338565172082271	338565190884842	338565190617105
338565194916646	338565224251508	338565219672313
338565208268521	338565257618174	338565246677105
338565238012688	338565274301507	338565269861396
338565271551355	338565290984840	338565280245146
338565285615355	338565307668173	338565294252730
338565302980813	338565324351506	338565311631938
338565318677396	338565341034839	338565327322896
338565334863813	338565357718172	338565343468396
338565351750313	338565374401505	338565360422146
338565368998771	338565391084838	338565377568271
338565388268855	338565407768171	338565396718105
338565408819813	338565424451504	338565414956438
338565422243855	338565441134837	338565428452563
338565438499355	338565457818170	338565444703646
338565454466105	338565474501503	338565460664813
338565471820438	338565491184836	338565478018521
338565489855230	338565507868169	338565496084730

===
16683333
0	0	0
0	0	0
0	0	0
0	0	0
0	0	0
0	0	0
0	0	0
0	0	0
0	0	0
0	0	0
0	0	0
0	0	0
0	0	0
0	0	0
0	0	0
0	0	0
0	0	0
0	0	0
0	0	0
0	0	0
0	0	0
0	0	0
0	0	0
0	0	0
0	0	0
0	0	0
0	0	0
0	0	0
0	0	0
338564292536771	338564306668193	338564305186521
338564311738896	338564323351526	338564326784396
338564343093562	338564356718192	338564358091271
338564360589313	338564373401525	338564380118354
338564383261146	338564390084858	338564402687354
338564398323188	338564423451524	338564421074479
338564410149771	338564440134857	338564427645229
338564429864896	338564456818190	338564436303979
338564444591146	338564473501523	338564451031313
338564461397604	338564490184856	338564467907396
338564478986521	338564506868189	338564485430938
338564495999063	338564523551522	338564502656396
338564513602229	338564540234855	338564520058729
338564530525063	338564556918188	338564536905479
338564547725646	338564573601521	338564554150271
338564564758354	338564590284854	338564571122146
338564581011354	338564606968187	338564587377604
338564596237813	338564623651520	338564602375854
338565172082271	338565190884842	338565190617105
338565194916646	338565224251508	338565219672313
338565208268521	338565257618174	338565246677105
338565238012688	338565274301507	338565269861396
338565271551355	338565290984840	338565280245146
338565285615355	338565307668173	338565294252730
338565302980813	338565324351506	338565311631938
338565318677396	338565341034839	338565327322896
338565334863813	338565357718172	338565343468396
338565351750313	338565374401505	338565360422146
338565368998771	338565391084838	338565377568271
338565388268855	338565407768171	338565396718105
338565408819813	338565424451504	338565414956438
338565422243855	338565441134837	338565428452563
338565438499355	338565457818170	338565444703646
338565454466105	338565474501503	338565460664813
338565471820438	338565491184836	338565478018521
338565489855230	338565507868169	338565496084730
338565504243521	338565524551502	338565510603105
338565520320438	338565541234835	338565526582938
338565537197188	338565557918168	338565543420188
338565553854646	338565574601501	338565560068396
338565570976771	338565591284834	338565577124480
338565589822271	338565607968167	338565596067938
338565606083730	338565624651500	338565612194980
338565622458230	338565641334833	338565628581021
338565639989355	338565658018166	338565646160563
338565657839396	338565674701499	338565663918646
338565674130188	338565691384832	338565680267355
338565688794271	338565708068165	338565694988438
338565708375313	338565724751498	338565714643146
338565724567771	338565741434831	338565730783938
338565740435813	338565758118164	338565746589730
338565757182022	338565774801497	338565763353647
338565773816647	338565791484830	338565780082355
338565791307438	338565808168163	338565797491980
338565808561063	338565824851496	338565814826063
338565824663688	338565841534829	338565830825022
338565840581105	338565858218162	338565846766897
338565857519105	338565874901495	338565863719397
338565875422355	338565891584828	338565881612980
338565892623188	338565908268161	338565898813647
338565909481272	338565924951494	338565915612313
338565925566313	338565941634827	338565931813272
338565940417647	338565958318160	338565946704980
338565957257438	338565975001493	338565963467022
338565974102272	338565991684826	338565980336688
338565990065147	338566008368159	338565996256897
338566007760730	338566025051492	338566014076063
338566023956480	338566041734825	338566030259522
338566048239813	338566058418158	338566054634230
338566058871230	338566075101491	338566067438730
338566074643230	338566091784824	338566082466272
338566091313063	338566108468157	338566098522897
338566108038397	338566125151490	338566114806355
338566124707063	338566141834823	338566131249230
338566141152730	338566158518156	338566147459938
338566157945480	338566175201489	338566164233730
338566174077730	338566191884822	338566180346688
338566191445147	338566208568155	338566197621480
338566207630147	338566225251488	338566213823313
338566224457438	338566241934821	338566230649730
338566241259855	338566258618154	338566247433272
338566258079897	338566275301487	338566264258688
338566274847480	338566291984820	338566281020980
338566291718897	338566308668153	338566297883980
338566309563355	338566325351486	338566315758563
338566327668980	338566342034819	338566333895022
338566344860730	338566358718152	338566351016480
338566361040938	338566375401485	338566367142272
338566379165688	338566392084818	338566385293647
338566395258938	338566408768151	338566401322480
338566411040063	338566425451484	338566417105105
338566427877438	338566442134817	338566433975522
338566445602189	338566458818150	338566451712397
338566462243772	338566475501483	338566468357939
338566479360314	338566492184816	338566485438355
338566495786105	338566508868149	338566501919189
338566512219522	338566525551482	338566518339772
338566528499980	338566542234815	338566534607980

===
16683333
338565489855230	338565507868169	338565496084730
338565504243521	338565524551502	338565510603105
338565520320438	338565541234835	338565526582938
338565537197188	338565557918168	338565543420188
338565553854646	338565574601501	338565560068396
338565570976771	338565591284834	338565577124480
338565589822271	338565607968167	338565596067938
338565606083730	338565624651500	338565612194980
338565622458230	338565641334833	338565628581021
338565639989355	338565658018166	338565646160563
338565657839396	338565674701499	338565663918646
338565674130188	338565691384832	338565680267355
338565688794271	338565708068165	338565694988438
338565708375313	338565724751498	338565714643146
338565724567771	338565741434831	338565730783938
338565740435813	338565758118164	338565746589730
338565757182022	338565774801497	338565763353647
338565773816647	338565791484830	338565780082355
338565791307438	338565808168163	338565797491980
338565808561063	338565824851496	338565814826063
338565824663688	338565841534829	338565830825022
338565840581105	338565858218162	338565846766897
338565857519105	338565874901495	338565863719397
338565875422355	338565891584828	338565881612980
338565892623188	338565908268161	338565898813647
338565909481272	338565924951494	338565915612313
338565925566313	338565941634827	338565931813272
338565940417647	338565958318160	338565946704980
338565957257438	338565975001493	338565963467022
338565974102272	338565991684826	338565980336688
338565990065147	338566008368159	338565996256897
338566007760730	338566025051492	338566014076063
338566023956480	338566041734825	338566030259522
338566048239813	338566058418158	338566054634230
338566058871230	338566075101491	338566067438730
338566074643230	338566091784824	338566082466272
338566091313063	338566108468157	338566098522897
338566108038397	338566125151490	338566114806355
338566124707063	338566141834823	338566131249230
338566141152730	338566158518156	338566147459938
338566157945480	338566175201489	338566164233730
338566174077730	338566191884822	338566180346688
338566191445147	338566208568155	338566197621480
338566207630147	338566225251488	338566213823313
338566224457438	338566241934821	338566230649730
338566241259855	338566258618154	338566247433272
338566258079897	338566275301487	338566264258688
338566274847480	338566291984820	338566281020980
338566291718897	338566308668153	338566297883980
338566309563355	338566325351486	338566315758563
338566327668980	338566342034819	338566333895022
338566344860730	338566358718152	338566351016480
338566361040938	338566375401485	338566367142272
338566379165688	338566392084818	338566385293647
338566395258938	338566408768151	338566401322480
338566411040063	338566425451484	338566417105105
338566427877438	338566442134817	338566433975522
338566445602189	338566458818150	338566451712397
338566462243772	338566475501483	338566468357939
338566479360314	338566492184816	338566485438355
338566495786105	338566508868149	338566501919189
338566512219522	338566525551482	338566518339772
338566528499980	338566542234815	338566534607980
338566895126814	338566925951474	338566913631939
338566901470689	338566942634807	338566938927897
338566932902564	338566976001473	338566965345272
338566948831730	338566992684806	338566981262439
338566981955689	338567009368139	338566990667730
338566999637189	338567026051472	338567008476230
338567015083772	338567042734805	338567023698022
338567031823105	338567059418138	338567040454272
338567049688272	338567076101471	338567058347689
338567065465564	338567092784804	338567074141480
338567081863605	338567109468137	338567090545397
338567098705147	338567126151470	338567107286647
338567118287147	338567142834803	338567126957230
338567135327480	338567159518136	338567141541231
338567152318689	338567176201469	338567158415356
338567169806731	338567192884802	338567176086481
338567185670356	338567209568135	338567191894022
338567203551772	338567226251468	338567209740106
338567220361439	338567242934801	338567226557064
338567236069397	338567259618134	338567242282314
338567252119397	338567276301467	338567258315272
338567269218564	338567292984800	338567275412564
338567286843981	338567309668133	338567293021314
338567303969481	338567326351466	338567310109731
338567320752106	338567343034799	338567326884022
338567336554439	338567359718132	338567342731939
338567352588897	338567376401465	338567358856439
338567370095606	338567393084798	338567376301481
338567388758647	338567409768131	338567394949647
338567404632272	338567426451464	338567410790981
338567420520647	338567443134797	338567426702231
338567436973314	338567459818130	338567443150272
338567453812689	338567476501463	338567460042856
338567471433022	338567493184796	338567477641439
338567488460439	338567509868129	338567494650314
338567506087064	338567526551462	338567512293022
338567521473731	338567543234795	338567527610231
338567537503647	338567559918128	338567543698106
338567554937022	338567576601461	338567561174772
338567570312647	338567593284794	338567576600106
338567587114314	338567609968127	338567593341647
338567603653272	338567626651460	338567609863564
338567619445939	338567643334793	338567625687481
338567642093272	338567660018126	338567649630939
338567654836731	338567676701459	338567661071189
338567673210064	338567693384792	338567679647481
338567688774522	338567710068125	338567697222981
338567704809606	338567726751458	338567712625689
338567720719481	338567743434791	338567727923814
338567737297147	338567760118124	338567744053356
338567754128731	338567776801457	338567760664564
338567771033106	338567793484790	338567777353147
338567787102522	338567810168123	338567793399981
338567803800522	338567826851456	338567810061772
338567820598647	338567843534789	338567826795397
338567837342231	338567860218122	338567843540731
338567854658564	338567876901455	338567860837939
338567871129398	338567893584788	338567877288606
338567888038814	338567910268121	338567894176314
338567904706439	338567926951454	338567910871189
338567921424148	338567943634787	338567927595731
338567939013773	338567960318120	338567945133856
338567958459064	338567977001453	338567964496189
338567973659398	338567993684786	338567979753148

===
16683333
338566344860730	338566358718152	338566351016480
338566361040938	338566375401485	338566367142272
338566379165688	338566392084818	338566385293647
338566395258938	338566408768151	338566401322480
338566411040063	338566425451484	338566417105105
338566427877438	338566442134817	338566433975522
338566445602189	338566458818150	338566451712397
338566462243772	338566475501483	338566468357939
338566479360314	338566492184816	338566485438355
338566495786105	338566508868149	338566501919189
338566512219522	338566525551482	338566518339772
338566528499980	338566542234815	338566534607980
338566895126814	338566925951474	338566913631939
338566901470689	338566942634807	338566938927897
338566932902564	338566976001473	338566965345272
338566948831730	338566992684806	338566981262439
338566981955689	338567009368139	338566990667730
338566999637189	338567026051472	338567008476230
338567015083772	338567042734805	338567023698022
338567031823105	338567059418138	338567040454272
338567049688272	338567076101471	338567058347689
338567065465564	338567092784804	338567074141480
338567081863605	338567109468137	338567090545397
338567098705147	338567126151470	338567107286647
338567118287147	338567142834803	338567126957230
338567135327480	338567159518136	338567141541231
338567152318689	338567176201469	338567158415356
338567169806731	338567192884802	338567176086481
338567185670356	338567209568135	338567191894022
338567203551772	338567226251468	338567209740106
338567220361439	338567242934801	338567226557064
338567236069397	338567259618134	338567242282314
338567252119397	338567276301467	338567258315272
338567269218564	338567292984800	338567275412564
338567286843981	338567309668133	338567293021314
338567303969481	338567326351466	338567310109731
338567320752106	338567343034799	338567326884022
338567336554439	338567359718132	338567342731939
338567352588897	338567376401465	338567358856439
338567370095606	338567393084798	338567376301481
338567388758647	338567409768131	338567394949647
338567404632272	338567426451464	338567410790981
338567420520647	338567443134797	338567426702231
338567436973314	338567459818130	338567443150272
338567453812689	338567476501463	338567460042856
338567471433022	338567493184796	338567477641439
338567488460439	338567509868129	338567494650314
338567506087064	338567526551462	338567512293022
338567521473731	338567543234795	338567527610231
338567537503647	338567559918128	338567543698106
338567554937022	338567576601461	338567561174772
338567570312647	338567593284794	338567576600106
338567587114314	338567609968127	338567593341647
338567603653272	338567626651460	338567609863564
338567619445939	338567643334793	338567625687481
338567642093272	338567660018126	338567649630939
338567654836731	338567676701459	338567661071189
338567673210064	338567693384792	338567679647481
338567688774522	338567710068125	338567697222981
338567704809606	338567726751458	338567712625689
338567720719481	338567743434791	338567727923814
338567737297147	338567760118124	338567744053356
338567754128731	338567776801457	338567760664564
338567771033106	338567793484790	338567777353147
338567787102522	338567810168123	338567793399981
338567803800522	338567826851456	338567810061772
338567820598647	338567843534789	338567826795397
338567837342231	338567860218122	338567843540731
338567854658564	338567876901455	338567860837939
338567871129398	338567893584788	338567877288606
338567888038814	338567910268121	338567894176314
338567904706439	338567926951454	338567910871189
338567921424148	338567943634787	338567927595731
338567939013773	338567960318120	338567945133856
338567958459064	338567977001453	338567964496189
338567973659398	338567993684786	338567979753148
338567990953189	338568010368119	338567997028731
338568005960856	338568027051452	338568012092231
338568023340814	338568043734785	338568029468398
338568039445856	338568060418118	338568045616189
338568056388523	338568077101451	338568062477731
338568074095231	338568093784784	338568080166356
338568091565689	338568110468117	338568097794023
338568108687189	338568127151450	338568114758189
338568125403106	338568143834783	338568131561814
338568141916856	338568160518116	338568147980564
338568158073439	338568177201449	338568164176356
338568526418481	338568544234775	338568544942815
338568532615773	338568560918108	338568570351856
338568561228356	338568594284774	338568596459398
338568577351981	338568610968107	338568622177065
338568610961981	338568644334773	338568648241231
338568628752565	338568661018106	338568659817523
338568661725940	338568677701439	338568670292815
338568678021981	338568694384772	338568686682356
338568695117106	338568711068105	338568703800106
338568711497648	338568727751438	338568720201523
338568728249606	338568744434771	338568736859981
338568745024690	338568761118104	338568753651106
338568764657148	338568777801437	338568770864898
338568780599523	338568794484770	338568786795356
338568797367690	338568811168103	338568803581440
338568815879356	338568827851436	338568822057523
338568831318065	338568844534769	338568837530398
338568848136273	338568861218102	338568854405315
338568865420065	338568877901435	338568871662523
338568882766398	338568894584768	338568889000481
338568900268023	338568911268101	338568906445231
338568915853315	338568927951434	338568922059856
338568931905231	338568944634767	338568938110690
338568949395856	338568961318100	338568955669940
338568966940398	338568978001433	338568973130065
338568984465481	338568994684766	338568990690315
338569000661815	338569011368099	338569006810273
338569016981606	338569028051432	338569023143898
338569032703106	338569044734765	338569038907315
338569049810565	338569061418098	338569056102315
338569067294065	338569078101431	338569073485065
338569084690398	338569094784764	338569090854231
338569101131065	338569128151430	338569107283731
338569117027065	338569144834763	338569123209815
338569134522731	338569161518096	338569140621856
338569151492606	338569178201429	338569157691356
338569168486606	338569194884762	338569174666106
338569186567148	338569211568095	338569192539398
338569200411273	338569228251428	338569206659190
338569216983523	338569244934761	338569223183190

===
16683333
338567570312647	338567593284794	338567576600106
338567587114314	338567609968127	338567593341647
338567603653272	338567626651460	338567609863564
338567619445939	338567643334793	338567625687481
338567642093272	338567660018126	338567649630939
338567654836731	338567676701459	338567661071189
338567673210064	338567693384792	338567679647481
338567688774522	338567710068125	338567697222981
338567704809606	338567726751458	338567712625689
338567720719481	338567743434791	338567727923814
338567737297147	338567760118124	338567744053356
338567754128731	338567776801457	338567760664564
338567771033106	338567793484790	338567777353147
338567787102522	338567810168123	338567793399981
338567803800522	338567826851456	338567810061772
338567820598647	338567843534789	338567826795397
338567837342231	338567860218122	338567843540731
338567854658564	338567876901455	338567860837939
338567871129398	338567893584788	338567877288606
338567888038814	338567910268121	338567894176314
338567904706439	338567926951454	338567910871189
338567921424148	338567943634787	338567927595731
338567939013773	338567960318120	338567945133856
338567958459064	338567977001453	338567964496189
338567973659398	338567993684786	338567979753148
338567990953189	338568010368119	338567997028731
338568005960856	338568027051452	338568012092231
338568023340814	338568043734785	338568029468398
338568039445856	338568060418118	338568045616189
338568056388523	338568077101451	338568062477731
338568074095231	338568093784784	338568080166356
338568091565689	338568110468117	338568097794023
338568108687189	338568127151450	338568114758189
338568125403106	338568143834783	338568131561814
338568141916856	338568160518116	338568147980564
338568158073439	338568177201449	338568164176356
338568526418481	338568544234775	338568544942815
338568532615773	338568560918108	338568570351856
338568561228356	338568594284774	338568596459398
338568577351981	338568610968107	338568622177065
338568610961981	338568644334773	338568648241231
338568628752565	338568661018106	338568659817523
338568661725940	338568677701439	338568670292815
338568678021981	338568694384772	338568686682356
338568695117106	338568711068105	338568703800106
338568711497648	338568727751438	338568720201523
338568728249606	338568744434771	338568736859981
338568745024690	338568761118104	338568753651106
338568764657148	338568777801437	338568770864898
338568780599523	338568794484770	338568786795356
338568797367690	338568811168103	338568803581440
338568815879356	338568827851436	338568822057523
338568831318065	338568844534769	338568837530398
338568848136273	338568861218102	338568854405315
338568865420065	338568877901435	338568871662523
338568882766398	338568894584768	338568889000481
338568900268023	338568911268101	338568906445231
338568915853315	338568927951434	338568922059856
338568931905231	338568944634767	338568938110690
338568949395856	338568961318100	338568955669940
338568966940398	338568978001433	338568973130065
338568984465481	338568994684766	338568990690315
338569000661815	338569011368099	338569006810273
338569016981606	338569028051432	338569023143898
338569032703106	338569044734765	338569038907315
338569049810565	338569061418098	338569056102315
338569067294065	338569078101431	338569073485065
338569084690398	338569094784764	338569090854231
338569101131065	338569128151430	338569107283731
338569117027065	338569144834763	338569123209815
338569134522731	338569161518096	338569140621856
338569151492606	338569178201429	338569157691356
338569168486606	338569194884762	338569174666106
338569186567148	338569211568095	338569192539398
338569200411273	338569228251428	338569206659190
338569216983523	338569244934761	338569223183190
338569233302606	338569261618094	338569239598565
338569249495023	338569278301427	338569255855523
338569270134357	338569294984760	338569276323857
338569284226232	338569311668093	338569290352940
338569305957107	338569328351426	338569312380648
338569317215607	338569345034759	338569325743523
338569333222648	338569361718092	338569341019773
338569349820898	338569378401425	338569357015815
338569366709940	338569395084758	338569373512315
338569383404440	338569411768091	338569389935315
338569399725648	338569428451424	338569406039190
338569416633273	338569445134757	338569422919023
338569433527107	338569461818090	338569439780982
338569450001107	338569478501423	338569456192773
338569466924065	338569495184756	338569473115232
338569483627773	338569511868089	338569489805398
338569500416565	338569528551422	338569506594398
338569517515023	338569545234755	338569523687315
338569534312190	338569561918088	338569540459982
338569550904482	338569578601421	338569557100273
338569570227940	338569595284754	338569576412273
338569586942190	338569611968087	338569593053690
338569603217148	338569628651420	338569609311648
338569620389732	338569645334753	338569626662648
338569637648815	338569662018086	338569643718148
338569653836440	338569678701419	338569660256523
338569671550523	338569695384752	338569677659023
338569688057357	338569712068085	338569694123523
338569704279773	338569728751418	338569710451565
338569720150773	338569745434751	338569726312523
338569737259773	338569762118084	338569743379773
338569753296773	338569778801417	338569759428523
338569770090107	338569795484750	338569776244023
338569787994023	338569812168083	338569794112232
338570168526982	338570195884742	338570186964357
338570175591857	338570212568075	338570211334982
338570208342315	338570245934741	338570236046399
338570225050149	338570262618074	338570262303357
338570258201524	338570295984740	338570288186482
338570274843107	338570312668073	338570297098232
338570307961357	338570329351406	338570316572649
338570324527815	338570346034739	338570333179857
338570341611815	338570362718072	338570350309065
338570357946649	338570379401405	338570366654190
338570374700899	338570396084738	338570383295857
338570392136190	338570412768071	338570400922149
338570411947107	338570429451404	338570418152690
338570428657774	338570446134737	338570434744565
338570444828274	338570462818070	338570450999732
338570461302649	338570479501403	338570467536399
338570479701065	338570496184736	338570485859024

===
16683333
338568915853315	338568927951434	338568922059856
338568931905231	338568944634767	338568938110690
338568949395856	338568961318100	338568955669940
338568966940398	338568978001433	338568973130065
338568984465481	338568994684766	338568990690315
338569000661815	338569011368099	338569006810273
338569016981606	338569028051432	338569023143898
338569032703106	338569044734765	338569038907315
338569049810565	338569061418098	338569056102315
338569067294065	338569078101431	338569073485065
338569084690398	338569094784764	338569090854231
338569101131065	338569128151430	338569107283731
338569117027065	338569144834763	338569123209815
338569134522731	338569161518096	338569140621856
338569151492606	338569178201429	338569157691356
338569168486606	338569194884762	338569174666106
338569186567148	338569211568095	338569192539398
338569200411273	338569228251428	338569206659190
338569216983523	338569244934761	338569223183190
338569233302606	338569261618094	338569239598565
338569249495023	338569278301427	338569255855523
338569270134357	338569294984760	338569276323857
338569284226232	338569311668093	338569290352940
338569305957107	338569328351426	338569312380648
338569317215607	338569345034759	338569325743523
338569333222648	338569361718092	338569341019773
338569349820898	338569378401425	338569357015815
338569366709940	338569395084758	338569373512315
338569383404440	338569411768091	338569389935315
338569399725648	338569428451424	338569406039190
338569416633273	338569445134757	338569422919023
338569433527107	338569461818090	338569439780982
338569450001107	338569478501423	338569456192773
338569466924065	338569495184756	338569473115232
338569483627773	338569511868089	338569489805398
338569500416565	338569528551422	338569506594398
338569517515023	338569545234755	338569523687315
338569534312190	338569561918088	338569540459982
338569550904482	338569578601421	338569557100273
338569570227940	338569595284754	338569576412273
338569586942190	338569611968087	338569593053690
338569603217148	338569628651420	338569609311648
338569620389732	338569645334753	338569626662648
338569637648815	338569662018086	338569643718148
338569653836440	338569678701419	338569660256523
338569671550523	338569695384752	338569677659023
338569688057357	338569712068085	338569694123523
338569704279773	338569728751418	338569710451565
338569720150773	338569745434751	338569726312523
338569737259773	338569762118084	338569743379773
338569753296773	338569778801417	338569759428523
338569770090107	338569795484750	338569776244023
338569787994023	338569812168083	338569794112232
338570168526982	338570195884742	338570186964357
338570175591857	338570212568075	338570211334982
338570208342315	338570245934741	338570236046399
338570225050149	338570262618074	338570262303357
338570258201524	338570295984740	338570288186482
338570274843107	338570312668073	338570297098232
338570307961357	338570329351406	338570316572649
338570324527815	338570346034739	338570333179857
338570341611815	338570362718072	338570350309065
338570357946649	338570379401405	338570366654190
338570374700899	338570396084738	338570383295857
338570392136190	338570412768071	338570400922149
338570411947107	338570429451404	338570418152690
338570428657774	338570446134737	338570434744565
338570444828274	338570462818070	338570450999732
338570461302649	338570479501403	338570467536399
338570479701065	338570496184736	338570485859024
338570495760774	338570512868069	338570501953024
338570511004149	338570529551402	338570517203565
338570529467565	338570546234735	338570535748024
338570543483065	338570562918068	338570549762107
338570560594274	338570579601401	338570566818565
338570578149732	338570596284734	338570584366482
338570596328065	338570612968067	338570602561232
338570613109024	338570629651400	338570619264857
338570628654899	338570646334733	338570634826732
338570646193232	338570663018066	338570652367399
338570663891691	338570679701399	338570670117232
338570680403274	338570696384732	338570686390107
338570696744274	338570713068065	338570702969649
338570713813274	338570729751398	338570720078191
338570730318024	338570746434731	338570736517316
338570746925691	338570763118064	338570753089274
338570764610274	338570779801397	338570770727941
338570781074399	338570796484730	338570787229274
338570797057566	338570813168063	338570803195232
338570813913482	338570829851396	338570820116107
338570832076691	338570846534729	338570838139274
338570846486607	338570863218062	338570852712482
338570863263316	338570879901395	338570869371899
338570879048274	338570896584728	338570885565566
338570896280482	338570913268061	338570902532857
338570913378899	338570929951394	338570919633649
338570932244982	338570946634727	338570938370316
338570947567816	338570963318060	338570956068357
338570963339941	338570980001393	338570971175232
338570979589774	338570996684726	338570986820399
338570996209524	338571013368059	338571003018982
338571012846191	338571030051392	338571019384357
338571029471232	338571046734725	338571035788232
338571046296191	338571063418058	338571052585191
338571062897607	338571080101391	338571069157274
338571079658941	338571096784724	338571085909982
338571096417816	338571113468057	338571102601191
338571113203399	338571130151390	338571119381982
338571130040774	338571146834723	338571136218691
338571146820024	338571163518056	338571152997566
338571163683191	338571180201389	338571169861857
338571180422066	338571196884722	338571186593566
338571197962357	338571213568055	338571204187441
338571218280816	338571230251388	338571224256232
338571233274107	338571246934721	338571239420441
338571249422399	338571263618054	338571255472857
338571266416066	338571280301387	338571272414816
338571283853316	338571296984720	338571289889607
338571301262691	338571313668053	338571307337232
338571317977941	338571330351386	338571324080149
338571334062649	338571347034719	338571340220066
338571350256316	338571363718052	338571356384441
338571367567733	338571380401385	338571373793941
338571384905316	338571397084718	338571391016149
338571402338858	338571413768051	338571408460274
338571418482899	338571430451384	338571424531608
338571434379233	338571447134717	338571440557649

===
16683333
338570479701065	338570496184736	338570485859024
338570495760774	338570512868069	338570501953024
338570511004149	338570529551402	338570517203565
338570529467565	338570546234735	338570535748024
338570543483065	338570562918068	338570549762107
338570560594274	338570579601401	338570566818565
338570578149732	338570596284734	338570584366482
338570596328065	338570612968067	338570602561232
338570613109024	338570629651400	338570619264857
338570628654899	338570646334733	338570634826732
338570646193232	338570663018066	338570652367399
338570663891691	338570679701399	338570670117232
338570680403274	338570696384732	338570686390107
338570696744274	338570713068065	338570702969649
338570713813274	338570729751398	338570720078191
338570730318024	338570746434731	338570736517316
338570746925691	338570763118064	338570753089274
338570764610274	338570779801397	338570770727941
338570781074399	338570796484730	338570787229274
338570797057566	338570813168063	338570803195232
338570813913482	338570829851396	338570820116107
338570832076691	338570846534729	338570838139274
338570846486607	338570863218062	338570852712482
338570863263316	338570879901395	338570869371899
338570879048274	338570896584728	338570885565566
338570896280482	338570913268061	338570902532857
338570913378899	338570929951394	338570919633649
338570932244982	338570946634727	338570938370316
338570947567816	338570963318060	338570956068357
338570963339941	338570980001393	338570971175232
338570979589774	338570996684726	338570986820399
338570996209524	338571013368059	338571003018982
338571012846191	338571030051392	338571019384357
338571029471232	338571046734725	338571035788232
338571046296191	338571063418058	338571052585191
338571062897607	338571080101391	338571069157274
338571079658941	338571096784724	338571085909982
338571096417816	338571113468057	338571102601191
338571113203399	338571130151390	338571119381982
338571130040774	338571146834723	338571136218691
338571146820024	338571163518056	338571152997566
338571163683191	338571180201389	338571169861857
338571180422066	338571196884722	338571186593566
338571197962357	338571213568055	338571204187441
338571218280816	338571230251388	338571224256232
338571233274107	338571246934721	338571239420441
338571249422399	338571263618054	338571255472857
338571266416066	338571280301387	338571272414816
338571283853316	338571296984720	338571289889607
338571301262691	338571313668053	338571307337232
338571317977941	338571330351386	338571324080149
338571334062649	338571347034719	338571340220066
338571350256316	338571363718052	338571356384441
338571367567733	338571380401385	338571373793941
338571384905316	338571397084718	338571391016149
338571402338858	338571413768051	338571408460274
338571418482899	338571430451384	338571424531608
338571434379233	338571447134717	338571440557649
338571823681149	338571847534709	338571842361566
338571830399774	338571880901375	338571867724441
338571854245774	338571897584708	338571887457441
338571887258441	338571914268041	338571896150691
338571904080816	338571930951374	338571912757274
338571920924399	338571947634707	338571929768983
338571938464774	338571964318040	338571946958899
338571954406399	338571981001373	338571963012524
338571971404233	338571997684706	338571980092816
338571987829316	338572014368039	338571996501358
338572004547941	338572031051372	338572013240691
338572021265524	338572047734705	338572029799483
338572038870691	338572064418038	338572047465400
338572058173858	338572081101371	338572064398400
338572074691816	338572097784704	338572080904441
338572090777983	338572114468037	338572096992650
338572107263941	338572131151370	338572113461733
338572124601941	338572147834703	338572130872150
338572141901400	338572164518036	338572148044275
338572159414691	338572181201369	338572165586983
338572175967483	338572197884702	338572182122400
338572191979441	338572214568035	338572198156275
338572208137025	338572231251368	338572214280066
338572225449025	338572247934701	338572231665566
338572242833108	338572264618034	338572248940441
338572260678483	338572281301367	338572266913025
338572276539858	338572297984700	338572282651108
338572292613400	338572314668033	338572298826275
338572309004483	338572331351366	338572315273483
338572326391941	338572348034699	338572332606691
338572344104358	338572364718032	338572350340358
338572361292566	338572381401365	338572367474733
338572376916275	338572398084698	338572383121733
338572393302608	338572414768031	338572399583941
338572410277525	338572431451364	338572416433816
338572427318400	338572448134697	338572433496150
338572444769066	338572464818030	338572450934483
338572461756650	338572481501363	338572467947441
338572477621566	338572498184696	338572483905483
338572492435650	338572514868029	338572498665066
338572510007691	338572531551362	338572516269816
338572525748191	338572548234695	338572532077150
338572542767566	338572564918028	338572548977025
338572559178900	338572581601361	338572565488150
338572577685566	338572598284694	338572584131400
338572594248900	338572614968027	338572600668275
338572611143483	338572631651360	338572619668108
338572626067358	338572648334693	338572633920941
338572642661941	338572665018026	338572649892983
338572659336941	338572681701359	338572666137316
338572676406733	338572698384692	338572682953233
338572692930775	338572715068025	338572699184566
338572709648400	338572731751358	338572715936441
338572726202691	338572748434691	338572732411067
338572742879733	338572765118024	338572749085317
338572759887483	338572781801357	338572766089192
338572776671775	338572798484690	338572782859858
338572793408275	338572815168023	338572799579983
338572810382233	338572831851356	338572816488275
338572827245942	338572848534689	338572833415900
338572843802025	338572865218022	338572849973817
338572862619608	338572881901355	338572868776692
338572880445442	338572898584688	338572886479483
338572896540525	338572915268021	338572902702150
338572913724025	338572931951354	338572919784942
338572929671233	338572948634687	338572935769942
338572947596233	338572965318020	338572953648567
338572964834483	338572982001353	338572970943442
338572981381650	338572998684686	338572987424483

===
16683333
338570913378899	338570929951394	338570919633649
338570932244982	338570946634727	338570938370316
338570947567816	338570963318060	338570956068357
338570963339941	338570980001393	338570971175232
338570979589774	338570996684726	338570986820399
338570996209524	338571013368059	338571003018982
338571012846191	338571030051392	338571019384357
338571029471232	338571046734725	338571035788232
338571046296191	338571063418058	338571052585191
338571062897607	338571080101391	338571069157274
338571079658941	338571096784724	338571085909982
338571096417816	338571113468057	338571102601191
338571113203399	338571130151390	338571119381982
338571130040774	338571146834723	338571136218691
338571146820024	338571163518056	338571152997566
338571163683191	338571180201389	338571169861857
338571180422066	338571196884722	338571186593566
338571197962357	338571213568055	338571204187441
338571218280816	338571230251388	338571224256232
338571233274107	338571246934721	338571239420441
338571249422399	338571263618054	338571255472857
338571266416066	338571280301387	338571272414816
338571283853316	338571296984720	338571289889607
338571301262691	338571313668053	338571307337232
338571317977941	338571330351386	338571324080149
338571334062649	338571347034719	338571340220066
338571350256316	338571363718052	338571356384441
338571367567733	338571380401385	338571373793941
338571384905316	338571397084718	338571391016149
338571402338858	338571413768051	338571408460274
338571418482899	338571430451384	338571424531608
338571434379233	338571447134717	338571440557649
338571823681149	338571847534709	338571842361566
338571830399774	338571880901375	338571867724441
338571854245774	338571897584708	338571887457441
338571887258441	338571914268041	338571896150691
338571904080816	338571930951374	338571912757274
338571920924399	338571947634707	338571929768983
338571938464774	338571964318040	338571946958899
338571954406399	338571981001373	338571963012524
338571971404233	338571997684706	338571980092816
338571987829316	338572014368039	338571996501358
338572004547941	338572031051372	338572013240691
338572021265524	338572047734705	338572029799483
338572038870691	338572064418038	338572047465400
338572058173858	338572081101371	338572064398400
338572074691816	338572097784704	338572080904441
338572090777983	338572114468037	338572096992650
338572107263941	338572131151370	338572113461733
338572124601941	338572147834703	338572130872150
338572141901400	338572164518036	338572148044275
338572159414691	338572181201369	338572165586983
338572175967483	338572197884702	338572182122400
338572191979441	338572214568035	338572198156275
338572208137025	338572231251368	338572214280066
338572225449025	338572247934701	338572231665566
338572242833108	338572264618034	338572248940441
338572260678483	338572281301367	338572266913025
338572276539858	338572297984700	338572282651108
338572292613400	338572314668033	338572298826275
338572309004483	338572331351366	338572315273483
338572326391941	338572348034699	338572332606691
338572344104358	338572364718032	338572350340358
338572361292566	338572381401365	338572367474733
338572376916275	338572398084698	338572383121733
338572393302608	338572414768031	338572399583941
338572410277525	338572431451364	338572416433816
338572427318400	338572448134697	338572433496150
338572444769066	338572464818030	338572450934483
338572461756650	338572481501363	338572467947441
338572477621566	338572498184696	338572483905483
338572492435650	338572514868029	338572498665066
338572510007691	338572531551362	338572516269816
338572525748191	338572548234695	338572532077150
338572542767566	338572564918028	338572548977025
338572559178900	338572581601361	338572565488150
338572577685566	338572598284694	338572584131400
338572594248900	338572614968027	338572600668275
338572611143483	338572631651360	338572619668108
338572626067358	338572648334693	338572633920941
338572642661941	338572665018026	338572649892983
338572659336941	338572681701359	338572666137316
338572676406733	338572698384692	338572682953233
338572692930775	338572715068025	338572699184566
338572709648400	338572731751358	338572715936441
338572726202691	338572748434691	338572732411067
338572742879733	338572765118024	338572749085317
338572759887483	338572781801357	338572766089192
338572776671775	338572798484690	338572782859858
338572793408275	338572815168023	338572799579983
338572810382233	338572831851356	338572816488275
338572827245942	338572848534689	338572833415900
338572843802025	338572865218022	338572849973817
338572862619608	338572881901355	338572868776692
338572880445442	338572898584688	338572886479483
338572896540525	338572915268021	338572902702150
338572913724025	338572931951354	338572919784942
338572929671233	338572948634687	338572935769942
338572947596233	338572965318020	338572953648567
338572964834483	338572982001353	338572970943442
338572981381650	338572998684686	338572987424483
338572996834942	338573015368019	338573002922067
338573012546108	338573032051352	338573018797983
338573029170942	338573048734685	338573035278317
338573045775317	338573065418018	338573051770608
338573063439775	338573082101351	338573069510483
338573285467650	338573298984680	338573298077067
338573298998900	338573315668013	338573313646233
338573321629233	338573332351346	338573333585150
338573338057567	338573349034679	338573342951817
338573351939900	338573365718012	338573356717067
338573369384150	338573382401345	338573375751400
338573384990608	338573399084678	338573391263483
338573400363358	338573415768011	338573406644733
338573419968317	338573432451344	338573426348608
338573434080609	338573449134677	338573440443859
338573450546484	338573465818010	338573456806817
338573467845150	338573482501343	338573474092525
338573485082192	338573499184676	338573491355942
338573502379817	338573515868009	338573508626317
338573518604900	338573532551342	338573524866775
338573534313692	338573549234675	338573540611900
338573551916525	338573565918008	338573558100359
338573569214734	338573582601341	338573575314150
338573586286650	338573599284674	338573592485609
338573602659400	338573615968007	338573608825025
338573618450150	338573632651340	338573624421400

===
16683333
338570913378899	338570929951394	338570919633649
338570932244982	338570946634727	338570938370316
338570947567816	338570963318060	338570956068357
338570963339941	338570980001393	338570971175232
338570979589774	338570996684726	338570986820399
338570996209524	338571013368059	338571003018982
338571012846191	338571030051392	338571019384357
338571029471232	338571046734725	338571035788232
338571046296191	338571063418058	338571052585191
338571062897607	338571080101391	338571069157274
338571079658941	338571096784724	338571085909982
338571096417816	338571113468057	338571102601191
338571113203399	338571130151390	338571119381982
338571130040774	338571146834723	338571136218691
338571146820024	338571163518056	338571152997566
338571163683191	338571180201389	338571169861857
338571180422066	338571196884722	338571186593566
338571197962357	338571213568055	338571204187441
338571218280816	338571230251388	338571224256232
338571233274107	338571246934721	338571239420441
338571249422399	338571263618054	338571255472857
338571266416066	338571280301387	338571272414816
338571283853316	338571296984720	338571289889607
338571301262691	338571313668053	338571307337232
338571317977941	338571330351386	338571324080149
338571334062649	338571347034719	338571340220066
338571350256316	338571363718052	338571356384441
338571367567733	338571380401385	338571373793941
338571384905316	338571397084718	338571391016149
338571402338858	338571413768051	338571408460274
338571418482899	338571430451384	338571424531608
338571434379233	338571447134717	338571440557649
338571823681149	338571847534709	338571842361566
338571830399774	338571880901375	338571867724441
338571854245774	338571897584708	338571887457441
338571887258441	338571914268041	338571896150691
338571904080816	338571930951374	338571912757274
338571920924399	338571947634707	338571929768983
338571938464774	338571964318040	338571946958899
338571954406399	338571981001373	338571963012524
338571971404233	338571997684706	338571980092816
338571987829316	338572014368039	338571996501358
338572004547941	338572031051372	338572013240691
338572021265524	338572047734705	338572029799483
338572038870691	338572064418038	338572047465400
338572058173858	338572081101371	338572064398400
338572074691816	338572097784704	338572080904441
338572090777983	338572114468037	338572096992650
338572107263941	338572131151370	338572113461733
338572124601941	338572147834703	338572130872150
338572141901400	338572164518036	338572148044275
338572159414691	338572181201369	338572165586983
338572175967483	338572197884702	338572182122400
338572191979441	338572214568035	338572198156275
338572208137025	338572231251368	338572214280066
338572225449025	338572247934701	338572231665566
338572242833108	338572264618034	338572248940441
338572260678483	338572281301367	338572266913025
338572276539858	338572297984700	338572282651108
338572292613400	338572314668033	338572298826275
338572309004483	338572331351366	338572315273483
338572326391941	338572348034699	338572332606691
338572344104358	338572364718032	338572350340358
338572361292566	338572381401365	338572367474733
338572376916275	338572398084698	338572383121733
338572393302608	338572414768031	338572399583941
338572410277525	338572431451364	338572416433816
338572427318400	338572448134697	338572433496150
338572444769066	338572464818030	338572450934483
338572461756650	338572481501363	338572467947441
338572477621566	338572498184696	338572483905483
338572492435650	338572514868029	338572498665066
338572510007691	338572531551362	338572516269816
338572525748191	338572548234695	338572532077150
338572542767566	338572564918028	338572548977025
338572559178900	338572581601361	338572565488150
338572577685566	338572598284694	338572584131400
338572594248900	338572614968027	338572600668275
338572611143483	338572631651360	338572619668108
338572626067358	338572648334693	338572633920941
338572642661941	338572665018026	338572649892983
338572659336941	338572681701359	338572666137316
338572676406733	338572698384692	338572682953233
338572692930775	338572715068025	338572699184566
338572709648400	338572731751358	338572715936441
338572726202691	338572748434691	338572732411067
338572742879733	338572765118024	338572749085317
338572759887483	338572781801357	338572766089192
338572776671775	338572798484690	338572782859858
338572793408275	338572815168023	338572799579983
338572810382233	338572831851356	338572816488275
338572827245942	338572848534689	338572833415900
338572843802025	338572865218022	338572849973817
338572862619608	338572881901355	338572868776692
338572880445442	338572898584688	338572886479483
338572896540525	338572915268021	338572902702150
338572913724025	338572931951354	338572919784942
338572929671233	338572948634687	338572935769942
338572947596233	338572965318020	338572953648567
338572964834483	338572982001353	338572970943442
338572981381650	338572998684686	338572987424483
338572996834942	338573015368019	338573002922067
338573012546108	338573032051352	338573018797983
338573029170942	338573048734685	338573035278317
338573045775317	338573065418018	338573051770608
338573063439775	338573082101351	338573069510483
338573285467650	338573298984680	338573298077067
338573298998900	338573315668013	338573313646233
338573321629233	338573332351346	338573333585150
338573338057567	338573349034679	338573342951817
338573351939900	338573365718012	338573356717067
338573369384150	338573382401345	338573375751400
338573384990608	338573399084678	338573391263483
338573400363358	338573415768011	338573406644733
338573419968317	338573432451344	338573426348608
338573434080609	338573449134677	338573440443859
338573450546484	338573465818010	338573456806817
338573467845150	338573482501343	338573474092525
338573485082192	338573499184676	338573491355942
338573502379817	338573515868009	338573508626317
338573518604900	338573532551342	338573524866775
338573534313692	338573549234675	338573540611900
338573551916525	338573565918008	338573558100359
338573569214734	338573582601341	338573575314150
338573586286650	338573599284674	338573592485609
338573602659400	338573615968007	338573608825025
338573618450150	338573632651340	338573624421400

