Applications Graphics Acceleration Info:
Uptime: 338575999 Realtime: 373250109

** Graphics info for pid 14470 [com.auroratv.lab] **

Stats since: 338564432341229ns
Total frames rendered: 410
Janky frames: 14 (3.41%)
Janky frames (legacy): 393 (95.85%)
50th percentile: 24ms
90th percentile: 34ms
95th percentile: 48ms
99th percentile: 97ms
Number Missed Vsync: 2
Number High input latency: 792
Number Slow UI thread: 9
Number Slow bitmap uploads: 0
Number Slow issue draw commands: 14
Number Frame deadline missed: 14
Number Frame deadline missed (legacy): 14
HISTOGRAM: 5ms=0 6ms=0 7ms=0 8ms=0 9ms=0 10ms=0 11ms=0 12ms=0 13ms=0 14ms=0 15ms=0 16ms=0 17ms=0 18ms=0 19ms=0 20ms=2 21ms=9 22ms=51 23ms=135 24ms=84 25ms=38 26ms=23 27ms=4 28ms=4 29ms=1 30ms=4 31ms=7 32ms=7 34ms=4 36ms=5 38ms=2 40ms=2 42ms=2 44ms=3 46ms=0 48ms=3 53ms=4 57ms=4 61ms=1 65ms=1 69ms=0 73ms=0 77ms=0 81ms=0 85ms=1 89ms=1 93ms=2 97ms=4 101ms=1 105ms=0 109ms=1 113ms=0 117ms=0 121ms=0 125ms=0 129ms=0 133ms=0 150ms=0 200ms=0 250ms=0 300ms=0 350ms=0 400ms=0 450ms=0 500ms=0 550ms=0 600ms=0 650ms=0 700ms=0 750ms=0 800ms=0 850ms=0 900ms=0 950ms=0 1000ms=0 1050ms=0 1100ms=0 1150ms=0 1200ms=0 1250ms=0 1300ms=0 1350ms=0 1400ms=0 1450ms=0 1500ms=0 1550ms=0 1600ms=0 1650ms=0 1700ms=0 1750ms=0 1800ms=0 1850ms=0 1900ms=0 1950ms=0 2000ms=0 2050ms=0 2100ms=0 2150ms=0 2200ms=0 2250ms=0 2300ms=0 2350ms=0 2400ms=0 2450ms=0 2500ms=0 2550ms=0 2600ms=0 2650ms=0 2700ms=0 2750ms=0 2800ms=0 2850ms=0 2900ms=0 2950ms=0 3000ms=0 3050ms=0 3100ms=0 3150ms=0 3200ms=0 3250ms=0 3300ms=0 3350ms=0 3400ms=0 3450ms=0 3500ms=0 3550ms=0 3600ms=0 3650ms=0 3700ms=0 3750ms=0 3800ms=0 3850ms=0 3900ms=0 3950ms=0 4000ms=0 4050ms=0 4100ms=0 4150ms=0 4200ms=0 4250ms=0 4300ms=0 4350ms=0 4400ms=0 4450ms=0 4500ms=0 4550ms=0 4600ms=0 4650ms=0 4700ms=0 4750ms=0 4800ms=0 4850ms=0 4900ms=0 4950ms=0
50th gpu percentile: 7ms
90th gpu percentile: 10ms
95th gpu percentile: 19ms
99th gpu percentile: 4950ms
GPU HISTOGRAM: 1ms=0 2ms=0 3ms=0 4ms=0 5ms=0 6ms=2 7ms=320 8ms=12 9ms=32 10ms=17 11ms=0 12ms=0 13ms=1 14ms=1 15ms=0 16ms=1 17ms=0 18ms=1 19ms=4 20ms=1 21ms=0 22ms=0 23ms=1 24ms=0 25ms=0 4950ms=17

Pipeline=Skia (OpenGL)
Memory policy:
  Max surface area: 2073600
  Max resource usage: 99.53MB (x48)
  Background retention: 50% (altUiHidden = true)
  GPU Context timeout: 10
Contexts: 1 (stopped = 0)
CPU Caches:
  Glyph Cache: 1.89 MB (1 entry)
  Glyph Count: 102 
Total CPU memory usage:
  1982191 bytes, 1.89 MB (0.00 bytes is purgeable)
GPU Caches:
  Image:
    Texture: 16.46 MB (46 entries)
  Other:
    Other: 173.73 KB (1 entry)
    Buffer Object: 464.00 bytes (2 entries)
    StencilAttachment: 15.00 KB (4 entries)
  Scratch:
    RenderTarget: 12.84 MB (40 entries)
    Texture: 4.04 MB (6 entries)
    Buffer Object: 78.03 KB (3 entries)
Total GPU memory usage:
  35229196 bytes, 33.60 MB (14.04 MB is purgeable)

Profile data in ms:

	com.auroratv.lab/com.auroratv.MainActivity/android.view.ViewRootImpl@854baec (visibility=0)
Window: com.auroratv.lab/com.auroratv.MainActivity
Stats since: 338564432339771ns
Total frames rendered: 410
Janky frames: 14 (3.41%)
Janky frames (legacy): 393 (95.85%)
50th percentile: 24ms
90th percentile: 34ms
95th percentile: 48ms
99th percentile: 97ms
Number Missed Vsync: 2
Number High input latency: 792
Number Slow UI thread: 9
Number Slow bitmap uploads: 0
Number Slow issue draw commands: 14
Number Frame deadline missed: 14
Number Frame deadline missed (legacy): 14
HISTOGRAM: 5ms=0 6ms=0 7ms=0 8ms=0 9ms=0 10ms=0 11ms=0 12ms=0 13ms=0 14ms=0 15ms=0 16ms=0 17ms=0 18ms=0 19ms=0 20ms=2 21ms=9 22ms=51 23ms=135 24ms=84 25ms=38 26ms=23 27ms=4 28ms=4 29ms=1 30ms=4 31ms=7 32ms=7 34ms=4 36ms=5 38ms=2 40ms=2 42ms=2 44ms=3 46ms=0 48ms=3 53ms=4 57ms=4 61ms=1 65ms=1 69ms=0 73ms=0 77ms=0 81ms=0 85ms=1 89ms=1 93ms=2 97ms=4 101ms=1 105ms=0 109ms=1 113ms=0 117ms=0 121ms=0 125ms=0 129ms=0 133ms=0 150ms=0 200ms=0 250ms=0 300ms=0 350ms=0 400ms=0 450ms=0 500ms=0 550ms=0 600ms=0 650ms=0 700ms=0 750ms=0 800ms=0 850ms=0 900ms=0 950ms=0 1000ms=0 1050ms=0 1100ms=0 1150ms=0 1200ms=0 1250ms=0 1300ms=0 1350ms=0 1400ms=0 1450ms=0 1500ms=0 1550ms=0 1600ms=0 1650ms=0 1700ms=0 1750ms=0 1800ms=0 1850ms=0 1900ms=0 1950ms=0 2000ms=0 2050ms=0 2100ms=0 2150ms=0 2200ms=0 2250ms=0 2300ms=0 2350ms=0 2400ms=0 2450ms=0 2500ms=0 2550ms=0 2600ms=0 2650ms=0 2700ms=0 2750ms=0 2800ms=0 2850ms=0 2900ms=0 2950ms=0 3000ms=0 3050ms=0 3100ms=0 3150ms=0 3200ms=0 3250ms=0 3300ms=0 3350ms=0 3400ms=0 3450ms=0 3500ms=0 3550ms=0 3600ms=0 3650ms=0 3700ms=0 3750ms=0 3800ms=0 3850ms=0 3900ms=0 3950ms=0 4000ms=0 4050ms=0 4100ms=0 4150ms=0 4200ms=0 4250ms=0 4300ms=0 4350ms=0 4400ms=0 4450ms=0 4500ms=0 4550ms=0 4600ms=0 4650ms=0 4700ms=0 4750ms=0 4800ms=0 4850ms=0 4900ms=0 4950ms=0
50th gpu percentile: 7ms
90th gpu percentile: 10ms
95th gpu percentile: 19ms
99th gpu percentile: 4950ms
GPU HISTOGRAM: 1ms=0 2ms=0 3ms=0 4ms=0 5ms=0 6ms=2 7ms=320 8ms=12 9ms=32 10ms=17 11ms=0 12ms=0 13ms=1 14ms=1 15ms=0 16ms=1 17ms=0 18ms=1 19ms=4 20ms=1 21ms=0 22ms=0 23ms=1 24ms=0 25ms=0 4950ms=17



---PROFILEDATA---
Flags,FrameTimelineVsyncId,IntendedVsync,Vsync,InputEventId,HandleInputStart,AnimationStart,PerformTraversalsStart,DrawStart,FrameDeadline,FrameInterval,FrameStartTime,SyncQueued,SyncStart,IssueDrawCommandsStart,SwapBuffers,FrameCompleted,DequeueBufferDuration,QueueBufferDuration,GpuCompleted,SwapBuffersCompleted,DisplayPresentTime,CommandSubmissionCompleted,
0,117330965,338571006154000,338571006154000,0,338571006425982,338571006427274,338571006993857,338571007147649,338571058437333,338571006419857,16800000,338571007365774,338571013249441,338571014142107,338571029167691,338571035788232,12317000,278042,338571035788232,338571029737857,-1,338571029167691,
0,117330973,338571022954000,338571022954000,0,338571023220066,338571023221441,338571023733066,338571023940899,338571075237333,338571023214482,16800000,338571024210066,338571029872816,338571030766816,338571046001274,338571052585191,12309583,281375,338571052585191,338571046562524,-1,338571046001274,
0,117330981,338571039754000,338571039754000,0,338571040030274,338571040031607,338571040546857,338571040757649,338571092037333,338571040023774,16800000,338571040977066,338571046696149,338571047572691,338571062590732,338571069157274,12279958,278625,338571069157274,338571063164899,-1,338571062590732,
0,117330989,338571056554000,338571056554000,0,338571056815482,338571056817232,338571057338274,338571057491524,338571108837333,338571056809941,16800000,338571057712274,338571063298566,338571064219566,338571079354982,338571085909982,12497292,272500,338571085909982,338571079917399,-1,338571079354982,
0,117330997,338571073354000,338571073354000,0,338571073615482,338571073616899,338571074148691,338571074305941,338571125637333,338571073609732,16800000,338571074746441,338571080081941,338571080990691,338571096109024,338571102601191,12471917,281583,338571102601191,338571096686066,-1,338571096109024,
0,117331005,338571090154000,338571090154000,0,338571090417066,338571090418482,338571090905607,338571091131316,338571142437333,338571090411441,16800000,338571091393566,338571096822566,338571097684024,338571112904107,338571119381982,12563416,277500,338571119381982,338571113467066,-1,338571112904107,
0,117331013,338571106954000,338571106954000,0,338571107230566,338571107231982,338571107705649,338571107860774,338571159237333,338571107225066,16800000,338571108090357,338571113603149,338571114484399,338571129736316,338571136218691,12572958,278959,338571136218691,338571130306399,-1,338571129736316,
0,117331021,338571123754000,338571123754000,0,338571124035316,338571124036691,338571124536649,338571124692441,338571176037333,338571124028399,16800000,338571124879024,338571130441274,338571131315941,338571146510482,338571152997566,12560042,274041,338571152997566,338571147083066,-1,338571146510482,
0,117331029,338571140554000,338571140554000,0,338571140830107,338571140831566,338571141305232,338571141459982,338571192837333,338571140824066,16800000,338571141647566,338571147221357,338571148118441,338571163385732,338571169861857,12665500,275125,338571169861857,338571163947232,-1,338571163385732,
0,117331037,338571157354000,338571157354000,0,338571157618441,338571157619941,338571158095649,338571158250066,338571209637333,338571157612774,16800000,338571158405441,338571164110482,338571164999274,338571180113066,338571186593566,12481000,274125,338571186593566,338571180681482,-1,338571180113066,
0,117331045,338571174154000,338571174154000,0,338571174412566,338571174414149,338571174897941,338571175052316,338571226437333,338571174407232,16800000,338571175207024,338571180819857,338571181689149,338571197593524,338571204187441,12586500,293291,338571204187441,338571198243191,-1,338571197593524,
0,117331053,338571190954000,338571190954000,0,338571191234566,338571191235982,338571192111357,338571192273816,338571243237333,338571191228441,16800000,338571192441857,338571198382899,338571199339607,338571217678982,338571224256232,12695667,501166,338571224256232,338571218717899,-1,338571217678982,
0,117331061,338571207754000,338571207754000,0,338571208148941,338571208150941,338571220961482,338571221163274,338571260037333,338571208141024,16800000,338571221288232,338571221479274,338571223106732,338571232718107,338571239420441,5292916,514625,338571239420441,338571233724524,-1,338571232718107,
0,117331069,338571224554000,338571224554000,0,338571224947982,338571224949774,338571225464274,338571225674524,338571276837333,338571224939857,16800000,338571225721482,338571233947524,338571234995607,338571248971274,338571255472857,10212542,468458,338571255472857,338571249822941,-1,338571248971274,
0,117331077,338571241354000,338571241354000,0,338571241730816,338571241732607,338571242199107,338571242383941,338571293637333,338571241722316,16800000,338571242429732,338571249986024,338571251026149,338571265901899,338571272414816,11042125,370458,338571272414816,338571266774524,-1,338571265901899,
0,117331085,338571258154000,338571258154000,0,338571258587357,338571258589982,338571259127941,338571259341607,338571310437333,338571258577649,16800000,338571259393107,338571266937816,338571267880316,338571283388482,338571289889607,11250833,423458,338571289889607,338571284246232,-1,338571283388482,
0,117331093,338571274954000,338571274954000,0,338571275390232,338571275392691,338571275986399,338571276242232,338571327237333,338571275380691,16800000,338571276293482,338571284438857,338571285290149,338571300795649,338571307337232,10652792,930625,338571307337232,338571302173399,-1,338571300795649,
0,117331101,338571291754000,338571291754000,0,338571292255441,338571292257524,338571292795482,338571293009357,338571344037333,338571292245899,16800000,338571293060441,338571302335524,338571303203482,338571317491941,338571324080149,9410666,918875,338571324080149,338571318863816,-1,338571317491941,
0,117331109,338571308554000,338571308554000,0,338571308893982,338571308895941,338571309365191,338571309549899,338571360837333,338571308886274,16800000,338571309596316,338571319053024,338571320215941,338571333472441,338571340220066,9001916,947417,338571340220066,338571334929108,-1,338571333472441,
0,117331117,338571325354000,338571325354000,0,338571325690649,338571325692524,338571326159066,338571326343774,338571377637333,338571325683024,16800000,338571326389316,338571335154274,338571336272316,338571349841816,338571356384441,9779959,808125,338571356384441,338571351034066,-1,338571349841816,
0,117331125,338571342154000,338571342154000,0,338571342515566,338571342517524,338571342981816,338571343167108,338571394437333,338571342507774,16800000,338571343212816,338571351195066,338571352273274,338571367136399,338571373793941,10822042,718958,338571373793941,338571368278149,-1,338571367136399,
0,117331133,338571358954000,338571358954000,0,338571359351649,338571359353816,338571359890399,338571360215441,338571411237333,338571359342108,16800000,338571360267941,338571368502483,338571369361816,338571384445191,338571391016149,10599375,744000,338571391016149,338571385642649,-1,338571384445191,
0,117331141,338571375754000,338571375754000,0,338571376235441,338571376237608,338571376776774,338571376991566,338571428037333,338571376226108,16800000,338571377042608,338571385804024,338571386740691,338571401875649,338571408460274,10172708,970125,338571408460274,338571403303733,-1,338571401875649,
0,117331149,338571392554000,338571392554000,0,338571392923608,338571392925566,338571393418983,338571393631733,338571444837333,338571392915524,16800000,338571393683191,338571403494649,338571404545691,338571418020691,338571424531608,8657084,983167,338571424531608,338571419461191,-1,338571418020691,
0,117331157,338571409354000,338571409354000,0,338571409685399,338571409687233,338571410161941,338571410346191,338571461637333,338571409678441,16800000,338571410391024,338571419648691,338571420721358,338571433924358,338571440557649,9243542,960750,338571440557649,338571435366108,-1,338571433924358,
0,117331301,338571745354000,338571745354000,-140403736,338571745654899,338571745656483,338571805172441,338571805423399,338571764037333,338571745648566,16800000,338571818528024,338571818647191,338571820425274,338571823332858,338571842361566,21666,336250,338571842361566,338571823989524,-1,338571823332858,
0,117331308,338571762154000,338571812554000,0,338571820846649,338571820847691,338571821567983,338571821752899,338571864837333,338571820831733,16800000,338571822449524,338571824163108,338571825157191,338571830019774,338571867724441,17708,12112417,338571867724441,338571842502816,-1,338571830019774,
0,117331315,338571829354000,338571829354000,0,338571829666691,338571829668108,338571833709566,338571833884149,338571898437333,338571829660816,16800000,338571835552941,338571842648441,338571843588233,338571853919649,338571887457441,5863375,13594834,338571887457441,338571867830524,-1,338571853919649,
0,117331323,338571846154000,338571846154000,0,338571846422983,338571846424608,338571847029024,338571847186024,338571915237333,338571846417608,16800000,338571847407274,338571867960524,338571869004358,338571886891108,338571896150691,14040458,571083,338571896150691,338571887788524,-1,338571886891108,
0,117331331,338571862954000,338571862954000,0,338571869198524,338571869199441,338571869681149,338571869826066,338571932037333,338571869193566,16800000,338571870103108,338571887917524,338571888929983,338571903666608,338571912757274,10913791,668792,338571912757274,338571904643941,-1,338571903666608,
0,117331339,338571879754000,338571879754000,0,338571889214399,338571889215441,338571889688149,338571889830066,338571948837333,338571889208774,16800000,338571890028774,338571904789899,338571905731566,338571920448899,338571929768983,10937542,501708,338571929768983,338571921396274,-1,338571920448899,
0,117331355,338571913354000,338571913354000,0,338571913596733,338571913598483,338571914070983,338571914279566,338571965637333,338571913591983,16800000,338571914778024,338571921527899,338571922479774,338571938006274,338571946958899,11009833,719667,338571946958899,338571939159483,-1,338571938006274,
0,117331363,338571930154000,338571930154000,0,338571930406149,338571930407691,338571930840941,338571930989733,338571982437333,338571930400566,16800000,338571931185483,338571939295024,338571940278358,338571954040233,338571963012524,9973417,623958,338571963012524,338571954981816,-1,338571954040233,
0,117331371,338571946954000,338571946954000,0,338571947208441,338571947209816,338571947857441,338571948031941,338571999237333,338571947202316,16800000,338571948246774,338571955113149,338571956109149,338571971089608,338571980092816,10959375,553500,338571980092816,338571971939983,-1,338571971089608,
0,117331379,338571963754000,338571963754000,0,338571964059233,338571964060608,338571964550899,338571964704649,338572016037333,338571964052399,16800000,338571964923899,338571972102899,338571973054316,338571987507691,338571996501358,10781833,380542,338571996501358,338571988196649,-1,338571987507691,
0,117331387,338571980554000,338571980554000,0,338571980804524,338571980806149,338571981250608,338571981395774,338572032837333,338571980799024,16800000,338571981589733,338571988332733,338571989292608,338572004236566,338572013240691,11392500,276958,338572013240691,338572004802983,-1,338572004236566,
0,117331395,338571997354000,338571997354000,0,338571997611941,338571997613358,338571998092733,338571998238483,338572049637333,338571997605941,16800000,338571998430899,338572004935274,338572006171483,338572020878274,338572029799483,11272416,305125,338572029799483,338572021523691,-1,338572020878274,
0,117331403,338572014154000,338572014154000,0,338572014402441,338572014403899,338572014844108,338572015050274,338572066437333,338572014396733,16800000,338572015246983,338572021656358,338572022570858,338572038417900,338572047465400,11689292,416667,338572047465400,338572039277566,-1,338572038417900,
0,117331411,338572030954000,338572030954000,0,338572031231024,338572031232774,338572031710024,338572031864191,338572083237333,338572031225483,16800000,338572032124983,338572039473108,338572040787858,338572057716150,338572064398400,11048042,372000,338572064398400,338572058534316,-1,338572057716150,
0,117331419,338572047754000,338572047754000,0,338572048179566,338572048181608,338572048804650,338572049046650,338572100037333,338572048170525,16800000,338572049340900,338572058710566,338572059966566,338572074224608,338572080904441,8663166,400875,338572080904441,338572075076733,-1,338572074224608,
0,117331427,338572064554000,338572064554000,0,338572064888858,338572064890900,338572065498983,338572065685775,338572116837333,338572064881400,16800000,338572065948025,338572075264400,338572076912400,338572090341858,338572096992650,8320375,422042,338572096992650,338572091191566,-1,338572090341858,
0,117331435,338572081354000,338572081354000,0,338572081710983,338572081712858,338572082225900,338572082410608,338572133637333,338572081703525,16800000,338572082674275,338572091530691,338572092905691,338572106820233,338572113461733,9091459,406625,338572113461733,338572107667316,-1,338572106820233,
0,117331443,338572098154000,338572098154000,0,338572098508566,338572098510691,338572099023150,338572099207566,338572150437333,338572098500983,16800000,338572099471816,338572107860025,338572109181275,338572124132358,338572130872150,9972500,371125,338572130872150,338572124955358,-1,338572124132358,
0,117331451,338572114954000,338572114954000,0,338572115328608,338572115330775,338572115918066,338572116263941,338572167237333,338572115319483,16800000,338572116555025,338572125162441,338572126421191,338572141411191,338572148044275,9521209,429833,338572148044275,338572142273233,-1,338572141411191,
0,117331459,338572131754000,338572131754000,0,338572132186275,338572132188608,338572132915566,338572133133650,338572184037333,338572132176441,16800000,338572133555775,338572142449150,338572143627608,338572158980691,338572165586983,9297916,365416,338572165586983,338572159764441,-1,338572158980691,
0,117331467,338572148554000,338572148554000,0,338572148965775,338572148968191,338572149553441,338572149771358,338572200837333,338572148955816,16800000,338572150054441,338572159997566,338572161228150,338572175497316,338572182122400,8338375,592833,338572182122400,338572176553275,-1,338572175497316,
0,117331475,338572165354000,338572165354000,0,338572165797566,338572165799608,338572166264150,338572166462025,338572217637333,338572165782275,16800000,338572166714608,338572176841441,338572178272483,338572191509941,338572198156275,7766459,588167,338572198156275,338572192562233,-1,338572191509941,
0,117331483,338572182154000,338572182154000,0,338572182535025,338572182536941,338572182962483,338572183150775,338572234437333,338572182527191,16800000,338572183391566,338572192767441,338572194127566,338572207660816,338572214280066,8650041,410291,338572214280066,338572208556066,-1,338572207660816,
0,117331491,338572198954000,338572198954000,0,338572199297733,338572199299733,338572199755358,338572199944983,338572251237333,338572199290191,16800000,338572200232816,338572208733983,338572210085150,338572225046316,338572231665566,10097875,428208,338572231665566,338572225868275,-1,338572225046316,
0,117331499,338572215754000,338572215754000,0,338572216177983,338572216180400,338572216671358,338572216890608,338572268037333,338572216167775,16800000,338572217173691,338572226043816,338572227342108,338572242330941,338572248940441,9476042,389000,338572248940441,338572243188941,-1,338572242330941,
0,117331507,338572232554000,338572232554000,0,338572232983900,338572232986525,338572233464775,338572233683483,338572284837333,338572232974150,16800000,338572233967150,338572243362525,338572244545858,338572260202525,338572266913025,9181208,478042,338572266913025,338572261127816,-1,338572260202525,
0,117331515,338572249354000,338572249354000,0,338572249687608,338572249689566,338572250318816,338572250541066,338572301637333,338572249680191,16800000,338572250827566,338572261307275,338572262549275,338572275985566,338572282651108,7424500,507791,338572282651108,338572277026066,-1,338572275985566,
0,117331523,338572266154000,338572266154000,0,338572266535358,338572266537233,338572266969650,338572267162233,338572318437333,338572266527441,16800000,338572267407566,338572277254358,338572278603608,338572291991691,338572298826275,8177792,439166,338572298826275,338572293060900,-1,338572291991691,
0,117331531,338572282954000,338572282954000,0,338572283314858,338572283316816,338572283804983,338572283993691,338572335237333,338572283306525,16800000,338572284284400,338572293341941,338572294695858,338572308592316,338572315273483,8889166,469292,338572315273483,338572309459941,-1,338572308592316,
0,117331539,338572299754000,338572299754000,0,338572300213775,338572300216275,338572300698275,338572300915941,338572352037333,338572300204400,16800000,338572301464191,338572309632941,338572310801566,338572325878150,338572332606691,9975667,370334,338572332606691,338572326744066,-1,338572325878150,
0,117331547,338572316554000,338572316554000,0,338572317029483,338572317032191,338572317520066,338572317739400,338572368837333,338572317019566,16800000,338572318024733,338572326918191,338572328276483,338572343518400,338572350340358,9318167,332166,338572350340358,338572344391441,-1,338572343518400,
0,117331555,338572333354000,338572333354000,0,338572333781150,338572333783650,338572334259400,338572334477733,338572385637333,338572333770733,16800000,338572334761358,338572344536483,338572345517066,338572360774108,338572367474733,9015083,495584,338572367474733,338572361804400,-1,338572360774108,
0,117331563,338572350154000,338572350154000,0,338572350469983,338572350471566,338572350815400,338572350970608,338572402437333,338572350463358,16800000,338572351163816,338572362008650,338572363217400,338572376397441,338572383121733,7533084,485208,338572383121733,338572377345900,-1,338572376397441,
0,117331571,338572366954000,338572366954000,0,338572367308816,338572367311108,338572367767233,338572367959483,338572419237333,338572367300983,16800000,338572368247275,338572377549858,338572378982441,338572392883483,338572399583941,8597041,373750,338572399583941,338572393724650,-1,338572392883483,
0,117331579,338572383754000,338572383754000,0,338572384151400,338572384153275,338572384571900,338572384759983,338572436037333,338572384143858,16800000,338572385001233,338572393991275,338572395367233,338572409804941,338572416433816,9526083,368000,338572416433816,338572410627358,-1,338572409804941,
0,117331587,338572400554000,338572400554000,0,338572400957108,338572400959566,338572401726483,338572401952150,338572452837333,338572400947483,16800000,338572402238150,338572410829733,338572412167316,338572426911233,338572433496150,9362292,409250,338572433496150,338572427713525,-1,338572426911233,
0,117331595,338572417354000,338572417354000,0,338572417753858,338572417756108,338572418239816,338572418503400,338572469637333,338572417744108,16800000,338572418904691,338572427885900,338572429156191,338572444341816,338572450934483,9177916,370959,338572450934483,338572445124483,-1,338572444341816,
0,117331603,338572434154000,338572434154000,0,338572434593775,338572434596108,338572435081983,338572435300900,338572486437333,338572434584025,16800000,338572435580650,338572445326483,338572446564358,338572461287191,338572467947441,8531167,436958,338572467947441,338572462226233,-1,338572461287191,
0,117331611,338572450954000,338572450954000,0,338572451299483,338572451301275,338572451888233,338572452127900,338572503237333,338572451291483,16800000,338572452372150,338572462484775,338572463858775,338572477247650,338572483905483,7907417,334208,338572483905483,338572477940650,-1,338572477247650,
0,117331619,338572467754000,338572467754000,0,338572468219483,338572468221691,338572468677400,338572468882608,338572520037333,338572468210650,16800000,338572469141108,338572478095900,338572479189316,338572492069775,338572498665066,8987084,412125,338572498665066,338572492835900,-1,338572492069775,
0,117331627,338572484554000,338572484554000,0,338572484972108,338572484973691,338572485617691,338572485790900,338572536837333,338572484964608,16800000,338572485995525,338572492985941,338572493991608,338572509501858,338572516269816,11085667,594042,338572516269816,338572510592691,-1,338572509501858,
0,117331635,338572501354000,338572501354000,0,338572501700775,338572501702566,338572502119025,338572502289816,338572553637333,338572501692733,16800000,338572502511650,338572510826608,338572511763566,338572525392816,338572532077150,9863416,638625,338572532077150,338572526383691,-1,338572525392816,
0,117331643,338572518154000,338572518154000,0,338572518466233,338572518468150,338572518836441,338572518997858,338572570437333,338572518459650,16800000,338572519200608,338572526539233,338572527511525,338572542390316,338572548977025,11176000,612375,338572548977025,338572543374441,-1,338572542390316,
0,117331651,338572534954000,338572534954000,-1052997520,338572535255233,338572535257191,338572539056316,338572539260566,338572587237333,338572535248483,16800000,338572539955858,338572543520691,338572544561566,338572558832733,338572565488150,10834500,305125,338572565488150,338572559476733,-1,338572558832733,
0,117331659,338572551754000,338572551754000,0,338572552233525,338572552235066,338572552897483,338572553084108,338572604037333,338572552225608,16800000,338572553567900,338572559625816,338572560677483,338572577321025,338572584131400,11351167,308667,338572584131400,338572577993191,-1,338572577321025,
0,117331667,338572568554000,338572568554000,0,338572568831483,338572568833316,338572581825150,338572581976441,338572620837333,338572568825525,16800000,338572585255233,338572585486316,338572586610650,338572593921316,338572600668275,2120792,294208,338572600668275,338572594534483,-1,338572593921316,
0,117331675,338572585354000,338572585354000,0,338572586868400,338572586869233,338572591809941,338572591999233,338572637637333,338572586863316,16800000,338572593405441,338572594670525,338572595702316,338572610835316,338572619668108,9736708,291584,338572619668108,338572611421316,-1,338572610835316,
0,117331683,338572602154000,338572602154000,0,338572602423691,338572602425525,338572602944983,338572603095983,338572654437333,338572602417775,16800000,338572603392525,338572611557358,338572612512358,338572625731775,338572633920941,9762958,276292,338572633920941,338572626325400,-1,338572625731775,
0,117331691,338572618954000,338572618954000,0,338572619214983,338572619216358,338572619951941,338572620134733,338572671237333,338572619209191,16800000,338572620340275,338572626458941,338572627350566,338572642349858,338572649892983,11698208,277792,338572649892983,338572642920983,-1,338572642349858,
0,117331699,338572635754000,338572635754000,0,338572636052150,338572636053483,338572636600400,338572636747775,338572688037333,338572636046066,16800000,338572636950150,338572643051025,338572643957400,338572659024733,338572666137316,11886584,280458,338572666137316,338572659596941,-1,338572659024733,
0,117331707,338572652554000,338572652554000,0,338572652863441,338572652864775,338572653343691,338572653488316,338572704837333,338572652857733,16800000,338572653691108,338572659733108,338572660685941,338572676090441,338572682953233,12000625,348416,338572682953233,338572676737316,-1,338572676090441,
0,117331715,338572669354000,338572669354000,0,338572669617566,338572669618900,338572670165025,338572670312775,338572721637333,338572669611650,16800000,338572670515400,338572676870691,338572677825608,338572692553066,338572699184566,11674208,274417,338572699184566,338572693186358,-1,338572692553066,
0,117331723,338572686154000,338572686154000,0,338572686418733,338572686420108,338572686904650,338572687050608,338572738437333,338572686412816,16800000,338572687280775,338572693320400,338572694295858,338572709347775,338572715936441,11987375,275292,338572715936441,338572709907900,-1,338572709347775,
0,117331731,338572702954000,338572702954000,0,338572703214691,338572703216108,338572703735733,338572703880733,338572755237333,338572703208691,16800000,338572704346191,338572710118608,338572711036233,338572725872108,338572732411067,11970917,292042,338572732411067,338572726670108,-1,338572725872108,
0,117331739,338572719754000,338572719754000,0,338572720054733,338572720056233,338572720512900,338572720685566,338572772037333,338572720037400,16800000,338572720884900,338572726803941,338572727685400,338572742571150,338572749085317,12137209,504125,338572749085317,338572743371608,-1,338572742571150,
0,117331747,338572736554000,338572736554000,0,338572736827692,338572736829067,338572737268817,338572737416275,338572788837333,338572736821942,16800000,338572737608900,338572743504275,338572744406025,338572759586900,338572766089192,12358791,528375,338572766089192,338572760406775,-1,338572759586900,
0,117331755,338572753354000,338572753354000,0,338572753615692,338572753617025,338572754126733,338572754317983,338572805637333,338572753609858,16800000,338572754529150,338572760595650,338572761451192,338572776355775,338572782859858,12003875,523500,338572782859858,338572777184858,-1,338572776355775,
0,117331763,338572770154000,338572770154000,0,338572770442817,338572770444150,338572770882983,338572771028817,338572822437333,338572770437275,16800000,338572771215400,338572777316108,338572778173900,338572793083983,338572799579983,12065792,491250,338572799579983,338572793886108,-1,338572793083983,
0,117331771,338572786954000,338572786954000,0,338572787217317,338572787218650,338572787656025,338572787825358,338572839237333,338572787211275,16800000,338572788060275,338572794013608,338572794956483,338572810008567,338572816488275,12162333,514125,338572816488275,338572810862775,-1,338572810008567,
0,117331779,338572803754000,338572803754000,0,338572804049733,338572804051108,338572804531983,338572804677983,338572856037333,338572804044108,16800000,338572804850233,338572810992442,338572811922358,338572826938442,338572833415900,11938208,550875,338572833415900,338572827789775,-1,338572826938442,
0,117331787,338572820554000,338572820554000,0,338572820815608,338572820817025,338572821273608,338572821419317,338572872837333,338572820809983,16800000,338572821565775,338572827918942,338572828883150,338572843489567,338572849973817,11797416,566208,338572849973817,338572844354983,-1,338572843489567,
0,117331795,338572837354000,338572837354000,0,338572837618900,338572837620233,338572838103358,338572838249983,338572889637333,338572837613067,16800000,338572838421858,338572844481692,338572845372067,338572862143775,338572868776692,12695042,706041,338572868776692,338572863321025,-1,338572862143775,
0,117331803,338572854154000,338572854154000,0,338572854528067,338572854529983,338572855657108,338572855857567,338572906437333,338572854520067,16800000,338572856112775,338572863613150,338572864892983,338572879906567,338572886479483,10233375,820708,338572886479483,338572881191858,-1,338572879906567,
0,117331811,338572870954000,338572870954000,0,338572871274817,338572871276442,338572879463483,338572879661108,338572923237333,338572871267525,16800000,338572879784733,338572881359525,338572883257942,338572896118483,338572902702150,8678042,711834,338572902702150,338572897244358,-1,338572896118483,
0,117331819,338572887754000,338572887754000,0,338572888202900,338572888205192,338572888803692,338572889128358,338572940037333,338572888192025,16800000,338572889181317,338572897407025,338572898260858,338572913249483,338572919784942,10525042,861375,338572919784942,338572914574192,-1,338572913249483,
0,117331827,338572904554000,338572904554000,0,338572905035900,338572905038358,338572905590317,338572905803567,338572956837333,338572905002567,16800000,338572905854567,338572914747900,338572915678150,338572929272358,338572935769942,9894959,716958,338572935769942,338572930382942,-1,338572929272358,
0,117331835,338572921354000,338572921354000,0,338572921758067,338572921760317,338572922255400,338572922453192,338572973637333,338572921749317,16800000,338572922503067,338572930544358,338572931393067,338572947131067,338572953648567,10925958,828958,338572953648567,338572948359150,-1,338572947131067,
0,117331843,338572938154000,338572938154000,0,338572938585567,338572938587983,338572939110108,338572939397567,338572990437333,338572938575983,16800000,338572939449108,338572948519233,338572949467067,338572964372067,338572970943442,9778333,845917,338572970943442,338572965660525,-1,338572964372067,
0,117331851,338572954954000,338572954954000,0,338572955364442,338572955366775,338572955916442,338572956212775,338573007237333,338572955354942,16800000,338572956285233,338572965819692,338572966687608,338572980806108,338572987424483,9009583,825875,338572987424483,338572982312442,-1,338572980806108,
0,117331859,338572971754000,338572971754000,0,338572972207650,338572972209650,338572972672442,338572972924233,338573024037333,338572972198942,16800000,338572972971275,338572982501858,338572983623442,338572996402233,338573002922067,8821084,624208,338573002922067,338572997431442,-1,338572996402233,
0,117331867,338572988554000,338572988554000,0,338572988997775,338572988999900,338572989540358,338572989815358,338573040837333,338572988989108,16800000,338572989864775,338572997566775,338572998272108,338573012219275,338573018797983,10856375,307042,338573018797983,338573012847442,-1,338573012219275,
0,117331875,338573005354000,338573005354000,0,338573005760817,338573005762358,338573006179775,338573006350317,338573057637333,338573005754400,16800000,338573006393275,338573012982483,338573015119608,338573028797900,338573035278317,10631083,428083,338573035278317,338573029578567,-1,338573028797900,
0,117331883,338573022154000,338573022154000,0,338573022474692,338573022476525,338573022874650,338573023025525,338573074437333,338573022468442,16800000,338573023065817,338573029717525,338573030540900,338573045308025,338573051770608,11822000,449250,338573051770608,338573046157650,-1,338573045308025,
0,117331891,338573038954000,338573038954000,0,338573039239067,338573039240483,338573039659567,338573039829400,338573091237333,338573039232442,16800000,338573039871650,338573046310108,338573047098150,338573063023108,338573069510483,12466667,390042,338573069510483,338573063791400,-1,338573063023108,
0,117331986,338573257354000,338573257354000,0,338573257768650,338573257771317,338573274184900,338573274437858,338573276037333,338573257758775,16800000,338573280306483,338573280478525,338573281580525,338573284963483,338573298077067,31291,486375,338573298077067,338573285915150,-1,338573284963483,
0,117331993,338573274154000,338573274154000,0,338573282116650,338573282119108,338573283827525,338573284164525,338573326437333,338573282104150,16800000,338573284690400,338573286348358,338573287261942,338573298498817,338573313646233,22958,493541,338573313646233,338573299457192,-1,338573298498817,
0,117332000,338573290954000,338573290954000,0,338573291433358,338573291435192,338573292957358,338573293221942,338573343237333,338573291423233,16800000,338573293272817,338573299640025,338573300751692,338573321111483,338573333585150,10877667,507333,338573333585150,338573322045400,-1,338573321111483,
0,117332008,338573307754000,338573307754000,0,338573308184275,338573308186483,338573309474692,338573309720192,338573360037333,338573308150275,16800000,338573309761608,338573322215942,338573323528400,338573337514025,338573342951817,5071833,476000,338573342951817,338573338520108,-1,338573337514025,
0,117332016,338573324554000,338573324554000,0,338573325321108,338573325323025,338573327224650,338573327496358,338573376837333,338573325310400,16800000,338573327898400,338573338705233,338573340253192,338573351457483,338573356717067,5368750,513875,338573356717067,338573352400650,-1,338573351457483,
0,117332024,338573341354000,338573341354000,0,338573341842775,338573341845442,338573343666192,338573343913608,338573393637333,338573341791317,16800000,338573344630483,338573352559317,338573358285525,338573368979400,338573375751400,3963584,373792,338573375751400,338573369814942,-1,338573368979400,
0,117332032,338573358154000,338573358154000,0,338573358844358,338573358846275,338573360530400,338573360927817,338573410437333,338573358833442,16800000,338573361416067,338573370022650,338573370934233,338573384494400,338573391263483,8279625,442458,338573391263483,338573385418150,-1,338573384494400,
0,117332040,338573374954000,338573374954000,0,338573375302483,338573375304525,338573376709733,338573377126567,338573427237333,338573375294317,16800000,338573377684525,338573385610858,338573386806067,338573399907817,338573406644733,8872375,380667,338573406644733,338573400733067,-1,338573399907817,
0,117332048,338573391754000,338573391754000,0,338573392129233,338573392131192,338573393483358,338573393890567,338573444037333,338573392120775,16800000,338573394414733,338573400900192,338573401805942,338573419510483,338573426348608,11038500,515208,338573426348608,338573420478525,-1,338573419510483,
0,117332056,338573408554000,338573408554000,0,338573408944233,338573408946442,338573410354067,338573410575192,338573460837333,338573408934858,16800000,338573410989817,338573420672317,338573421714275,338573433613400,338573440443859,7584542,443041,338573440443859,338573434511817,-1,338573433613400,
0,117332064,338573425354000,338573425354000,0,338573425734608,338573425736775,338573427162692,338573427400067,338573477637333,338573425705775,16800000,338573427790817,338573434768817,338573435960609,338573450102775,338573456806817,10050375,428417,338573456806817,338573450922150,-1,338573450102775,
0,117332072,338573442154000,338573442154000,0,338573442764609,338573442766567,338573444052317,338573444262317,338573494437333,338573442757109,16800000,338573444779442,338573451092984,338573451994817,338573467390067,338573474092525,11292125,472084,338573474092525,338573468249942,-1,338573467390067,
0,117332080,338573458954000,338573458954000,0,338573459409067,338573459411400,338573461062775,338573461299775,338573511237333,338573459399067,16800000,338573461811734,338573468420775,338573469390900,338573484671859,338573491355942,10685041,387583,338573491355942,338573485464650,-1,338573484671859,
0,117332088,338573475754000,338573475754000,0,338573476207567,338573476209942,338573477745734,338573478146067,338573528037333,338573476198025,16800000,338573478700484,338573485726067,338573486638942,338573501914067,338573508626317,10295458,453917,338573508626317,338573502824859,-1,338573501914067,
0,117332096,338573492554000,338573492554000,0,338573492922400,338573492924525,338573494330692,338573494605359,338573544837333,338573492914234,16800000,338573495143734,338573503023067,338573504050025,338573518140442,338573524866775,9171959,815208,338573524866775,338573519414317,-1,338573518140442,
0,117332104,338573509354000,338573509354000,0,338573509704692,338573509706567,338573511048609,338573511247692,338573561637333,338573509696775,16800000,338573511631484,338573519605525,338573520698817,338573533918109,338573540611900,9350417,951209,338573540611900,338573535268150,-1,338573533918109,
0,117332112,338573526154000,338573526154000,0,338573526552900,338573526555109,338573527985192,338573528225942,338573578437333,338573526544192,16800000,338573528616359,338573535447275,338573536433650,338573551510150,338573558100359,10549000,517958,338573558100359,338573552429984,-1,338573551510150,
0,117332120,338573542954000,338573542954000,0,338573543368900,338573543371150,338573545192859,338573545420400,338573595237333,338573543359942,16800000,338573545879484,338573552599359,338573553611109,338573568716609,338573575314150,10418958,386167,338573575314150,338573569593150,-1,338573568716609,
0,117332128,338573559754000,338573559754000,0,338573560207650,338573560210400,338573560600192,338573560832275,338573612037333,338573560197942,16800000,338573561286192,338573569764609,338573570742400,338573585878817,338573592485609,10028125,382250,338573592485609,338573586663109,-1,338573585878817,
0,117332136,338573576554000,338573576554000,0,338573576984859,338573576987192,338573577385400,338573577648192,338573628837333,338573576974984,16800000,338573578043650,338573586925900,338573587836067,338573602195317,338573608825025,9859708,458500,338573608825025,338573603110025,-1,338573602195317,
0,117332144,338573593354000,338573593354000,0,338573593708150,338573593709942,338573594028025,338573594231775,338573645637333,338573593700067,16800000,338573594499109,338573603303900,338573604393025,338573617988317,338573624421400,9565833,438500,338573624421400,338573618875234,-1,338573617988317,
---PROFILEDATA---


View hierarchy:

  com.auroratv.lab/com.auroratv.MainActivity/android.view.ViewRootImpl@854baec
  357 views, 634.99 kB of render nodes


Total ViewRootImpl   : 1
Total attached Views : 357
Total RenderNode     : 634.99 kB (used) / 2550.89 kB (capacity)

