16683333
0	0	0
0	0	0
0	0	0
0	0	0
0	0	0
0	0	0
0	0	0
0	0	0
0	0	0
0	0	0
0	0	0
0	0	0
0	0	0
0	0	0
0	0	0
0	0	0
0	0	0
0	0	0
0	0	0
0	0	0
0	0	0
0	0	0
0	0	0
0	0	0
0	0	0
0	0	0
0	0	0
0	0	0
0	0	0
0	0	0
0	0	0
0	0	0
0	0	0
0	0	0
0	0	0
0	0	0
0	0	0
0	0	0
0	0	0
0	0	0
0	0	0
0	0	0
0	0	0
0	0	0
0	0	0
0	0	0
0	0	0
0	0	0
0	0	0
0	0	0
0	0	0
0	0	0
0	0	0
0	0	0
0	0	0
0	0	0
0	0	0
0	0	0
0	0	0
0	0	0
0	0	0
0	0	0
0	0	0
0	0	0
0	0	0
0	0	0
0	0	0
0	0	0
0	0	0
0	0	0
0	0	0
0	0	0
0	0	0
0	0	0
0	0	0
0	0	0
0	0	0
0	0	0
0	0	0
0	0	0
0	0	0
0	0	0
0	0	0
0	0	0
0	0	0
0	0	0
0	0	0
0	0	0
0	0	0
0	0	0
0	0	0
0	0	0
0	0	0
0	0	0
0	0	0
0	0	0
0	0	0
0	0	0
0	0	0
0	0	0
0	0	0
0	0	0
0	0	0
0	0	0
0	0	0
0	0	0
0	0	0
0	0	0
0	0	0
0	0	0
0	0	0
0	0	0
0	0	0
0	0	0
0	0	0
0	0	0
0	0	0
0	0	0
0	0	0
0	0	0
0	0	0
0	0	0
0	0	0
0	0	0
0	0	0
0	0	0
0	0	0

===
16683333
0	0	0
0	0	0
0	0	0
0	0	0
0	0	0
0	0	0
0	0	0
0	0	0
0	0	0
0	0	0
0	0	0
0	0	0
0	0	0
0	0	0
0	0	0
0	0	0
0	0	0
0	0	0
0	0	0
0	0	0
0	0	0
0	0	0
0	0	0
0	0	0
0	0	0
0	0	0
0	0	0
0	0	0
0	0	0
0	0	0
0	0	0
0	0	0
0	0	0
0	0	0
0	0	0
0	0	0
0	0	0
0	0	0
0	0	0
0	0	0
0	0	0
0	0	0
0	0	0
0	0	0
0	0	0
0	0	0
0	0	0
0	0	0
0	0	0
0	0	0
0	0	0
0	0	0
0	0	0
0	0	0
0	0	0
0	0	0
0	0	0
0	0	0
0	0	0
0	0	0
0	0	0
0	0	0
0	0	0
0	0	0
0	0	0
0	0	0
0	0	0
0	0	0
0	0	0
0	0	0
0	0	0
0	0	0
0	0	0
0	0	0
0	0	0
0	0	0
0	0	0
0	0	0
0	0	0
0	0	0
0	0	0
0	0	0
0	0	0
0	0	0
0	0	0
0	0	0
0	0	0
0	0	0
0	0	0
0	0	0
0	0	0
0	0	0
0	0	0
0	0	0
0	0	0
0	0	0
0	0	0
0	0	0
0	0	0
0	0	0
337494422063802	337494423387501	337494434718552
337494448654594	337494456754167	337494463949136
337494466729302	337494473437500	337494481800302
337494484647802	337494490120833	337494499748677
337494506487802	337494523487499	337494525988719
337494514713261	337494540170832	337494545774011
337494545478136	337494556854165	337494554926886
337494558341719	337494573537498	337494564863844
337494575218802	337494590220831	337494581698594
337494591713302	337494606904164	337494598181302
337494609077261	337494623587497	337494615563761
337494626231677	337494640270830	337494632700469
337494643065594	337494656954163	337494649522969
337494661040719	337494673637496	337494667470177
337494677820052	337494690320829	337494684136886
337494694677636	337494707004162	337494701072302
337494711965427	337494723687495	337494718262552
337494727738177	337494740370828	337494734220177
337494746211844	337494757054161	337494752225094
337495298440594	337495324287483	337495316984428
337495317711011	337495357654149	337495343509178
337495338142178	337495374337482	337495369697761
337495368746094	337495407704148	337495395945303
337495385321761	337495424387481	337495422593886
337495416816844	337495441070814	337495435340386
337495434160428	337495457754147	337495444091303
337495450377761	337495474437480	337495459103469

===
16683333
0	0	0
0	0	0
0	0	0
0	0	0
0	0	0
0	0	0
0	0	0
0	0	0
0	0	0
0	0	0
0	0	0
0	0	0
0	0	0
0	0	0
0	0	0
0	0	0
0	0	0
0	0	0
0	0	0
0	0	0
0	0	0
0	0	0
0	0	0
0	0	0
0	0	0
0	0	0
0	0	0
0	0	0
0	0	0
0	0	0
0	0	0
0	0	0
0	0	0
0	0	0
0	0	0
337494422063802	337494423387501	337494434718552
337494448654594	337494456754167	337494463949136
337494466729302	337494473437500	337494481800302
337494484647802	337494490120833	337494499748677
337494506487802	337494523487499	337494525988719
337494514713261	337494540170832	337494545774011
337494545478136	337494556854165	337494554926886
337494558341719	337494573537498	337494564863844
337494575218802	337494590220831	337494581698594
337494591713302	337494606904164	337494598181302
337494609077261	337494623587497	337494615563761
337494626231677	337494640270830	337494632700469
337494643065594	337494656954163	337494649522969
337494661040719	337494673637496	337494667470177
337494677820052	337494690320829	337494684136886
337494694677636	337494707004162	337494701072302
337494711965427	337494723687495	337494718262552
337494727738177	337494740370828	337494734220177
337494746211844	337494757054161	337494752225094
337495298440594	337495324287483	337495316984428
337495317711011	337495357654149	337495343509178
337495338142178	337495374337482	337495369697761
337495368746094	337495407704148	337495395945303
337495385321761	337495424387481	337495422593886
337495416816844	337495441070814	337495435340386
337495434160428	337495457754147	337495444091303
337495450377761	337495474437480	337495459103469
337495466467386	337495491120813	337495475184219
337495483096303	337495507804146	337495491802886
337495500732553	337495524487479	337495509333553
337495518599595	337495541170812	337495527017261
337495538392345	337495557854145	337495544573803
337495552350220	337495574537478	337495558140428
337495569174261	337495591220811	337495575218928
337495586827553	337495607904144	337495592961011
337495602660220	337495624587477	337495608668386
337495620219220	337495641270810	337495626391261
337495637561345	337495657954143	337495643820803
337495654203261	337495674637476	337495660391261
337495669416470	337495691320809	337495675600761
337495687372595	337495708004142	337495693641595
337495704220303	337495724687475	337495710365886
337495719648553	337495741370808	337495725853636
337495738594095	337495758054141	337495744798386
337495754746386	337495774737474	337495760913845
337495771219470	337495791420807	337495777289511
337495787567886	337495808104140	337495793739595
337495804400886	337495824787473	337495810628928
337495822480136	337495841470806	337495828696428
337495839149720	337495858154139	337495845348970
337495854842970	337495874837472	337495861113553
337495870916261	337495891520805	337495877127928
337495887923636	337495908204138	337495894200761
337495905330720	337495924887471	337495911533970
337495923037095	337495941570804	337495929126636
337495939638928	337495958254137	337495945804886
337495955338511	337495974937470	337495961569178
337495971071386	337495991620803	337495977231011
337495986925720	337496008304136	337495993194428
337496003965803	337496024987469	337496010120303
337496023882595	337496041670802	337496030130636
337496037551095	337496058354135	337496043766136
337496061935803	337496075037468	337496068425095
337496073053470	337496091720801	337496081590303
337496088411261	337496108404134	337496096301636
337496105082136	337496125087467	337496112310928
337496121773886	337496141770800	337496128606595
337496138654636	337496158454133	337496145221345
337496154831011	337496175137466	337496161083511
337496171475178	337496191820799	337496177794386
337496187902928	337496208504132	337496194177761
337496204625303	337496225187465	337496210835428
337496221442303	337496241870798	337496227643553
337496238262803	337496258554131	337496244462928
337496254989012	337496275237464	337496261193220
337496271775137	337496291920797	337496277968178
337496288683303	337496308604130	337496294805762
337496305441553	337496325287463	337496311594720
337496324970470	337496341970796	337496331113512
337496341459762	337496358654129	337496347600428
337496358725470	337496375337462	337496364845220
337496374245303	337496392020795	337496380452762
337496391212928	337496408704128	337496397402220
337496408635387	337496425387461	337496414806178
337496425875137	337496442070794	337496431954928
337496442378303	337496458754127	337496448519595
337496458539512	337496475437460	337496464618220
337496474943970	337496492120793	337496481071470
337496492558887	337496508804126	337496498681970
337496509504053	337496525487459	337496515680137
337496526678512	337496542170792	337496532761553
337496542821470	337496558854125	337496548899803

===
16683333
337495298440594	337495324287483	337495316984428
337495317711011	337495357654149	337495343509178
337495338142178	337495374337482	337495369697761
337495368746094	337495407704148	337495395945303
337495385321761	337495424387481	337495422593886
337495416816844	337495441070814	337495435340386
337495434160428	337495457754147	337495444091303
337495450377761	337495474437480	337495459103469
337495466467386	337495491120813	337495475184219
337495483096303	337495507804146	337495491802886
337495500732553	337495524487479	337495509333553
337495518599595	337495541170812	337495527017261
337495538392345	337495557854145	337495544573803
337495552350220	337495574537478	337495558140428
337495569174261	337495591220811	337495575218928
337495586827553	337495607904144	337495592961011
337495602660220	337495624587477	337495608668386
337495620219220	337495641270810	337495626391261
337495637561345	337495657954143	337495643820803
337495654203261	337495674637476	337495660391261
337495669416470	337495691320809	337495675600761
337495687372595	337495708004142	337495693641595
337495704220303	337495724687475	337495710365886
337495719648553	337495741370808	337495725853636
337495738594095	337495758054141	337495744798386
337495754746386	337495774737474	337495760913845
337495771219470	337495791420807	337495777289511
337495787567886	337495808104140	337495793739595
337495804400886	337495824787473	337495810628928
337495822480136	337495841470806	337495828696428
337495839149720	337495858154139	337495845348970
337495854842970	337495874837472	337495861113553
337495870916261	337495891520805	337495877127928
337495887923636	337495908204138	337495894200761
337495905330720	337495924887471	337495911533970
337495923037095	337495941570804	337495929126636
337495939638928	337495958254137	337495945804886
337495955338511	337495974937470	337495961569178
337495971071386	337495991620803	337495977231011
337495986925720	337496008304136	337495993194428
337496003965803	337496024987469	337496010120303
337496023882595	337496041670802	337496030130636
337496037551095	337496058354135	337496043766136
337496061935803	337496075037468	337496068425095
337496073053470	337496091720801	337496081590303
337496088411261	337496108404134	337496096301636
337496105082136	337496125087467	337496112310928
337496121773886	337496141770800	337496128606595
337496138654636	337496158454133	337496145221345
337496154831011	337496175137466	337496161083511
337496171475178	337496191820799	337496177794386
337496187902928	337496208504132	337496194177761
337496204625303	337496225187465	337496210835428
337496221442303	337496241870798	337496227643553
337496238262803	337496258554131	337496244462928
337496254989012	337496275237464	337496261193220
337496271775137	337496291920797	337496277968178
337496288683303	337496308604130	337496294805762
337496305441553	337496325287463	337496311594720
337496324970470	337496341970796	337496331113512
337496341459762	337496358654129	337496347600428
337496358725470	337496375337462	337496364845220
337496374245303	337496392020795	337496380452762
337496391212928	337496408704128	337496397402220
337496408635387	337496425387461	337496414806178
337496425875137	337496442070794	337496431954928
337496442378303	337496458754127	337496448519595
337496458539512	337496475437460	337496464618220
337496474943970	337496492120793	337496481071470
337496492558887	337496508804126	337496498681970
337496509504053	337496525487459	337496515680137
337496526678512	337496542170792	337496532761553
337496542821470	337496558854125	337496548899803
337497021205470	337497025987449	337497039707137
337497028467345	337497059354115	337497064089179
337497048529554	337497076037448	337497088869929
337497080775179	337497109404114	337497115135220
337497097178762	337497142770780	337497141156887
337497130593970	337497159454113	337497165514429
337497163221679	337497176137446	337497174137554
337497179880679	337497192820779	337497188530637
337497197189512	337497209504112	337497205883137
337497213462637	337497226187445	337497222185137
337497230180804	337497259554111	337497238799887
337497246846387	337497276237444	337497255474429
337497266174304	337497292920777	337497272395637
337497282809845	337497309604110	337497289044304
337497299965720	337497326287443	337497306185554
337497316706887	337497342970776	337497322928887
337497333588137	337497359654109	337497339682054
337497349741345	337497376337442	337497355981804
337497366575845	337497393020775	337497372817720
337497384497470	337497409704108	337497390750304
337497401474345	337497426387441	337497407720637
337497418638137	337497443070774	337497424875429
337497434303470	337497459754107	337497440501054
337497450371429	337497476437440	337497456603804
337497468626137	337497493120773	337497474890595
337497484157095	337497509804106	337497490276512
337497502164429	337497526487439	337497508305762
337497518547679	337497543170772	337497524706012
337497534331137	337497559854105	337497540617304
337497551804054	337497576537438	337497558023512
337497568994512	337497593220771	337497575076095
337497586225804	337497609904104	337497592472846
337497601714721	337497626587437	337497607942137
337497619517804	337497643270770	337497625699554
337497636849512	337497659954103	337497642994096
337497653934887	337497676637436	337497660125471
337497669663137	337497693320769	337497675838637
337497686351804	337497710004102	337497692551054
337497702676512	337497726687435	337497708901137
337497721372971	337497743370768	337497727587846
337497735011721	337497760054101	337497741242471
337497751456012	337497776737434	337497757757721
337497768671471	337497793420767	337497774971429
337497796127304	337497810104100	337497802410387
337497802890929	337497826787433	337497809212887
337497824465304	337497843470766	337497830973887
337497835798054	337497860154099	337497844382096
337497851899137	337497876837432	337497859752137
337497868345679	337497893520765	337497875573679
337497885298929	337497910204098	337497892105012
337497901751887	337497926887431	337497908333387
337497919166346	337497943570764	337497925514971
337497935267762	337497960254097	337497941497887
337497952104596	337497976937430	337497958365512

===
16683333
337496187902928	337496208504132	337496194177761
337496204625303	337496225187465	337496210835428
337496221442303	337496241870798	337496227643553
337496238262803	337496258554131	337496244462928
337496254989012	337496275237464	337496261193220
337496271775137	337496291920797	337496277968178
337496288683303	337496308604130	337496294805762
337496305441553	337496325287463	337496311594720
337496324970470	337496341970796	337496331113512
337496341459762	337496358654129	337496347600428
337496358725470	337496375337462	337496364845220
337496374245303	337496392020795	337496380452762
337496391212928	337496408704128	337496397402220
337496408635387	337496425387461	337496414806178
337496425875137	337496442070794	337496431954928
337496442378303	337496458754127	337496448519595
337496458539512	337496475437460	337496464618220
337496474943970	337496492120793	337496481071470
337496492558887	337496508804126	337496498681970
337496509504053	337496525487459	337496515680137
337496526678512	337496542170792	337496532761553
337496542821470	337496558854125	337496548899803
337497021205470	337497025987449	337497039707137
337497028467345	337497059354115	337497064089179
337497048529554	337497076037448	337497088869929
337497080775179	337497109404114	337497115135220
337497097178762	337497142770780	337497141156887
337497130593970	337497159454113	337497165514429
337497163221679	337497176137446	337497174137554
337497179880679	337497192820779	337497188530637
337497197189512	337497209504112	337497205883137
337497213462637	337497226187445	337497222185137
337497230180804	337497259554111	337497238799887
337497246846387	337497276237444	337497255474429
337497266174304	337497292920777	337497272395637
337497282809845	337497309604110	337497289044304
337497299965720	337497326287443	337497306185554
337497316706887	337497342970776	337497322928887
337497333588137	337497359654109	337497339682054
337497349741345	337497376337442	337497355981804
337497366575845	337497393020775	337497372817720
337497384497470	337497409704108	337497390750304
337497401474345	337497426387441	337497407720637
337497418638137	337497443070774	337497424875429
337497434303470	337497459754107	337497440501054
337497450371429	337497476437440	337497456603804
337497468626137	337497493120773	337497474890595
337497484157095	337497509804106	337497490276512
337497502164429	337497526487439	337497508305762
337497518547679	337497543170772	337497524706012
337497534331137	337497559854105	337497540617304
337497551804054	337497576537438	337497558023512
337497568994512	337497593220771	337497575076095
337497586225804	337497609904104	337497592472846
337497601714721	337497626587437	337497607942137
337497619517804	337497643270770	337497625699554
337497636849512	337497659954103	337497642994096
337497653934887	337497676637436	337497660125471
337497669663137	337497693320769	337497675838637
337497686351804	337497710004102	337497692551054
337497702676512	337497726687435	337497708901137
337497721372971	337497743370768	337497727587846
337497735011721	337497760054101	337497741242471
337497751456012	337497776737434	337497757757721
337497768671471	337497793420767	337497774971429
337497796127304	337497810104100	337497802410387
337497802890929	337497826787433	337497809212887
337497824465304	337497843470766	337497830973887
337497835798054	337497860154099	337497844382096
337497851899137	337497876837432	337497859752137
337497868345679	337497893520765	337497875573679
337497885298929	337497910204098	337497892105012
337497901751887	337497926887431	337497908333387
337497919166346	337497943570764	337497925514971
337497935267762	337497960254097	337497941497887
337497952104596	337497976937430	337497958365512
337497969011971	337497993620763	337497975240679
337497985562262	337498010304096	337497991781096
337498002987387	337498026987429	337498009155221
337498019280262	337498043670762	337498025465929
337498035959721	337498060354095	337498042137512
337498052752179	337498077037428	337498058884429
337498070281804	337498093720761	337498076377929
337498089004137	337498110404094	337498095197262
337498105740387	337498127087427	337498111744387
337498121756762	337498143770760	337498127862054
337498139004137	337498160454093	337498145099721
337498157098887	337498177137426	337498163171596
337498173308554	337498193820759	337498179361721
337498188727262	337498210504092	337498194854096
337498205959387	337498227187425	337498212045096
337498223436929	337498243870758	337498229336804
337498240852471	337498260554091	337498246935054
337498257755846	337498277237424	337498263856429
337498273000929	337498293920757	337498279060887
337498289801137	337498310604090	337498295887013
337498306987554	337498327287423	337498313073221
337498658939263	337498677637416	337498677481888
337498666306013	337498694320749	337498702972429
337498693510596	337498727687415	337498729272888
337498710261846	337498761054081	337498755120471
337498743047263	337498777737414	337498781383429
337498776117346	337498811104080	337498805513346
337498793223346	337498827787413	337498814175388
337498826422596	337498844470746	337498835122388
337498843108138	337498861154079	337498851803846
337498859789679	337498877837412	337498868497221
337498876691596	337498894520745	337498885304179
337498893875554	337498911204078	337498902450929
337498913157096	337498927887411	337498919369388
337498929655304	337498944570744	337498935866888
337498946095429	337498961254077	337498952327263
337498962677471	337498977937410	337498968930346
337498979836263	337498994620743	337498986073888
337498997801555	337499011304076	337499004304221
337499015557971	337499027987409	337499021372138
337499031631971	337499044670742	337499037626221
337499047425346	337499061354075	337499053561680
337499063565888	337499078037408	337499069522888
337499081217805	337499094720741	337499087428430
337499097862846	337499111404074	337499104084680
337499115200138	337499128087407	337499121350388
337499132309180	337499144770740	337499138444888
337499147468846	337499161454073	337499153670763
337499164590221	337499178137406	337499170786180
337499182172263	337499194820739	337499188368180
337499199227180	337499211504072	337499205402513

===
16683333
337497518547679	337497543170772	337497524706012
337497534331137	337497559854105	337497540617304
337497551804054	337497576537438	337497558023512
337497568994512	337497593220771	337497575076095
337497586225804	337497609904104	337497592472846
337497601714721	337497626587437	337497607942137
337497619517804	337497643270770	337497625699554
337497636849512	337497659954103	337497642994096
337497653934887	337497676637436	337497660125471
337497669663137	337497693320769	337497675838637
337497686351804	337497710004102	337497692551054
337497702676512	337497726687435	337497708901137
337497721372971	337497743370768	337497727587846
337497735011721	337497760054101	337497741242471
337497751456012	337497776737434	337497757757721
337497768671471	337497793420767	337497774971429
337497796127304	337497810104100	337497802410387
337497802890929	337497826787433	337497809212887
337497824465304	337497843470766	337497830973887
337497835798054	337497860154099	337497844382096
337497851899137	337497876837432	337497859752137
337497868345679	337497893520765	337497875573679
337497885298929	337497910204098	337497892105012
337497901751887	337497926887431	337497908333387
337497919166346	337497943570764	337497925514971
337497935267762	337497960254097	337497941497887
337497952104596	337497976937430	337497958365512
337497969011971	337497993620763	337497975240679
337497985562262	337498010304096	337497991781096
337498002987387	337498026987429	337498009155221
337498019280262	337498043670762	337498025465929
337498035959721	337498060354095	337498042137512
337498052752179	337498077037428	337498058884429
337498070281804	337498093720761	337498076377929
337498089004137	337498110404094	337498095197262
337498105740387	337498127087427	337498111744387
337498121756762	337498143770760	337498127862054
337498139004137	337498160454093	337498145099721
337498157098887	337498177137426	337498163171596
337498173308554	337498193820759	337498179361721
337498188727262	337498210504092	337498194854096
337498205959387	337498227187425	337498212045096
337498223436929	337498243870758	337498229336804
337498240852471	337498260554091	337498246935054
337498257755846	337498277237424	337498263856429
337498273000929	337498293920757	337498279060887
337498289801137	337498310604090	337498295887013
337498306987554	337498327287423	337498313073221
337498658939263	337498677637416	337498677481888
337498666306013	337498694320749	337498702972429
337498693510596	337498727687415	337498729272888
337498710261846	337498761054081	337498755120471
337498743047263	337498777737414	337498781383429
337498776117346	337498811104080	337498805513346
337498793223346	337498827787413	337498814175388
337498826422596	337498844470746	337498835122388
337498843108138	337498861154079	337498851803846
337498859789679	337498877837412	337498868497221
337498876691596	337498894520745	337498885304179
337498893875554	337498911204078	337498902450929
337498913157096	337498927887411	337498919369388
337498929655304	337498944570744	337498935866888
337498946095429	337498961254077	337498952327263
337498962677471	337498977937410	337498968930346
337498979836263	337498994620743	337498986073888
337498997801555	337499011304076	337499004304221
337499015557971	337499027987409	337499021372138
337499031631971	337499044670742	337499037626221
337499047425346	337499061354075	337499053561680
337499063565888	337499078037408	337499069522888
337499081217805	337499094720741	337499087428430
337499097862846	337499111404074	337499104084680
337499115200138	337499128087407	337499121350388
337499132309180	337499144770740	337499138444888
337499147468846	337499161454073	337499153670763
337499164590221	337499178137406	337499170786180
337499182172263	337499194820739	337499188368180
337499199227180	337499211504072	337499205402513
337499215025680	337499228187405	337499221254763
337499230204555	337499244870738	337499236507388
337499246774638	337499261554071	337499252965055
337499262798596	337499278237404	337499268991763
337499279718680	337499294920737	337499285935305
337499297547638	337499311604070	337499303737513
337499314202430	337499328287403	337499320499596
337499330427055	337499344970736	337499336579263
337499346904930	337499361654069	337499353129388
337499364089971	337499378337402	337499370467721
337499381084805	337499395020735	337499387396763
337499399227013	337499411704068	337499405656680
337499414832930	337499428387401	337499423348263
337499431687596	337499445070734	337499439532305
337499447678305	337499461754067	337499454918388
337499464526346	337499478437400	337499471269888
337499481277471	337499495120733	337499487839596
337499497640721	337499511804066	337499503994388
337499514455138	337499528487399	337499520761721
337499531035680	337499545170732	337499537321763
337499547868096	337499561854065	337499554089096
337499564756596	337499578537398	337499570922430
337499581597888	337499595220731	337499587803138
337499598344471	337499611904064	337499604558971
337499615156013	337499628587397	337499621312638
337499631911096	337499661954063	337499638107596
337499648712013	337499678637396	337499654904846
337499666523930	337499695320729	337499672756513
337499685578263	337499712004062	337499691667513
337499700837180	337499728687395	337499706961930
337499717782638	337499745370728	337499723884847
337499734931180	337499762054061	337499741073055
337499752984847	337499778737394	337499759174430
337499770007097	337499795420727	337499776038430
337499785201847	337499812104060	337499791326472
337499801660138	337499828787393	337499807875055
337499818888180	337499845470726	337499825015555
337499836536722	337499862154059	337499842597805
337499853742305	337499878837392	337499859831388
337499870304722	337499895520725	337499876385513
337499885972013	337499912204058	337499892106972
337500304203222	337500329287383	337500322667722
337500311040180	337500345970716	337500348159513
337500339685472	337500379337382	337500374473055
337500355661847	337500396020715	337500397702305
337500390764764	337500412704048	337500406555055
337500406087889	337500429387381	337500415451180
337500422327972	337500446070714	337500430992805
337500439161014	337500462754047	337500447806597

===
16683333
337499031631971	337499044670742	337499037626221
337499047425346	337499061354075	337499053561680
337499063565888	337499078037408	337499069522888
337499081217805	337499094720741	337499087428430
337499097862846	337499111404074	337499104084680
337499115200138	337499128087407	337499121350388
337499132309180	337499144770740	337499138444888
337499147468846	337499161454073	337499153670763
337499164590221	337499178137406	337499170786180
337499182172263	337499194820739	337499188368180
337499199227180	337499211504072	337499205402513
337499215025680	337499228187405	337499221254763
337499230204555	337499244870738	337499236507388
337499246774638	337499261554071	337499252965055
337499262798596	337499278237404	337499268991763
337499279718680	337499294920737	337499285935305
337499297547638	337499311604070	337499303737513
337499314202430	337499328287403	337499320499596
337499330427055	337499344970736	337499336579263
337499346904930	337499361654069	337499353129388
337499364089971	337499378337402	337499370467721
337499381084805	337499395020735	337499387396763
337499399227013	337499411704068	337499405656680
337499414832930	337499428387401	337499423348263
337499431687596	337499445070734	337499439532305
337499447678305	337499461754067	337499454918388
337499464526346	337499478437400	337499471269888
337499481277471	337499495120733	337499487839596
337499497640721	337499511804066	337499503994388
337499514455138	337499528487399	337499520761721
337499531035680	337499545170732	337499537321763
337499547868096	337499561854065	337499554089096
337499564756596	337499578537398	337499570922430
337499581597888	337499595220731	337499587803138
337499598344471	337499611904064	337499604558971
337499615156013	337499628587397	337499621312638
337499631911096	337499661954063	337499638107596
337499648712013	337499678637396	337499654904846
337499666523930	337499695320729	337499672756513
337499685578263	337499712004062	337499691667513
337499700837180	337499728687395	337499706961930
337499717782638	337499745370728	337499723884847
337499734931180	337499762054061	337499741073055
337499752984847	337499778737394	337499759174430
337499770007097	337499795420727	337499776038430
337499785201847	337499812104060	337499791326472
337499801660138	337499828787393	337499807875055
337499818888180	337499845470726	337499825015555
337499836536722	337499862154059	337499842597805
337499853742305	337499878837392	337499859831388
337499870304722	337499895520725	337499876385513
337499885972013	337499912204058	337499892106972
337500304203222	337500329287383	337500322667722
337500311040180	337500345970716	337500348159513
337500339685472	337500379337382	337500374473055
337500355661847	337500396020715	337500397702305
337500390764764	337500412704048	337500406555055
337500406087889	337500429387381	337500415451180
337500422327972	337500446070714	337500430992805
337500439161014	337500462754047	337500447806597
337500456421889	337500479437380	337500465028514
337500473407555	337500496120713	337500482123805
337500490461847	337500512804046	337500499211097
337500506114097	337500529487379	337500514692472
337500522813347	337500546170712	337500531423430
337500541937555	337500562854045	337500548165639
337500558658139	337500579537378	337500564863889
337500575548889	337500596220711	337500581768347
337500593835264	337500612904044	337500600113972
337500609277972	337500629587377	337500615515222
337500626954305	337500646270710	337500633265472
337500643973805	337500662954043	337500650119805
337500661246639	337500679637376	337500667417847
337500676401014	337500696320709	337500682574639
337500693080514	337500713004042	337500699313222
337500710098639	337500729687375	337500716299055
337500727481014	337500746370708	337500733675514
337500744730014	337500763054041	337500750890180
337500761771139	337500779737374	337500767947722
337500777645639	337500796420707	337500783824889
337500793589389	337500813104040	337500799870472
337500811326597	337500829787373	337500817537264
337500828579014	337500846470706	337500834793930
337500845991389	337500863154039	337500852215264
337500862525805	337500879837372	337500868687222
337500877839972	337500896520705	337500884032722
337500894434222	337500913204038	337500900639930
337500911937347	337500929887371	337500918134805
337500929980097	337500946570704	337500936190722
337500946408347	337500963254037	337500952584472
337500962449847	337500979937370	337500968648264
337500977913639	337500996620703	337500984183222
337500994118264	337501013304036	337501000425514
337501010980597	337501029987369	337501017138680
337501027478222	337501046670702	337501033718222
337501045130722	337501063354035	337501051359514
337501061511305	337501080037368	337501067837055
337501080060097	337501096720701	337501086535722
337501096049764	337501113404034	337501104511972
337501111956389	337501130087367	337501119797097
337501127866389	337501146770700	337501135094097
337501144620639	337501163454033	337501151435014
337501161509139	337501180137366	337501168033264
337501178014222	337501196820699	337501184357806
337501194577847	337501213504032	337501200874681
337501211484472	337501230187365	337501217699139
337501228076222	337501246870698	337501234175056
337501245115764	337501263554031	337501251328931
337501261563264	337501280237364	337501267759556
337501278391847	337501296920697	337501284598764
337501295132639	337501313604030	337501301332597
337501311820306	337501330287363	337501318015306
337501328639931	337501346970696	337501334825139
337501346861139	337501363654029	337501353030222
337501364816972	337501380337362	337501370912347
337501381404264	337501397020695	337501387529806
337501398372556	337501413704028	337501404456847
337501415679806	337501430387361	337501421791181
337501432475889	337501447070694	337501438421556
337501448452264	337501463754027	337501454539014
337501464737097	337501480437360	337501470860514
337501481809306	337501497120693	337501487957181
337501499056347	337501513804026	337501505171889
337501516646681	337501530487359	337501522455181
337501533208806	337501547170692	337501539296056
337501549426931	337501563854025	337501555250306
337501565449722	337501580537358	337501571585389

===
16683333
337500456421889	337500479437380	337500465028514
337500473407555	337500496120713	337500482123805
337500490461847	337500512804046	337500499211097
337500506114097	337500529487379	337500514692472
337500522813347	337500546170712	337500531423430
337500541937555	337500562854045	337500548165639
337500558658139	337500579537378	337500564863889
337500575548889	337500596220711	337500581768347
337500593835264	337500612904044	337500600113972
337500609277972	337500629587377	337500615515222
337500626954305	337500646270710	337500633265472
337500643973805	337500662954043	337500650119805
337500661246639	337500679637376	337500667417847
337500676401014	337500696320709	337500682574639
337500693080514	337500713004042	337500699313222
337500710098639	337500729687375	337500716299055
337500727481014	337500746370708	337500733675514
337500744730014	337500763054041	337500750890180
337500761771139	337500779737374	337500767947722
337500777645639	337500796420707	337500783824889
337500793589389	337500813104040	337500799870472
337500811326597	337500829787373	337500817537264
337500828579014	337500846470706	337500834793930
337500845991389	337500863154039	337500852215264
337500862525805	337500879837372	337500868687222
337500877839972	337500896520705	337500884032722
337500894434222	337500913204038	337500900639930
337500911937347	337500929887371	337500918134805
337500929980097	337500946570704	337500936190722
337500946408347	337500963254037	337500952584472
337500962449847	337500979937370	337500968648264
337500977913639	337500996620703	337500984183222
337500994118264	337501013304036	337501000425514
337501010980597	337501029987369	337501017138680
337501027478222	337501046670702	337501033718222
337501045130722	337501063354035	337501051359514
337501061511305	337501080037368	337501067837055
337501080060097	337501096720701	337501086535722
337501096049764	337501113404034	337501104511972
337501111956389	337501130087367	337501119797097
337501127866389	337501146770700	337501135094097
337501144620639	337501163454033	337501151435014
337501161509139	337501180137366	337501168033264
337501178014222	337501196820699	337501184357806
337501194577847	337501213504032	337501200874681
337501211484472	337501230187365	337501217699139
337501228076222	337501246870698	337501234175056
337501245115764	337501263554031	337501251328931
337501261563264	337501280237364	337501267759556
337501278391847	337501296920697	337501284598764
337501295132639	337501313604030	337501301332597
337501311820306	337501330287363	337501318015306
337501328639931	337501346970696	337501334825139
337501346861139	337501363654029	337501353030222
337501364816972	337501380337362	337501370912347
337501381404264	337501397020695	337501387529806
337501398372556	337501413704028	337501404456847
337501415679806	337501430387361	337501421791181
337501432475889	337501447070694	337501438421556
337501448452264	337501463754027	337501454539014
337501464737097	337501480437360	337501470860514
337501481809306	337501497120693	337501487957181
337501499056347	337501513804026	337501505171889
337501516646681	337501530487359	337501522455181
337501533208806	337501547170692	337501539296056
337501549426931	337501563854025	337501555250306
337501565449722	337501580537358	337501571585389
337501914805348	337501930887351	337501933313223
337501921701056	337501947570684	337501958776223
337501951936806	337501980937350	337501984892139
337501968771264	337501997620683	337502003764264
337502002355431	337502014304016	337502012583139
337502018985223	337502047670682	337502027791973
337502035952806	337502064354015	337502044582848
337502052328889	337502081037348	337502060906056
337502069136848	337502097720681	337502077829598
337502085587639	337502114404014	337502094283931
337502102173889	337502131087347	337502110883556
337502118942139	337502147770680	337502127539723
337502135813764	337502164454013	337502144463181
337502154839556	337502181137346	337502161053764
337502171248681	337502197820679	337502177501889
337502188426806	337502214504012	337502194678764
337502206575181	337502231187345	337502212803181
337502223116723	337502247870678	337502229303889
337502240568098	337502264554011	337502246781014
337502255674431	337502281237344	337502261846556
337502272473639	337502297920677	337502278711014
337502290064389	337502314604010	337502296304598
337502306999139	337502331287343	337502313209098
337502323957431	337502347970676	337502330110056
337502340221723	337502364654009	337502346351514
337502356908681	337502381337342	337502363056973
337502373457681	337502398020675	337502379658889
337502391135556	337502414704008	337502397333848
337502408229764	337502431387341	337502414464264
337502424613473	337502448070674	337502430767014
337502440857514	337502464754007	337502447037056
337502457037431	337502481437340	337502463216806
337502474609681	337502498120673	337502480888806
337502491881098	337502514804006	337502498094390
337502509373598	337502531487339	337502515572431
337502525562015	337502548170672	337502531718848
337502541591556	337502564854005	337502547636640
337502558016556	337502581537338	337502564279765
337502575431306	337502598220671	337502581613556
337502592873681	337502614904004	337502599082390
337502608541515	337502631587337	337502614766015
337502623680140	337502648270670	337502629964306
337502640970556	337502664954003	337502647199348
337502658073223	337502681637336	337502664313181
337502674766473	337502698320669	337502681055806
337502692841098	337502715004002	337502699036848
337502708574931	337502731687335	337502715006890
337502724588431	337502748370668	337502733113765
337502740762473	337502765054001	337502748607848
337502757543306	337502781737334	337502764761515
337502774258681	337502798420667	337502781077265
337502791131848	337502815104000	337502797692056
337502807445515	337502831787333	337502813785848
337502824072098	337502848470666	337502830343348
337502840856223	337502865153999	337502847137640
337502857639973	337502881837332	337502863855140
337502874364765	337502898520665	337502880573265
337502891270765	337502915203998	337502897465598
337502908258723	337502931887331	337502914446556
337502924963890	337502948570664	337502931157098

===
16683333
337501061511305	337501080037368	337501067837055
337501080060097	337501096720701	337501086535722
337501096049764	337501113404034	337501104511972
337501111956389	337501130087367	337501119797097
337501127866389	337501146770700	337501135094097
337501144620639	337501163454033	337501151435014
337501161509139	337501180137366	337501168033264
337501178014222	337501196820699	337501184357806
337501194577847	337501213504032	337501200874681
337501211484472	337501230187365	337501217699139
337501228076222	337501246870698	337501234175056
337501245115764	337501263554031	337501251328931
337501261563264	337501280237364	337501267759556
337501278391847	337501296920697	337501284598764
337501295132639	337501313604030	337501301332597
337501311820306	337501330287363	337501318015306
337501328639931	337501346970696	337501334825139
337501346861139	337501363654029	337501353030222
337501364816972	337501380337362	337501370912347
337501381404264	337501397020695	337501387529806
337501398372556	337501413704028	337501404456847
337501415679806	337501430387361	337501421791181
337501432475889	337501447070694	337501438421556
337501448452264	337501463754027	337501454539014
337501464737097	337501480437360	337501470860514
337501481809306	337501497120693	337501487957181
337501499056347	337501513804026	337501505171889
337501516646681	337501530487359	337501522455181
337501533208806	337501547170692	337501539296056
337501549426931	337501563854025	337501555250306
337501565449722	337501580537358	337501571585389
337501914805348	337501930887351	337501933313223
337501921701056	337501947570684	337501958776223
337501951936806	337501980937350	337501984892139
337501968771264	337501997620683	337502003764264
337502002355431	337502014304016	337502012583139
337502018985223	337502047670682	337502027791973
337502035952806	337502064354015	337502044582848
337502052328889	337502081037348	337502060906056
337502069136848	337502097720681	337502077829598
337502085587639	337502114404014	337502094283931
337502102173889	337502131087347	337502110883556
337502118942139	337502147770680	337502127539723
337502135813764	337502164454013	337502144463181
337502154839556	337502181137346	337502161053764
337502171248681	337502197820679	337502177501889
337502188426806	337502214504012	337502194678764
337502206575181	337502231187345	337502212803181
337502223116723	337502247870678	337502229303889
337502240568098	337502264554011	337502246781014
337502255674431	337502281237344	337502261846556
337502272473639	337502297920677	337502278711014
337502290064389	337502314604010	337502296304598
337502306999139	337502331287343	337502313209098
337502323957431	337502347970676	337502330110056
337502340221723	337502364654009	337502346351514
337502356908681	337502381337342	337502363056973
337502373457681	337502398020675	337502379658889
337502391135556	337502414704008	337502397333848
337502408229764	337502431387341	337502414464264
337502424613473	337502448070674	337502430767014
337502440857514	337502464754007	337502447037056
337502457037431	337502481437340	337502463216806
337502474609681	337502498120673	337502480888806
337502491881098	337502514804006	337502498094390
337502509373598	337502531487339	337502515572431
337502525562015	337502548170672	337502531718848
337502541591556	337502564854005	337502547636640
337502558016556	337502581537338	337502564279765
337502575431306	337502598220671	337502581613556
337502592873681	337502614904004	337502599082390
337502608541515	337502631587337	337502614766015
337502623680140	337502648270670	337502629964306
337502640970556	337502664954003	337502647199348
337502658073223	337502681637336	337502664313181
337502674766473	337502698320669	337502681055806
337502692841098	337502715004002	337502699036848
337502708574931	337502731687335	337502715006890
337502724588431	337502748370668	337502733113765
337502740762473	337502765054001	337502748607848
337502757543306	337502781737334	337502764761515
337502774258681	337502798420667	337502781077265
337502791131848	337502815104000	337502797692056
337502807445515	337502831787333	337502813785848
337502824072098	337502848470666	337502830343348
337502840856223	337502865153999	337502847137640
337502857639973	337502881837332	337502863855140
337502874364765	337502898520665	337502880573265
337502891270765	337502915203998	337502897465598
337502908258723	337502931887331	337502914446556
337502924963890	337502948570664	337502931157098
337502942242431	337502965253997	337502948350890
337502958858431	337502981937330	337502965071515
337502976304598	337502998620663	337502982447348
337502992611265	337503015303996	337502998742765
337503008945015	337503031987329	337503015078723
337503025907015	337503048670662	337503032059098
337503042775890	337503065353995	337503048959223
337503060249473	337503082037328	337503066502181
337503078751473	337503098720661	337503084864306
337503095678306	337503115403994	337503101762765
337503112631223	337503132087327	337503118705056
337503127918848	337503148770660	337503134015015
337503145132306	337503165453993	337503151257806
337503162772515	337503182137326	337503168888181
337503180446765	337503198820659	337503186538557
337503196489140	337503215503992	337503202558432
337503399797390	337503415703988	337503412387515
337503413555557	337503432387321	337503428267473
337503435784557	337503449070654	337503450498140
337503453225098	337503465753987	337503467968265
337503467406057	337503482437320	337503486059807
337503482702140	337503499120653	337503492686890
337503498643932	337503515803986	337503504939557
337503516548307	337503532487319	337503522794307
337503535331598	337503549170652	337503541737557
337503550615807	337503565853985	337503557007973
337503567197598	337503582537318	337503573447182
337503582870223	337503599220651	337503589164848
337503599600432	337503615903984	337503605892598
337503616716098	337503632587317	337503622991765
337503634610473	337503649270650	337503640889015
337503651335307	337503665953983	337503657610973
337503666845432	337503682637316	337503673030057
337503682674348	337503699320649	337503688934265
337503699454015	337503716003982	337503705669432
337503716816890	337503732687315	337503722808390

===
16683333
337501061511305	337501080037368	337501067837055
337501080060097	337501096720701	337501086535722
337501096049764	337501113404034	337501104511972
337501111956389	337501130087367	337501119797097
337501127866389	337501146770700	337501135094097
337501144620639	337501163454033	337501151435014
337501161509139	337501180137366	337501168033264
337501178014222	337501196820699	337501184357806
337501194577847	337501213504032	337501200874681
337501211484472	337501230187365	337501217699139
337501228076222	337501246870698	337501234175056
337501245115764	337501263554031	337501251328931
337501261563264	337501280237364	337501267759556
337501278391847	337501296920697	337501284598764
337501295132639	337501313604030	337501301332597
337501311820306	337501330287363	337501318015306
337501328639931	337501346970696	337501334825139
337501346861139	337501363654029	337501353030222
337501364816972	337501380337362	337501370912347
337501381404264	337501397020695	337501387529806
337501398372556	337501413704028	337501404456847
337501415679806	337501430387361	337501421791181
337501432475889	337501447070694	337501438421556
337501448452264	337501463754027	337501454539014
337501464737097	337501480437360	337501470860514
337501481809306	337501497120693	337501487957181
337501499056347	337501513804026	337501505171889
337501516646681	337501530487359	337501522455181
337501533208806	337501547170692	337501539296056
337501549426931	337501563854025	337501555250306
337501565449722	337501580537358	337501571585389
337501914805348	337501930887351	337501933313223
337501921701056	337501947570684	337501958776223
337501951936806	337501980937350	337501984892139
337501968771264	337501997620683	337502003764264
337502002355431	337502014304016	337502012583139
337502018985223	337502047670682	337502027791973
337502035952806	337502064354015	337502044582848
337502052328889	337502081037348	337502060906056
337502069136848	337502097720681	337502077829598
337502085587639	337502114404014	337502094283931
337502102173889	337502131087347	337502110883556
337502118942139	337502147770680	337502127539723
337502135813764	337502164454013	337502144463181
337502154839556	337502181137346	337502161053764
337502171248681	337502197820679	337502177501889
337502188426806	337502214504012	337502194678764
337502206575181	337502231187345	337502212803181
337502223116723	337502247870678	337502229303889
337502240568098	337502264554011	337502246781014
337502255674431	337502281237344	337502261846556
337502272473639	337502297920677	337502278711014
337502290064389	337502314604010	337502296304598
337502306999139	337502331287343	337502313209098
337502323957431	337502347970676	337502330110056
337502340221723	337502364654009	337502346351514
337502356908681	337502381337342	337502363056973
337502373457681	337502398020675	337502379658889
337502391135556	337502414704008	337502397333848
337502408229764	337502431387341	337502414464264
337502424613473	337502448070674	337502430767014
337502440857514	337502464754007	337502447037056
337502457037431	337502481437340	337502463216806
337502474609681	337502498120673	337502480888806
337502491881098	337502514804006	337502498094390
337502509373598	337502531487339	337502515572431
337502525562015	337502548170672	337502531718848
337502541591556	337502564854005	337502547636640
337502558016556	337502581537338	337502564279765
337502575431306	337502598220671	337502581613556
337502592873681	337502614904004	337502599082390
337502608541515	337502631587337	337502614766015
337502623680140	337502648270670	337502629964306
337502640970556	337502664954003	337502647199348
337502658073223	337502681637336	337502664313181
337502674766473	337502698320669	337502681055806
337502692841098	337502715004002	337502699036848
337502708574931	337502731687335	337502715006890
337502724588431	337502748370668	337502733113765
337502740762473	337502765054001	337502748607848
337502757543306	337502781737334	337502764761515
337502774258681	337502798420667	337502781077265
337502791131848	337502815104000	337502797692056
337502807445515	337502831787333	337502813785848
337502824072098	337502848470666	337502830343348
337502840856223	337502865153999	337502847137640
337502857639973	337502881837332	337502863855140
337502874364765	337502898520665	337502880573265
337502891270765	337502915203998	337502897465598
337502908258723	337502931887331	337502914446556
337502924963890	337502948570664	337502931157098
337502942242431	337502965253997	337502948350890
337502958858431	337502981937330	337502965071515
337502976304598	337502998620663	337502982447348
337502992611265	337503015303996	337502998742765
337503008945015	337503031987329	337503015078723
337503025907015	337503048670662	337503032059098
337503042775890	337503065353995	337503048959223
337503060249473	337503082037328	337503066502181
337503078751473	337503098720661	337503084864306
337503095678306	337503115403994	337503101762765
337503112631223	337503132087327	337503118705056
337503127918848	337503148770660	337503134015015
337503145132306	337503165453993	337503151257806
337503162772515	337503182137326	337503168888181
337503180446765	337503198820659	337503186538557
337503196489140	337503215503992	337503202558432
337503399797390	337503415703988	337503412387515
337503413555557	337503432387321	337503428267473
337503435784557	337503449070654	337503450498140
337503453225098	337503465753987	337503467968265
337503467406057	337503482437320	337503486059807
337503482702140	337503499120653	337503492686890
337503498643932	337503515803986	337503504939557
337503516548307	337503532487319	337503522794307
337503535331598	337503549170652	337503541737557
337503550615807	337503565853985	337503557007973
337503567197598	337503582537318	337503573447182
337503582870223	337503599220651	337503589164848
337503599600432	337503615903984	337503605892598
337503616716098	337503632587317	337503622991765
337503634610473	337503649270650	337503640889015
337503651335307	337503665953983	337503657610973
337503666845432	337503682637316	337503673030057
337503682674348	337503699320649	337503688934265
337503699454015	337503716003982	337503705669432
337503716816890	337503732687315	337503722808390

