16683333
0	0	0
0	0	0
0	0	0
0	0	0
0	0	0
0	0	0
0	0	0
0	0	0
0	0	0
0	0	0
0	0	0
0	0	0
0	0	0
0	0	0
0	0	0
0	0	0
0	0	0
0	0	0
0	0	0
0	0	0
0	0	0
0	0	0
0	0	0
0	0	0
0	0	0
0	0	0
0	0	0
0	0	0
0	0	0
0	0	0
0	0	0
0	0	0
0	0	0
0	0	0
0	0	0
0	0	0
0	0	0
0	0	0
0	0	0
0	0	0
0	0	0
0	0	0
0	0	0
0	0	0
0	0	0
0	0	0
0	0	0
0	0	0
0	0	0
0	0	0
0	0	0
0	0	0
0	0	0
0	0	0
0	0	0
0	0	0
0	0	0
0	0	0
0	0	0
0	0	0
0	0	0
0	0	0
0	0	0
0	0	0
0	0	0
0	0	0
0	0	0
0	0	0
0	0	0
0	0	0
0	0	0
0	0	0
0	0	0
0	0	0
0	0	0
0	0	0
0	0	0
0	0	0
0	0	0
0	0	0
0	0	0
0	0	0
0	0	0
0	0	0
0	0	0
0	0	0
0	0	0
0	0	0
0	0	0
0	0	0
0	0	0
0	0	0
0	0	0
0	0	0
0	0	0
0	0	0
0	0	0
0	0	0
0	0	0
0	0	0
0	0	0
0	0	0
0	0	0
0	0	0
0	0	0
0	0	0
0	0	0
0	0	0
0	0	0
0	0	0
0	0	0
0	0	0
0	0	0
0	0	0
0	0	0
0	0	0
0	0	0
0	0	0
0	0	0
0	0	0
0	0	0
0	0	0
0	0	0
0	0	0
0	0	0
337975258987907	337975274163275	337975271470990
337975291524615	337975307529941	337975306543948

===
16683333
0	0	0
0	0	0
0	0	0
0	0	0
0	0	0
0	0	0
0	0	0
0	0	0
0	0	0
0	0	0
0	0	0
0	0	0
0	0	0
0	0	0
0	0	0
0	0	0
0	0	0
0	0	0
0	0	0
0	0	0
0	0	0
0	0	0
0	0	0
0	0	0
0	0	0
0	0	0
0	0	0
0	0	0
0	0	0
0	0	0
0	0	0
0	0	0
0	0	0
0	0	0
0	0	0
0	0	0
0	0	0
0	0	0
0	0	0
0	0	0
0	0	0
0	0	0
0	0	0
0	0	0
0	0	0
0	0	0
0	0	0
0	0	0
0	0	0
0	0	0
0	0	0
0	0	0
0	0	0
0	0	0
0	0	0
0	0	0
0	0	0
0	0	0
0	0	0
0	0	0
0	0	0
0	0	0
0	0	0
0	0	0
0	0	0
0	0	0
0	0	0
0	0	0
0	0	0
0	0	0
0	0	0
0	0	0
0	0	0
0	0	0
0	0	0
0	0	0
0	0	0
0	0	0
0	0	0
0	0	0
0	0	0
0	0	0
0	0	0
0	0	0
0	0	0
0	0	0
0	0	0
0	0	0
0	0	0
0	0	0
0	0	0
0	0	0
0	0	0
0	0	0
0	0	0
0	0	0
0	0	0
0	0	0
0	0	0
0	0	0
0	0	0
0	0	0
0	0	0
0	0	0
0	0	0
0	0	0
337975258987907	337975274163275	337975271470990
337975291524615	337975307529941	337975306543948
337975309689323	337975324213274	337975324703698
337975327343823	337975340896607	337975332355490
337975343830615	337975357579940	337975348926698
337975357104407	337975374263273	337975363553657
337975369073282	337975390946606	337975375503407
337975388441032	337975407629939	337975394876240
337975402955657	337975424313272	337975409390782
337975420085990	337975440996605	337975426427948
337975437143573	337975457679938	337975443590990
337975454247907	337975474363271	337975460622240
337975472551448	337975491046604	337975478952032
337975489140365	337975507729937	337975495593657
337975503887198	337975524413270	337975510360157
337975521517032	337975541096603	337975527840323
337975537208990	337975557779936	337975543855282
337975556196615	337975574463269	337975562546907
337975572777490	337975591146602	337975579074823
337975589615448	337975607829935	337975595898073
337975607145657	337975624513268	337975613218073

===
16683333
0	0	0
0	0	0
0	0	0
0	0	0
0	0	0
0	0	0
0	0	0
0	0	0
0	0	0
0	0	0
0	0	0
0	0	0
0	0	0
0	0	0
0	0	0
0	0	0
0	0	0
0	0	0
0	0	0
0	0	0
0	0	0
0	0	0
0	0	0
0	0	0
0	0	0
0	0	0
0	0	0
0	0	0
0	0	0
0	0	0
0	0	0
0	0	0
0	0	0
0	0	0
0	0	0
0	0	0
0	0	0
0	0	0
0	0	0
0	0	0
0	0	0
0	0	0
0	0	0
0	0	0
0	0	0
0	0	0
0	0	0
0	0	0
0	0	0
0	0	0
0	0	0
337975258987907	337975274163275	337975271470990
337975291524615	337975307529941	337975306543948
337975309689323	337975324213274	337975324703698
337975327343823	337975340896607	337975332355490
337975343830615	337975357579940	337975348926698
337975357104407	337975374263273	337975363553657
337975369073282	337975390946606	337975375503407
337975388441032	337975407629939	337975394876240
337975402955657	337975424313272	337975409390782
337975420085990	337975440996605	337975426427948
337975437143573	337975457679938	337975443590990
337975454247907	337975474363271	337975460622240
337975472551448	337975491046604	337975478952032
337975489140365	337975507729937	337975495593657
337975503887198	337975524413270	337975510360157
337975521517032	337975541096603	337975527840323
337975537208990	337975557779936	337975543855282
337975556196615	337975574463269	337975562546907
337975572777490	337975591146602	337975579074823
337975589615448	337975607829935	337975595898073
337975607145657	337975624513268	337975613218073
337976720937824	337976742296579	337976740530657
337976754893699	337976792346578	337976776953991
337976768817116	337976809029911	337976800093032
337976803323491	337976825713244	337976826069616
337976820680907	337976859079910	337976849642616
337976854735741	337976875763243	337976864882907
337976870767324	337976892446576	337976880922491
337976882415074	337976909129909	337976892550574
337976905702907	337976925813242	337976915632991
337976921905491	337976942496575	337976931552074
337976935013741	337976959179908	337976944649616
337976951409866	337976975863241	337976960913657
337976970051407	337976992546574	337976979678657
337976985782324	337977009229907	337976995374366
337977002484116	337977025913240	337977012148532
337977019030199	337977042596573	337977028613949
337977039098824	337977059279906	337977047912366
337977052877616	337977075963239	337977056561491
337977071079324	337977092646572	337977074735991
337977086980949	337977109329905	337977090646532
337977104207741	337977126013238	337977107847032
337977120673074	337977142696571	337977124422532
337977139925407	337977159379904	337977143607366
337977154579658	337977176063237	337977158248116
337977172488324	337977192746570	337977176209699
337977187503824	337977209429903	337977191322324
337977203815908	337977226113236	337977207534908
337977220045033	337977242796569	337977223793408
337977235447991	337977259479902	337977239265616
337977265779866	337977276163235	337977270788908
337977276728074	337977292846568	337977281988574
337977391590949	337977409629899	337977402315908
337977404677866	337977426313232	337977412669574
337977434508283	337977442996565	337977442685158
337977444614741	337977459679898	337977452603074
337977455514158	337977476363231	337977463463908
337977471660991	337977493046564	337977475705408
337977490052283	337977509729897	337977493718324
337977505624783	337977526413230	337977509194991
337977522998741	337977543096563	337977526546991
337977538964616	337977559779896	337977542494283
337977555791991	337977576463229	337977559236783
337977572511283	337977593146562	337977576036074
337977590731158	337977609829895	337977594212158
337977607529533	337977626513228	337977610997408
337977625151033	337977643196561	337977628586991
337977641043033	337977659879894	337977644532116
337977655449366	337977676563227	337977658855033
337977672049158	337977693246560	337977675420241
337977688387408	337977709929893	337977691679533
337977704755908	337977726613226	337977708187283
337977721881199	337977743296559	337977725376908
337977739257574	337977759979892	337977742827991
337977758483116	337977776663225	337977762959408
337977773904158	337977793346558	337977778509574

===
16683333
337975454247907	337975474363271	337975460622240
337975472551448	337975491046604	337975478952032
337975489140365	337975507729937	337975495593657
337975503887198	337975524413270	337975510360157
337975521517032	337975541096603	337975527840323
337975537208990	337975557779936	337975543855282
337975556196615	337975574463269	337975562546907
337975572777490	337975591146602	337975579074823
337975589615448	337975607829935	337975595898073
337975607145657	337975624513268	337975613218073
337976720937824	337976742296579	337976740530657
337976754893699	337976792346578	337976776953991
337976768817116	337976809029911	337976800093032
337976803323491	337976825713244	337976826069616
337976820680907	337976859079910	337976849642616
337976854735741	337976875763243	337976864882907
337976870767324	337976892446576	337976880922491
337976882415074	337976909129909	337976892550574
337976905702907	337976925813242	337976915632991
337976921905491	337976942496575	337976931552074
337976935013741	337976959179908	337976944649616
337976951409866	337976975863241	337976960913657
337976970051407	337976992546574	337976979678657
337976985782324	337977009229907	337976995374366
337977002484116	337977025913240	337977012148532
337977019030199	337977042596573	337977028613949
337977039098824	337977059279906	337977047912366
337977052877616	337977075963239	337977056561491
337977071079324	337977092646572	337977074735991
337977086980949	337977109329905	337977090646532
337977104207741	337977126013238	337977107847032
337977120673074	337977142696571	337977124422532
337977139925407	337977159379904	337977143607366
337977154579658	337977176063237	337977158248116
337977172488324	337977192746570	337977176209699
337977187503824	337977209429903	337977191322324
337977203815908	337977226113236	337977207534908
337977220045033	337977242796569	337977223793408
337977235447991	337977259479902	337977239265616
337977265779866	337977276163235	337977270788908
337977276728074	337977292846568	337977281988574
337977391590949	337977409629899	337977402315908
337977404677866	337977426313232	337977412669574
337977434508283	337977442996565	337977442685158
337977444614741	337977459679898	337977452603074
337977455514158	337977476363231	337977463463908
337977471660991	337977493046564	337977475705408
337977490052283	337977509729897	337977493718324
337977505624783	337977526413230	337977509194991
337977522998741	337977543096563	337977526546991
337977538964616	337977559779896	337977542494283
337977555791991	337977576463229	337977559236783
337977572511283	337977593146562	337977576036074
337977590731158	337977609829895	337977594212158
337977607529533	337977626513228	337977610997408
337977625151033	337977643196561	337977628586991
337977641043033	337977659879894	337977644532116
337977655449366	337977676563227	337977658855033
337977672049158	337977693246560	337977675420241
337977688387408	337977709929893	337977691679533
337977704755908	337977726613226	337977708187283
337977721881199	337977743296559	337977725376908
337977739257574	337977759979892	337977742827991
337977758483116	337977776663225	337977762959408
337977773904158	337977793346558	337977778509574
337977789318033	337977810029891	337977793918408
337977872922783	337977876763223	337977877596575
337977895941533	337977910129889	337977904291200
337977931938741	337977943496555	337977939609200
337977937355616	337977960179888	337977947304741
337977956354116	337977976863221	337977963959741
337977973144575	337977993546554	337977980598325
337977990349700	337978010229887	337977997827450
337978006662366	337978026913220	337978010148033
337978025538283	337978043596553	337978028956241
337978043590658	337978060279886	337978046814283
337978059659450	337978076963219	337978062984491
337978075972033	337978093646552	337978079369491
337978092537366	337978110329885	337978095998366
337978109825700	337978127013218	337978113225325
337978126685116	337978143696551	337978130068825
337978143578950	337978160379884	337978147022575
337978158548325	337978177063217	337978162045450
337978175470450	337978193746550	337978178934825
337978193094366	337978210429883	337978196577783
337978209924491	337978227113216	337978213571866
337978227086033	337978243796549	337978231687491
337978243403075	337978260479882	337978248072616
337978259911575	337978277163215	337978264609116
337978336384200	337978343896547	337978344456616
337978360176450	337978360579880	337978367423158
337978403039533	337978410629879	337978409270450
337978416601783	337978427313212	337978422656700
337978427470116	337978443996545	337978430963491
337978443661991	337978460679878	337978447152991
337978460790200	337978477363211	337978464273825
337978478429950	337978494046544	337978481890450
337978494023700	337978510729877	337978497467616
337978512487033	337978527413210	337978515884241
337978528762116	337978544096543	337978532163158
337978546639367	337978560779876	337978550031867
337978563430950	337978577463209	337978566885992
337978582788742	337978594146542	337978585983117
337978598107825	337978610829875	337978601318992
337978613756325	337978627513208	337978617085950
337978630178408	337978644196541	337978633539200
337978645586533	337978660879874	337978648993617
337978663355825	337978677563207	337978666799408
337978678749950	337978694246540	337978682160242
337978697015700	337978710929873	337978700570742
337978721868992	337978727613206	337978726524658
337978737016700	337978744296539	337978741672867
337978756429617	337978760979872	337978762365825
337978823332867	337978827713204	337978829334242
337978838526200	337978844396537	337978844109117
337978868764783	337978861079870	337978874251617
337978874490908	337978877763203	337978878963575
337978881278742	337978894446536	337978885838367
337978897692408	337978911129869	337978902212283
337978914839742	337978927813202	337978919337408
337978930887908	337978944496535	337978935376450
337978947709242	337978961179868	337978952181117
337978964927742	337978994546534	337978969370492
337978981333033	337979011229867	337978985745408
337978999855908	337979027913200	337979004246492
337979017445700	337979044596533	337979021805992
337979034688283	337979061279866	337979039030950

===
16683333
337977789318033	337977810029891	337977793918408
337977872922783	337977876763223	337977877596575
337977895941533	337977910129889	337977904291200
337977931938741	337977943496555	337977939609200
337977937355616	337977960179888	337977947304741
337977956354116	337977976863221	337977963959741
337977973144575	337977993546554	337977980598325
337977990349700	337978010229887	337977997827450
337978006662366	337978026913220	337978010148033
337978025538283	337978043596553	337978028956241
337978043590658	337978060279886	337978046814283
337978059659450	337978076963219	337978062984491
337978075972033	337978093646552	337978079369491
337978092537366	337978110329885	337978095998366
337978109825700	337978127013218	337978113225325
337978126685116	337978143696551	337978130068825
337978143578950	337978160379884	337978147022575
337978158548325	337978177063217	337978162045450
337978175470450	337978193746550	337978178934825
337978193094366	337978210429883	337978196577783
337978209924491	337978227113216	337978213571866
337978227086033	337978243796549	337978231687491
337978243403075	337978260479882	337978248072616
337978259911575	337978277163215	337978264609116
337978336384200	337978343896547	337978344456616
337978360176450	337978360579880	337978367423158
337978403039533	337978410629879	337978409270450
337978416601783	337978427313212	337978422656700
337978427470116	337978443996545	337978430963491
337978443661991	337978460679878	337978447152991
337978460790200	337978477363211	337978464273825
337978478429950	337978494046544	337978481890450
337978494023700	337978510729877	337978497467616
337978512487033	337978527413210	337978515884241
337978528762116	337978544096543	337978532163158
337978546639367	337978560779876	337978550031867
337978563430950	337978577463209	337978566885992
337978582788742	337978594146542	337978585983117
337978598107825	337978610829875	337978601318992
337978613756325	337978627513208	337978617085950
337978630178408	337978644196541	337978633539200
337978645586533	337978660879874	337978648993617
337978663355825	337978677563207	337978666799408
337978678749950	337978694246540	337978682160242
337978697015700	337978710929873	337978700570742
337978721868992	337978727613206	337978726524658
337978737016700	337978744296539	337978741672867
337978756429617	337978760979872	337978762365825
337978823332867	337978827713204	337978829334242
337978838526200	337978844396537	337978844109117
337978868764783	337978861079870	337978874251617
337978874490908	337978877763203	337978878963575
337978881278742	337978894446536	337978885838367
337978897692408	337978911129869	337978902212283
337978914839742	337978927813202	337978919337408
337978930887908	337978944496535	337978935376450
337978947709242	337978961179868	337978952181117
337978964927742	337978994546534	337978969370492
337978981333033	337979011229867	337978985745408
337978999855908	337979027913200	337979004246492
337979017445700	337979044596533	337979021805992
337979034688283	337979061279866	337979039030950
337979050859242	337979077963199	337979055232533
337979070106242	337979094646532	337979073553533
337979083531492	337979111329865	337979086813867
337979100362033	337979128013198	337979103758033
337979117623533	337979144696531	337979121034783
337979132839867	337979161379864	337979136266950
337979151508617	337979178063197	337979154975700
337979167597533	337979194746530	337979171135700
337979192296158	337979211429863	337979198368492
337979209589283	337979228113196	337979215543742
337979225883908	337979244796529	337979231996325
337979300454034	337979311529861	337979306463617
337979313058575	337979328213194	337979318549909
337979342735492	337979361579860	337979347728575
337979347987409	337979378263193	337979352618617
337979367450617	337979394946526	337979372037075
337979384053034	337979411629859	337979388557450
337979401023700	337979428313192	337979405533700
337979418246742	337979444996525	337979422737284
337979434709700	337979461679858	337979439174117
337979451508450	337979478363191	337979455871659
337979468625867	337979495046524	337979472999450
337979486731284	337979511729857	337979491127159
337979503763825	337979528413190	337979508170367
337979521640492	337979545096523	337979525996617
337979537944242	337979561779856	337979542287034
337979556117575	337979578463189	337979560380325
337979573074200	337979595146522	337979577370784
337979587448450	337979611829855	337979591785825
337979603177034	337979628513188	337979607540034
337979620686159	337979645196521	337979625112284
337979636500867	337979661879854	337979640925950
337979654863034	337979678563187	337979659175325
337979670743659	337979695246520	337979675309200
337979688323034	337979711929853	337979694276742
337979704534492	337979728613186	337979710515992
337979721484867	337979745296519	337979727484825
337979788750159	337979795346518	337979794731117
337979804674242	337979812029851	337979810126242
337979832275742	337979845396517	337979837287867
337979837642325	337979862079850	337979842275950
337979855560534	337979878763183	337979860199367
337979871765450	337979895446516	337979876290950
337979888288617	337979912129849	337979892780117
337979905404617	337979928813182	337979909881450
337979921773075	337979945496515	337979926225284
337979938881326	337979962179848	337979942393034
337979955458034	337979978863181	337979958902617
337979974704451	337979995546514	337979978105909
337979991074659	337980012229847	337979994461659
337980008159492	337980028913180	337980011462826
337980024977701	337980045596513	337980028308326
337980042759034	337980062279846	337980046135992
337980059320076	337980078963179	337980062689951
337980075848742	337980095646512	337980079238034
337980090986367	337980112329845	337980094425242
337980107757367	337980129013178	337980111168742
337980123921326	337980145696511	337980127328201
337980141382034	337980162379844	337980144779617
337980159710826	337980179063177	337980163268076
337980175701951	337980195746510	337980180343034
337980191673576	337980212429843	337980196302534
337980207980826	337980229113176	337980212665076
337980270946784	337980279163175	337980275782909
337980285402659	337980295846508	337980289743326

===
16683333
337979300454034	337979311529861	337979306463617
337979313058575	337979328213194	337979318549909
337979342735492	337979361579860	337979347728575
337979347987409	337979378263193	337979352618617
337979367450617	337979394946526	337979372037075
337979384053034	337979411629859	337979388557450
337979401023700	337979428313192	337979405533700
337979418246742	337979444996525	337979422737284
337979434709700	337979461679858	337979439174117
337979451508450	337979478363191	337979455871659
337979468625867	337979495046524	337979472999450
337979486731284	337979511729857	337979491127159
337979503763825	337979528413190	337979508170367
337979521640492	337979545096523	337979525996617
337979537944242	337979561779856	337979542287034
337979556117575	337979578463189	337979560380325
337979573074200	337979595146522	337979577370784
337979587448450	337979611829855	337979591785825
337979603177034	337979628513188	337979607540034
337979620686159	337979645196521	337979625112284
337979636500867	337979661879854	337979640925950
337979654863034	337979678563187	337979659175325
337979670743659	337979695246520	337979675309200
337979688323034	337979711929853	337979694276742
337979704534492	337979728613186	337979710515992
337979721484867	337979745296519	337979727484825
337979788750159	337979795346518	337979794731117
337979804674242	337979812029851	337979810126242
337979832275742	337979845396517	337979837287867
337979837642325	337979862079850	337979842275950
337979855560534	337979878763183	337979860199367
337979871765450	337979895446516	337979876290950
337979888288617	337979912129849	337979892780117
337979905404617	337979928813182	337979909881450
337979921773075	337979945496515	337979926225284
337979938881326	337979962179848	337979942393034
337979955458034	337979978863181	337979958902617
337979974704451	337979995546514	337979978105909
337979991074659	337980012229847	337979994461659
337980008159492	337980028913180	337980011462826
337980024977701	337980045596513	337980028308326
337980042759034	337980062279846	337980046135992
337980059320076	337980078963179	337980062689951
337980075848742	337980095646512	337980079238034
337980090986367	337980112329845	337980094425242
337980107757367	337980129013178	337980111168742
337980123921326	337980145696511	337980127328201
337980141382034	337980162379844	337980144779617
337980159710826	337980179063177	337980163268076
337980175701951	337980195746510	337980180343034
337980191673576	337980212429843	337980196302534
337980207980826	337980229113176	337980212665076
337980270946784	337980279163175	337980275782909
337980285402659	337980295846508	337980289743326
337980318521742	337980329213174	337980322843159
337980326540492	337980345896507	337980330187826
337980342694076	337980362579840	337980346189992
337980359545701	337980379263173	337980362622326
337980375760617	337980395946506	337980379218451
337980392567784	337980412629839	337980395986909
337980409311742	337980429313172	337980412752034
337980426211492	337980445996505	337980429558367
337980445021742	337980462679838	337980448404617
337980462924867	337980479363171	337980466326034
337980478622534	337980496046504	337980482009367
337980497494242	337980512729837	337980500953742
337980513736742	337980529413170	337980517074242
337980530393992	337980546096503	337980533744742
337980545911284	337980562779836	337980549287034
337980565195326	337980579463169	337980568554742
337980581418492	337980596146502	337980585748159
337980596932201	337980612829835	337980601347742
337980614051034	337980629513168	337980618376284
337980629732992	337980646196501	337980634041117
337980647577034	337980662879834	337980651886659
337980663289451	337980679563167	337980667593493
337980680952993	337980696246500	337980685255368
337980696347993	337980712929833	337980700663951
337980714402076	337980729613166	337980718776993
337980730253243	337980746296499	337980734579493
337980748352493	337980762979832	337980752704618
337980766534159	337980779663165	337980770803201
337980780628868	337980796346498	337980784862743
337980798168493	337980813029831	337980802463534
337980816506784	337980829713164	337980820804201
337980832533243	337980846396497	337980836611868
337980848739159	337980863079830	337980852988659
337980864813784	337980879763163	337980869084243
337980881848993	337980896446496	337980886392493
337980900130159	337980913129829	337980904417076
337980919362284	337980929813162	337980923738909
337980932262951	337980946496495	337980936703493
337980947531326	337980963179828	337980951922951
337980964564868	337980979863161	337980968964284
337980981089076	337980996546494	337980985416284
337980999207284	337981013229827	337981003621993
337981015151118	337981029913160	337981019110784
337981030891118	337981046596493	337981035066243
337981047952826	337981063279826	337981052184576
337981064882576	337981079963159	337981069237951
337981081576618	337981096646492	337981085940701
337981101671868	337981113329825	337981106118076
337981119460451	337981130013158	337981124030743
337981131635951	337981146696491	337981136273243
337981148599159	337981163379824	337981152479701
337981165327576	337981180063157	337981168825701
337981182398951	337981196746490	337981185913951
337981199141868	337981213429823	337981202644409
337981215782784	337981230113156	337981219249034
337981232543409	337981246796489	337981236067451
337981249777243	337981263479822	337981253261118
337981266195451	337981280163155	337981269681784
337981283059701	337981296846488	337981286543743
337981299385659	337981313529821	337981302875993
337981320068868	337981330213154	337981323433659
337981336457868	337981363579820	337981339909868
337981352789743	337981380263153	337981356231201
337981369110076	337981396946486	337981372591618
337981386185035	337981413629819	337981389678951
337981403596910	337981430313152	337981407059243
337981418585826	337981446996485	337981422107368
337981434830243	337981463679818	337981438407160
337981452306993	337981480363151	337981455744743
337981469338743	337981497046484	337981472657368
337981485502743	337981513729817	337981489976868
337981501753285	337981530413150	337981505881868
337981518025743	337981547096483	337981522284076

===
16683333
337980663289451	337980679563167	337980667593493
337980680952993	337980696246500	337980685255368
337980696347993	337980712929833	337980700663951
337980714402076	337980729613166	337980718776993
337980730253243	337980746296499	337980734579493
337980748352493	337980762979832	337980752704618
337980766534159	337980779663165	337980770803201
337980780628868	337980796346498	337980784862743
337980798168493	337980813029831	337980802463534
337980816506784	337980829713164	337980820804201
337980832533243	337980846396497	337980836611868
337980848739159	337980863079830	337980852988659
337980864813784	337980879763163	337980869084243
337980881848993	337980896446496	337980886392493
337980900130159	337980913129829	337980904417076
337980919362284	337980929813162	337980923738909
337980932262951	337980946496495	337980936703493
337980947531326	337980963179828	337980951922951
337980964564868	337980979863161	337980968964284
337980981089076	337980996546494	337980985416284
337980999207284	337981013229827	337981003621993
337981015151118	337981029913160	337981019110784
337981030891118	337981046596493	337981035066243
337981047952826	337981063279826	337981052184576
337981064882576	337981079963159	337981069237951
337981081576618	337981096646492	337981085940701
337981101671868	337981113329825	337981106118076
337981119460451	337981130013158	337981124030743
337981131635951	337981146696491	337981136273243
337981148599159	337981163379824	337981152479701
337981165327576	337981180063157	337981168825701
337981182398951	337981196746490	337981185913951
337981199141868	337981213429823	337981202644409
337981215782784	337981230113156	337981219249034
337981232543409	337981246796489	337981236067451
337981249777243	337981263479822	337981253261118
337981266195451	337981280163155	337981269681784
337981283059701	337981296846488	337981286543743
337981299385659	337981313529821	337981302875993
337981320068868	337981330213154	337981323433659
337981336457868	337981363579820	337981339909868
337981352789743	337981380263153	337981356231201
337981369110076	337981396946486	337981372591618
337981386185035	337981413629819	337981389678951
337981403596910	337981430313152	337981407059243
337981418585826	337981446996485	337981422107368
337981434830243	337981463679818	337981438407160
337981452306993	337981480363151	337981455744743
337981469338743	337981497046484	337981472657368
337981485502743	337981513729817	337981489976868
337981501753285	337981530413150	337981505881868
337981518025743	337981547096483	337981522284076
337981534669285	337981563779816	337981539045701
337981552162285	337981580463149	337981556436410
337981572638993	337981597146482	337981577140785
337981590430951	337981613829815	337981594924201
337981602260535	337981630513148	337981606833701
337981619076660	337981647196481	337981622939410
337981635959201	337981663879814	337981639472118
337981652467451	337981680563147	337981656060076
337981669184576	337981697246480	337981672696160
337981686101535	337981713929813	337981689581243
337981702818951	337981730613146	337981706311576
337981719992493	337981747296479	337981723472243
337981736855243	337981763979812	337981740354201
337981753226993	337981780663145	337981756731160
337981770109535	337981797346478	337981773602743
337981789359576	337981814029811	337981792841660
337981806728868	337981830713144	337981810256618
337981823568076	337981847396477	337981827040910
337981840662201	337981864079810	337981844140493
337981857523326	337981880763143	337981860388118
337981874138076	337981897446476	337981877596785
337981889338951	337981914129809	337981892913493
337981905258826	337981930813142	337981908792868
337981922023826	337981947496475	337981925528035
337981940403535	337981964179808	337981943915576
337981956289410	337981980863141	337981960503451
337981972838743	337981997546474	337981976959076
337981988526701	337982014229807	337981993959118
337982005321576	337982030913140	337982010905910
337982022151201	337982047596473	337982027744410
337982042240368	337982064279806	337982047947660
337982059247577	337982080963139	337982065037577
337982072633702	337982097646472	337982078510868
337982089446327	337982114329805	337982093363660
337982106241702	337982131013138	337982109771160
337982122847618	337982147696471	337982126353368
337982140100993	337982164379804	337982143617077
337982156464118	337982181063137	337982159907285
337982173506702	337982197746470	337982176970410
337982190180785	337982214429803	337982193666868
337982206897035	337982231113136	337982210368743
337982223575160	337982247796469	337982227102743
337982240399577	337982264479802	337982243912202
337982261684535	337982281163135	337982265210785
337982276803660	337982297846468	337982280257618
337982294270535	337982314529801	337982297807660
337982309839910	337982331213134	337982313334827
337982326721660	337982347896467	337982330188035
337982344460743	337982364579800	337982347950035
337982362623827	337982381263133	337982366110493
337982375859285	337982397946466	337982379376618
337982392529327	337982414629799	337982396064493
337982411081702	337982431313132	337982414688702
337982426574785	337982447996465	337982430843035
337982442685243	337982464679798	337982446808035
337982458912118	337982481363131	337982463164743
337982475635243	337982498046464	337982479980327
337982492347452	337982514729797	337982496662827
337982513282702	337982531413130	337982517714618
337982530122993	337982548096463	337982534669702
337982542886618	337982564779796	337982547419702
337982559689285	337982581463129	337982563575952
337982576541618	337982598146462	337982580049702
337982593276493	337982614829795	337982596776743
337982610031827	337982631513128	337982613527160
337982626784952	337982648196461	337982630337410
337982643728118	337982664879794	337982647277577
337982660506077	337982681563127	337982663998368
337982677199410	337982698246460	337982680691035
337982694016577	337982714929793	337982697503618
337982711550243	337982731613126	337982715006035
337982731028868	337982748296459	337982734499160
337982747874952	337982764979792	337982751316827
337982764339619	337982781663125	337982767698327
337982779851994	337982798346458	337982783328160

===
16683333
337981905258826	337981930813142	337981908792868
337981922023826	337981947496475	337981925528035
337981940403535	337981964179808	337981943915576
337981956289410	337981980863141	337981960503451
337981972838743	337981997546474	337981976959076
337981988526701	337982014229807	337981993959118
337982005321576	337982030913140	337982010905910
337982022151201	337982047596473	337982027744410
337982042240368	337982064279806	337982047947660
337982059247577	337982080963139	337982065037577
337982072633702	337982097646472	337982078510868
337982089446327	337982114329805	337982093363660
337982106241702	337982131013138	337982109771160
337982122847618	337982147696471	337982126353368
337982140100993	337982164379804	337982143617077
337982156464118	337982181063137	337982159907285
337982173506702	337982197746470	337982176970410
337982190180785	337982214429803	337982193666868
337982206897035	337982231113136	337982210368743
337982223575160	337982247796469	337982227102743
337982240399577	337982264479802	337982243912202
337982261684535	337982281163135	337982265210785
337982276803660	337982297846468	337982280257618
337982294270535	337982314529801	337982297807660
337982309839910	337982331213134	337982313334827
337982326721660	337982347896467	337982330188035
337982344460743	337982364579800	337982347950035
337982362623827	337982381263133	337982366110493
337982375859285	337982397946466	337982379376618
337982392529327	337982414629799	337982396064493
337982411081702	337982431313132	337982414688702
337982426574785	337982447996465	337982430843035
337982442685243	337982464679798	337982446808035
337982458912118	337982481363131	337982463164743
337982475635243	337982498046464	337982479980327
337982492347452	337982514729797	337982496662827
337982513282702	337982531413130	337982517714618
337982530122993	337982548096463	337982534669702
337982542886618	337982564779796	337982547419702
337982559689285	337982581463129	337982563575952
337982576541618	337982598146462	337982580049702
337982593276493	337982614829795	337982596776743
337982610031827	337982631513128	337982613527160
337982626784952	337982648196461	337982630337410
337982643728118	337982664879794	337982647277577
337982660506077	337982681563127	337982663998368
337982677199410	337982698246460	337982680691035
337982694016577	337982714929793	337982697503618
337982711550243	337982731613126	337982715006035
337982731028868	337982748296459	337982734499160
337982747874952	337982764979792	337982751316827
337982764339619	337982781663125	337982767698327
337982779851994	337982798346458	337982783328160
337982796748535	337982815029791	337982800214202
337982812441244	337982831713124	337982816080160
337982829920452	337982848396457	337982833535785
337982846968869	337982865079790	337982850417910
337982862594744	337982881763123	337982866070077
337982879561577	337982898446456	337982883141369
337982897357327	337982915129789	337982900889577
337982914800410	337982931813122	337982918745285
337982929477327	337982948496455	337982933606744
337982946366244	337982965179788	337982950611952
337982963065702	337982981863121	337982967415785
337982980085577	337982998546454	337982984448827
337982999355535	337983015229787	337983003806952
337983018007244	337983031913120	337983022517535
337983030081994	337983048596453	337983034624535
337983047003327	337983065279786	337983050897285
337983063449452	337983081963119	337983066981035
337983080765077	337983098646452	337983084273035
337983097884869	337983115329785	337983101425410
337983114131202	337983132013118	337983117691494
337983130905119	337983148696451	337983134403160
337983147921452	337983165379784	337983151468035
337983164471035	337983182063117	337983167930077
337983181033619	337983198746450	337983184536035
337983198178077	337983215429783	337983201593035
337983217343160	337983232113116	337983220689452
337983233742369	337983248796449	337983237219744
337983250678410	337983265479782	337983254201619
337983267724160	337983282163115	337983271240077
337983286097785	337983298846448	337983289484910
337983301714410	337983315529781	337983306177035
337983317008577	337983332213114	337983321503535
337983334082494	337983348896447	337983338472119
337983350437035	337983365579780	337983354524577
337983367257244	337983382263113	337983371696869
337983383690244	337983398946446	337983389098202
337983400369452	337983415629779	337983404486119
337983416425452	337983432313112	337983420672869
337983433195452	337983448996445	337983437560119
337983450051994	337983465679778	337983454405327
337983472088661	337983482363111	337983476437411
337983486762452	337983499046444	337983491316577
337983500510619	337983515729777	337983505123577
337983517299119	337983532413110	337983521249577
337983533812577	337983549096443	337983537331036
337983550766369	337983565779776	337983554289952
337983567594911	337983582463109	337983571071077
337983584367327	337983599146442	337983587851786
337983601478827	337983615829775	337983604974744
337983618003494	337983632513108	337983621499286
337983634998827	337983649196441	337983638499744
337983651422869	337983665879774	337983655254827
337983669612286	337983682563107	337983673084161
337983688355494	337983699246440	337983691823869
337983706015119	337983715929773	337983709466452
337983720701786	337983749296439	337983725178994
337983739438161	337983749296439	337983743984994
337983756225994	337983782663105	337983760653702
337983771933536	337983799346438	337983776399077
337983788220369	337983816029771	337983792659536
337983804456202	337983832713104	337983808979619
337983819941619	337983849396437	337983824445827
337983841674577	337983866079770	337983846269286
337983857418077	337983882763103	337983863030119
337983873130036	337983899446436	337983878585952
337983891236244	337983916129769	337983896940702
337983907069077	337983932813102	337983912940952
337983923361577	337983949496435	337983929262661
337983942314744	337983966179768	337983947016452
337983957292452	337983982863101	337983962108369
337983976792452	337983999546434	337983981679494
337983993396327	337984016229767	337983997546744
337984007372577	337984032913100	337984011175702
337984023162619	337984049596433	337984026956786

===
16683333
337983147921452	337983165379784	337983151468035
337983164471035	337983182063117	337983167930077
337983181033619	337983198746450	337983184536035
337983198178077	337983215429783	337983201593035
337983217343160	337983232113116	337983220689452
337983233742369	337983248796449	337983237219744
337983250678410	337983265479782	337983254201619
337983267724160	337983282163115	337983271240077
337983286097785	337983298846448	337983289484910
337983301714410	337983315529781	337983306177035
337983317008577	337983332213114	337983321503535
337983334082494	337983348896447	337983338472119
337983350437035	337983365579780	337983354524577
337983367257244	337983382263113	337983371696869
337983383690244	337983398946446	337983389098202
337983400369452	337983415629779	337983404486119
337983416425452	337983432313112	337983420672869
337983433195452	337983448996445	337983437560119
337983450051994	337983465679778	337983454405327
337983472088661	337983482363111	337983476437411
337983486762452	337983499046444	337983491316577
337983500510619	337983515729777	337983505123577
337983517299119	337983532413110	337983521249577
337983533812577	337983549096443	337983537331036
337983550766369	337983565779776	337983554289952
337983567594911	337983582463109	337983571071077
337983584367327	337983599146442	337983587851786
337983601478827	337983615829775	337983604974744
337983618003494	337983632513108	337983621499286
337983634998827	337983649196441	337983638499744
337983651422869	337983665879774	337983655254827
337983669612286	337983682563107	337983673084161
337983688355494	337983699246440	337983691823869
337983706015119	337983715929773	337983709466452
337983720701786	337983749296439	337983725178994
337983739438161	337983749296439	337983743984994
337983756225994	337983782663105	337983760653702
337983771933536	337983799346438	337983776399077
337983788220369	337983816029771	337983792659536
337983804456202	337983832713104	337983808979619
337983819941619	337983849396437	337983824445827
337983841674577	337983866079770	337983846269286
337983857418077	337983882763103	337983863030119
337983873130036	337983899446436	337983878585952
337983891236244	337983916129769	337983896940702
337983907069077	337983932813102	337983912940952
337983923361577	337983949496435	337983929262661
337983942314744	337983966179768	337983947016452
337983957292452	337983982863101	337983962108369
337983976792452	337983999546434	337983981679494
337983993396327	337984016229767	337983997546744
337984007372577	337984032913100	337984011175702
337984023162619	337984049596433	337984026956786
337984041104077	337984066279766	337984045005702
337984060306619	337984082963099	337984064155952
337984074342577	337984099646432	337984078085577
337984090696161	337984116329765	337984094474452
337984107217786	337984133013098	337984110982577
337984123812869	337984149696431	337984127570786
337984140912161	337984166379764	337984144665703
337984159762661	337984183063097	337984163527536
337984178608119	337984199746430	337984182374536
337984194301911	337984216429763	337984198037703
337984212116369	337984233113096	337984215847744
337984228308203	337984249796429	337984232114411
337984244825578	337984266479762	337984248622203
337984261852578	337984283163095	337984265725911
337984277890203	337984299846428	337984281749328
337984294459244	337984316529761	337984298294328
337984310976286	337984333213094	337984314869494
337984325324578	337984349896427	337984329132244
337984346776619	337984366579760	337984356748119
337984365722536	337984383263093	337984375802994
337984381015036	337984399946426	337984391146911
337984395684953	337984416629759	337984405803036
337984414912994	337984433313092	337984424887203
337984432406244	337984449996425	337984442424286
337984451052911	337984466679758	337984460931453
337984464531328	337984483363091	337984473924619
337984478658744	337984500046424	337984487203536
337984495468369	337984516729757	337984503884161
337984511343744	337984533413090	337984519731744
337984528676203	337984550096423	337984537080286
337984544990244	337984566779756	337984553408578
337984561798536	337984583463089	337984570224494
337984578860411	337984600146422	337984585457036
337984595400119	337984616829755	337984601972536
337984611743619	337984633513088	337984618336203
337984630265744	337984650196421	337984636843161
337984647553661	337984666879754	337984654112036
337984665645161	337984683563087	337984672273244
337984683076786	337984700246420	337984689611703
337984697324161	337984716929753	337984703880119
337984715063828	337984733613086	337984721614286
337984732053619	337984750296419	337984738578328
337984749211828	337984766979752	337984755756661
337984766903078	337984783663085	337984773437286
337984781645953	337984800346418	337984788343078
337984800582619	337984817029751	337984807174661
337984816993453	337984833713084	337984823521494
337984831889120	337984850396417	337984838214495
337984846171995	337984867079750	337984852412911
337984864923578	337984883763083	337984871140578
337984879902703	337984900446416	337984886153953
337984896546786	337984917129749	337984902774370
337984913683661	337984933813082	337984919901453
337984931833120	337984950496415	337984938054703
337984949484536	337984967179748	337984955758911
337984966818703	337984983863081	337984973133703
337984982123828	337985000546414	337984988419453
337984998741661	337985017229747	337985005028203
337985016102703	337985033913080	337985022274953
337985033688120	337985050596413	337985039901203
337985049644995	337985067279746	337985055830120
337985066776911	337985083963079	337985072838911
337985081573911	337985100646412	337985087789786
337985098751203	337985117329745	337985104990078
337985116313578	337985134013078	337985122518245
337985133906161	337985150696411	337985140132620
337985150047536	337985167379744	337985156225286
337985165934245	337985184063077	337985172176870
337985183032828	337985200746410	337985189275578
337985200278745	337985217429743	337985206457370
337985217228745	337985234113076	337985223428036
337985234743703	337985250796409	337985240951286
337985250823453	337985267479742	337985256971161
337985267707120	337985284163075	337985273874620

===
16683333
337983217343160	337983232113116	337983220689452
337983233742369	337983248796449	337983237219744
337983250678410	337983265479782	337983254201619
337983267724160	337983282163115	337983271240077
337983286097785	337983298846448	337983289484910
337983301714410	337983315529781	337983306177035
337983317008577	337983332213114	337983321503535
337983334082494	337983348896447	337983338472119
337983350437035	337983365579780	337983354524577
337983367257244	337983382263113	337983371696869
337983383690244	337983398946446	337983389098202
337983400369452	337983415629779	337983404486119
337983416425452	337983432313112	337983420672869
337983433195452	337983448996445	337983437560119
337983450051994	337983465679778	337983454405327
337983472088661	337983482363111	337983476437411
337983486762452	337983499046444	337983491316577
337983500510619	337983515729777	337983505123577
337983517299119	337983532413110	337983521249577
337983533812577	337983549096443	337983537331036
337983550766369	337983565779776	337983554289952
337983567594911	337983582463109	337983571071077
337983584367327	337983599146442	337983587851786
337983601478827	337983615829775	337983604974744
337983618003494	337983632513108	337983621499286
337983634998827	337983649196441	337983638499744
337983651422869	337983665879774	337983655254827
337983669612286	337983682563107	337983673084161
337983688355494	337983699246440	337983691823869
337983706015119	337983715929773	337983709466452
337983720701786	337983749296439	337983725178994
337983739438161	337983749296439	337983743984994
337983756225994	337983782663105	337983760653702
337983771933536	337983799346438	337983776399077
337983788220369	337983816029771	337983792659536
337983804456202	337983832713104	337983808979619
337983819941619	337983849396437	337983824445827
337983841674577	337983866079770	337983846269286
337983857418077	337983882763103	337983863030119
337983873130036	337983899446436	337983878585952
337983891236244	337983916129769	337983896940702
337983907069077	337983932813102	337983912940952
337983923361577	337983949496435	337983929262661
337983942314744	337983966179768	337983947016452
337983957292452	337983982863101	337983962108369
337983976792452	337983999546434	337983981679494
337983993396327	337984016229767	337983997546744
337984007372577	337984032913100	337984011175702
337984023162619	337984049596433	337984026956786
337984041104077	337984066279766	337984045005702
337984060306619	337984082963099	337984064155952
337984074342577	337984099646432	337984078085577
337984090696161	337984116329765	337984094474452
337984107217786	337984133013098	337984110982577
337984123812869	337984149696431	337984127570786
337984140912161	337984166379764	337984144665703
337984159762661	337984183063097	337984163527536
337984178608119	337984199746430	337984182374536
337984194301911	337984216429763	337984198037703
337984212116369	337984233113096	337984215847744
337984228308203	337984249796429	337984232114411
337984244825578	337984266479762	337984248622203
337984261852578	337984283163095	337984265725911
337984277890203	337984299846428	337984281749328
337984294459244	337984316529761	337984298294328
337984310976286	337984333213094	337984314869494
337984325324578	337984349896427	337984329132244
337984346776619	337984366579760	337984356748119
337984365722536	337984383263093	337984375802994
337984381015036	337984399946426	337984391146911
337984395684953	337984416629759	337984405803036
337984414912994	337984433313092	337984424887203
337984432406244	337984449996425	337984442424286
337984451052911	337984466679758	337984460931453
337984464531328	337984483363091	337984473924619
337984478658744	337984500046424	337984487203536
337984495468369	337984516729757	337984503884161
337984511343744	337984533413090	337984519731744
337984528676203	337984550096423	337984537080286
337984544990244	337984566779756	337984553408578
337984561798536	337984583463089	337984570224494
337984578860411	337984600146422	337984585457036
337984595400119	337984616829755	337984601972536
337984611743619	337984633513088	337984618336203
337984630265744	337984650196421	337984636843161
337984647553661	337984666879754	337984654112036
337984665645161	337984683563087	337984672273244
337984683076786	337984700246420	337984689611703
337984697324161	337984716929753	337984703880119
337984715063828	337984733613086	337984721614286
337984732053619	337984750296419	337984738578328
337984749211828	337984766979752	337984755756661
337984766903078	337984783663085	337984773437286
337984781645953	337984800346418	337984788343078
337984800582619	337984817029751	337984807174661
337984816993453	337984833713084	337984823521494
337984831889120	337984850396417	337984838214495
337984846171995	337984867079750	337984852412911
337984864923578	337984883763083	337984871140578
337984879902703	337984900446416	337984886153953
337984896546786	337984917129749	337984902774370
337984913683661	337984933813082	337984919901453
337984931833120	337984950496415	337984938054703
337984949484536	337984967179748	337984955758911
337984966818703	337984983863081	337984973133703
337984982123828	337985000546414	337984988419453
337984998741661	337985017229747	337985005028203
337985016102703	337985033913080	337985022274953
337985033688120	337985050596413	337985039901203
337985049644995	337985067279746	337985055830120
337985066776911	337985083963079	337985072838911
337985081573911	337985100646412	337985087789786
337985098751203	337985117329745	337985104990078
337985116313578	337985134013078	337985122518245
337985133906161	337985150696411	337985140132620
337985150047536	337985167379744	337985156225286
337985165934245	337985184063077	337985172176870
337985183032828	337985200746410	337985189275578
337985200278745	337985217429743	337985206457370
337985217228745	337985234113076	337985223428036
337985234743703	337985250796409	337985240951286
337985250823453	337985267479742	337985256971161
337985267707120	337985284163075	337985273874620
337985284054870	337985300846408	337985290071453
337985299942495	337985317529741	337985306185786
337985317223286	337985334213074	337985323515578
337985333204078	337985350896407	337985339423703

