Applications Graphics Acceleration Info:
Uptime: 338041373 Realtime: 372715483

** Graphics info for pid 7417 [com.auroratv.lab] **

Stats since: 338029752377724ns
Total frames rendered: 408
Janky frames: 14 (3.43%)
Janky frames (legacy): 368 (90.20%)
50th percentile: 23ms
90th percentile: 32ms
95th percentile: 53ms
99th percentile: 89ms
Number Missed Vsync: 1
Number High input latency: 784
Number Slow UI thread: 9
Number Slow bitmap uploads: 0
Number Slow issue draw commands: 13
Number Frame deadline missed: 14
Number Frame deadline missed (legacy): 18
HISTOGRAM: 5ms=0 6ms=0 7ms=0 8ms=0 9ms=0 10ms=0 11ms=0 12ms=0 13ms=0 14ms=4 15ms=5 16ms=0 17ms=1 18ms=2 19ms=7 20ms=1 21ms=10 22ms=51 23ms=128 24ms=84 25ms=30 26ms=16 27ms=7 28ms=4 29ms=5 30ms=2 31ms=7 32ms=6 34ms=2 36ms=1 38ms=3 40ms=2 42ms=1 44ms=1 46ms=1 48ms=2 53ms=5 57ms=6 61ms=3 65ms=0 69ms=0 73ms=1 77ms=0 81ms=2 85ms=0 89ms=4 93ms=0 97ms=3 101ms=1 105ms=0 109ms=0 113ms=0 117ms=0 121ms=0 125ms=0 129ms=0 133ms=0 150ms=0 200ms=0 250ms=0 300ms=0 350ms=0 400ms=0 450ms=0 500ms=0 550ms=0 600ms=0 650ms=0 700ms=0 750ms=0 800ms=0 850ms=0 900ms=0 950ms=0 1000ms=0 1050ms=0 1100ms=0 1150ms=0 1200ms=0 1250ms=0 1300ms=0 1350ms=0 1400ms=0 1450ms=0 1500ms=0 1550ms=0 1600ms=0 1650ms=0 1700ms=0 1750ms=0 1800ms=0 1850ms=0 1900ms=0 1950ms=0 2000ms=0 2050ms=0 2100ms=0 2150ms=0 2200ms=0 2250ms=0 2300ms=0 2350ms=0 2400ms=0 2450ms=0 2500ms=0 2550ms=0 2600ms=0 2650ms=0 2700ms=0 2750ms=0 2800ms=0 2850ms=0 2900ms=0 2950ms=0 3000ms=0 3050ms=0 3100ms=0 3150ms=0 3200ms=0 3250ms=0 3300ms=0 3350ms=0 3400ms=0 3450ms=0 3500ms=0 3550ms=0 3600ms=0 3650ms=0 3700ms=0 3750ms=0 3800ms=0 3850ms=0 3900ms=0 3950ms=0 4000ms=0 4050ms=0 4100ms=0 4150ms=0 4200ms=0 4250ms=0 4300ms=0 4350ms=0 4400ms=0 4450ms=0 4500ms=0 4550ms=0 4600ms=0 4650ms=0 4700ms=0 4750ms=0 4800ms=0 4850ms=0 4900ms=0 4950ms=0
50th gpu percentile: 7ms
90th gpu percentile: 10ms
95th gpu percentile: 22ms
99th gpu percentile: 4950ms
GPU HISTOGRAM: 1ms=0 2ms=0 3ms=0 4ms=0 5ms=1 6ms=3 7ms=312 8ms=10 9ms=32 10ms=16 11ms=0 12ms=0 13ms=2 14ms=0 15ms=0 16ms=1 17ms=2 18ms=0 19ms=5 20ms=1 21ms=1 22ms=2 23ms=0 24ms=0 25ms=2 4950ms=18

Pipeline=Skia (OpenGL)
Memory policy:
  Max surface area: 2073600
  Max resource usage: 99.53MB (x48)
  Background retention: 50% (altUiHidden = true)
  GPU Context timeout: 10
Contexts: 1 (stopped = 0)
CPU Caches:
  Glyph Cache: 1.87 MB (1 entry)
  Glyph Count: 96 
Total CPU memory usage:
  1959113 bytes, 1.87 MB (0.00 bytes is purgeable)
GPU Caches:
  Image:
    Texture: 16.46 MB (46 entries)
  Other:
    Other: 178.86 KB (1 entry)
    Buffer Object: 464.00 bytes (2 entries)
    StencilAttachment: 15.00 KB (4 entries)
  Scratch:
    RenderTarget: 11.90 MB (39 entries)
    Texture: 4.04 MB (6 entries)
    Buffer Object: 78.03 KB (3 entries)
Total GPU memory usage:
  34251408 bytes, 32.66 MB (13.11 MB is purgeable)

Profile data in ms:

	com.auroratv.lab/com.auroratv.MainActivity/android.view.ViewRootImpl@85f673e (visibility=0)
Window: com.auroratv.lab/com.auroratv.MainActivity
Stats since: 338029752376933ns
Total frames rendered: 408
Janky frames: 14 (3.43%)
Janky frames (legacy): 368 (90.20%)
50th percentile: 23ms
90th percentile: 32ms
95th percentile: 53ms
99th percentile: 89ms
Number Missed Vsync: 1
Number High input latency: 784
Number Slow UI thread: 9
Number Slow bitmap uploads: 0
Number Slow issue draw commands: 13
Number Frame deadline missed: 14
Number Frame deadline missed (legacy): 18
HISTOGRAM: 5ms=0 6ms=0 7ms=0 8ms=0 9ms=0 10ms=0 11ms=0 12ms=0 13ms=0 14ms=4 15ms=5 16ms=0 17ms=1 18ms=2 19ms=7 20ms=1 21ms=10 22ms=51 23ms=128 24ms=84 25ms=30 26ms=16 27ms=7 28ms=4 29ms=5 30ms=2 31ms=7 32ms=6 34ms=2 36ms=1 38ms=3 40ms=2 42ms=1 44ms=1 46ms=1 48ms=2 53ms=5 57ms=6 61ms=3 65ms=0 69ms=0 73ms=1 77ms=0 81ms=2 85ms=0 89ms=4 93ms=0 97ms=3 101ms=1 105ms=0 109ms=0 113ms=0 117ms=0 121ms=0 125ms=0 129ms=0 133ms=0 150ms=0 200ms=0 250ms=0 300ms=0 350ms=0 400ms=0 450ms=0 500ms=0 550ms=0 600ms=0 650ms=0 700ms=0 750ms=0 800ms=0 850ms=0 900ms=0 950ms=0 1000ms=0 1050ms=0 1100ms=0 1150ms=0 1200ms=0 1250ms=0 1300ms=0 1350ms=0 1400ms=0 1450ms=0 1500ms=0 1550ms=0 1600ms=0 1650ms=0 1700ms=0 1750ms=0 1800ms=0 1850ms=0 1900ms=0 1950ms=0 2000ms=0 2050ms=0 2100ms=0 2150ms=0 2200ms=0 2250ms=0 2300ms=0 2350ms=0 2400ms=0 2450ms=0 2500ms=0 2550ms=0 2600ms=0 2650ms=0 2700ms=0 2750ms=0 2800ms=0 2850ms=0 2900ms=0 2950ms=0 3000ms=0 3050ms=0 3100ms=0 3150ms=0 3200ms=0 3250ms=0 3300ms=0 3350ms=0 3400ms=0 3450ms=0 3500ms=0 3550ms=0 3600ms=0 3650ms=0 3700ms=0 3750ms=0 3800ms=0 3850ms=0 3900ms=0 3950ms=0 4000ms=0 4050ms=0 4100ms=0 4150ms=0 4200ms=0 4250ms=0 4300ms=0 4350ms=0 4400ms=0 4450ms=0 4500ms=0 4550ms=0 4600ms=0 4650ms=0 4700ms=0 4750ms=0 4800ms=0 4850ms=0 4900ms=0 4950ms=0
50th gpu percentile: 7ms
90th gpu percentile: 10ms
95th gpu percentile: 22ms
99th gpu percentile: 4950ms
GPU HISTOGRAM: 1ms=0 2ms=0 3ms=0 4ms=0 5ms=1 6ms=3 7ms=312 8ms=10 9ms=32 10ms=16 11ms=0 12ms=0 13ms=2 14ms=0 15ms=0 16ms=1 17ms=2 18ms=0 19ms=5 20ms=1 21ms=1 22ms=2 23ms=0 24ms=0 25ms=2 4950ms=18



---PROFILEDATA---
Flags,FrameTimelineVsyncId,IntendedVsync,Vsync,InputEventId,HandleInputStart,AnimationStart,PerformTraversalsStart,DrawStart,FrameDeadline,FrameInterval,FrameStartTime,SyncQueued,SyncStart,IssueDrawCommandsStart,SwapBuffers,FrameCompleted,DequeueBufferDuration,QueueBufferDuration,GpuCompleted,SwapBuffersCompleted,DisplayPresentTime,CommandSubmissionCompleted,
0,117097513,338036479769271,338036479769271,0,338036480063102,338036480064477,338036480595061,338036480740311,338036532052032,338036480056852,16799714,338036480940644,338036486880519,338036487785561,338036502936227,338036509794269,12064000,287625,338036509794269,338036503532644,-1,338036502936227,
0,117097521,338036496568985,338036496568985,0,338036496831061,338036496832436,338036497366561,338036497511019,338036548851746,338036496824477,16799714,338036497712894,338036503672019,338036504974227,338036519410644,338036526024894,11763333,280125,338036526024894,338036519975977,-1,338036519410644,
0,117097529,338036513368699,338036513368699,0,338036513636519,338036513637811,338036514134186,338036514280186,338036565651460,338036513630519,16799714,338036514478311,338036520142477,338036521044394,338036536143352,338036542748811,12381250,277667,338036542748811,338036536707727,-1,338036536143352,
0,117097537,338036530168413,338036530168413,0,338036530439477,338036530440769,338036530920811,338036531092769,338036582451174,338036530433602,16799714,338036531357852,338036536840186,338036537726144,338036553008019,338036559575269,12515250,280125,338036559575269,338036553575102,-1,338036553008019,
0,117097545,338036546968127,338036546968127,0,338036547245269,338036547246519,338036547780811,338036547924269,338036599250888,338036547239769,16799714,338036548384686,338036553709436,338036554653436,338036569705311,338036576197103,12389792,276625,338036576197103,338036570261644,-1,338036569705311,
0,117097553,338036563767841,338036563767841,0,338036564082644,338036564084019,338036564602853,338036564783728,338036616050602,338036564075686,16799714,338036565012436,338036570406311,338036571270103,338036586569603,338036593058811,12585375,272959,338036593058811,338036587129311,-1,338036586569603,
0,117097561,338036580567555,338036580567555,0,338036580827519,338036580828853,338036581299978,338036581450853,338036632850316,338036580821436,16799714,338036581662478,338036587262228,338036588169519,338036603476394,338036609956769,12690959,272084,338036609956769,338036604075686,-1,338036603476394,
0,117097569,338036597367269,338036597367269,0,338036597654269,338036597655853,338036598121269,338036598270103,338036649650030,338036597648436,16799714,338036598468061,338036604212269,338036605143978,338036620086436,338036626562061,12264958,289750,338036626562061,338036620668478,-1,338036620086436,
0,117097577,338036614166983,338036614166983,0,338036614428394,338036614429519,338036614967519,338036615165311,338036666449744,338036614422228,16799714,338036615347019,338036620801894,338036621668936,338036636899311,338036643368103,12542250,274875,338036643368103,338036637455728,-1,338036636899311,
0,117097585,338036630966697,338036630966697,0,338036631237394,338036631238686,338036631709686,338036631860436,338036683249458,338036631231186,16799714,338036632104269,338036637653103,338036638521978,338036653737603,338036660210769,12551209,275084,338036660210769,338036654301019,-1,338036653737603,
0,117097593,338036647766411,338036647766411,0,338036648072769,338036648074186,338036648539894,338036648687228,338036700049172,338036648065894,16799714,338036648840436,338036654431728,338036655289103,338036670534061,338036677002311,12580584,277416,338036677002311,338036671101144,-1,338036670534061,
0,117097601,338036664566125,338036664566125,0,338036664826144,338036664827936,338036665334478,338036665550561,338036716848886,338036664820561,16799714,338036665723019,338036671233603,338036672144561,338036687434811,338036693930644,12604125,295209,338036693930644,338036688076478,-1,338036687434811,
0,117097609,338036681365839,338036681365839,0,338036681622853,338036681624478,338036682452603,338036682610894,338036733648600,338036681617269,16799714,338036682845769,338036688217936,338036689236894,338036707126519,338036713832728,13005542,732292,338036713832728,338036708313728,-1,338036707126519,
0,117097617,338036698165553,338036698165553,0,338036698530603,338036698532436,338036709802853,338036710056978,338036750448314,338036698522019,16799714,338036710211144,338036710379769,338036712160561,338036724408769,338036731015561,6615166,478458,338036731015561,338036725337936,-1,338036724408769,
0,117097625,338036714965267,338036714965267,0,338036715294103,338036715296061,338036715889269,338036716125811,338036767248028,338036715285686,16799714,338036716170519,338036725529311,338036726646353,338036739372978,338036745970394,8868625,439750,338036745970394,338036740195019,-1,338036739372978,
0,117097633,338036731764981,338036731764981,0,338036732146603,338036732148478,338036732620103,338036732799353,338036784047742,338036732138478,16799714,338036732842561,338036740669311,338036741696853,338036756887894,338036763460019,10921083,400375,338036763460019,338036757695186,-1,338036756887894,
0,117097641,338036748564695,338036748564695,0,338036749015811,338036749018478,338036749552019,338036749758478,338036800847456,338036749005353,16799714,338036749806394,338036757911353,338036758938811,338036773656269,338036780264519,10231792,494750,338036780264519,338036774721603,-1,338036773656269,
0,117097649,338036765364409,338036765364409,0,338036765715978,338036765717978,338036766252519,338036766432019,338036817647170,338036765707978,16799714,338036766546103,338036774935478,338036775953228,338036789722894,338036796255228,9954042,373208,338036796255228,338036790476144,-1,338036789722894,
0,117097657,338036782164123,338036782164123,0,338036782510103,338036782511894,338036783078561,338036783257186,338036834446884,338036782502061,16799714,338036783300478,338036790743394,338036791596603,338036806778686,338036813333769,11076292,393291,338036813333769,338036807587519,-1,338036806778686,
0,117097665,338036798963837,338036798963837,0,338036799363103,338036799365269,338036799913644,338036800181853,338036851246598,338036799353228,16799714,338036800231103,338036807749644,338036808670269,338036824741519,338036831412644,11274083,392250,338036831412644,338036825590311,-1,338036824741519,
0,117097673,338036815763551,338036815763551,0,338036816198436,338036816200728,338036816733561,338036817037103,338036868046312,338036816188561,16799714,338036817086269,338036825748853,338036826624728,338036841693978,338036848243644,10124958,433292,338036848243644,338036842608478,-1,338036841693978,
0,117097681,338036832563265,338036832563265,0,338036832920394,338036832922978,338036833462519,338036833667019,338036884846026,338036832910769,16799714,338036833715894,338036842794561,338036844126811,338036857798853,338036864328978,9061959,449042,338036864328978,338036858700186,-1,338036857798853,
0,117097689,338036849362979,338036849362979,0,338036849716519,338036849718728,338036850208853,338036850427811,338036901645740,338036849707686,16799714,338036850471561,338036858886853,338036859890436,338036873758644,338036880304978,10020917,526875,338036880304978,338036874747936,-1,338036873758644,
0,117097697,338036866162693,338036866162693,0,338036866514353,338036866516228,338036867008894,338036867208561,338036918445454,338036866505728,16799714,338036867276603,338036874935436,338036876151936,338036890729186,338036897323853,10542500,377875,338036897323853,338036891585686,-1,338036890729186,
0,117097705,338036882962407,338036882962407,0,338036883657853,338036883659603,338036884204561,338036884406644,338036935245168,338036883649811,16799714,338036884449061,338036891746061,338036892744144,338036907980103,338036914524728,11127583,382625,338036914524728,338036908776894,-1,338036907980103,
0,117097835,338037185357259,338037185357259,-33608922,338037185685103,338037185686728,338037245500186,338037245803269,338037204040592,338037185678769,16799714,338037258243561,338037258367311,338037260212728,338037263310645,338037282237978,21791,433375,338037282237978,338037264085103,-1,338037263310645,
0,117097842,338037202156973,338037252556115,0,338037260617145,338037260618270,338037261341436,338037261517395,338037304838876,338037260604561,16799714,338037262195686,338037264224728,338037265195353,338037270259103,338037307619978,16750,11774417,338037307619978,338037282367186,-1,338037270259103,
0,117097849,338037269355829,338037269355829,0,338037269662395,338037269663811,338037273819436,338037274004853,338037338438304,338037269655520,16799714,338037275451353,338037282495936,338037283405811,338037293679353,338037333918978,6050041,13727334,338037333918978,338037307721186,-1,338037293679353,
0,117097857,338037286155543,338037286155543,0,338037286404645,338037286405936,338037286932936,338037287081311,338037355238018,338037286398811,16799714,338037287288395,338037307855228,338037308771311,338037327464895,338037359705520,14295583,6241250,338037359705520,338037334005853,-1,338037327464895,
0,117097865,338037302955257,338037302955257,0,338037308970853,338037308971686,338037309491478,338037309632061,338037388837446,338037308965728,16799714,338037309828436,338037334140770,338037335113353,338037343559645,338037385787811,4728083,15954042,338037385787811,338037359830645,-1,338037343559645,
0,117097873,338037319754971,338037319754971,0,338037335412603,338037335413561,338037335879145,338037336053853,338037405637160,338037335407436,16799714,338037336262353,338037359958811,338037360868936,338037377407020,338037401663436,12663041,8171875,338037401663436,338037385886353,-1,338037377407020,
0,117097890,338037370154113,338037370154113,0,338037370414853,338037370416103,338037370906645,338037371082561,338037422436874,338037370409186,16799714,338037371584770,338037386037603,338037387022811,338037393966186,338037410409520,3259417,7479167,338037410409520,338037401789478,-1,338037393966186,
0,117097898,338037386953827,338037386953827,0,338037387230353,338037387231311,338037387728520,338037387875645,338037439236588,338037387225311,16799714,338037388105686,338037401919811,338037402817686,338037410753936,338037419810270,4286791,341750,338037419810270,338037411387686,-1,338037410753936,
0,117097906,338037403753541,338037403753541,0,338037403999520,338037404026145,338037404447228,338037404588311,338037456036302,338037403993520,16799714,338037404852186,338037411520311,338037412491686,338037427442811,338037436447645,11388583,282917,338037436447645,338037428091770,-1,338037427442811,
0,117097914,338037420553255,338037420553255,0,338037420795270,338037420796603,338037421283603,338037421427395,338037472836016,338037420789520,16799714,338037421618228,338037428253645,338037429182311,338037444271770,338037453272520,11548083,286375,338037453272520,338037444916103,-1,338037444271770,
0,117097922,338037437352969,338037437352969,0,338037437604561,338037437606020,338037438098353,338037438238686,338037489635730,338037437598853,16799714,338037438431770,338037445050228,338037445930561,338037461032895,338037469944270,11623167,281042,338037469944270,338037461637728,-1,338037461032895,
0,117097930,338037454152683,338037454152683,0,338037454401770,338037454403020,338037454838270,338037454979478,338037506435444,338037454395728,16799714,338037455170520,338037461770936,338037462735145,338037477687811,338037486606395,11509416,303875,338037486606395,338037478353520,-1,338037477687811,
0,117097938,338037470952397,338037470952397,0,338037471214603,338037471215895,338037471701645,338037471903520,338037523235158,338037471208436,16799714,338037472126603,338037478486686,338037479446103,338037496721936,338037503426978,12265666,690375,338037503426978,338037497887270,-1,338037496721936,
0,117097946,338037487752111,338037487752111,0,338037488025436,338037488027020,338037488468603,338037488609520,338037540034872,338037487994811,16799714,338037488872645,338037498061061,338037499366228,338037513659436,338037520296978,9243042,766083,338037520296978,338037514866895,-1,338037513659436,
0,117097954,338037504551825,338037504551825,0,338037504951811,338037504954228,338037505607478,338037505807811,338037556834586,338037504942770,16799714,338037506094270,338037515058811,338037516562186,338037530841186,338037537554228,8817959,741542,338037537554228,338037532073103,-1,338037530841186,
0,117097962,338037521351539,338037521351539,0,338037521723353,338037521725728,338037522287561,338037522484103,338037573634300,338037521714936,16799714,338037522768103,338037532248228,338037533483103,338037547704311,338037554353811,8830750,814042,338037554353811,338037549039561,-1,338037547704311,
0,117097970,338037538151253,338037538151253,0,338037538489561,338037538491478,338037539005728,338037539187478,338037590434014,338037538481561,16799714,338037539452728,338037549298936,338037550586228,338037564059895,338037570747353,8168667,873459,338037570747353,338037565391311,-1,338037564059895,
0,117097978,338037554950967,338037554950967,0,338037555283603,338037555285311,338037555837895,338037556113603,338037607233728,338037555276103,16799714,338037556503061,338037565578811,338037566843603,338037580400395,338037587083103,8718875,847834,338037587083103,338037581644395,-1,338037580400395,
0,117097986,338037571750681,338037571750681,0,338037572193478,338037572195311,338037572770270,338037573053770,338037624033442,338037572185645,16799714,338037573321353,338037581815978,338037583119853,338037598831603,338037605469395,9688750,986208,338037605469395,338037600277145,-1,338037598831603,
0,117097994,338037588550395,338037588550395,0,338037588950728,338037588952686,338037589485520,338037589684978,338037640833156,338037588941603,16799714,338037589945061,338037600478686,338037601959478,338037614597603,338037621190770,7469833,774125,338037621190770,338037615796353,-1,338037614597603,
0,117098002,338037605350109,338037605350109,0,338037605754811,338037605756645,338037606218603,338037606511770,338037657632870,338037605745770,16799714,338037606780853,338037615969311,338037617177228,338037632421145,338037639053353,9132792,749250,338037639053353,338037633621478,-1,338037632421145,
0,117098010,338037622149823,338037622149823,0,338037622495270,338037622497103,338037622970936,338037623184811,338037674432584,338037622487311,16799714,338037623467645,338037633860770,338037635100228,338037649144728,338037655920186,7725584,884208,338037655920186,338037650571270,-1,338037649144728,
0,117098018,338037638949537,338037638949537,0,338037639340978,338037639342686,338037639764270,338037639951936,338037691232298,338037639332603,16799714,338037640285311,338037650767895,338037652313395,338037664499645,338037671127936,7271083,851459,338037671127936,338037665811686,-1,338037664499645,
0,117098026,338037655749251,338037655749251,0,338037656208603,338037656210478,338037656632645,338037656817811,338037708032012,338037656200520,16799714,338037657056186,338037666088311,338037667459895,338037681219520,338037687895686,8876167,825625,338037687895686,338037682466228,-1,338037681219520,
0,117098034,338037672548965,338037672548965,0,338037672985603,338037672987728,338037673467686,338037673680353,338037724831726,338037672975520,16799714,338037673961978,338037682636561,338037683772186,338037698597311,338037705204520,9876000,678584,338037705204520,338037699697728,-1,338037698597311,
0,117098042,338037689348679,338037689348679,0,338037689777645,338037689780145,338037690261645,338037690476478,338037741631440,338037689767603,16799714,338037690760145,338037699867061,338037701114811,338037716234811,338037722932478,9188875,713750,338037722932478,338037717403353,-1,338037716234811,
0,117098050,338037706148393,338037706148393,0,338037706586311,338037706588520,338037707062978,338037707279686,338037758431154,338037706576311,16799714,338037707561561,338037717572936,338037718772478,338037733340770,338037739944436,8433000,1047584,338037739944436,338037734848520,-1,338037733340770,
0,117098058,338037722948107,338037722948107,0,338037723301020,338037723303228,338037723723770,338037723907020,338037775230868,338037723292811,16799714,338037724185603,338037735047603,338037736356228,338037749282936,338037755910395,7224875,846791,338037755910395,338037750627103,-1,338037749282936,
0,117098066,338037739747821,338037739747821,0,338037740176186,338037740178103,338037740607978,338037740794270,338037792030582,338037740166978,16799714,338037741038561,338037750884645,338037752443228,338037765448686,338037772195728,7891625,870250,338037772195728,338037766828311,-1,338037765448686,
0,117098074,338037756547535,338037756547535,0,338037756913770,338037756915686,338037757333895,338037757517770,338037808830296,338037756905478,16799714,338037757758061,338037767050478,338037768516728,338037782271728,338037789170770,8992291,763166,338037789170770,338037783565311,-1,338037782271728,
0,117098082,338037773347249,338037773347249,0,338037773756520,338037773758645,338037774240228,338037774572645,338037825630010,338037773746770,16799714,338037774905186,338037783737520,338037785036145,338037799724686,338037806502311,9326292,830875,338037806502311,338037801179186,-1,338037799724686,
0,117098090,338037790146963,338037790146963,0,338037790594353,338037790597145,338037791177978,338037791408436,338037842429724,338037790583686,16799714,338037791728686,338037801365311,338037802534311,338037817536186,338037824162853,8539833,711708,338037824162853,338037818651895,-1,338037817536186,
0,117098098,338037806946677,338037806946677,0,338037807387103,338037807389520,338037807868103,338037808129395,338037859229438,338037807377395,16799714,338037808415103,338037818821353,338037820270936,338037833957270,338037840830145,7649750,845792,338037840830145,338037835310686,-1,338037833957270,
0,117098106,338037823746391,338037823746391,0,338037824127186,338037824129270,338037824558936,338037824745978,338037876029152,338037824118811,16799714,338037824984686,338037835559895,338037836967603,338037849334395,338037855970645,7416833,439333,338037855970645,338037850233270,-1,338037849334395,
0,117098114,338037840546105,338037840546105,0,338037840947728,338037840949561,338037841398895,338037841589686,338037892828866,338037840939228,16799714,338037841863270,338037850433853,338037851763311,338037866025353,338037872631520,9423833,716041,338037872631520,338037867133436,-1,338037866025353,
0,117098122,338037857345819,338037857345819,0,338037857790061,338037857791895,338037858239686,338037858432186,338037909628580,338037857781770,16799714,338037858783270,338037867304061,338037868932561,338037883191770,338037889884770,9495042,848708,338037889884770,338037884511270,-1,338037883191770,
0,117098130,338037874145533,338037874145533,0,338037874559895,338037874562395,338037875072228,338037875293103,338037926428294,338037874549853,16799714,338037875589686,338037884681228,338037885884145,338037900549353,338037907148686,9240459,685959,338037907148686,338037901666853,-1,338037900549353,
0,117098138,338037890945247,338037890945247,0,338037891356645,338037891358728,338037891887186,338037892268728,338037943228008,338037891346270,16799714,338037892566686,338037901878145,338037903063270,338037917894270,338037924535103,8849125,708709,338037924535103,338037919064395,-1,338037917894270,
0,117098146,338037907744961,338037907744961,0,338037908194353,338037908196603,338037908807603,338037909030478,338037960027722,338037908184853,16799714,338037909329645,338037919235311,338037920462520,338037934166603,338037940896478,8250417,439291,338037940896478,338037935080478,-1,338037934166603,
0,117098154,338037924544675,338037924544675,0,338037924903770,338037924905561,338037925346603,338037925628436,338037976827436,338037924895186,16799714,338037925882186,338037935284936,338037936708061,338037951394061,338037958020436,8538708,514708,338037958020436,338037952315603,-1,338037951394061,
0,117098162,338037941344389,338037941344389,0,338037941688145,338037941689770,338037942153561,338037942544478,338037993627150,338037941680228,16799714,338037942856436,338037952478728,338037953591395,338037966012520,338037972681478,8110042,345208,338037972681478,338037966733478,-1,338037966012520,
0,117098170,338037958144103,338037958144103,0,338037958560853,338037958562770,338037959133395,338037959299437,338038010426864,338037958552478,16799714,338037959518562,338037966967520,338037968297228,338037983157187,338037989870187,10530708,343458,338037989870187,338037983990020,-1,338037983157187,
0,117098178,338037974943817,338037974943817,0,338037975286853,338037975288353,338037975805353,338037975979770,338038027226578,338037975279062,16799714,338037976252228,338037984177270,338037985293728,338037999085270,338038005637478,9776833,317625,338038005637478,338037999731645,-1,338037999085270,
0,117098186,338037991743531,338037991743531,0,338037992092645,338037992094478,338037992468395,338037992624395,338038044026292,338037992085937,16799714,338037992941270,338037999938812,338038000939395,338038016195812,338038022877353,11142208,434708,338038022877353,338038017052062,-1,338038016195812,
0,117098194,338038008543245,338038008543245,-478212347,338038008843978,338038008845437,338038011019145,338038011203312,338038060826006,338038008837395,16799714,338038011990520,338038017190978,338038018325770,338038032600395,338038039248228,10501125,312875,338038039248228,338038033272478,-1,338038032600395,
0,117098202,338038025342959,338038025342959,0,338038025683312,338038025684895,338038026259312,338038026444270,338038077625720,338038025676395,16799714,338038026975145,338038033481020,338038034535645,338038050071020,338038056870687,11104583,318792,338038056870687,338038050774145,-1,338038050071020,
0,117098210,338038042142673,338038042142673,0,338038042441395,338038042442770,338038055627770,338038055779103,338038094425434,338038042435520,16799714,338038059450853,338038059577145,338038060648937,338038067390478,338038074138603,1736583,299584,338038074138603,338038068032437,-1,338038067390478,
0,117098218,338038058942387,338038058942387,0,338038060908520,338038060909687,338038065268687,338038065527853,338038111225148,338038060902728,16799714,338038067129270,338038068168520,338038069119103,338038084338478,338038093192562,9896666,286542,338038093192562,338038084921978,-1,338038084338478,
0,117098226,338038075742101,338038075742101,0,338038076035895,338038076037145,338038076620270,338038076769312,338038128024862,338038076029478,16799714,338038076969062,338038085055937,338038085947728,338038099148687,338038107281270,9900583,282584,338038107281270,338038099734312,-1,338038099148687,
0,117098234,338038092541815,338038092541815,0,338038092798853,338038092800270,338038093307228,338038093456520,338038144824576,338038092793395,16799714,338038093780937,338038099944978,338038100866603,338038115919687,338038123485853,11835333,278166,338038123485853,338038116527728,-1,338038115919687,
0,117098242,338038109341529,338038109341529,0,338038109603978,338038109605562,338038110166103,338038110316062,338038161624290,338038109598020,16799714,338038110530187,338038116660145,338038117654395,338038132847812,338038139951728,11766792,278208,338038139951728,338038133427853,-1,338038132847812,
0,117098250,338038126141243,338038126141243,0,338038126401937,338038126403228,338038126915978,338038127132353,338038178424004,338038126395812,16799714,338038127357978,338038133609228,338038134572978,338038149637187,338038156487937,11689958,341625,338038156487937,338038150274020,-1,338038149637187,
0,117098258,338038142940957,338038142940957,0,338038143202478,338038143203895,338038143705353,338038143854520,338038195223718,338038143197020,16799714,338038144099562,338038150406853,338038151366437,338038166001062,338038172694312,11686459,274042,338038172694312,338038166637270,-1,338038166001062,
0,117098266,338038159740671,338038159740671,0,338038159997645,338038159999020,338038160542603,338038160696187,338038212023432,338038159991937,16799714,338038160911020,338038166770687,338038167732937,338038182803395,338038189388770,12086167,277292,338038189388770,338038183422187,-1,338038182803395,
0,117098274,338038176540385,338038176540385,0,338038176797062,338038176798353,338038177326187,338038177475728,338038228823146,338038176791103,16799714,338038177923937,338038183580478,338038184520187,338038199483562,338038205997562,12104167,351583,338038205997562,338038200160353,-1,338038199483562,
0,117098282,338038193340099,338038193340099,0,338038193603020,338038193604312,338038194078895,338038194236270,338038245622860,338038193597187,16799714,338038194445270,338038200451770,338038201389062,338038216130062,338038222638937,12034000,277667,338038222638937,338038216694353,-1,338038216130062,
0,117098290,338038210139813,338038210139813,0,338038210398603,338038210399978,338038210913645,338038211063562,338038262422574,338038210392770,16799714,338038211273437,338038216826770,338038217785645,338038233258312,338038239754103,12489541,276375,338038239754103,338038233828937,-1,338038233258312,
0,117098298,338038226939527,338038226939527,0,338038227194937,338038227196353,338038227738645,338038227887895,338038279222288,338038227188395,16799714,338038228130062,338038233962187,338038234832895,338038250050187,338038256525478,12172917,339125,338038256525478,338038250677228,-1,338038250050187,
0,117098306,338038243739241,338038243739241,0,338038244053228,338038244054437,338038244523228,338038244673187,338038296022002,338038244046687,16799714,338038244874478,338038250811770,338038251754270,338038266596478,338038273131145,12058417,512292,338038273131145,338038267480895,-1,338038266596478,
0,117098314,338038260538955,338038260538955,0,338038260802603,338038260804020,338038261274645,338038261424812,338038312821716,338038260796562,16799714,338038261607687,338038267612395,338038268609520,338038283611728,338038290126020,12109875,638334,338038290126020,338038284575770,-1,338038283611728,
0,117098322,338038277338669,338038277338669,0,338038277653853,338038277655228,338038278155853,338038278314812,338038329621430,338038277647562,16799714,338038278505437,338038284714437,338038285747937,338038300765853,338038307327562,11924709,561250,338038307327562,338038301647228,-1,338038300765853,
0,117098330,338038294138383,338038294138383,0,338038294440978,338038294442437,338038295357145,338038295626145,338038346421144,338038294434145,16799714,338038295828520,338038301778687,338038302714937,338038317299770,338038323769978,11536291,559583,338038323769978,338038318162062,-1,338038317299770,
0,117098338,338038310938097,338038310938097,0,338038311255062,338038311256312,338038311710520,338038311863728,338038363220858,338038311248937,16799714,338038312196770,338038318293187,338038319173312,338038335276603,338038341897478,12142167,675584,338038341897478,338038336396270,-1,338038335276603,
0,117098346,338038327737811,338038327737811,0,338038328106062,338038328107770,338038329044228,338038329216687,338038380020572,338038328098812,16799714,338038329400312,338038336620228,338038337700312,338038353839520,338038360373770,10824125,835708,338038360373770,338038355088270,-1,338038353839520,
0,117098354,338038344537525,338038344537525,0,338038344911062,338038344912853,338038353267603,338038353493437,338038396820286,338038344903312,16799714,338038353613937,338038355256187,338038356984770,338038369287437,338038375797562,8517542,731916,338038375797562,338038370412062,-1,338038369287437,
0,117098362,338038361337239,338038361337239,0,338038361749895,338038361751812,338038362357187,338038362687937,338038413620000,338038361740145,16799714,338038362735520,338038370569770,338038371420520,338038387118937,338038393776228,11043083,939500,338038393776228,338038388495895,-1,338038387118937,
0,117098370,338038378136953,338038378136953,0,338038378615603,338038378617770,338038379139437,338038379346520,338038430419714,338038378605062,16799714,338038379395645,338038388668062,338038389705062,338038403086395,338038409655978,9301875,733333,338038409655978,338038404370395,-1,338038403086395,
0,117098378,338038394936667,338038394936667,0,338038395354062,338038395356187,338038395848812,338038396088062,338038447219428,338038395345145,16799714,338038396136187,338038404612978,338038405464478,338038420485687,338038426972645,10429291,717917,338038426972645,338038421590603,-1,338038420485687,
0,117098386,338038411736381,338038411736381,0,338038412232895,338038412235270,338038412804312,338038413011562,338038464019142,338038412205520,16799714,338038413160687,338038421747728,338038422621645,338038437762937,338038444340978,10106625,694917,338038444340978,338038438994812,-1,338038437762937,
0,117098394,338038428536095,338038428536095,0,338038428952395,338038428954520,338038429477270,338038429687145,338038480818856,338038428942728,16799714,338038429736478,338038439155562,338038440139478,338038454711020,338038461305187,9402708,910917,338038461305187,338038456241728,-1,338038454711020,
0,117098402,338038445335809,338038445335809,0,338038445708270,338038445710270,338038446226853,338038446405312,338038497618570,338038445700062,16799714,338038446447770,338038456431062,338038457551395,338038470260395,338038476897687,8338792,920250,338038476897687,338038471752770,-1,338038470260395,
0,117098410,338038462135523,338038462135523,0,338038462489437,338038462491270,338038462945187,338038463122853,338038514418284,338038462481562,16799714,338038463252603,338038471938228,338038473123020,338038486746020,338038493265770,9595625,793417,338038493265770,338038487932603,-1,338038486746020,
0,117098418,338038478935237,338038478935237,0,338038479352520,338038479354437,338038479806812,338038479986395,338038531217998,338038479344478,16799714,338038480066937,338038488122145,338038489063145,338038503671103,338038510191687,11029875,469875,338038510191687,338038504526478,-1,338038503671103,
0,117098426,338038495734951,338038495734951,0,338038496248062,338038496250645,338038496773728,338038496981770,338038548017712,338038496237645,16799714,338038497030478,338038504690187,338038505643937,338038521270145,338038527766853,11051875,669333,338038527766853,338038522353062,-1,338038521270145,
0,117098434,338038512534665,338038512534665,0,338038512965520,338038512967770,338038513534978,338038513754520,338038564817426,338038512955895,16799714,338038513805728,338038522514562,338038523346395,338038538147520,338038544673853,10211250,787417,338038544673853,338038539379478,-1,338038538147520,
0,117098480,338038613332949,338038613332949,0,338038613672353,338038613674103,338038630818520,338038631115062,338038632016282,338038613664228,16799714,338038636861228,338038637052562,338038638064978,338038641261895,338038645914437,27291,1011833,338038645914437,338038642702145,-1,338038641261895,
0,117098487,338038630132663,338038630132663,0,338038638599187,338038638601020,338038640050645,338038640292562,338038665615710,338038638588270,16799714,338038640811520,338038642878687,338038644117437,338038658704395,338038663976520,27375,481041,338038663976520,338038659691645,-1,338038658704395,
0,117098494,338038646932377,338038646932377,0,338038647406978,338038647409562,338038649246853,338038649560187,338038682415424,338038647395937,16799714,338038649685770,338038659930437,338038660907729,338038672772187,338038678017229,23875,469667,338038678017229,338038673659229,-1,338038672772187,
0,117098502,338038663732091,338038663732091,0,338038664482770,338038664485312,338038666668354,338038666963604,338038699215138,338038664472354,16799714,338038667411062,338038673822895,338038674734020,338038684253604,338038689658229,19750,505041,338038689658229,338038685258895,-1,338038684253604,
0,117098510,338038680531805,338038680531805,0,338038680908562,338038680910354,338038682178062,338038682407645,338038716014852,338038680899604,16799714,338038682977145,338038685406520,338038691207479,338038698023645,338038704793729,27042,410917,338038704793729,338038698849687,-1,338038698023645,
0,117098518,338038697331519,338038697331519,0,338038697724770,338038697727104,338038699257562,338038699463520,338038732814566,338038697716312,16799714,338038700088520,338038700236645,338038701303145,338038708368937,338038716959312,21084,407500,338038716959312,338038709227895,-1,338038708368937,
0,117098526,338038714131233,338038714131233,0,338038714502395,338038714504395,338038715753895,338038715956562,338038749614280,338038714494062,16799714,338038718138145,338038718270104,338038719326145,338038723686354,338038732194145,22875,403041,338038732194145,338038724622062,-1,338038723686354,
0,117098534,338038730930947,338038730930947,0,338038731320729,338038731322895,338038732714854,338038734896270,338038766413994,338038731311479,16799714,338038735417437,338038735541020,338038736464395,338038740709020,338038749189562,24000,381000,338038749189562,338038741474145,-1,338038740709020,
0,117098542,338038747730661,338038747730661,0,338038748206854,338038748209604,338038749764937,338038749999687,338038783213708,338038748195812,16799714,338038750471729,338038750629145,338038752185937,338038759141645,338038767617812,22417,384041,338038767617812,338038759920270,-1,338038759141645,
0,117098550,338038764530375,338038764530375,0,338038765018895,338038765021437,338038768569562,338038768840062,338038800013422,338038765008187,16799714,338038769340937,338038769489229,338038770533812,338038775580645,338038784086770,27750,789750,338038784086770,338038776772479,-1,338038775580645,
0,117098558,338038781330089,338038781330089,0,338038781732270,338038781734229,338038783099062,338038783301979,338038816813136,338038781723979,16799714,338038784673520,338038784922895,338038786357020,338038791961104,338038800571895,24625,998000,338038800571895,338038793463020,-1,338038791961104,
0,117098566,338038798129803,338038798129803,0,338038798565562,338038798567354,338038799861145,338038800148104,338038833612850,338038798556520,16799714,338038800556312,338038800749645,338038801681562,338038806931145,338038813897895,406917,926541,338038813897895,338038808327520,-1,338038806931145,
0,117098574,338038814929517,338038814929517,0,338038815357895,338038815360229,338038816816229,338038817018895,338038850412564,338038815347562,16799714,338038817525479,338038817655645,338038818761687,338038822910645,338038829619895,19916,774333,338038829619895,338038824114854,-1,338038822910645,
0,117098582,338038831729231,338038831729231,0,338038832192270,338038832194520,338038833971020,338038834203604,338038867212278,338038832182270,16799714,338038834819687,338038834975979,338038836326729,338038840563187,338038847379770,24459,720375,338038847379770,338038841679854,-1,338038840563187,
0,117098590,338038848528945,338038848528945,0,338038849108062,338038849110437,338038850793520,338038851029937,338038884011992,338038849096520,16799714,338038851648312,338038851807145,338038853195812,338038857925187,338038864660270,24500,728375,338038864660270,338038859050354,-1,338038857925187,
0,117098598,338038865328659,338038865328659,0,338038865688979,338038865690937,338038866902895,338038867144145,338038900811706,338038865681229,16799714,338038867608937,338038867767854,338038869068104,338038874753979,338038881463312,619333,449584,338038881463312,338038875658812,-1,338038874753979,
0,117098606,338038882128373,338038882128373,0,338038882490062,338038882492187,338038883901562,338038884287729,338038917611420,338038882481229,16799714,338038884781187,338038884911270,338038885910187,338038890512479,338038897158812,156916,440375,338038897158812,338038891400937,-1,338038890512479,
0,117098614,338038898928087,338038898928087,0,338038899320104,338038899322062,338038901311312,338038901580729,338038934411134,338038899311229,16799714,338038902157187,338038902288604,338038903343729,338038907563812,338038914163020,22500,417333,338038914163020,338038908367395,-1,338038907563812,
0,117098622,338038915727801,338038915727801,0,338038916287687,338038916290104,338038916699062,338038916934854,338038951210848,338038916276437,16799714,338038917390979,338038917616729,338038919151020,338038923659437,338038930257395,831084,482792,338038930257395,338038924622812,-1,338038923659437,
0,117098630,338038932527515,338038932527515,0,338038932961270,338038932963604,338038933429687,338038933665770,338038968010562,338038932951479,16799714,338038933991520,338038934169229,338038935179479,338038941152645,338038947524937,1817125,393250,338038947524937,338038941979895,-1,338038941152645,
---PROFILEDATA---


View hierarchy:

  com.auroratv.lab/com.auroratv.MainActivity/android.view.ViewRootImpl@85f673e
  357 views, 634.99 kB of render nodes


Total ViewRootImpl   : 1
Total attached Views : 357
Total RenderNode     : 634.99 kB (used) / 2550.89 kB (capacity)

