Applications Graphics Acceleration Info:
Uptime: 337987108 Realtime: 372661219

** Graphics info for pid 6772 [com.auroratv.lab] **

Stats since: 337975539331115ns
Total frames rendered: 488
Janky frames: 16 (3.28%)
Janky frames (legacy): 144 (29.51%)
50th percentile: 14ms
90th percentile: 32ms
95th percentile: 44ms
99th percentile: 77ms
Number Missed Vsync: 3
Number High input latency: 823
Number Slow UI thread: 12
Number Slow bitmap uploads: 2
Number Slow issue draw commands: 5
Number Frame deadline missed: 16
Number Frame deadline missed (legacy): 17
HISTOGRAM: 5ms=0 6ms=0 7ms=0 8ms=0 9ms=22 10ms=74 11ms=48 12ms=50 13ms=35 14ms=25 15ms=30 16ms=19 17ms=11 18ms=9 19ms=10 20ms=20 21ms=21 22ms=18 23ms=12 24ms=5 25ms=5 26ms=6 27ms=2 28ms=4 29ms=3 30ms=3 31ms=2 32ms=6 34ms=4 36ms=9 38ms=5 40ms=2 42ms=3 44ms=3 46ms=1 48ms=6 53ms=5 57ms=2 61ms=0 65ms=0 69ms=0 73ms=3 77ms=1 81ms=1 85ms=0 89ms=0 93ms=2 97ms=0 101ms=0 105ms=0 109ms=0 113ms=0 117ms=0 121ms=0 125ms=0 129ms=0 133ms=0 150ms=1 200ms=0 250ms=0 300ms=0 350ms=0 400ms=0 450ms=0 500ms=0 550ms=0 600ms=0 650ms=0 700ms=0 750ms=0 800ms=0 850ms=0 900ms=0 950ms=0 1000ms=0 1050ms=0 1100ms=0 1150ms=0 1200ms=0 1250ms=0 1300ms=0 1350ms=0 1400ms=0 1450ms=0 1500ms=0 1550ms=0 1600ms=0 1650ms=0 1700ms=0 1750ms=0 1800ms=0 1850ms=0 1900ms=0 1950ms=0 2000ms=0 2050ms=0 2100ms=0 2150ms=0 2200ms=0 2250ms=0 2300ms=0 2350ms=0 2400ms=0 2450ms=0 2500ms=0 2550ms=0 2600ms=0 2650ms=0 2700ms=0 2750ms=0 2800ms=0 2850ms=0 2900ms=0 2950ms=0 3000ms=0 3050ms=0 3100ms=0 3150ms=0 3200ms=0 3250ms=0 3300ms=0 3350ms=0 3400ms=0 3450ms=0 3500ms=0 3550ms=0 3600ms=0 3650ms=0 3700ms=0 3750ms=0 3800ms=0 3850ms=0 3900ms=0 3950ms=0 4000ms=0 4050ms=0 4100ms=0 4150ms=0 4200ms=0 4250ms=0 4300ms=0 4350ms=0 4400ms=0 4450ms=0 4500ms=0 4550ms=0 4600ms=0 4650ms=0 4700ms=0 4750ms=0 4800ms=0 4850ms=0 4900ms=0 4950ms=0
50th gpu percentile: 5ms
90th gpu percentile: 7ms
95th gpu percentile: 10ms
99th gpu percentile: 21ms
GPU HISTOGRAM: 1ms=0 2ms=0 3ms=0 4ms=178 5ms=164 6ms=31 7ms=67 8ms=8 9ms=13 10ms=8 11ms=13 12ms=1 13ms=0 14ms=0 15ms=0 16ms=0 17ms=0 18ms=0 19ms=0 20ms=0 21ms=1 22ms=0 23ms=1 24ms=1 25ms=0 4950ms=2

Pipeline=Skia (OpenGL)
Memory policy:
  Max surface area: 2073600
  Max resource usage: 99.53MB (x48)
  Background retention: 50% (altUiHidden = true)
  GPU Context timeout: 10
Contexts: 1 (stopped = 0)
CPU Caches:
  Glyph Cache: 2.42 MB (1 entry)
  Glyph Count: 168 
Total CPU memory usage:
  2533003 bytes, 2.42 MB (0.00 bytes is purgeable)
GPU Caches:
  Image:
    Texture: 30.30 MB (115 entries)
  Other:
    Other: 608.87 KB (1 entry)
    Buffer Object: 464.00 bytes (2 entries)
    StencilAttachment: 583.00 KB (8 entries)
  Scratch:
    RenderTarget: 27.69 MB (167 entries)
    Texture: 3.06 MB (71 entries)
    Buffer Object: 78.03 KB (3 entries)
Total GPU memory usage:
  65307588 bytes, 62.28 MB (35.76 MB is purgeable)

Profile data in ms:

	com.auroratv.lab/com.auroratv.MainActivity/android.view.ViewRootImpl@60cec43 (visibility=0)
Window: com.auroratv.lab/com.auroratv.MainActivity
Stats since: 337975539329948ns
Total frames rendered: 488
Janky frames: 16 (3.28%)
Janky frames (legacy): 144 (29.51%)
50th percentile: 14ms
90th percentile: 32ms
95th percentile: 44ms
99th percentile: 77ms
Number Missed Vsync: 3
Number High input latency: 823
Number Slow UI thread: 12
Number Slow bitmap uploads: 2
Number Slow issue draw commands: 5
Number Frame deadline missed: 16
Number Frame deadline missed (legacy): 17
HISTOGRAM: 5ms=0 6ms=0 7ms=0 8ms=0 9ms=22 10ms=74 11ms=48 12ms=50 13ms=35 14ms=25 15ms=30 16ms=19 17ms=11 18ms=9 19ms=10 20ms=20 21ms=21 22ms=18 23ms=12 24ms=5 25ms=5 26ms=6 27ms=2 28ms=4 29ms=3 30ms=3 31ms=2 32ms=6 34ms=4 36ms=9 38ms=5 40ms=2 42ms=3 44ms=3 46ms=1 48ms=6 53ms=5 57ms=2 61ms=0 65ms=0 69ms=0 73ms=3 77ms=1 81ms=1 85ms=0 89ms=0 93ms=2 97ms=0 101ms=0 105ms=0 109ms=0 113ms=0 117ms=0 121ms=0 125ms=0 129ms=0 133ms=0 150ms=1 200ms=0 250ms=0 300ms=0 350ms=0 400ms=0 450ms=0 500ms=0 550ms=0 600ms=0 650ms=0 700ms=0 750ms=0 800ms=0 850ms=0 900ms=0 950ms=0 1000ms=0 1050ms=0 1100ms=0 1150ms=0 1200ms=0 1250ms=0 1300ms=0 1350ms=0 1400ms=0 1450ms=0 1500ms=0 1550ms=0 1600ms=0 1650ms=0 1700ms=0 1750ms=0 1800ms=0 1850ms=0 1900ms=0 1950ms=0 2000ms=0 2050ms=0 2100ms=0 2150ms=0 2200ms=0 2250ms=0 2300ms=0 2350ms=0 2400ms=0 2450ms=0 2500ms=0 2550ms=0 2600ms=0 2650ms=0 2700ms=0 2750ms=0 2800ms=0 2850ms=0 2900ms=0 2950ms=0 3000ms=0 3050ms=0 3100ms=0 3150ms=0 3200ms=0 3250ms=0 3300ms=0 3350ms=0 3400ms=0 3450ms=0 3500ms=0 3550ms=0 3600ms=0 3650ms=0 3700ms=0 3750ms=0 3800ms=0 3850ms=0 3900ms=0 3950ms=0 4000ms=0 4050ms=0 4100ms=0 4150ms=0 4200ms=0 4250ms=0 4300ms=0 4350ms=0 4400ms=0 4450ms=0 4500ms=0 4550ms=0 4600ms=0 4650ms=0 4700ms=0 4750ms=0 4800ms=0 4850ms=0 4900ms=0 4950ms=0
50th gpu percentile: 5ms
90th gpu percentile: 7ms
95th gpu percentile: 10ms
99th gpu percentile: 21ms
GPU HISTOGRAM: 1ms=0 2ms=0 3ms=0 4ms=178 5ms=164 6ms=31 7ms=67 8ms=8 9ms=13 10ms=8 11ms=13 12ms=1 13ms=0 14ms=0 15ms=0 16ms=0 17ms=0 18ms=0 19ms=0 20ms=0 21ms=1 22ms=0 23ms=1 24ms=1 25ms=0 4950ms=2



---PROFILEDATA---
Flags,FrameTimelineVsyncId,IntendedVsync,Vsync,InputEventId,HandleInputStart,AnimationStart,PerformTraversalsStart,DrawStart,FrameDeadline,FrameInterval,FrameStartTime,SyncQueued,SyncStart,IssueDrawCommandsStart,SwapBuffers,FrameCompleted,DequeueBufferDuration,QueueBufferDuration,GpuCompleted,SwapBuffersCompleted,DisplayPresentTime,CommandSubmissionCompleted,
0,117074390,337983325799039,337983325799039,0,337983326132202,337983326133785,337983326721952,337983327017244,337983361282543,337983326125827,16800171,337983327077285,337983327281869,337983328763952,337983333574660,337983338472119,1061167,688209,337983338472119,337983334762535,-1,337983333574660,
0,117074398,337983342599210,337983342599210,0,337983342933285,337983342934619,337983343787494,337983343956869,337983378082714,337983342927035,16800171,337983344055160,337983344234619,337983345469619,337983349614744,337983354524577,872792,772792,337983354524577,337983350736494,-1,337983349614744,
0,117074406,337983359399381,337983359399381,-295287260,337983359725994,337983359727202,337983360685744,337983360891994,337983394882885,337983359719702,16800171,337983361549369,337983361752369,337983363296577,337983366840035,337983371696869,18792,570167,337983371696869,337983367819702,-1,337983366840035,
0,117074414,337983376199552,337983376199552,0,337983376539077,337983376540702,337983377279119,337983377450619,337983411683056,337983376533785,16800171,337983377763619,337983377956160,337983379389869,337983383373827,337983389098202,113500,540250,337983389098202,337983384224452,-1,337983383373827,
0,117074422,337983392999723,337983392999723,0,337983393295035,337983393296327,337983393897244,337983394036494,337983428483227,337983393289702,16800171,337983394511619,337983394679494,337983396081785,337983400053244,337983404486119,370041,498709,337983404486119,337983400855827,-1,337983400053244,
0,117074430,337983409799894,337983409799894,0,337983410076494,337983410077952,337983410653910,337983410815327,337983445283398,337983410071202,16800171,337983410873077,337983411024827,337983412230285,337983416043410,337983420672869,982458,495416,337983420672869,337983416909535,-1,337983416043410,
0,117074438,337983426600065,337983426600065,0,337983426876619,337983426877827,337983427450452,337983427586744,337983462083569,337983426871244,16800171,337983427641952,337983427792035,337983429090077,337983432886161,337983437560119,859542,490209,337983437560119,337983433741869,-1,337983432886161,
0,117074446,337983443400236,337983443400236,0,337983443671411,337983443672786,337983444257869,337983444437244,337983478883740,337983443665827,16800171,337983444510619,337983444666702,337983445853411,337983449682702,337983454405327,1017000,486042,337983454405327,337983450531036,-1,337983449682702,
0,117074454,337983460200407,337983460200407,0,337983460529369,337983460530577,337983461107994,337983461241577,337983495683911,337983460523411,16800171,337983461413827,337983461622827,337983463555494,337983471696952,337983476437411,471417,497125,337983476437411,337983472570411,-1,337983471696952,
0,117074462,337983477000578,337983477000578,0,337983477272744,337983477274077,337983477846452,337983477981827,337983512484082,337983477266827,16800171,337983482113702,337983482277161,337983483360036,337983486447244,337983491316577,20500,596750,337983491316577,337983487365994,-1,337983486447244,
0,117074470,337983493800749,337983493800749,0,337983494060536,337983494061744,337983494655494,337983494878994,337983529284253,337983494054994,16800171,337983494941369,337983495084661,337983496345952,337983500107744,337983505123577,922875,520375,337983505123577,337983501024244,-1,337983500107744,
0,117074478,337983510600920,337983510600920,0,337983510883744,337983510885161,337983511547494,337983511688952,337983546084424,337983510878702,16800171,337983511746411,337983511886327,337983513147994,337983516987702,337983521249577,835667,539083,337983521249577,337983517825619,-1,337983516987702,
0,117074486,337983527401091,337983527401091,0,337983527685036,337983527686327,337983528296994,337983528433286,337983562884595,337983527679119,16800171,337983528726286,337983528866952,337983530075327,337983533473286,337983537331036,717208,541583,337983537331036,337983534344702,-1,337983533473286,
0,117074494,337983544201262,337983544201262,0,337983544486411,337983544487619,337983545080411,337983545254327,337983579684766,337983544480744,16800171,337983545309244,337983545454619,337983546600411,337983550463744,337983554289952,1011500,513625,337983554289952,337983551272327,-1,337983550463744,
0,117074502,337983561001433,337983561001433,0,337983561290577,337983561291827,337983561780036,337983561912702,337983596484937,337983561285119,16800171,337983561961161,337983562142161,337983563304744,337983567267869,337983571071077,1215958,589333,337983571071077,337983568181036,-1,337983567267869,
0,117074510,337983577801604,337983577801604,0,337983578074244,337983578075452,337983578580827,337983578712494,337983613285108,337983578068869,16800171,337983578760411,337983578896119,337983580097744,337983584058536,337983587851786,1128834,491375,337983587851786,337983584889411,-1,337983584058536,
0,117074518,337983594601775,337983594601775,0,337983594872869,337983594874536,337983595469452,337983595637619,337983630085279,337983594867744,16800171,337983595692952,337983595842786,337983598338077,337983601174952,337983604974744,17459,278500,337983604974744,337983601745286,-1,337983601174952,
0,117074526,337983611401946,337983611401946,0,337983611674786,337983611676036,337983612253161,337983612387161,337983646885450,337983611669161,16800171,337983612437119,337983612571536,337983614875411,337983617673702,337983621499286,16041,279125,337983621499286,337983618273327,-1,337983617673702,
0,117074534,337983628202117,337983628202117,0,337983628514286,337983628515577,337983629081661,337983629263661,337983663685621,337983628508786,16800171,337983629336077,337983629475619,337983631731536,337983634622619,337983638499744,17125,270959,337983638499744,337983635253494,-1,337983634622619,
0,117074542,337983645002288,337983645002288,0,337983645275536,337983645276744,337983645829202,337983645961077,337983680485792,337983645270202,16800171,337983646008786,337983646141077,337983648491452,337983651104827,337983655254827,17042,283000,337983655254827,337983651697327,-1,337983651104827,
0,117074550,337983661802459,337983661802459,0,337983662089536,337983662090744,337983662581911,337983662714661,337983697285963,337983662083952,16800171,337983662792911,337983662968952,337983664693577,337983669213452,337983673084161,640542,377917,337983673084161,337983669974119,-1,337983669213452,
0,117074558,337983678602630,337983678602630,0,337983679002536,337983679004619,337983679692494,337983679884952,337983714086134,337983678993661,16800171,337983679950286,337983680200452,337983681690494,337983687810577,337983691823869,1178500,760708,337983691823869,337983689147911,-1,337983687810577,
0,117074566,337983695402801,337983695402801,0,337983695802244,337983695803869,337983696637536,337983697035661,337983730886305,337983695794786,16800171,337983697110619,337983697570327,337983699549536,337983705539577,337983709466452,135000,909666,337983709466452,337983706917911,-1,337983705539577,
0,117074574,337983712202972,337983712202972,0,337983712590369,337983712592244,337983713335077,337983713542911,337983747686476,337983712581577,16800171,337983713618744,337983713840327,337983715772411,337983720275744,337983725178994,576750,370958,337983725178994,337983721063244,-1,337983720275744,
0,117074582,337983729003143,337983729003143,0,337983729439036,337983729441286,337983730294244,337983730517577,337983764486647,337983729428827,16800171,337983730592369,337983730836827,337983734476786,337983739037369,337983743984994,29958,382542,337983743984994,337983739813119,-1,337983739037369,
0,117074590,337983745803314,337983745803314,0,337983746245202,337983746246911,337983746923452,337983747096077,337983781286818,337983746236661,16800171,337983747156786,337983747348411,337983750869744,337983755674161,337983760653702,28875,524959,337983760653702,337983756735827,-1,337983755674161,
0,117074598,337983762603485,337983762603485,0,337983762965619,337983762967619,337983763639702,337983763814744,337983798086989,337983762957536,16800171,337983763875952,337983764102786,337983767150702,337983771475702,337983776399077,23792,490542,337983776399077,337983772422077,-1,337983771475702,
0,117074606,337983779403656,337983779403656,0,337983779843452,337983779845202,337983780735411,337983780923119,337983814887160,337983779835452,16800171,337983780988411,337983781189077,337983783725869,337983787765994,337983792659536,24541,691625,337983792659536,337983788907869,-1,337983787765994,
0,117074614,337983796203827,337983796203827,0,337983796626577,337983796628119,337983797348536,337983797521494,337983831687331,337983796619202,16800171,337983797649119,337983797844869,337983800767702,337983804097161,337983808979619,22708,634084,337983808979619,337983805092619,-1,337983804097161,
0,117074622,337983813003998,337983813003998,0,337983813313869,337983813315286,337983814060911,337983814244661,337983848487502,337983813307577,16800171,337983814307827,337983814504577,337983815834036,337983819571661,337983824445827,733667,608250,337983824445827,337983820542077,-1,337983819571661,
0,117074630,337983829804169,337983829804169,-1009561949,337983830882952,337983830884702,337983831822619,337983832057077,337983865287673,337983830877119,16800171,337983832833536,337983834098077,337983835509786,337983841287494,337983846269286,22458,294042,337983846269286,337983841953619,-1,337983841287494,
0,117074638,337983846604340,337983846604340,-749509168,337983846885577,337983846886952,337983847952661,337983848176411,337983882087844,337983846879369,16800171,337983848504327,337983849920494,337983851044286,337983857071869,337983863030119,23000,288166,337983863030119,337983857736369,-1,337983857071869,
0,117074646,337983863404511,337983863404511,0,337983863698536,337983863699952,337983864320369,337983864488369,337983898888015,337983863692911,16800171,337983864868244,337983865020619,337983867353494,337983872789952,337983878585952,19917,275500,337983878585952,337983873387827,-1,337983872789952,
0,117074654,337983880204682,337983880204682,0,337983880475452,337983880476786,337983881103119,337983881245827,337983915688186,337983880470369,16800171,337983881301869,337983881438161,337983883707994,337983890919452,337983896940702,18709,292750,337983896940702,337983891514161,-1,337983890919452,
0,117074662,337983897004853,337983897004853,0,337983897295244,337983897296577,337983897886244,337983898021577,337983932488357,337983897289911,16800171,337983898076911,337983898213619,337983900575202,337983906766327,337983912940952,17833,275750,337983912940952,337983907331036,-1,337983906766327,
0,117074670,337983913805024,337983913805024,0,337983914064536,337983914065744,337983914672452,337983914809161,337983949288528,337983914059286,16800171,337983914996036,337983915143202,337983917565827,337983923065619,337983929262661,18750,274125,337983929262661,337983923619994,-1,337983923065619,
0,117074678,337983930605195,337983930605195,0,337983930884577,337983930885827,337983931530702,337983931680702,337983966088699,337983930879536,16800171,337983931737744,337983931896202,337983934349286,337983942009452,337983947016452,18084,276292,337983947016452,337983942577952,-1,337983942009452,
0,117074686,337983947405366,337983947405366,0,337983948846411,337983948847744,337983949421369,337983949569744,337983982888870,337983948837369,16800171,337983949632494,337983949847202,337983951202994,337983956944911,337983962108369,18625,282500,337983962108369,337983957600494,-1,337983956944911,
0,117074694,337983964205537,337983964205537,0,337983964478952,337983964480244,337983965064161,337983965206619,337983999689041,337983964473744,16800171,337983965390077,337983965571452,337983966925744,337983976453577,337983981679494,671750,281166,337983981679494,337983977059661,-1,337983976453577,
0,117074702,337983981005708,337983981005708,0,337983981341494,337983981343077,337983982053161,337983982272494,337984016489212,337983981335286,16800171,337983986911411,337983987066577,337983987982869,337983993089536,337983997546744,21291,269292,337983997546744,337983993651327,-1,337983993089536,
0,117074710,337983997805879,337983997805879,0,337983998106327,337983998107536,337983998738202,337983998882411,337984033289383,337983998101202,16800171,337983999140036,337983999262286,337984001742244,337984007061827,337984011175702,21417,279875,337984011175702,337984007638744,-1,337984007061827,
0,117074718,337984014606050,337984014606050,0,337984014897161,337984014898452,337984015410286,337984015545536,337984050089554,337984014873369,16800171,337984015595869,337984015714077,337984017987161,337984022841702,337984026956786,16500,325167,337984026956786,337984023475036,-1,337984022841702,
0,117074726,337984031406221,337984031406221,0,337984031698827,337984031700119,337984032275827,337984032424161,337984066889725,337984031693369,16800171,337984032470744,337984032590202,337984034923952,337984040784577,337984045005702,122083,281583,337984045005702,337984041371702,-1,337984040784577,
0,117074734,337984048206392,337984048206392,0,337984048508244,337984048509911,337984049077577,337984049248036,337984083689896,337984048502786,16800171,337984049315661,337984049470911,337984051914744,337984059808536,337984064155952,19167,327333,337984064155952,337984060613286,-1,337984059808536,
0,117074742,337984065006563,337984065006563,0,337984065313536,337984065314952,337984065813994,337984065948244,337984100490067,337984065307827,16800171,337984065995452,337984066113869,337984068370077,337984073951411,337984078085577,104458,318333,337984078085577,337984074635119,-1,337984073951411,
0,117074750,337984081806734,337984081806734,0,337984082134286,337984082135702,337984082861619,337984083037327,337984117290238,337984082128036,16800171,337984083091619,337984083225869,337984085556577,337984090380161,337984094474452,17708,299542,337984094474452,337984090964911,-1,337984090380161,
0,117074758,337984098606905,337984098606905,0,337984098908411,337984098909619,337984099394577,337984099522411,337984134090409,337984098903119,16800171,337984099569661,337984099687952,337984101826411,337984106897911,337984110982577,96166,296667,337984110982577,337984107484661,-1,337984106897911,
0,117074766,337984115407076,337984115407076,0,337984115677077,337984115678661,337984116229411,337984116361536,337984150890580,337984115671494,16800171,337984116408869,337984116528702,337984118673411,337984123459661,337984127570786,77416,264333,337984127570786,337984124079077,-1,337984123459661,
0,117074774,337984132207247,337984132207247,0,337984132490078,337984132491286,337984133002328,337984133171078,337984167690751,337984132484244,16800171,337984133233578,337984133350286,337984135497994,337984140531619,337984144665703,61250,655959,337984144665703,337984141541244,-1,337984140531619,
0,117074782,337984149007418,337984149007418,0,337984149340994,337984149342453,337984149935244,337984150085578,337984184490922,337984149334369,16800171,337984150140286,337984150287203,337984152898244,337984159386953,337984163527536,21792,672000,337984163527536,337984160407661,-1,337984159386953,
0,117074790,337984165807589,337984165807589,0,337984166145536,337984166147244,337984166746703,337984166909786,337984201291093,337984166138203,16800171,337984166964578,337984167115744,337984169426078,337984178198619,337984182374536,439208,679417,337984182374536,337984179293369,-1,337984178198619,
0,117074798,337984182607760,337984182607760,0,337984182933411,337984182934828,337984183831328,337984183989869,337984218091264,337984182926369,16800171,337984184088619,337984184231369,337984185315244,337984193767244,337984198037703,1054750,631000,337984198037703,337984194920619,-1,337984193767244,
0,117074806,337984199407931,337984199407931,0,337984199728286,337984199729994,337984200422828,337984200751494,337984234891435,337984199721453,16800171,337984200815203,337984200982494,337984202193453,337984211660453,337984215847744,1165709,710708,337984215847744,337984212775328,-1,337984211660453,
0,117074814,337984216208102,337984216208102,0,337984216530744,337984216532661,337984217120911,337984217278953,337984251691606,337984216523411,16800171,337984217334036,337984217484244,337984218615869,337984227806411,337984232114411,1519083,691541,337984232114411,337984228992786,-1,337984227806411,
0,117074822,337984233008273,337984233008273,0,337984233357203,337984233358661,337984234051411,337984234214911,337984268491777,337984233349578,16800171,337984234272119,337984234429453,337984235641536,337984244423078,337984248622203,1404083,634416,337984248622203,337984245451119,-1,337984244423078,
0,117074830,337984249808444,337984249808444,0,337984250157119,337984250158744,337984250821994,337984250993869,337984285291948,337984250149244,16800171,337984251053161,337984251216161,337984252581619,337984261485578,337984265725911,1295583,588459,337984265725911,337984262442578,-1,337984261485578,
0,117074838,337984266608615,337984266608615,0,337984266896744,337984266898161,337984267557703,337984267709994,337984302092119,337984266890911,16800171,337984267768286,337984267912078,337984270538994,337984277515619,337984281749328,19375,607625,337984281749328,337984278494286,-1,337984277515619,
0,117074846,337984283408786,337984283408786,0,337984283720494,337984283721994,337984284934078,337984285093661,337984318892290,337984283714328,16800171,337984285153578,337984285297119,337984287677703,337984294083453,337984298294328,21125,569125,337984298294328,337984295024453,-1,337984294083453,
0,117074854,337984300208957,337984300208957,0,337984300516994,337984300518536,337984301106786,337984301355661,337984335692461,337984300510494,16800171,337984301416828,337984301555078,337984303907078,337984310619203,337984314869494,17125,276916,337984314869494,337984311240494,-1,337984310619203,
0,117074862,337984317009128,337984317009128,-564351350,337984317327494,337984317328703,337984318081911,337984318271161,337984352492632,337984317321578,16800171,337984319190703,337984320400994,337984321411619,337984324992953,337984329132244,21000,544333,337984329132244,337984325862119,-1,337984324992953,
0,117074870,337984333809299,337984333809299,0,337984334103411,337984334105078,337984334958244,337984335108911,337984369292803,337984334097578,16800171,337984335806078,337984336032828,337984337296661,337984346384036,337984356748119,102667,303500,337984356748119,337984347062453,-1,337984346384036,
0,117074878,337984350609470,337984350609470,0,337984350898619,337984350899953,337984351570661,337984351768036,337984386092974,337984350893369,16800171,337984352237244,337984352363994,337984353462494,337984365371328,337984375802994,1078625,296792,337984375802994,337984366012244,-1,337984365371328,
0,117074886,337984367409641,337984367409641,0,337984367664286,337984367665494,337984368329244,337984368552786,337984402893145,337984367658703,16800171,337984368909869,337984369031453,337984370047286,337984380588328,337984391146911,881334,302750,337984391146911,337984381312661,-1,337984380588328,
0,117074894,337984384209812,337984384209812,0,337984384487619,337984384488911,337984385137494,337984385287328,337984419693316,337984384481994,16800171,337984385673203,337984385807786,337984386962286,337984395336953,337984405803036,684292,259000,337984405803036,337984395923286,-1,337984395336953,
0,117074902,337984401009983,337984401009983,0,337984401307203,337984401308453,337984401976578,337984402137078,337984436493487,337984401300703,16800171,337984402505161,337984402643161,337984403739619,337984414581661,337984424887203,811209,588667,337984424887203,337984415492369,-1,337984414581661,
0,117074910,337984417810154,337984417810154,0,337984418097744,337984418098953,337984418771036,337984418999828,337984453293658,337984418091786,16800171,337984419535619,337984419662453,337984422308786,337984432077203,337984442424286,19917,505167,337984442424286,337984432896119,-1,337984432077203,
0,117074918,337984434610325,337984434610325,0,337984434885786,337984434887078,337984435575328,337984435726161,337984470093829,337984434880203,16800171,337984441190203,337984441320161,337984442062453,337984450693619,337984460931453,21333,627541,337984460931453,337984451670619,-1,337984450693619,
0,117074926,337984451410496,337984451410496,0,337984451691619,337984451693369,337984452390411,337984452545661,337984486894000,337984451685703,16800171,337984452979828,337984453076494,337984455180536,337984464210786,337984473924619,20541,572000,337984473924619,337984465100703,-1,337984464210786,
0,117074934,337984468210667,337984468210667,0,337984468500078,337984468501411,337984469195036,337984469353828,337984503694171,337984468494411,16800171,337984469711453,337984469810078,337984471967828,337984478312244,337984487203536,57333,519042,337984487203536,337984479163953,-1,337984478312244,
0,117074942,337984485010838,337984485010838,0,337984485302119,337984485303661,337984486024453,337984486180869,337984520494342,337984485295494,16800171,337984486795786,337984486909453,337984489015953,337984495134286,337984503884161,18958,525917,337984503884161,337984495980536,-1,337984495134286,
0,117074950,337984501811009,337984501811009,0,337984502142036,337984502143453,337984502734869,337984502900036,337984537294513,337984502119453,16800171,337984503355536,337984503458953,337984505540328,337984511031286,337984519731744,17334,513834,337984519731744,337984511843078,-1,337984511031286,
0,117074958,337984518611180,337984518611180,0,337984518903203,337984518904536,337984519435203,337984519586911,337984554094684,337984518897578,16800171,337984519961369,337984520090203,337984522031703,337984528335703,337984537080286,18500,493375,337984537080286,337984529153869,-1,337984528335703,
0,117074966,337984535411351,337984535411351,0,337984535696786,337984535698286,337984536615536,337984536761536,337984570894855,337984535691619,16800171,337984537064328,337984537171869,337984539152369,337984544629036,337984553408578,17750,513917,337984553408578,337984545487244,-1,337984544629036,
0,117074974,337984552211522,337984552211522,0,337984552502619,337984552504078,337984553010703,337984553150744,337984587695026,337984552496953,16800171,337984553576411,337984553677036,337984555649286,337984561454328,337984570224494,19208,504958,337984570224494,337984562291369,-1,337984561454328,
0,117074982,337984569011693,337984569011693,0,337984569304536,337984569306119,337984569908786,337984570074369,337984604495197,337984569299286,16800171,337984570308078,337984570428911,337984572549911,337984578521494,337984585457036,14583,503167,337984585457036,337984579350911,-1,337984578521494,
0,117074990,337984585811864,337984585811864,0,337984586069286,337984586070828,337984586573328,337984586832536,337984621295368,337984586064494,16800171,337984587070036,337984587173661,337984589262911,337984595057286,337984601972536,16375,505125,337984601972536,337984595891661,-1,337984595057286,
0,117074998,337984602612035,337984602612035,0,337984602884244,337984602885453,337984603508328,337984603653036,337984638095539,337984602879203,16800171,337984603874869,337984603970078,337984606015578,337984611436911,337984618336203,15167,540958,337984618336203,337984612270578,-1,337984611436911,
0,117075006,337984619412206,337984619412206,0,337984619725578,337984619727078,337984620408203,337984620593161,337984654895710,337984619718828,16800171,337984620656286,337984620788119,337984623087786,337984629922453,337984636843161,18083,588250,337984636843161,337984630839994,-1,337984629922453,
0,117075014,337984636212377,337984636212377,0,337984636807661,337984636809578,337984637604036,337984637766036,337984671695881,337984636800203,16800171,337984637822494,337984637936411,337984640297244,337984647190828,337984654112036,23167,673083,337984654112036,337984648230328,-1,337984647190828,
0,117075022,337984653012548,337984653012548,0,337984653380578,337984653382078,337984654160244,337984654345786,337984688496052,337984653373703,16800171,337984654408494,337984654551036,337984655439411,337984665255411,337984672273244,1340250,345291,337984672273244,337984666015203,-1,337984665255411,
0,117075030,337984669812719,337984669812719,0,337984670146119,337984670147786,337984670888203,337984671066161,337984705296223,337984670138536,16800171,337984671128078,337984671261411,337984672337036,337984682556911,337984689611703,1461708,597000,337984689611703,337984683652619,-1,337984682556911,
0,117075038,337984686612890,337984686612890,0,337984686950744,337984686952161,337984687542994,337984687695453,337984722096394,337984686944661,16800171,337984687745453,337984687860911,337984690526036,337984696959453,337984703880119,20583,583209,337984703880119,337984697897328,-1,337984696959453,
0,117075046,337984703413061,337984703413061,0,337984703798911,337984703800494,337984704559203,337984704721911,337984738896565,337984703791744,16800171,337984704790286,337984704913953,337984707408661,337984714666828,337984721614286,20375,635875,337984721614286,337984715699744,-1,337984714666828,
0,117075054,337984720213232,337984720213232,0,337984720642953,337984720644453,337984721221744,337984721376578,337984755696736,337984720635494,16800171,337984721461536,337984721579994,337984723862744,337984731607536,337984738578328,17709,710000,337984738578328,337984732724619,-1,337984731607536,
0,117075062,337984737013403,337984737013403,0,337984737366578,337984737368703,337984738129703,337984738396203,337984772496907,337984737359119,16800171,337984738461203,337984738612328,337984741102369,337984748778619,337984755756661,20458,668000,337984755756661,337984749868869,-1,337984748778619,
0,117075070,337984753813574,337984753813574,0,337984754161869,337984754163869,337984754978828,337984755173078,337984789297078,337984754154244,16800171,337984755237786,337984755387869,337984758032911,337984766506328,337984773437286,21667,440250,337984773437286,337984767329911,-1,337984766506328,
0,117075078,337984770613745,337984770613745,0,337984770989286,337984770991161,337984771622328,337984771783494,337984806097249,337984770982536,16800171,337984771837244,337984771964911,337984774535619,337984781227744,337984788343078,21500,411208,337984788343078,337984782042161,-1,337984781227744,
0,117075086,337984787413916,337984787413916,0,337984787783786,337984787785661,337984788601911,337984788797494,337984822897420,337984787776161,16800171,337984788856453,337984789000078,337984791551911,337984800192744,337984807174661,25750,662417,337984807174661,337984801242369,-1,337984800192744,
0,117075094,337984804214087,337984804214087,0,337984804615911,337984804617703,337984805365911,337984805567828,337984839697591,337984804608453,16800171,337984805626161,337984805770161,337984808593494,337984816603994,337984823521494,21709,625208,337984823521494,337984817622286,-1,337984816603994,
0,117075102,337984821014258,337984821014258,0,337984821387078,337984821388578,337984822034953,337984822217078,337984856497762,337984821363869,16800171,337984822660661,337984822805744,337984825381953,337984831515786,337984838214495,21834,660208,337984838214495,337984832543703,-1,337984831515786,
0,117075110,337984837814429,337984837814429,0,337984838221036,337984838222745,337984838844120,337984839028120,337984873297933,337984838212953,16800171,337984839058453,337984839191536,337984841873661,337984845760411,337984852412911,21791,610916,337984852412911,337984846774078,-1,337984845760411,
0,117075118,337984854614600,337984854614600,0,337984855020245,337984855022120,337984855807245,337984855997995,337984890098104,337984855011078,16800171,337984856070370,337984856222120,337984859080370,337984864494203,337984871140578,24583,663875,337984871140578,337984865582786,-1,337984864494203,
0,117075126,337984871414771,337984871414771,0,337984871812953,337984871814703,337984872493495,337984872667578,337984906898275,337984871804870,16800171,337984872699078,337984872831703,337984875390870,337984879591036,337984886153953,22000,536833,337984886153953,337984880429661,-1,337984879591036,
0,117075134,337984888214942,337984888214942,0,337984888562203,337984888564036,337984889173245,337984889343870,337984923698446,337984888554536,16800171,337984889374078,337984889504078,337984891989370,337984896151620,337984902774370,20625,674500,337984902774370,337984897216203,-1,337984896151620,
0,117075142,337984905015113,337984905015113,0,337984905407620,337984905409578,337984906115911,337984906302661,337984940498617,337984905398703,16800171,337984906335620,337984906480953,337984909285536,337984913294661,337984919901453,25584,676625,337984919901453,337984914358536,-1,337984913294661,
0,117075150,337984921815284,337984921815284,0,337984922228453,337984922230328,337984922874161,337984923060828,337984957298788,337984922219536,16800171,337984923093536,337984923239661,337984926140245,337984931417995,337984938054703,25500,711125,337984938054703,337984932535286,-1,337984931417995,
0,117075158,337984938615455,337984938615455,0,337984939081078,337984939083161,337984939761286,337984939972703,337984974098959,337984939071453,16800171,337984940069203,337984940240078,337984942296286,337984949011828,337984955758911,577084,668292,337984955758911,337984950139203,-1,337984949011828,
0,117075166,337984955415626,337984955415626,0,337984955820536,337984955822286,337984956516661,337984956690328,337984990899130,337984955813120,16800171,337984956720870,337984956850203,337984957738536,337984966304286,337984973133703,1704166,811167,337984973133703,337984967624286,-1,337984966304286,
0,117075174,337984972215797,337984972215797,0,337984972609286,337984972610953,337984973306078,337984973497745,337985007699301,337984972602036,16800171,337984973530786,337984973676203,337984976291953,337984981652161,337984988419453,21000,802417,337984988419453,337984982920620,-1,337984981652161,
0,117075182,337984989015968,337984989015968,0,337984989435328,337984989437495,337984990073370,337984990271745,337985024499472,337984989425036,16800171,337984990306120,337984990458161,337984993168286,337984998334828,337985005028203,21542,711667,337985005028203,337984999452911,-1,337984998334828,
0,117075190,337985005816139,337985005816139,0,337985006242203,337985006244161,337985006999036,337985007197245,337985041299643,337985006232411,16800171,337985007230536,337985007393620,337985008798411,337985015629286,337985022274953,1300250,446708,337985022274953,337985016486828,-1,337985015629286,
0,117075198,337985022616310,337985022616310,0,337985023088203,337985023090370,337985023752786,337985023956078,337985058099814,337985023078328,16800171,337985023990036,337985024225078,337985025379953,337985033263328,337985039901203,1753959,701834,337985039901203,337985034392953,-1,337985033263328,
0,117075206,337985039416481,337985039416481,0,337985039793745,337985039795620,337985040564995,337985040749578,337985074899985,337985039785953,16800171,337985040798411,337985040928703,337985043808328,337985049175328,337985055830120,24000,791959,337985055830120,337985050432245,-1,337985049175328,
0,117075214,337985056216652,337985056216652,0,337985056620745,337985056622536,337985057289870,337985057480745,337985091700156,337985056613161,16800171,337985057513828,337985057653703,337985060225120,337985066176286,337985072838911,20917,773084,337985072838911,337985067542411,-1,337985066176286,
0,117075222,337985073016823,337985073016823,0,337985073416411,337985073418036,337985073973786,337985074174078,337985108500327,337985073408870,16800171,337985074205911,337985074338661,337985076949203,337985081184370,337985087789786,20834,681541,337985087789786,337985082266328,-1,337985081184370,
0,117075230,337985089816994,337985089816994,0,337985090326328,337985090328703,337985091000870,337985091264578,337985125300498,337985090316453,16800171,337985091301495,337985091467786,337985094176536,337985098353536,337985104990078,21125,681291,337985104990078,337985099425786,-1,337985098353536,
0,117075238,337985106617165,337985106617165,0,337985107053370,337985107055411,337985107807453,337985108056370,337985142100669,337985107043078,16800171,337985108092453,337985108257453,337985111318703,337985115876286,337985122518245,25708,662417,337985122518245,337985116968328,-1,337985115876286,
0,117075246,337985123417336,337985123417336,0,337985123877453,337985123879536,337985124639245,337985124849161,337985158900840,337985123867870,16800171,337985124886453,337985125062870,337985128370453,337985133477411,337985140132620,25000,710791,337985140132620,337985134622578,-1,337985133477411,
0,117075254,337985140217507,337985140217507,0,337985140576411,337985140577995,337985141188411,337985141400745,337985175701011,337985140568578,16800171,337985141430953,337985141562203,337985144376995,337985149583495,337985156225286,25250,807583,337985156225286,337985150851203,-1,337985149583495,
0,117075262,337985157017678,337985157017678,0,337985157379453,337985157381036,337985157985495,337985158178495,337985192501182,337985157371495,16800171,337985158209870,337985158341661,337985160976078,337985165475536,337985172176870,20500,806250,337985172176870,337985166737536,-1,337985165475536,
0,117075270,337985173817849,337985173817849,0,337985174464120,337985174465828,337985175086911,337985175443578,337985209301353,337985174456286,16800171,337985175479620,337985175620036,337985178186036,337985182637745,337985189275578,22917,749708,337985189275578,337985183776286,-1,337985182637745,
0,117075278,337985190618020,337985190618020,0,337985191092495,337985191094620,337985191738745,337985191932745,337985226101524,337985191082411,16800171,337985191966286,337985192158703,337985195080953,337985199755453,337985206457370,21167,690333,337985206457370,337985200946745,-1,337985199755453,
0,117075286,337985207418191,337985207418191,0,337985207833828,337985207836036,337985208653661,337985208884078,337985242901695,337985207823411,16800171,337985208919161,337985209098911,337985212258661,337985216827120,337985223428036,26333,706000,337985223428036,337985217927036,-1,337985216827120,
0,117075294,337985224218362,337985224218362,0,337985224777536,337985224779745,337985225562203,337985225816703,337985259701866,337985224767911,16800171,337985225853745,337985226027286,337985229108245,337985234251995,337985240951286,29625,733459,337985240951286,337985235456995,-1,337985234251995,
0,117075302,337985241018533,337985241018533,0,337985241400120,337985241401703,337985242069245,337985242333245,337985276502037,337985241391995,16800171,337985242364620,337985242494870,337985244746036,337985250338703,337985256971161,289042,464167,337985256971161,337985251284078,-1,337985250338703,
0,117075310,337985257818704,337985257818704,0,337985258165828,337985258167536,337985258777370,337985258990745,337985293302208,337985258158120,16800171,337985259022911,337985259171078,337985260400870,337985267241828,337985273874620,1376708,660292,337985273874620,337985268369745,-1,337985267241828,
0,117075318,337985274618875,337985274618875,0,337985275075703,337985275078161,337985275831661,337985276074578,337985310102379,337985275066203,16800171,337985276111120,337985276274536,337985277720161,337985283457536,337985290071453,751875,420834,337985290071453,337985284434620,-1,337985283457536,
0,117075326,337985291419046,337985291419046,0,337985291753620,337985291755078,337985292307370,337985292503453,337985326902550,337985291746703,16800171,337985292532245,337985294072703,337985294889661,337985299603203,337985306185786,286667,347792,337985306185786,337985300335286,-1,337985299603203,
0,117075334,337985308219217,337985308219217,0,337985308554245,337985308555703,337985309015911,337985309646411,337985343702721,337985308547870,16800171,337985309676828,337985309793620,337985310645828,337985316879453,337985323515578,2429834,300125,337985323515578,337985317493828,-1,337985316879453,
0,117075342,337985325019388,337985325019388,0,337985325360870,337985325362203,337985325921370,337985326087203,337985360502892,337985325354328,16800171,337985326119578,337985326229120,337985326902828,337985332863953,337985339423703,1629167,307917,337985339423703,337985333482911,-1,337985332863953,
---PROFILEDATA---


View hierarchy:

  com.auroratv.lab/com.auroratv.MainActivity/android.view.ViewRootImpl@60cec43
  891 views, 1569.70 kB of render nodes


Total ViewRootImpl   : 1
Total attached Views : 891
Total RenderNode     : 1569.70 kB (used) / 6299.59 kB (capacity)

