Applications Graphics Acceleration Info:
Uptime: 337505932 Realtime: 372180042

** Graphics info for pid 31804 [com.auroratv.lab] **

Stats since: 337494488297886ns
Total frames rendered: 406
Janky frames: 16 (3.94%)
Janky frames (legacy): 390 (96.06%)
50th percentile: 24ms
90th percentile: 36ms
95th percentile: 53ms
99th percentile: 93ms
Number Missed Vsync: 2
Number High input latency: 779
Number Slow UI thread: 10
Number Slow bitmap uploads: 1
Number Slow issue draw commands: 16
Number Frame deadline missed: 16
Number Frame deadline missed (legacy): 17
HISTOGRAM: 5ms=0 6ms=0 7ms=0 8ms=0 9ms=0 10ms=0 11ms=0 12ms=0 13ms=0 14ms=0 15ms=1 16ms=0 17ms=0 18ms=0 19ms=0 20ms=3 21ms=8 22ms=36 23ms=114 24ms=96 25ms=31 26ms=18 27ms=4 28ms=2 29ms=3 30ms=3 31ms=6 32ms=11 34ms=23 36ms=11 38ms=2 40ms=1 42ms=1 44ms=5 46ms=0 48ms=1 53ms=6 57ms=6 61ms=3 65ms=0 69ms=1 73ms=0 77ms=0 81ms=0 85ms=2 89ms=2 93ms=3 97ms=2 101ms=1 105ms=0 109ms=0 113ms=0 117ms=0 121ms=0 125ms=0 129ms=0 133ms=0 150ms=0 200ms=0 250ms=0 300ms=0 350ms=0 400ms=0 450ms=0 500ms=0 550ms=0 600ms=0 650ms=0 700ms=0 750ms=0 800ms=0 850ms=0 900ms=0 950ms=0 1000ms=0 1050ms=0 1100ms=0 1150ms=0 1200ms=0 1250ms=0 1300ms=0 1350ms=0 1400ms=0 1450ms=0 1500ms=0 1550ms=0 1600ms=0 1650ms=0 1700ms=0 1750ms=0 1800ms=0 1850ms=0 1900ms=0 1950ms=0 2000ms=0 2050ms=0 2100ms=0 2150ms=0 2200ms=0 2250ms=0 2300ms=0 2350ms=0 2400ms=0 2450ms=0 2500ms=0 2550ms=0 2600ms=0 2650ms=0 2700ms=0 2750ms=0 2800ms=0 2850ms=0 2900ms=0 2950ms=0 3000ms=0 3050ms=0 3100ms=0 3150ms=0 3200ms=0 3250ms=0 3300ms=0 3350ms=0 3400ms=0 3450ms=0 3500ms=0 3550ms=0 3600ms=0 3650ms=0 3700ms=0 3750ms=0 3800ms=0 3850ms=0 3900ms=0 3950ms=0 4000ms=0 4050ms=0 4100ms=0 4150ms=0 4200ms=0 4250ms=0 4300ms=0 4350ms=0 4400ms=0 4450ms=0 4500ms=0 4550ms=0 4600ms=0 4650ms=0 4700ms=0 4750ms=0 4800ms=0 4850ms=0 4900ms=0 4950ms=0
50th gpu percentile: 7ms
90th gpu percentile: 10ms
95th gpu percentile: 4950ms
99th gpu percentile: 4950ms
GPU HISTOGRAM: 1ms=0 2ms=0 3ms=0 4ms=0 5ms=0 6ms=0 7ms=314 8ms=10 9ms=23 10ms=19 11ms=3 12ms=1 13ms=0 14ms=1 15ms=0 16ms=4 17ms=1 18ms=0 19ms=6 20ms=2 21ms=0 22ms=1 23ms=0 24ms=0 25ms=0 4950ms=21

Pipeline=Skia (OpenGL)
Memory policy:
  Max surface area: 2073600
  Max resource usage: 99.53MB (x48)
  Background retention: 50% (altUiHidden = true)
  GPU Context timeout: 10
Contexts: 1 (stopped = 0)
CPU Caches:
  Glyph Cache: 1.88 MB (1 entry)
  Glyph Count: 98 
Total CPU memory usage:
  1971161 bytes, 1.88 MB (0.00 bytes is purgeable)
GPU Caches:
  Image:
    Texture: 16.46 MB (46 entries)
  Other:
    Other: 174.52 KB (1 entry)
    Buffer Object: 464.00 bytes (2 entries)
    StencilAttachment: 15.00 KB (4 entries)
  Scratch:
    RenderTarget: 11.90 MB (39 entries)
    Texture: 4.04 MB (6 entries)
    Buffer Object: 78.03 KB (3 entries)
Total GPU memory usage:
  34246964 bytes, 32.66 MB (13.11 MB is purgeable)

Profile data in ms:

	com.auroratv.lab/com.auroratv.MainActivity/android.view.ViewRootImpl@b9c1554 (visibility=0)
Window: com.auroratv.lab/com.auroratv.MainActivity
Stats since: 337494488296969ns
Total frames rendered: 406
Janky frames: 16 (3.94%)
Janky frames (legacy): 390 (96.06%)
50th percentile: 24ms
90th percentile: 36ms
95th percentile: 53ms
99th percentile: 93ms
Number Missed Vsync: 2
Number High input latency: 779
Number Slow UI thread: 10
Number Slow bitmap uploads: 1
Number Slow issue draw commands: 16
Number Frame deadline missed: 16
Number Frame deadline missed (legacy): 17
HISTOGRAM: 5ms=0 6ms=0 7ms=0 8ms=0 9ms=0 10ms=0 11ms=0 12ms=0 13ms=0 14ms=0 15ms=1 16ms=0 17ms=0 18ms=0 19ms=0 20ms=3 21ms=8 22ms=36 23ms=114 24ms=96 25ms=31 26ms=18 27ms=4 28ms=2 29ms=3 30ms=3 31ms=6 32ms=11 34ms=23 36ms=11 38ms=2 40ms=1 42ms=1 44ms=5 46ms=0 48ms=1 53ms=6 57ms=6 61ms=3 65ms=0 69ms=1 73ms=0 77ms=0 81ms=0 85ms=2 89ms=2 93ms=3 97ms=2 101ms=1 105ms=0 109ms=0 113ms=0 117ms=0 121ms=0 125ms=0 129ms=0 133ms=0 150ms=0 200ms=0 250ms=0 300ms=0 350ms=0 400ms=0 450ms=0 500ms=0 550ms=0 600ms=0 650ms=0 700ms=0 750ms=0 800ms=0 850ms=0 900ms=0 950ms=0 1000ms=0 1050ms=0 1100ms=0 1150ms=0 1200ms=0 1250ms=0 1300ms=0 1350ms=0 1400ms=0 1450ms=0 1500ms=0 1550ms=0 1600ms=0 1650ms=0 1700ms=0 1750ms=0 1800ms=0 1850ms=0 1900ms=0 1950ms=0 2000ms=0 2050ms=0 2100ms=0 2150ms=0 2200ms=0 2250ms=0 2300ms=0 2350ms=0 2400ms=0 2450ms=0 2500ms=0 2550ms=0 2600ms=0 2650ms=0 2700ms=0 2750ms=0 2800ms=0 2850ms=0 2900ms=0 2950ms=0 3000ms=0 3050ms=0 3100ms=0 3150ms=0 3200ms=0 3250ms=0 3300ms=0 3350ms=0 3400ms=0 3450ms=0 3500ms=0 3550ms=0 3600ms=0 3650ms=0 3700ms=0 3750ms=0 3800ms=0 3850ms=0 3900ms=0 3950ms=0 4000ms=0 4050ms=0 4100ms=0 4150ms=0 4200ms=0 4250ms=0 4300ms=0 4350ms=0 4400ms=0 4450ms=0 4500ms=0 4550ms=0 4600ms=0 4650ms=0 4700ms=0 4750ms=0 4800ms=0 4850ms=0 4900ms=0 4950ms=0
50th gpu percentile: 7ms
90th gpu percentile: 10ms
95th gpu percentile: 4950ms
99th gpu percentile: 4950ms
GPU HISTOGRAM: 1ms=0 2ms=0 3ms=0 4ms=0 5ms=0 6ms=0 7ms=314 8ms=10 9ms=23 10ms=19 11ms=3 12ms=1 13ms=0 14ms=1 15ms=0 16ms=4 17ms=1 18ms=0 19ms=6 20ms=2 21ms=0 22ms=1 23ms=0 24ms=0 25ms=0 4950ms=21



---PROFILEDATA---
Flags,FrameTimelineVsyncId,IntendedVsync,Vsync,InputEventId,HandleInputStart,AnimationStart,PerformTraversalsStart,DrawStart,FrameDeadline,FrameInterval,FrameStartTime,SyncQueued,SyncStart,IssueDrawCommandsStart,SwapBuffers,FrameCompleted,DequeueBufferDuration,QueueBufferDuration,GpuCompleted,SwapBuffersCompleted,DisplayPresentTime,CommandSubmissionCompleted,
0,116864163,337501154400667,337501154400667,0,337501154643014,337501154644389,337501155108681,337501155276014,337501206686000,337501154636889,16801000,337501155490889,337501161907389,337501162834181,337501177714222,337501184357806,11668750,282625,337501184357806,337501178284139,-1,337501177714222,
0,116864171,337501171201667,337501171201667,0,337501171453431,337501171455139,337501171925056,337501172097806,337501223487000,337501171447347,16801000,337501172302431,337501178417764,337501179448222,337501194246639,337501200874681,11835542,313000,337501200874681,337501194841639,-1,337501194246639,
0,116864179,337501188002667,337501188002667,0,337501188261181,337501188262597,337501188743889,337501188918847,337501240288000,337501188255056,16801000,337501189119431,337501194972222,337501195952181,337501211120222,337501217699139,12286500,291000,337501217699139,337501211745181,-1,337501211120222,
0,116864187,337501204803667,337501204803667,0,337501205050264,337501205051597,337501205557931,337501205701972,337501257089000,337501205044306,16801000,337501206099347,337501211937722,337501212862097,337501227667556,337501234175056,12034125,599334,337501234175056,337501228559472,-1,337501227667556,
0,116864195,337501221604667,337501221604667,0,337501221854431,337501221855722,337501222296347,337501222444139,337501273890000,337501221848639,16801000,337501222640847,337501228691181,337501229655056,337501244740514,337501251328931,12090542,499917,337501251328931,337501245617972,-1,337501244740514,
0,116864203,337501238405667,337501238405667,0,337501238655514,337501238656972,337501239094347,337501239236931,337501290691000,337501238650139,16801000,337501239430306,337501245748347,337501246684472,337501261243181,337501267759556,11847875,286875,337501267759556,337501261834264,-1,337501261243181,
0,116864211,337501255206667,337501255206667,0,337501255458222,337501255459722,337501255911097,337501256078681,337501307492000,337501255452097,16801000,337501256265014,337501261967639,337501262836306,337501278085472,337501284598764,12502084,281667,337501284598764,337501278659222,-1,337501278085472,
0,116864219,337501272007667,337501272007667,0,337501272264639,337501272266056,337501272706306,337501272935514,337501324293000,337501272258472,16801000,337501273120889,337501278789264,337501279657722,337501294834097,337501301332597,12500583,279542,337501301332597,337501295394097,-1,337501294834097,
0,116864227,337501288808667,337501288808667,0,337501289070806,337501289072431,337501289518264,337501289697347,337501341094000,337501289064472,16801000,337501289870681,337501295524806,337501296463681,337501311510972,337501318015306,12464708,540208,337501318015306,337501312348889,-1,337501311510972,
0,116864235,337501305609667,337501305609667,0,337501305902972,337501305904472,337501306345181,337501306486222,337501357895000,337501305896847,16801000,337501306631264,337501312480097,337501313336556,337501328332306,337501334825139,12344959,501666,337501334825139,337501329126556,-1,337501328332306,
0,116864243,337501322410667,337501322410667,0,337501322692222,337501322693681,337501323175431,337501323320514,337501374696000,337501322661014,16801000,337501323474347,337501329257181,337501330123431,337501346489722,337501353030222,12670583,325000,337501353030222,337501347274139,-1,337501346489722,
0,116864251,337501339211667,337501339211667,0,337501339467222,337501339468514,337501340383306,337501340540764,337501391497000,337501339461056,16801000,337501340773222,337501347411722,337501348492514,337501364358931,337501370912347,11443542,764250,337501370912347,337501365572014,-1,337501364358931,
0,116864259,337501356012667,337501356012667,0,337501356368472,337501356370431,337501366730431,337501366945222,337501408298000,337501356359806,16801000,337501367077139,337501367246681,337501368719597,337501381003889,337501387529806,8009458,779292,337501387529806,337501382261931,-1,337501381003889,
0,116864267,337501372813667,337501372813667,0,337501373218597,337501373220597,337501373739181,337501373943847,337501425099000,337501373210389,16801000,337501373989722,337501382420597,337501383401181,337501397884222,337501404456847,10545542,672417,337501404456847,337501399034681,-1,337501397884222,
0,116864275,337501389614667,337501389614667,0,337501390021014,337501390023431,337501390550014,337501390748097,337501441900000,337501390011306,16801000,337501390796389,337501399283472,337501400246347,337501415268847,337501421791181,10194833,740250,337501421791181,337501416411514,-1,337501415268847,
0,116864283,337501406415667,337501406415667,0,337501406832306,337501406834931,337501407392264,337501407605514,337501458701000,337501406822431,16801000,337501407654681,337501416571889,337501417405556,337501431831264,337501438421556,9962250,901542,337501438421556,337501433249764,-1,337501431831264,
0,116864291,337501423216667,337501423216667,0,337501423561764,337501423563514,337501424198889,337501424413389,337501475502000,337501423553431,16801000,337501424462514,337501433434222,337501434415514,337501447953681,337501454539014,9402625,821917,337501454539014,337501449271431,-1,337501447953681,
0,116864299,337501440017667,337501440017667,0,337501440434806,337501440436639,337501440920097,337501441103306,337501492303000,337501440426514,16801000,337501441148389,337501449456972,337501450443597,337501464346347,337501470860514,10168583,369625,337501470860514,337501465093556,-1,337501464346347,
0,116864307,337501456818667,337501456818667,0,337501457175972,337501457178222,337501457642181,337501457820014,337501509104000,337501457166972,16801000,337501457863472,337501465360097,337501466341514,337501481413097,337501487957181,11434125,373167,337501487957181,337501482169931,-1,337501481413097,
0,116864315,337501473619667,337501473619667,0,337501474119514,337501474121722,337501474691764,337501474913556,337501525905000,337501474107889,16801000,337501474965806,337501482329181,337501483172597,337501498659847,337501505171889,11346375,384750,337501505171889,337501499431222,-1,337501498659847,
0,116864323,337501490420667,337501490420667,0,337501490872556,337501490874931,337501491435056,337501491650389,337501542706000,337501490862014,16801000,337501491700472,337501499594806,337501500488556,337501515836681,337501522455181,10913209,422208,337501522455181,337501517043222,-1,337501515836681,
0,116864331,337501507221667,337501507221667,0,337501507728472,337501507730722,337501508369806,337501508583597,337501559507000,337501507716264,16801000,337501508632931,337501517208597,337501518035514,337501532739347,337501539296056,10240083,441167,337501539296056,337501533635972,-1,337501532739347,
0,116864339,337501524022667,337501524022667,0,337501524451431,337501524453556,337501524971347,337501525162597,337501576308000,337501524442556,16801000,337501525209972,337501533947681,337501534930264,337501548689764,337501555250306,9759709,463416,337501555250306,337501549877472,-1,337501548689764,
0,116864347,337501540823667,337501540823667,0,337501541233264,337501541235139,337501541725597,337501541910181,337501593109000,337501541224681,16801000,337501541957264,337501550068889,337501551049181,337501565058597,337501571585389,10380916,374084,337501571585389,337501565808139,-1,337501565058597,
0,116864477,337501843241667,337501843241667,-586083291,337501843565431,337501843566889,337501896504764,337501896726889,337501861925000,337501843558598,16801000,337501909199681,337501909328014,337501911129306,337501914458556,337501933313223,21375,443792,337501933313223,337501915225306,-1,337501914458556,
0,116864484,337501860042667,337501910445667,0,337501911589764,337501911591056,337501912392223,337501912561931,337501962731000,337501911576264,16801000,337501913234556,337501915368473,337501916485056,337501921315139,337501958776223,18666,11788334,337501958776223,337501933415889,-1,337501921315139,
0,116864491,337501927246667,337501927246667,0,337501927514598,337501927515931,337501931271223,337501931464139,337501979532000,337501927508431,16801000,337501932930514,337501933545181,337501934495473,337501951538931,337501984892139,12854833,7018000,337501984892139,337501958865931,-1,337501951538931,
0,116864499,337501944047667,337501944047667,0,337501944337389,337501944338723,337501944854931,337501945003181,337502013134000,337501944331223,16801000,337501945207556,337501958990973,337501959891181,337501968431014,337502003764264,4315792,16237167,337502003764264,337501984992098,-1,337501968431014,
0,116864507,337501960848667,337501960848667,0,337501961093014,337501961094348,337501961630723,337501961770806,337502029935000,337501961087098,16801000,337501961969181,337501985126223,337501986109348,337502002009264,337502012583139,11607041,1526459,337502012583139,337502003846848,-1,337502002009264,
0,116864515,337501977649667,337501977649667,0,337501986538973,337501986540556,337501987043931,337501987187056,337502046736000,337501986531431,16801000,337501987385764,337502003980556,337502004934223,337502018570889,337502027791973,9546542,551750,337502027791973,337502019502223,-1,337502018570889,
0,116864523,337501994450667,337501994450667,0,337502005231973,337502005232806,337502005703473,337502005841806,337502063537000,337502005226431,16801000,337502006071473,337502019632056,337502020659139,337502035617806,337502044582848,10639458,663000,337502044582848,337502036583306,-1,337502035617806,
0,116864539,337502028052667,337502028052667,0,337502028308889,337502028310389,337502028848764,337502028990306,337502080338000,337502028301889,16801000,337502029406223,337502036715056,337502037757889,337502051908681,337502060906056,10372125,603834,337502060906056,337502052838764,-1,337502051908681,
0,116864547,337502044853667,337502044853667,0,337502045102723,337502045104181,337502045535431,337502045680264,337502097139000,337502045096764,16801000,337502045904431,337502052968139,337502053954264,337502068814556,337502077829598,10969666,549833,337502077829598,337502069671639,-1,337502068814556,
0,116864555,337502061654667,337502061654667,0,337502061909931,337502061911264,337502062365264,337502062504264,337502113940000,337502061903723,16801000,337502062743389,337502069801389,337502070717723,337502085265556,337502094283931,11159000,286708,337502094283931,337502085852264,-1,337502085265556,
0,116864563,337502078455667,337502078455667,0,337502078721348,337502078722806,337502079168139,337502079328264,337502130741000,337502078715056,16801000,337502079517389,337502085986014,337502087097973,337502101852806,337502110883556,11443250,280000,337502110883556,337502102433181,-1,337502101852806,
0,116864571,337502095256667,337502095256667,0,337502095552056,337502095553639,337502095987556,337502096157514,337502147542000,337502095546056,16801000,337502096351639,337502102562973,337502103451098,337502118624723,337502127539723,11912584,284500,337502127539723,337502119202556,-1,337502118624723,
0,116864579,337502112057667,337502112057667,0,337502112322431,337502112323848,337502112791306,337502112945514,337502164343000,337502112316431,16801000,337502113138014,337502119334223,337502120257598,337502135496639,337502144463181,11981584,356166,337502144463181,337502136150514,-1,337502135496639,
0,116864587,337502128858667,337502128858667,0,337502129144681,337502129146014,337502129589848,337502129727889,337502181144000,337502129138639,16801000,337502129920598,337502136284389,337502137202306,337502154385431,337502161053764,12387084,411666,337502161053764,337502155238681,-1,337502154385431,
0,116864595,337502145659667,337502145659667,0,337502146014723,337502146016764,337502146655639,337502146837931,337502197945000,337502146005973,16801000,337502147160681,337502155427973,337502156819348,337502170843598,337502177501889,9483333,388292,337502177501889,337502171621514,-1,337502170843598,
0,116864603,337502162460667,337502162460667,0,337502162849098,337502162851264,337502163493181,337502163700514,337502214746000,337502162840389,16801000,337502163964098,337502171848889,337502173138598,337502187951764,337502194678764,10246083,370666,337502194678764,337502188782639,-1,337502187951764,
0,116864611,337502179261667,337502179261667,0,337502179661223,337502179663348,337502180267931,337502180566264,337502231547000,337502179652223,16801000,337502180857556,337502188960389,337502190107806,337502206146431,337502212803181,10253083,397208,337502212803181,337502206938931,-1,337502206146431,
0,116864619,337502196062667,337502196062667,0,337502196470473,337502196472931,337502197134348,337502197345389,337502248348000,337502196460223,16801000,337502197741473,337502207113473,337502208512139,337502222639389,337502229303889,8582250,443916,337502229303889,337502223548348,-1,337502222639389,
0,116864627,337502212863667,337502212863667,0,337502213209264,337502213211681,337502213870556,337502214098014,337502265149000,337502213201056,16801000,337502214428931,337502223750181,337502225007848,337502240089931,337502246781014,8433625,524083,337502246781014,337502241127139,-1,337502240089931,
0,116864635,337502229664667,337502229664667,0,337502230032931,337502230034764,337502230558306,337502230736681,337502281950000,337502230024889,16801000,337502231039056,337502241328598,337502242856139,337502255187598,337502261846556,7314334,488500,337502261846556,337502256160306,-1,337502255187598,
0,116864643,337502246465667,337502246465667,0,337502246860556,337502246862639,337502247278264,337502247460806,337502298751000,337502246852639,16801000,337502247742806,337502256367889,337502257725264,337502272054639,337502278711014,9286291,385875,337502278711014,337502272907223,-1,337502272054639,
0,116864651,337502263266667,337502263266667,0,337502263667348,337502263669806,337502264335556,337502264523556,337502315552000,337502263657473,16801000,337502264763264,337502273112181,337502274558431,337502289647639,337502296304598,9904625,507208,337502296304598,337502290591348,-1,337502289647639,
0,116864659,337502280067667,337502280067667,0,337502280488556,337502280491014,337502280999473,337502281210598,337502332353000,337502280478056,16801000,337502281492556,337502290767306,337502292034264,337502306573723,337502313209098,8965458,388834,337502313209098,337502307382431,-1,337502306573723,
0,116864667,337502296868667,337502296868667,0,337502297307681,337502297310056,337502297783764,337502297994056,337502349154000,337502297297556,16801000,337502298381264,337502307555556,337502308752306,337502323473473,337502330110056,9098291,517541,337502330110056,337502324466348,-1,337502323473473,
0,116864675,337502313669667,337502313669667,0,337502314004848,337502314006723,337502314465681,337502314670056,337502365955000,337502313996806,16801000,337502314936389,337502324670598,337502326141014,337502339690056,337502346351514,8050583,458084,337502346351514,337502340672681,-1,337502339690056,
0,116864683,337502330470667,337502330470667,0,337502330825139,337502330827014,337502331305848,337502331516848,337502382756000,337502330817139,16801000,337502331760598,337502340880639,337502342223764,337502356302098,337502363056973,8852542,453375,337502363056973,337502357355181,-1,337502356302098,
0,116864691,337502347271667,337502347271667,0,337502347620306,337502347622264,337502348097806,337502348286681,337502399557000,337502347612098,16801000,337502348568431,337502357669556,337502359127056,337502373039306,337502379658889,8884000,489250,337502379658889,337502373937181,-1,337502373039306,
0,116864699,337502364072667,337502364072667,0,337502364501639,337502364503931,337502365058098,337502365270264,337502416358000,337502364490848,16801000,337502365594098,337502374112181,337502375358681,337502390633181,337502397333848,9782125,383250,337502397333848,337502391511431,-1,337502390633181,
0,116864707,337502380873667,337502380873667,0,337502381304014,337502381306556,337502381816723,337502382029306,337502433159000,337502381293139,16801000,337502382309931,337502391689389,337502393017098,337502407766598,337502414464264,8780000,383125,337502414464264,337502408606723,-1,337502407766598,
0,116864715,337502397674667,337502397674667,0,337502398081889,337502398084681,337502398567306,337502398862639,337502449960000,337502398071514,16801000,337502399214389,337502408785639,337502409933764,337502424135848,337502430767014,8474083,456917,337502430767014,337502425066889,-1,337502424135848,
0,116864723,337502414475667,337502414475667,0,337502414840348,337502414842473,337502415332514,337502415533723,337502466761000,337502414832098,16801000,337502415773264,337502425270181,337502426603264,337502440373514,337502447037056,8429375,457416,337502447037056,337502441309681,-1,337502440373514,
0,116864731,337502431276667,337502431276667,0,337502431629681,337502431631931,337502432108056,337502432298639,337502483562000,337502431620723,16801000,337502432550389,337502441516639,337502442874264,337502456597139,337502463216806,9151083,393708,337502463216806,337502457421639,-1,337502456597139,
0,116864739,337502448077667,337502448077667,0,337502448484889,337502448486806,337502448906389,337502449089473,337502500363000,337502448476098,16801000,337502449328681,337502457598431,337502459035931,337502474197264,337502480888806,10588000,731375,337502480888806,337502475332598,-1,337502474197264,
0,116864747,337502464878667,337502464878667,0,337502465275389,337502465278139,337502465828348,337502466059306,337502517164000,337502465265598,16801000,337502466364014,337502475503139,337502476690306,337502491463681,337502498094390,9225375,765791,337502498094390,337502492638515,-1,337502491463681,
0,116864755,337502481679667,337502481679667,0,337502482109639,337502482112431,337502482682889,337502482892806,337502533965000,337502482099306,16801000,337502483175556,337502492807306,337502493950473,337502508780515,337502515572431,8718958,1083833,337502515572431,337502510435765,-1,337502508780515,
0,116864763,337502498480667,337502498480667,0,337502498848348,337502498850181,337502499261140,337502499561973,337502550766000,337502498840098,16801000,337502499846806,337502510600390,337502511824598,337502525085973,337502531718848,7301250,570875,337502531718848,337502526125848,-1,337502525085973,
0,116864771,337502515281667,337502515281667,0,337502515613973,337502515616140,337502516071431,337502516256431,337502567567000,337502515606223,16801000,337502516498765,337502526329390,337502527798265,337502540990223,337502547636640,8116000,480375,337502547636640,337502542022223,-1,337502540990223,
0,116864779,337502532082667,337502532082667,0,337502532456015,337502532457723,337502532869056,337502533048473,337502584368000,337502532447598,16801000,337502533287640,337502542246806,337502543787931,337502557584098,337502564279765,8965500,484792,337502564279765,337502558491431,-1,337502557584098,
0,116864787,337502548883667,337502548883667,0,337502549299598,337502549301681,337502549866265,337502550075556,337502601169000,337502549289390,16801000,337502550361723,337502558664723,337502559891265,337502574910015,337502581613556,10019167,375500,337502581613556,337502575790140,-1,337502574910015,
0,116864795,337502565684667,337502565684667,0,337502566139723,337502566142056,337502566616140,337502566827223,337502617970000,337502566129181,16801000,337502567131056,337502575964015,337502577234723,337502592454806,337502599082390,9464917,376083,337502599082390,337502593231473,-1,337502592454806,
0,116864803,337502582485667,337502582485667,0,337502582909890,337502582912390,337502583386640,337502583597890,337502634771000,337502582900098,16801000,337502583878848,337502593404098,337502594525598,337502608172390,337502614766015,9647666,335584,337502614766015,337502608864015,-1,337502608172390,
0,116864811,337502599286667,337502599286667,0,337502599660556,337502599662973,337502600205265,337502600404223,337502651572000,337502599652306,16801000,337502600786223,337502609106390,337502610116515,337502623329848,337502629964306,9479667,330000,337502629964306,337502623995598,-1,337502623329848,
0,116864819,337502616087667,337502616087667,0,337502616464473,337502616466306,337502616844098,337502617031931,337502668373000,337502616457640,16801000,337502617235098,337502624186098,337502625124848,337502640554640,337502647199348,11428459,331000,337502647199348,337502641295556,-1,337502640554640,
0,116864827,337502632888667,337502632888667,0,337502633212765,337502633214640,337502633662181,337502633825348,337502685174000,337502633205598,16801000,337502634025723,337502641442848,337502642491640,337502657745515,337502664313181,10846333,309291,337502664313181,337502658378140,-1,337502657745515,
0,116864835,337502649689667,337502649689667,0,337502650013848,337502650015223,337502650391640,337502650545765,337502701975000,337502650007390,16801000,337502650833723,337502658522598,337502659491140,337502674329265,337502681055806,10983500,317584,337502681055806,337502675074556,-1,337502674329265,
0,116864843,337502666490667,337502666490667,-809878755,337502666838015,337502666839515,337502669289515,337502669512598,337502718776000,337502666831056,16801000,337502670204556,337502675219765,337502676366348,337502692408223,337502699036848,10775750,677917,337502699036848,337502693449556,-1,337502692408223,
0,116864851,337502683291667,337502683291667,0,337502683644098,337502683645640,337502696666556,337502696827306,337502735577000,337502683637265,16801000,337502700616765,337502700748723,337502701819681,337502708242015,337502715006890,1677291,285084,337502715006890,337502708845348,-1,337502708242015,
0,116864859,337502700092667,337502700092667,0,337502702273056,337502702274390,337502706224515,337502706409681,337502752378000,337502702266181,16801000,337502707985098,337502708986765,337502709954390,337502724269931,337502733113765,10287875,327875,337502733113765,337502724890181,-1,337502724269931,
0,116864867,337502716893667,337502716893667,0,337502717162723,337502717164473,337502718489140,337502718630015,337502769179000,337502717157015,16801000,337502718831098,337502725023265,337502725929265,337502740443681,337502748607848,11176125,276959,337502748607848,337502741020098,-1,337502740443681,
0,116864875,337502733694667,337502733694667,0,337502733950890,337502733952556,337502734492890,337502734633765,337502785980000,337502733944723,16801000,337502734831015,337502741153015,337502742080890,337502757223973,337502764761515,11680583,278500,337502764761515,337502757805306,-1,337502757223973,
0,116864883,337502750495667,337502750495667,0,337502750751181,337502750752598,337502751239598,337502751377973,337502802781000,337502750745265,16801000,337502751575806,337502758003765,337502758930973,337502773942890,337502781077265,11668750,277333,337502781077265,337502774519306,-1,337502773942890,
0,116864891,337502767296667,337502767296667,0,337502767555015,337502767556431,337502768064723,337502768207640,337502819582000,337502767549181,16801000,337502768408390,337502774655890,337502775630348,337502790751431,337502797692056,11881584,283292,337502797692056,337502791399306,-1,337502790751431,
0,116864899,337502784097667,337502784097667,0,337502784380598,337502784382015,337502784878515,337502785017515,337502836383000,337502784374681,16801000,337502785216056,337502791535931,337502792581473,337502807130473,337502813785848,11668166,286166,337502813785848,337502807714056,-1,337502807130473,
0,116864907,337502800898667,337502800898667,0,337502801159390,337502801161098,337502801716765,337502801857931,337502853184000,337502801153348,16801000,337502802065098,337502807850431,337502808779723,337502823732515,337502830343348,12266750,316542,337502830343348,337502824337890,-1,337502823732515,
0,116864915,337502817699667,337502817699667,0,337502817960765,337502817961973,337502818508431,337502818647140,337502869985000,337502817954765,16801000,337502818846890,337502824471890,337502825354265,337502840544431,337502847137640,12504792,274042,337502847137640,337502841116140,-1,337502840544431,
0,116864923,337502834500667,337502834500667,0,337502834761806,337502834763390,337502835255015,337502835394473,337502886786000,337502834755848,16801000,337502835825265,337502841248765,337502842389015,337502857335181,337502863855140,12267500,276208,337502863855140,337502857901265,-1,337502857335181,
0,116864931,337502851301667,337502851301667,0,337502851589640,337502851590931,337502852089890,337502852291348,337502903587000,337502851584015,16801000,337502852530431,337502858034473,337502858905723,337502874060140,337502880573265,12519917,280583,337502880573265,337502874627640,-1,337502874060140,
0,116864939,337502868102667,337502868102667,0,337502868366765,337502868368390,337502868852390,337502868993223,337502920388000,337502868360973,16801000,337502869185473,337502874761223,337502875624306,337502890962348,337502897465598,12730334,273834,337502897465598,337502891529265,-1,337502890962348,
0,116864947,337502884903667,337502884903667,0,337502885158723,337502885160056,337502885614306,337502885810848,337502937189000,337502885153140,16801000,337502886029806,337502891663098,337502892595181,337502907895515,337502914446556,12466875,281917,337502914446556,337502908559140,-1,337502907895515,
0,116864955,337502901704667,337502901704667,0,337502901965265,337502901966723,337502902399431,337502902542473,337502953990000,337502901959223,16801000,337502902714015,337502908740598,337502909606306,337502924580265,337502931157098,12209416,275250,337502931157098,337502925220598,-1,337502924580265,
0,116864963,337502918505667,337502918505667,0,337502918771140,337502918772848,337502919200556,337502919341556,337502970791000,337502918765265,16801000,337502919509306,337502925356640,337502926311390,337502941815431,337502948350890,12330958,329541,337502948350890,337502942532681,-1,337502941815431,
0,116864971,337502935306667,337502935306667,0,337502935608015,337502935609473,337502936068306,337502936209765,337502987592000,337502935602098,16801000,337502936355223,337502942674765,337502943726306,337502958532265,337502965071515,11804416,474500,337502965071515,337502959326806,-1,337502958532265,
0,116864979,337502952107667,337502952107667,0,337502952412973,337502952414348,337502952883223,337502953097931,337503004393000,337502952406098,16801000,337502953277890,337502959457515,337502960381556,337502975837806,337502982447348,12046125,325125,337502982447348,337502976598556,-1,337502975837806,
0,116864987,337502968908667,337502968908667,0,337502969204181,337502969205640,337502970013181,337502970175390,337503021194000,337502969197265,16801000,337502970340306,337502976733098,337502977694223,337502992271723,337502998742765,11607167,314834,337502998742765,337502992892848,-1,337502992271723,
0,116864995,337502985709667,337502985709667,0,337502985981265,337502985982681,337502991177848,337502991330223,337503037995000,337502985974848,16801000,337502991427056,337502993031431,337502994260306,337503008619015,337503015078723,11600917,317292,337503015078723,337503009231140,-1,337503008619015,
0,116865003,337503002510667,337503002510667,0,337503002758931,337503002760723,337503003153640,337503003305056,337503054796000,337503002752973,16801000,337503003340598,337503009360556,337503009999931,337503025572015,337503032059098,12802875,320333,337503032059098,337503026196848,-1,337503025572015,
0,116865011,337503019311667,337503019311667,0,337503019565390,337503019566848,337503019917306,337503020152640,337503071597000,337503019559348,16801000,337503020189223,337503026327265,337503026993098,337503042430098,337503048959223,12554292,328666,337503048959223,337503043076890,-1,337503042430098,
0,116865019,337503036112667,337503036112667,0,337503036389681,337503036391556,337503036821640,337503036963931,337503088398000,337503036383098,16801000,337503037000223,337503043212181,337503043908348,337503059822515,337503066502181,12697875,364583,337503066502181,337503060579265,-1,337503059822515,
0,116865027,337503052913667,337503052913667,0,337503053208931,337503053211015,337503053632223,337503053842848,337503105199000,337503053201890,16801000,337503053905140,337503060732140,337503061513348,337503078334973,337503084864306,12505667,373458,337503084864306,337503079107556,-1,337503078334973,
0,116865035,337503069714667,337503069714667,0,337503070119098,337503070121556,337503070687515,337503070894056,337503122000000,337503070109306,16801000,337503070941348,337503079375098,337503080261098,337503095206515,337503101762765,10396416,484083,337503101762765,337503096152640,-1,337503095206515,
0,116865043,337503086515667,337503086515667,0,337503087074515,337503087077223,337503087698181,337503087905806,337503138801000,337503087036598,16801000,337503087954598,337503096340806,337503097326431,337503112122306,337503118705056,9818458,440042,337503118705056,337503113056306,-1,337503112122306,
0,116865051,337503103316667,337503103316667,0,337503103666765,337503103668765,337503104204390,337503104385640,337503155602000,337503103658140,16801000,337503104429556,337503113356390,337503114454848,337503127459765,337503134015015,9453333,491833,337503134015015,337503128400181,-1,337503127459765,
0,116865059,337503120117667,337503120117667,0,337503120470931,337503120473223,337503120992765,337503121170640,337503172403000,337503120462723,16801000,337503121213890,337503128587640,337503129585598,337503144729848,337503151257806,11178334,403458,337503151257806,337503145702056,-1,337503144729848,
0,116865067,337503136918667,337503136918667,0,337503137347598,337503137350015,337503137967431,337503138174640,337503189204000,337503137337015,16801000,337503138521140,337503145910306,337503146799390,337503162160515,337503168888181,11200959,365375,337503168888181,337503163121265,-1,337503162160515,
0,116865075,337503153719667,337503153719667,0,337503154205890,337503154208098,337503154734556,337503154942015,337503206005000,337503154194140,16801000,337503154989973,337503163409973,337503164393515,337503179889973,337503186538557,10345500,393541,337503186538557,337503180809015,-1,337503179889973,
0,116865083,337503170520667,337503170520667,0,337503171014056,337503171016515,337503171541056,337503171746473,337503222806000,337503171003598,16801000,337503171793890,337503180975765,337503181856431,337503195949473,337503202558432,9707667,441792,337503202558432,337503196919265,-1,337503195949473,
0,116865171,337503372132667,337503372132667,0,337503372511307,337503372513640,337503388286348,337503388553057,337503390816000,337503372501765,16801000,337503393356557,337503393595765,337503394753848,337503399228140,337503412387515,30084,638666,337503412387515,337503400406807,-1,337503399228140,
0,116865178,337503388933667,337503388933667,0,337503395229932,337503395231807,337503396764848,337503397067473,337503441219000,337503395218057,16801000,337503397529098,337503400585598,337503401770432,337503413143223,337503428267473,24167,393125,337503428267473,337503413942807,-1,337503413143223,
0,116865185,337503405734667,337503405734667,0,337503406151848,337503406153890,337503407491182,337503407863765,337503458020000,337503406142515,16801000,337503407910265,337503414095848,337503414990765,337503435373557,337503450498140,11643958,409500,337503450498140,337503436188807,-1,337503435373557,
0,116865193,337503422535667,337503422535667,0,337503423084182,337503423086307,337503424785557,337503425105848,337503474821000,337503423073848,16801000,337503425625223,337503436347765,337503437318223,337503452844848,337503467968265,6330542,367208,337503467968265,337503453683015,-1,337503452844848,
0,116865201,337503439336667,337503439336667,0,337503439740265,337503439742390,337503441163848,337503441509515,337503491622000,337503439729890,16801000,337503442136182,337503453839557,337503460779807,337503466961557,337503486059807,26917,736084,337503486059807,337503468140432,-1,337503466961557,
0,116865209,337503456137667,337503456137667,0,337503461148640,337503461150182,337503462523015,337503462874348,337503508423000,337503461138932,16801000,337503463292723,337503468492848,337503469711015,337503482299348,337503492686890,6920000,3607416,337503492686890,337503486302057,-1,337503482299348,
0,116865217,337503472938667,337503472938667,0,337503473251348,337503473253098,337503474466223,337503474646890,337503525224000,337503473244015,16801000,337503474990390,337503486467390,337503487351765,337503498205390,337503504939557,6529417,409041,337503504939557,337503499038682,-1,337503498205390,
0,116865225,337503489739667,337503489739667,0,337503490123015,337503490125223,337503491563473,337503491934807,337503542025000,337503490112932,16801000,337503492542348,337503499221265,337503500233515,337503515897682,337503522794307,10217209,476459,337503522794307,337503516963473,-1,337503515897682,
0,116865233,337503506540667,337503506540667,0,337503506941682,337503506943640,337503508163140,337503508355223,337503558826000,337503506932848,16801000,337503510448682,337503517146015,337503518169765,337503534918182,337503541737557,9483666,437417,337503541737557,337503535756557,-1,337503534918182,
0,116865241,337503523341667,337503523341667,0,337503523748140,337503523750432,337503525456932,337503525698473,337503575627000,337503523737973,16801000,337503526276765,337503535938807,337503537062515,337503550147890,337503557007973,7582125,806333,337503557007973,337503551407557,-1,337503550147890,
0,116865249,337503540142667,337503540142667,0,337503540520723,337503540523098,337503542221807,337503542460223,337503592428000,337503540511307,16801000,337503543026640,337503551584432,337503552664682,337503566634473,337503573447182,8464750,444583,337503573447182,337503567629265,-1,337503566634473,
0,116865257,337503556943667,337503556943667,0,337503557322807,337503557324890,337503558753807,337503559126265,337503609229000,337503557313765,16801000,337503559677932,337503567855848,337503569216807,337503582216473,337503589164848,8481792,516334,337503589164848,337503583375682,-1,337503582216473,
0,116865265,337503573744667,337503573744667,0,337503574091390,337503574093473,337503575328682,337503575525598,337503626030000,337503574083140,16801000,337503576167223,337503583557057,337503584747515,337503598941765,337503605892598,9773875,371584,337503605892598,337503599990390,-1,337503598941765,
0,116865273,337503590545667,337503590545667,0,337503590931348,337503590933515,337503592390265,337503592760390,337503642831000,337503590922140,16801000,337503593275557,337503600194890,337503601152223,337503616260557,337503622991765,10276916,451584,337503622991765,337503617113682,-1,337503616260557,
0,116865281,337503607346667,337503607346667,0,337503607721848,337503607724223,337503609169307,337503609536640,337503659632000,337503607712932,16801000,337503610065432,337503617329015,337503618398807,337503634160182,337503640889015,10138666,417167,337503640889015,337503634974890,-1,337503634160182,
0,116865289,337503624147667,337503624147667,0,337503624539015,337503624541223,337503626392182,337503626629140,337503676433000,337503624529098,16801000,337503627194765,337503635182307,337503636269015,337503650822515,337503657610973,9117291,523834,337503657610973,337503651850348,-1,337503650822515,
0,116865297,337503640948667,337503640948667,0,337503641287432,337503641289307,337503642513932,337503642705765,337503693234000,337503641278973,16801000,337503643317682,337503652081182,337503653512140,337503666372223,337503673030057,8369833,444459,337503673030057,337503667276057,-1,337503666372223,
0,116865305,337503657749667,337503657749667,0,337503658105015,337503658107140,337503659799515,337503660039973,337503710035000,337503658096223,16801000,337503660564848,337503667470182,337503668654973,337503682272348,337503688934265,9793542,377791,337503688934265,337503683039723,-1,337503682272348,
0,116865313,337503674550667,337503674550667,0,337503674909515,337503674911390,337503675274057,337503675478473,337503726836000,337503674901057,16801000,337503675810057,337503683207848,337503684264265,337503699063682,337503705669432,11221000,779375,337503705669432,337503700234473,-1,337503699063682,
0,116865321,337503691351667,337503691351667,0,337503691764765,337503691767640,337503692170515,337503692408098,337503743637000,337503691754807,16801000,337503692733598,337503700399390,337503701264973,337503716410432,337503722808390,11209083,689708,337503722808390,337503717496057,-1,337503716410432,
---PROFILEDATA---


View hierarchy:

  com.auroratv.lab/com.auroratv.MainActivity/android.view.ViewRootImpl@b9c1554
  357 views, 634.99 kB of render nodes


Total ViewRootImpl   : 1
Total attached Views : 357
Total RenderNode     : 634.99 kB (used) / 2550.89 kB (capacity)

