16683333
0	0	0
0	0	0
0	0	0
0	0	0
0	0	0
0	0	0
0	0	0
0	0	0
0	0	0
0	0	0
0	0	0
0	0	0
0	0	0
0	0	0
0	0	0
0	0	0
0	0	0
0	0	0
0	0	0
0	0	0
0	0	0
0	0	0
0	0	0
0	0	0
0	0	0
0	0	0
0	0	0
0	0	0
0	0	0
0	0	0
0	0	0
0	0	0
0	0	0
0	0	0
0	0	0
0	0	0
0	0	0
0	0	0
0	0	0
0	0	0
0	0	0
0	0	0
0	0	0
0	0	0
0	0	0
0	0	0
0	0	0
0	0	0
0	0	0
0	0	0
0	0	0
0	0	0
0	0	0
0	0	0
0	0	0
0	0	0
0	0	0
0	0	0
0	0	0
0	0	0
0	0	0
0	0	0
0	0	0
0	0	0
0	0	0
0	0	0
0	0	0
0	0	0
0	0	0
0	0	0
0	0	0
0	0	0
0	0	0
0	0	0
0	0	0
0	0	0
0	0	0
0	0	0
0	0	0
0	0	0
0	0	0
0	0	0
0	0	0
0	0	0
0	0	0
0	0	0
0	0	0
0	0	0
0	0	0
0	0	0
0	0	0
0	0	0
0	0	0
0	0	0
0	0	0
0	0	0
0	0	0
0	0	0
0	0	0
0	0	0
0	0	0
0	0	0
0	0	0
0	0	0
0	0	0
0	0	0
0	0	0
0	0	0
0	0	0
0	0	0
0	0	0
0	0	0
0	0	0
0	0	0
0	0	0
0	0	0
0	0	0
0	0	0
0	0	0
0	0	0
0	0	0
0	0	0
0	0	0
0	0	0
0	0	0
0	0	0
0	0	0

===
16683333
0	0	0
0	0	0
0	0	0
0	0	0
0	0	0
0	0	0
0	0	0
0	0	0
0	0	0
0	0	0
0	0	0
0	0	0
0	0	0
0	0	0
0	0	0
0	0	0
0	0	0
0	0	0
0	0	0
0	0	0
0	0	0
0	0	0
0	0	0
0	0	0
0	0	0
0	0	0
0	0	0
0	0	0
0	0	0
0	0	0
0	0	0
0	0	0
0	0	0
0	0	0
0	0	0
0	0	0
0	0	0
0	0	0
0	0	0
0	0	0
0	0	0
0	0	0
0	0	0
0	0	0
0	0	0
0	0	0
0	0	0
0	0	0
0	0	0
0	0	0
0	0	0
0	0	0
0	0	0
0	0	0
0	0	0
0	0	0
0	0	0
0	0	0
0	0	0
0	0	0
0	0	0
0	0	0
0	0	0
0	0	0
0	0	0
0	0	0
0	0	0
0	0	0
0	0	0
0	0	0
0	0	0
0	0	0
0	0	0
0	0	0
0	0	0
0	0	0
0	0	0
0	0	0
0	0	0
0	0	0
0	0	0
0	0	0
0	0	0
0	0	0
0	0	0
0	0	0
0	0	0
0	0	0
0	0	0
0	0	0
0	0	0
338485274481858	338485294403105	338485287200441
338485307717358	338485327769771	338485322827316
338485335066358	338485361136437	338485350166691
338485350782858	338485377819770	338485356965192
338485376913692	338485394503103	338485381933192
338485386651692	338485411186436	338485393101775
338485403530108	338485427869769	338485409972692
338485420383025	338485444553102	338485426646317
338485434422817	338485461236435	338485440873775
338485451644108	338485477919768	338485458078108
338485468516650	338485494603101	338485474968317
338485486442317	338485511286434	338485492804442
338485504197525	338485527969767	338485510632108
338485519544942	338485544653100	338485525979525
338485536821192	338485561336433	338485543128900
338485552221608	338485578019766	338485558626650
338485568181692	338485594703099	338485574516650
338485585393692	338485611386432	338485591789942
338485604611733	338485628069765	338485610620567
338485621507942	338485644753098	338485627796442
338485637217358	338485661436431	338485643402025
338485910582400	338485928369759	338485930193192
338485946195108	338485978419758	338485968313608
338485960624150	338485995103091	338485991382400
338485994723108	338486011786424	338486002397525
338486011295900	338486028469757	338486019876483
338486037477692	338486045153090	338486047655233
338486043119983	338486061836423	338486057865609
338486061637984	338486078519756	338486071781192
338486079408859	338486095203089	338486089363359
338486095856484	338486111886422	338486105419192
338486109644692	338486128569755	338486119299859
338486127080734	338486145253088	338486136706400
338486142117859	338486161936421	338486151760150
338486159383525	338486178619754	338486169025484
338486176655734	338486195303087	338486186244817

===
16683333
0	0	0
0	0	0
0	0	0
0	0	0
0	0	0
0	0	0
0	0	0
0	0	0
0	0	0
0	0	0
0	0	0
0	0	0
0	0	0
0	0	0
0	0	0
0	0	0
0	0	0
0	0	0
0	0	0
0	0	0
0	0	0
0	0	0
0	0	0
0	0	0
0	0	0
338485274481858	338485294403105	338485287200441
338485307717358	338485327769771	338485322827316
338485335066358	338485361136437	338485350166691
338485350782858	338485377819770	338485356965192
338485376913692	338485394503103	338485381933192
338485386651692	338485411186436	338485393101775
338485403530108	338485427869769	338485409972692
338485420383025	338485444553102	338485426646317
338485434422817	338485461236435	338485440873775
338485451644108	338485477919768	338485458078108
338485468516650	338485494603101	338485474968317
338485486442317	338485511286434	338485492804442
338485504197525	338485527969767	338485510632108
338485519544942	338485544653100	338485525979525
338485536821192	338485561336433	338485543128900
338485552221608	338485578019766	338485558626650
338485568181692	338485594703099	338485574516650
338485585393692	338485611386432	338485591789942
338485604611733	338485628069765	338485610620567
338485621507942	338485644753098	338485627796442
338485637217358	338485661436431	338485643402025
338485910582400	338485928369759	338485930193192
338485946195108	338485978419758	338485968313608
338485960624150	338485995103091	338485991382400
338485994723108	338486011786424	338486002397525
338486011295900	338486028469757	338486019876483
338486037477692	338486045153090	338486047655233
338486043119983	338486061836423	338486057865609
338486061637984	338486078519756	338486071781192
338486079408859	338486095203089	338486089363359
338486095856484	338486111886422	338486105419192
338486109644692	338486128569755	338486119299859
338486127080734	338486145253088	338486136706400
338486142117859	338486161936421	338486151760150
338486159383525	338486178619754	338486169025484
338486176655734	338486195303087	338486186244817
338486193482984	338486211986420	338486203077984
338486214632734	338486228669753	338486223466650
338486227426817	338486245353086	338486231162567
338486247172400	338486262036419	338486250981025
338486260429150	338486278719752	338486264146984
338486277393734	338486295403085	338486281107275
338486293210234	338486312086418	338486296919067
338486310535067	338486328769751	338486314282442
338486327273234	338486345453084	338486331062525
338486345092067	338486362136417	338486349004525
338486361049692	338486378819750	338486364792442
338486378908650	338486395503083	338486382690359
338486395261317	338486412186416	338486399012942
338486412483317	338486428869749	338486416198942
338486430113567	338486445553082	338486433693359
338486446995109	338486462236415	338486450715900
338486462306359	338486478919748	338486466016025
338486480590775	338486495603081	338486484357567
338486496707442	338486512286414	338486500418317
338486514238400	338486528969747	338486517927150
338486531406025	338486545653080	338486535117067
338486548319150	338486562336413	338486552033400
338486566487150	338486579019746	338486570175650
338486583923734	338486595703079	338486587681400
338486599017734	338486612386412	338486602786484
338486614994525	338486629069745	338486618673067
338486634001942	338486645753078	338486637699650
338486650217442	338486662436411	338486653894942
338486666185025	338486679119744	338486669875734
338486683595067	338486695803077	338486687289567
338486696403359	338486712486410	338486700156775
338486715857275	338486729169743	338486719539692
338486730627692	338486745853076	338486734306025
338486746832900	338486762536409	338486750510692
338486763415984	338486779219742	338486767071984
338486784373026	338486795903075	338486788087109
338486799694151	338486812586408	338486803333401
338486814645484	338486829269741	338486818313234
338486830752067	338486845953074	338486834416901
338486848361234	338486862636407	338486851932651
338486866231109	338486879319740	338486869882776
338486881696984	338486896003073	338486885262901
338486898551526	338486912686406	338486902257109
338486916173776	338486929369739	338486919437026
338487049561651	338487046153070	338487055887942
338487072745817	338487079519736	338487080653859
338487087393984	338487096203069	338487101274942
338487105582151	338487112886402	338487119437859
338487122684317	338487129569735	338487136622276
338487139643401	338487146253068	338487153144276
338487158638942	338487162936401	338487172186776
338487174113234	338487179619734	338487188507109
338487196604859	338487196303067	338487202346151
338487214281151	338487212986400	338487219418276
338487232467734	338487229669733	338487237591026
338487251307817	338487246353066	338487256394067
338487270599317	338487263036399	338487275491901
338487286541651	338487279719732	338487291473109
338487303929567	338487296403065	338487309213859
338487323893692	338487329769731	338487329769984
338487342101359	338487346453064	338487347321942
338487364125359	338487363136397	338487369220567
338487380024526	338487379819730	338487385068192
338487394894359	338487396503063	338487399880776
338487411699776	338487413186396	338487416592776
338487426566276	338487429869729	338487430922401

===
16683333
338486043119983	338486061836423	338486057865609
338486061637984	338486078519756	338486071781192
338486079408859	338486095203089	338486089363359
338486095856484	338486111886422	338486105419192
338486109644692	338486128569755	338486119299859
338486127080734	338486145253088	338486136706400
338486142117859	338486161936421	338486151760150
338486159383525	338486178619754	338486169025484
338486176655734	338486195303087	338486186244817
338486193482984	338486211986420	338486203077984
338486214632734	338486228669753	338486223466650
338486227426817	338486245353086	338486231162567
338486247172400	338486262036419	338486250981025
338486260429150	338486278719752	338486264146984
338486277393734	338486295403085	338486281107275
338486293210234	338486312086418	338486296919067
338486310535067	338486328769751	338486314282442
338486327273234	338486345453084	338486331062525
338486345092067	338486362136417	338486349004525
338486361049692	338486378819750	338486364792442
338486378908650	338486395503083	338486382690359
338486395261317	338486412186416	338486399012942
338486412483317	338486428869749	338486416198942
338486430113567	338486445553082	338486433693359
338486446995109	338486462236415	338486450715900
338486462306359	338486478919748	338486466016025
338486480590775	338486495603081	338486484357567
338486496707442	338486512286414	338486500418317
338486514238400	338486528969747	338486517927150
338486531406025	338486545653080	338486535117067
338486548319150	338486562336413	338486552033400
338486566487150	338486579019746	338486570175650
338486583923734	338486595703079	338486587681400
338486599017734	338486612386412	338486602786484
338486614994525	338486629069745	338486618673067
338486634001942	338486645753078	338486637699650
338486650217442	338486662436411	338486653894942
338486666185025	338486679119744	338486669875734
338486683595067	338486695803077	338486687289567
338486696403359	338486712486410	338486700156775
338486715857275	338486729169743	338486719539692
338486730627692	338486745853076	338486734306025
338486746832900	338486762536409	338486750510692
338486763415984	338486779219742	338486767071984
338486784373026	338486795903075	338486788087109
338486799694151	338486812586408	338486803333401
338486814645484	338486829269741	338486818313234
338486830752067	338486845953074	338486834416901
338486848361234	338486862636407	338486851932651
338486866231109	338486879319740	338486869882776
338486881696984	338486896003073	338486885262901
338486898551526	338486912686406	338486902257109
338486916173776	338486929369739	338486919437026
338487049561651	338487046153070	338487055887942
338487072745817	338487079519736	338487080653859
338487087393984	338487096203069	338487101274942
338487105582151	338487112886402	338487119437859
338487122684317	338487129569735	338487136622276
338487139643401	338487146253068	338487153144276
338487158638942	338487162936401	338487172186776
338487174113234	338487179619734	338487188507109
338487196604859	338487196303067	338487202346151
338487214281151	338487212986400	338487219418276
338487232467734	338487229669733	338487237591026
338487251307817	338487246353066	338487256394067
338487270599317	338487263036399	338487275491901
338487286541651	338487279719732	338487291473109
338487303929567	338487296403065	338487309213859
338487323893692	338487329769731	338487329769984
338487342101359	338487346453064	338487347321942
338487364125359	338487363136397	338487369220567
338487380024526	338487379819730	338487385068192
338487394894359	338487396503063	338487399880776
338487411699776	338487413186396	338487416592776
338487426566276	338487429869729	338487430922401
338487442760776	338487446553062	338487446748192
338487460847776	338487463236395	338487464693734
338487474067109	338487479919728	338487477834109
338487492299484	338487496603061	338487496223859
338487508524984	338487529969727	338487513539859
338487525414943	338487546653060	338487529140026
338487539369026	338487563336393	338487543036609
338487554582318	338487580019726	338487558304234
338487576065276	338487596703059	338487579876526
338487587882026	338487613386392	338487591615026
338487606584318	338487630069725	338487610318693
338487623046526	338487646753058	338487626781568
338487640513359	338487663436391	338487644209026
338487655592443	338487680119724	338487659399276
338487676280068	338487696803057	338487679638068
338487688860484	338487713486390	338487692482401
338487705207318	338487730169723	338487708836901
338487724318484	338487746853056	338487728032776
338487745116818	338487763536389	338487748710943
338487760064901	338487780219722	338487763745568
338487773407776	338487796903055	338487777038068
338487789541984	338487813586388	338487792856901
338487804735026	338487830269721	338487808051859
338487822060443	338487846953054	338487825410776
338487839195109	338487863636387	338487842539693
338487855437484	338487880319720	338487858759234
338487873404734	338487897003053	338487876793693
338487889202693	338487913686386	338487892567651
338487905360734	338487930369719	338487908680318
338487922148068	338487947053052	338487925419818
338487939376609	338487963736385	338487942667859
338487956517526	338487980419718	338487959858693
338487973417026	338487997103051	338487976740609
338487990674943	338488013786384	338487994014609
338488007375401	338488030469717	338488010678943
338488023036151	338488047153050	338488026301068
338488040111651	338488063836383	338488043385359
338488054699026	338488080519716	338488058006318
338488072166818	338488097203049	338488075526068
338488091123151	338488113886382	338488094437484
338488105799609	338488130569715	338488109109234
338488122529151	338488147253048	338488125891901
338488138825109	338488163936381	338488142136818
338488155596943	338488180619714	338488158871651
338488172476651	338488197303047	338488175792110
338488189816610	338488213986380	338488193076651
338488207802026	338488230669713	338488211111860
338488223476610	338488247353046	338488226824860
338488239842235	338488264036379	338488244098901
338488256446151	338488280719712	338488260685568
338488273162443	338488297403045	338488277398360
338488290500943	338488314086378	338488294704818

===
16683333
338486043119983	338486061836423	338486057865609
338486061637984	338486078519756	338486071781192
338486079408859	338486095203089	338486089363359
338486095856484	338486111886422	338486105419192
338486109644692	338486128569755	338486119299859
338486127080734	338486145253088	338486136706400
338486142117859	338486161936421	338486151760150
338486159383525	338486178619754	338486169025484
338486176655734	338486195303087	338486186244817
338486193482984	338486211986420	338486203077984
338486214632734	338486228669753	338486223466650
338486227426817	338486245353086	338486231162567
338486247172400	338486262036419	338486250981025
338486260429150	338486278719752	338486264146984
338486277393734	338486295403085	338486281107275
338486293210234	338486312086418	338486296919067
338486310535067	338486328769751	338486314282442
338486327273234	338486345453084	338486331062525
338486345092067	338486362136417	338486349004525
338486361049692	338486378819750	338486364792442
338486378908650	338486395503083	338486382690359
338486395261317	338486412186416	338486399012942
338486412483317	338486428869749	338486416198942
338486430113567	338486445553082	338486433693359
338486446995109	338486462236415	338486450715900
338486462306359	338486478919748	338486466016025
338486480590775	338486495603081	338486484357567
338486496707442	338486512286414	338486500418317
338486514238400	338486528969747	338486517927150
338486531406025	338486545653080	338486535117067
338486548319150	338486562336413	338486552033400
338486566487150	338486579019746	338486570175650
338486583923734	338486595703079	338486587681400
338486599017734	338486612386412	338486602786484
338486614994525	338486629069745	338486618673067
338486634001942	338486645753078	338486637699650
338486650217442	338486662436411	338486653894942
338486666185025	338486679119744	338486669875734
338486683595067	338486695803077	338486687289567
338486696403359	338486712486410	338486700156775
338486715857275	338486729169743	338486719539692
338486730627692	338486745853076	338486734306025
338486746832900	338486762536409	338486750510692
338486763415984	338486779219742	338486767071984
338486784373026	338486795903075	338486788087109
338486799694151	338486812586408	338486803333401
338486814645484	338486829269741	338486818313234
338486830752067	338486845953074	338486834416901
338486848361234	338486862636407	338486851932651
338486866231109	338486879319740	338486869882776
338486881696984	338486896003073	338486885262901
338486898551526	338486912686406	338486902257109
338486916173776	338486929369739	338486919437026
338487049561651	338487046153070	338487055887942
338487072745817	338487079519736	338487080653859
338487087393984	338487096203069	338487101274942
338487105582151	338487112886402	338487119437859
338487122684317	338487129569735	338487136622276
338487139643401	338487146253068	338487153144276
338487158638942	338487162936401	338487172186776
338487174113234	338487179619734	338487188507109
338487196604859	338487196303067	338487202346151
338487214281151	338487212986400	338487219418276
338487232467734	338487229669733	338487237591026
338487251307817	338487246353066	338487256394067
338487270599317	338487263036399	338487275491901
338487286541651	338487279719732	338487291473109
338487303929567	338487296403065	338487309213859
338487323893692	338487329769731	338487329769984
338487342101359	338487346453064	338487347321942
338487364125359	338487363136397	338487369220567
338487380024526	338487379819730	338487385068192
338487394894359	338487396503063	338487399880776
338487411699776	338487413186396	338487416592776
338487426566276	338487429869729	338487430922401
338487442760776	338487446553062	338487446748192
338487460847776	338487463236395	338487464693734
338487474067109	338487479919728	338487477834109
338487492299484	338487496603061	338487496223859
338487508524984	338487529969727	338487513539859
338487525414943	338487546653060	338487529140026
338487539369026	338487563336393	338487543036609
338487554582318	338487580019726	338487558304234
338487576065276	338487596703059	338487579876526
338487587882026	338487613386392	338487591615026
338487606584318	338487630069725	338487610318693
338487623046526	338487646753058	338487626781568
338487640513359	338487663436391	338487644209026
338487655592443	338487680119724	338487659399276
338487676280068	338487696803057	338487679638068
338487688860484	338487713486390	338487692482401
338487705207318	338487730169723	338487708836901
338487724318484	338487746853056	338487728032776
338487745116818	338487763536389	338487748710943
338487760064901	338487780219722	338487763745568
338487773407776	338487796903055	338487777038068
338487789541984	338487813586388	338487792856901
338487804735026	338487830269721	338487808051859
338487822060443	338487846953054	338487825410776
338487839195109	338487863636387	338487842539693
338487855437484	338487880319720	338487858759234
338487873404734	338487897003053	338487876793693
338487889202693	338487913686386	338487892567651
338487905360734	338487930369719	338487908680318
338487922148068	338487947053052	338487925419818
338487939376609	338487963736385	338487942667859
338487956517526	338487980419718	338487959858693
338487973417026	338487997103051	338487976740609
338487990674943	338488013786384	338487994014609
338488007375401	338488030469717	338488010678943
338488023036151	338488047153050	338488026301068
338488040111651	338488063836383	338488043385359
338488054699026	338488080519716	338488058006318
338488072166818	338488097203049	338488075526068
338488091123151	338488113886382	338488094437484
338488105799609	338488130569715	338488109109234
338488122529151	338488147253048	338488125891901
338488138825109	338488163936381	338488142136818
338488155596943	338488180619714	338488158871651
338488172476651	338488197303047	338488175792110
338488189816610	338488213986380	338488193076651
338488207802026	338488230669713	338488211111860
338488223476610	338488247353046	338488226824860
338488239842235	338488264036379	338488244098901
338488256446151	338488280719712	338488260685568
338488273162443	338488297403045	338488277398360
338488290500943	338488314086378	338488294704818

===
16683333
338486277393734	338486295403085	338486281107275
338486293210234	338486312086418	338486296919067
338486310535067	338486328769751	338486314282442
338486327273234	338486345453084	338486331062525
338486345092067	338486362136417	338486349004525
338486361049692	338486378819750	338486364792442
338486378908650	338486395503083	338486382690359
338486395261317	338486412186416	338486399012942
338486412483317	338486428869749	338486416198942
338486430113567	338486445553082	338486433693359
338486446995109	338486462236415	338486450715900
338486462306359	338486478919748	338486466016025
338486480590775	338486495603081	338486484357567
338486496707442	338486512286414	338486500418317
338486514238400	338486528969747	338486517927150
338486531406025	338486545653080	338486535117067
338486548319150	338486562336413	338486552033400
338486566487150	338486579019746	338486570175650
338486583923734	338486595703079	338486587681400
338486599017734	338486612386412	338486602786484
338486614994525	338486629069745	338486618673067
338486634001942	338486645753078	338486637699650
338486650217442	338486662436411	338486653894942
338486666185025	338486679119744	338486669875734
338486683595067	338486695803077	338486687289567
338486696403359	338486712486410	338486700156775
338486715857275	338486729169743	338486719539692
338486730627692	338486745853076	338486734306025
338486746832900	338486762536409	338486750510692
338486763415984	338486779219742	338486767071984
338486784373026	338486795903075	338486788087109
338486799694151	338486812586408	338486803333401
338486814645484	338486829269741	338486818313234
338486830752067	338486845953074	338486834416901
338486848361234	338486862636407	338486851932651
338486866231109	338486879319740	338486869882776
338486881696984	338486896003073	338486885262901
338486898551526	338486912686406	338486902257109
338486916173776	338486929369739	338486919437026
338487049561651	338487046153070	338487055887942
338487072745817	338487079519736	338487080653859
338487087393984	338487096203069	338487101274942
338487105582151	338487112886402	338487119437859
338487122684317	338487129569735	338487136622276
338487139643401	338487146253068	338487153144276
338487158638942	338487162936401	338487172186776
338487174113234	338487179619734	338487188507109
338487196604859	338487196303067	338487202346151
338487214281151	338487212986400	338487219418276
338487232467734	338487229669733	338487237591026
338487251307817	338487246353066	338487256394067
338487270599317	338487263036399	338487275491901
338487286541651	338487279719732	338487291473109
338487303929567	338487296403065	338487309213859
338487323893692	338487329769731	338487329769984
338487342101359	338487346453064	338487347321942
338487364125359	338487363136397	338487369220567
338487380024526	338487379819730	338487385068192
338487394894359	338487396503063	338487399880776
338487411699776	338487413186396	338487416592776
338487426566276	338487429869729	338487430922401
338487442760776	338487446553062	338487446748192
338487460847776	338487463236395	338487464693734
338487474067109	338487479919728	338487477834109
338487492299484	338487496603061	338487496223859
338487508524984	338487529969727	338487513539859
338487525414943	338487546653060	338487529140026
338487539369026	338487563336393	338487543036609
338487554582318	338487580019726	338487558304234
338487576065276	338487596703059	338487579876526
338487587882026	338487613386392	338487591615026
338487606584318	338487630069725	338487610318693
338487623046526	338487646753058	338487626781568
338487640513359	338487663436391	338487644209026
338487655592443	338487680119724	338487659399276
338487676280068	338487696803057	338487679638068
338487688860484	338487713486390	338487692482401
338487705207318	338487730169723	338487708836901
338487724318484	338487746853056	338487728032776
338487745116818	338487763536389	338487748710943
338487760064901	338487780219722	338487763745568
338487773407776	338487796903055	338487777038068
338487789541984	338487813586388	338487792856901
338487804735026	338487830269721	338487808051859
338487822060443	338487846953054	338487825410776
338487839195109	338487863636387	338487842539693
338487855437484	338487880319720	338487858759234
338487873404734	338487897003053	338487876793693
338487889202693	338487913686386	338487892567651
338487905360734	338487930369719	338487908680318
338487922148068	338487947053052	338487925419818
338487939376609	338487963736385	338487942667859
338487956517526	338487980419718	338487959858693
338487973417026	338487997103051	338487976740609
338487990674943	338488013786384	338487994014609
338488007375401	338488030469717	338488010678943
338488023036151	338488047153050	338488026301068
338488040111651	338488063836383	338488043385359
338488054699026	338488080519716	338488058006318
338488072166818	338488097203049	338488075526068
338488091123151	338488113886382	338488094437484
338488105799609	338488130569715	338488109109234
338488122529151	338488147253048	338488125891901
338488138825109	338488163936381	338488142136818
338488155596943	338488180619714	338488158871651
338488172476651	338488197303047	338488175792110
338488189816610	338488213986380	338488193076651
338488207802026	338488230669713	338488211111860
338488223476610	338488247353046	338488226824860
338488239842235	338488264036379	338488244098901
338488256446151	338488280719712	338488260685568
338488273162443	338488297403045	338488277398360
338488290500943	338488314086378	338488294704818
338490947196361	338490966736325	338490958051319
338490969687153	338490983419658	338490983357111
338490985653278	338491000102991	338490999360236
338491001533236	338491016786324	338491015260819
338491019394819	338491033469657	338491033150736
338491035823069	338491050152990	338491049372819
338491051799028	338491066836323	338491065288194
338491070538194	338491083519656	338491079270819
338491087266611	338491100202989	338491092665486
338491103963694	338491116886322	338491108784736
338491121517569	338491133569655	338491126395569
338491138087111	338491150252988	338491143065236
338491154735236	338491166936321	338491159637444
338491172988861	338491183619654	338491177796069

===
16683333
338487525414943	338487546653060	338487529140026
338487539369026	338487563336393	338487543036609
338487554582318	338487580019726	338487558304234
338487576065276	338487596703059	338487579876526
338487587882026	338487613386392	338487591615026
338487606584318	338487630069725	338487610318693
338487623046526	338487646753058	338487626781568
338487640513359	338487663436391	338487644209026
338487655592443	338487680119724	338487659399276
338487676280068	338487696803057	338487679638068
338487688860484	338487713486390	338487692482401
338487705207318	338487730169723	338487708836901
338487724318484	338487746853056	338487728032776
338487745116818	338487763536389	338487748710943
338487760064901	338487780219722	338487763745568
338487773407776	338487796903055	338487777038068
338487789541984	338487813586388	338487792856901
338487804735026	338487830269721	338487808051859
338487822060443	338487846953054	338487825410776
338487839195109	338487863636387	338487842539693
338487855437484	338487880319720	338487858759234
338487873404734	338487897003053	338487876793693
338487889202693	338487913686386	338487892567651
338487905360734	338487930369719	338487908680318
338487922148068	338487947053052	338487925419818
338487939376609	338487963736385	338487942667859
338487956517526	338487980419718	338487959858693
338487973417026	338487997103051	338487976740609
338487990674943	338488013786384	338487994014609
338488007375401	338488030469717	338488010678943
338488023036151	338488047153050	338488026301068
338488040111651	338488063836383	338488043385359
338488054699026	338488080519716	338488058006318
338488072166818	338488097203049	338488075526068
338488091123151	338488113886382	338488094437484
338488105799609	338488130569715	338488109109234
338488122529151	338488147253048	338488125891901
338488138825109	338488163936381	338488142136818
338488155596943	338488180619714	338488158871651
338488172476651	338488197303047	338488175792110
338488189816610	338488213986380	338488193076651
338488207802026	338488230669713	338488211111860
338488223476610	338488247353046	338488226824860
338488239842235	338488264036379	338488244098901
338488256446151	338488280719712	338488260685568
338488273162443	338488297403045	338488277398360
338488290500943	338488314086378	338488294704818
338490947196361	338490966736325	338490958051319
338490969687153	338490983419658	338490983357111
338490985653278	338491000102991	338490999360236
338491001533236	338491016786324	338491015260819
338491019394819	338491033469657	338491033150736
338491035823069	338491050152990	338491049372819
338491051799028	338491066836323	338491065288194
338491070538194	338491083519656	338491079270819
338491087266611	338491100202989	338491092665486
338491103963694	338491116886322	338491108784736
338491121517569	338491133569655	338491126395569
338491138087111	338491150252988	338491143065236
338491154735236	338491166936321	338491159637444
338491172988861	338491183619654	338491177796069
338491190562819	338491200302987	338491195575611
338491214495028	338491216986320	338491219720861
338491232391653	338491233669653	338491237432111
338491248639653	338491250352986	338491253742028
338491267920403	338491267036319	338491273085236
338491286069819	338491283719652	338491291300778
338491306190611	338491317086318	338491311307153
338491322627111	338491333769651	338491327813361
338491342032069	338491350452984	338491347187486
338491359064236	338491367136317	338491364356069
338491372994611	338491383819650	338491377472403
338491388980986	338491400502983	338491393250403
338491405759361	338491417186316	338491410111944
338491419526903	338491433869649	338491423896986
338491441119319	338491450552982	338491445305278
338491454547861	338491467236315	338491459367069
338491471310736	338491483919648	338491475520778
338491485940236	338491500602981	338491490029153
338491506616403	338491517286314	338491512307653
338491521129819	338491533969647	338491525300903
338491541680236	338491550652980	338491545865278
338491556135903	338491567336313	338491560201986
338491667197528	338491667436311	338491672479861
338491705793736	338491717486310	338491714020653
338491723145736	338491734169643	338491731376320
338491744337653	338491750852976	338491751900861
338491759692861	338491767536309	338491766934070
338491775334278	338491784219642	338491782528278
338491790149278	338491800902975	338491797441445
338491805197903	338491817586308	338491812549278
338491822980320	338491834269641	338491830054195
338491837741070	338491850952974	338491844720028
338491857922695	338491867636307	338491861684195
338491871162028	338491884319640	338491874878528
338491890017236	338491901002973	338491893796736
338491905789445	338491917686306	338491909548570
338491921017361	338491934369639	338491924794611
338491938902153	338491951052972	338491942572195
338491954307153	338491967736305	338491958064778
338491971118820	338491984419638	338491974889611
338491986780070	338492001102971	338491990358986
338492002351278	338492017786304	338492005917486
338492019048445	338492034469637	338492022697820
338492036058778	338492051152970	338492039598570
338492052832361	338492067836303	338492056453736
338492069640445	338492084519636	338492073192570
338492086068028	338492101202969	338492089645153
338492102783403	338492117886302	338492106349695
338492119853653	338492134569635	338492123446028
338492136895820	338492151252968	338492140477195
338492153313736	338492167936301	338492156898611
338492170867570	338492184619634	338492175480695
338492187333153	338492201302967	338492191752153
338492203951445	338492217986300	338492208399278
338492220605903	338492234669633	338492225112820
338492238059820	338492251352966	338492242567028
338492254937028	338492268036299	338492259280986
338492271939236	338492284719632	338492276347653
338492288211320	338492301402965	338492292577111
338492304872778	338492334769631	338492309302528
338492321615486	338492351452964	338492326053570
338492338883236	338492368136297	338492343335153
338492355896153	338492384819630	338492360335487
338492372063487	338492401502963	338492376486528
338492389019070	338492418186296	338492393451695
338492405706362	338492434869629	338492410053195

===
16683333
338491419526903	338491433869649	338491423896986
338491441119319	338491450552982	338491445305278
338491454547861	338491467236315	338491459367069
338491471310736	338491483919648	338491475520778
338491485940236	338491500602981	338491490029153
338491506616403	338491517286314	338491512307653
338491521129819	338491533969647	338491525300903
338491541680236	338491550652980	338491545865278
338491556135903	338491567336313	338491560201986
338491667197528	338491667436311	338491672479861
338491705793736	338491717486310	338491714020653
338491723145736	338491734169643	338491731376320
338491744337653	338491750852976	338491751900861
338491759692861	338491767536309	338491766934070
338491775334278	338491784219642	338491782528278
338491790149278	338491800902975	338491797441445
338491805197903	338491817586308	338491812549278
338491822980320	338491834269641	338491830054195
338491837741070	338491850952974	338491844720028
338491857922695	338491867636307	338491861684195
338491871162028	338491884319640	338491874878528
338491890017236	338491901002973	338491893796736
338491905789445	338491917686306	338491909548570
338491921017361	338491934369639	338491924794611
338491938902153	338491951052972	338491942572195
338491954307153	338491967736305	338491958064778
338491971118820	338491984419638	338491974889611
338491986780070	338492001102971	338491990358986
338492002351278	338492017786304	338492005917486
338492019048445	338492034469637	338492022697820
338492036058778	338492051152970	338492039598570
338492052832361	338492067836303	338492056453736
338492069640445	338492084519636	338492073192570
338492086068028	338492101202969	338492089645153
338492102783403	338492117886302	338492106349695
338492119853653	338492134569635	338492123446028
338492136895820	338492151252968	338492140477195
338492153313736	338492167936301	338492156898611
338492170867570	338492184619634	338492175480695
338492187333153	338492201302967	338492191752153
338492203951445	338492217986300	338492208399278
338492220605903	338492234669633	338492225112820
338492238059820	338492251352966	338492242567028
338492254937028	338492268036299	338492259280986
338492271939236	338492284719632	338492276347653
338492288211320	338492301402965	338492292577111
338492304872778	338492334769631	338492309302528
338492321615486	338492351452964	338492326053570
338492338883236	338492368136297	338492343335153
338492355896153	338492384819630	338492360335487
338492372063487	338492401502963	338492376486528
338492389019070	338492418186296	338492393451695
338492405706362	338492434869629	338492410053195
338492422383820	338492451552962	338492426845987
338492439304153	338492468236295	338492443721195
338492456459362	338492484919628	338492460921778
338492472917487	338492501602961	338492477314028
338492489647153	338492518286294	338492494124695
338492506544737	338492534969627	338492510957028
338492522938112	338492551652960	338492527377820
338492539953403	338492568336293	338492544374445
338492556793945	338492585019626	338492561227153
338492573581403	338492601702959	338492578099445
338492590925945	338492618386292	338492595394278
338492607250487	338492635069625	338492611715653
338492624180862	338492651752958	338492628564403
338492640628778	338492668436291	338492645101112
338492657577362	338492685119624	338492662019903
338492674409612	338492701802957	338492678722778
338492691345528	338492718486290	338492695812612
338492708378612	338492735169623	338492712795570
338492724853112	338492751852956	338492729292112
338492741675445	338492768536289	338492746159070
338492758201820	338492785219622	338492762651570
338492775076278	338492801902955	338492779495320
338492791767945	338492818586288	338492796229153
338492808840987	338492835269621	338492813314695
338492825973903	338492851952954	338492830435278
338492842154403	338492868636287	338492846811362
338492859685153	338492885319620	338492864068778
338492876086862	338492902002953	338492880442945
338492892972820	338492918686286	338492896972445
338492909757487	338492935369619	338492914176445
338492926658570	338492952052952	338492931116445
338492943393862	338492968736285	338492947834820
338492960053570	338492985419618	338492964467695
338492977278737	338493002102951	338492981768653
338492993521070	338493018786284	338492997941653
338493010413195	338493035469617	338493014851195
338493027147862	338493052152950	338493031639320
338493044352445	338493068836283	338493048745112
338493061306029	338493085519616	338493065766279
338493077623945	338493102202949	338493082075570
338493094723445	338493118886282	338493099167654
338493110974320	338493135569615	338493115436487
338493128433612	338493152252948	338493132889904
338493144894987	338493168936281	338493149344779
338493161724029	338493185619614	338493166200529
338493178538237	338493202302947	338493183113070
338493195059779	338493218986280	338493199519487
338493212067487	338493235669613	338493216487279
338493228780570	338493252352946	338493233236279
338493245399029	338493269036279	338493249841112
338493262208487	338493285719612	338493266661154
338493279453654	338493302402945	338493284055487
338493296412612	338493319086278	338493300921820
338493313483070	338493335769611	338493317908862
338493329913195	338493352452944	338493334350237
338493346161904	338493369136277	338493350590945
338493363134112	338493385819610	338493367542987
338493380408695	338493402502943	338493384810195
338493396976904	338493419186276	338493401410945
338493413510445	338493435869609	338493417962237
338493430333445	338493452552942	338493434753362
338493447048195	338493469236275	338493451489945
338493463954112	338493485919608	338493468399737
338493480942195	338493502602941	338493485394029
338493497709779	338493519286274	338493502155862
338493514230112	338493535969607	338493518651654
338493531393487	338493552652940	338493535858904
338493548050195	338493569336273	338493552477945
338493565160237	338493586019606	338493568627487
338493582678945	338493602702939	338493586097904
338493598703154	338493619386272	338493602189237
338493617510654	338493636069605	338493620824904
338493634253904	338493652752938	338493637697112
338493652177320	338493669436271	338493655598612

===
16683333
338492791767945	338492818586288	338492796229153
338492808840987	338492835269621	338492813314695
338492825973903	338492851952954	338492830435278
338492842154403	338492868636287	338492846811362
338492859685153	338492885319620	338492864068778
338492876086862	338492902002953	338492880442945
338492892972820	338492918686286	338492896972445
338492909757487	338492935369619	338492914176445
338492926658570	338492952052952	338492931116445
338492943393862	338492968736285	338492947834820
338492960053570	338492985419618	338492964467695
338492977278737	338493002102951	338492981768653
338492993521070	338493018786284	338492997941653
338493010413195	338493035469617	338493014851195
338493027147862	338493052152950	338493031639320
338493044352445	338493068836283	338493048745112
338493061306029	338493085519616	338493065766279
338493077623945	338493102202949	338493082075570
338493094723445	338493118886282	338493099167654
338493110974320	338493135569615	338493115436487
338493128433612	338493152252948	338493132889904
338493144894987	338493168936281	338493149344779
338493161724029	338493185619614	338493166200529
338493178538237	338493202302947	338493183113070
338493195059779	338493218986280	338493199519487
338493212067487	338493235669613	338493216487279
338493228780570	338493252352946	338493233236279
338493245399029	338493269036279	338493249841112
338493262208487	338493285719612	338493266661154
338493279453654	338493302402945	338493284055487
338493296412612	338493319086278	338493300921820
338493313483070	338493335769611	338493317908862
338493329913195	338493352452944	338493334350237
338493346161904	338493369136277	338493350590945
338493363134112	338493385819610	338493367542987
338493380408695	338493402502943	338493384810195
338493396976904	338493419186276	338493401410945
338493413510445	338493435869609	338493417962237
338493430333445	338493452552942	338493434753362
338493447048195	338493469236275	338493451489945
338493463954112	338493485919608	338493468399737
338493480942195	338493502602941	338493485394029
338493497709779	338493519286274	338493502155862
338493514230112	338493535969607	338493518651654
338493531393487	338493552652940	338493535858904
338493548050195	338493569336273	338493552477945
338493565160237	338493586019606	338493568627487
338493582678945	338493602702939	338493586097904
338493598703154	338493619386272	338493602189237
338493617510654	338493636069605	338493620824904
338493634253904	338493652752938	338493637697112
338493652177320	338493669436271	338493655598612
338493668615487	338493686119604	338493672974445
338493682754362	338493702802937	338493687189570
338493703075237	338493719486270	338493707486987
338493716815945	338493736169603	338493721302529
338493732911529	338493752852936	338493737317820
338493750753821	338493769536269	338493755183154
338493768656987	338493786219602	338493773040821
338493785219446	338493802902935	338493789619987
338493802941279	338493819586268	338493807423279
338493818971821	338493836269601	338493823391821
338493835771904	338493852952934	338493840161404
338493852569404	338493869636267	338493856956487
338493869195904	338493886319600	338493873599696
338493886362946	338493903002933	338493890766737
338493904667696	338493919686266	338493909063112
338493919954321	338493936369599	338493924373487
338493939644154	338493953052932	338493944087487
338493954010112	338493969736265	338493958425154
338493970618779	338493986419598	338493975094737
338493986379321	338494003102931	338493990896237
338494003676946	338494019786264	338494008171071
338494021327987	338494036469597	338494025813404
338494038252154	338494053152930	338494042695862
338494056525029	338494069836263	338494060948862
338494071079696	338494086519596	338494075542779
338494087645654	338494103202929	338494092061362
338494104758862	338494119886262	338494109166862
338494123504529	338494136569595	338494127957987
338494138812279	338494153252928	338494143218112
338494154958196	338494169936261	338494159438112
338494171931404	338494186619594	338494176375404
338494190493404	338494203302927	338494194917987
338494205837696	338494219986260	338494210325779
338494226208154	338494236669593	338494230636154
338494239134571	338494253352926	338494243636321
338494257057571	338494270036259	338494261471654
338494273065529	338494286719592	338494277482279
338494289693946	338494303402925	338494294104821
338494307631987	338494320086258	338494312259946
338494323542237	338494336769591	338494328102987
338494339715196	338494353452924	338494344113654
338494356372529	338494370136257	338494360813612
338494373644362	338494386819590	338494378109071
338494391383696	338494403502923	338494395825196
338494405957487	338494420186256	338494410412821
338494422146862	338494436869589	338494426580946
338494439254946	338494453552922	338494443619779
338494455703321	338494470236255	338494460153363
338494473976696	338494486919588	338494478502696
338494489748613	338494503602921	338494494097571
338494508529363	338494520286254	338494513688738
338494523777529	338494536969587	338494528823404
338494540520904	338494553652920	338494545543738
338494557455779	338494570336253	338494562469363
338494574332988	338494587019586	338494579351404
338494590884363	338494603702919	338494595918571
338494607993779	338494620386252	338494613023404
338494624596904	338494637069585	338494629313321
338494641057238	338494653752918	338494644645863
338494657609321	338494670436251	338494661125613
338494674108988	338494687119584	338494677628529
338494690390654	338494703802917	338494693910654
338494707170863	338494737169583	338494710680029
338494723990113	338494753852916	338494727501071
338494741066988	338494770536249	338494744572946
338494757378779	338494787219582	338494760897738
338494774160029	338494803902915	338494777700738
338494794384946	338494820586248	338494797847613
338494810602529	338494837269581	338494814076113
338494826549904	338494853952914	338494830065196
338494843452738	338494870636247	338494847945446
338494861259029	338494887319580	338494865738488
338494878603738	338494904002913	338494883035946
338494895883529	338494920686246	338494900332113
338494911105696	338494937369579	338494915628404

===
16683333
338494190493404	338494203302927	338494194917987
338494205837696	338494219986260	338494210325779
338494226208154	338494236669593	338494230636154
338494239134571	338494253352926	338494243636321
338494257057571	338494270036259	338494261471654
338494273065529	338494286719592	338494277482279
338494289693946	338494303402925	338494294104821
338494307631987	338494320086258	338494312259946
338494323542237	338494336769591	338494328102987
338494339715196	338494353452924	338494344113654
338494356372529	338494370136257	338494360813612
338494373644362	338494386819590	338494378109071
338494391383696	338494403502923	338494395825196
338494405957487	338494420186256	338494410412821
338494422146862	338494436869589	338494426580946
338494439254946	338494453552922	338494443619779
338494455703321	338494470236255	338494460153363
338494473976696	338494486919588	338494478502696
338494489748613	338494503602921	338494494097571
338494508529363	338494520286254	338494513688738
338494523777529	338494536969587	338494528823404
338494540520904	338494553652920	338494545543738
338494557455779	338494570336253	338494562469363
338494574332988	338494587019586	338494579351404
338494590884363	338494603702919	338494595918571
338494607993779	338494620386252	338494613023404
338494624596904	338494637069585	338494629313321
338494641057238	338494653752918	338494644645863
338494657609321	338494670436251	338494661125613
338494674108988	338494687119584	338494677628529
338494690390654	338494703802917	338494693910654
338494707170863	338494737169583	338494710680029
338494723990113	338494753852916	338494727501071
338494741066988	338494770536249	338494744572946
338494757378779	338494787219582	338494760897738
338494774160029	338494803902915	338494777700738
338494794384946	338494820586248	338494797847613
338494810602529	338494837269581	338494814076113
338494826549904	338494853952914	338494830065196
338494843452738	338494870636247	338494847945446
338494861259029	338494887319580	338494865738488
338494878603738	338494904002913	338494883035946
338494895883529	338494920686246	338494900332113
338494911105696	338494937369579	338494915628404
338494927854738	338494954052912	338494932339696
338494942936904	338494970736245	338494947507113
338494960213404	338494987419578	338494964692029
338494976837363	338495004102911	338494981328529
338494993483196	338495020786244	338494997970821
338495011964363	338495037469577	338495016414113
338495028459904	338495054152910	338495032974821
338495045572238	338495070836243	338495050094821
338495063688904	338495087519576	338495067139904
338495079853446	338495104202909	338495083306279
338495095206779	338495120886242	338495098776904
338495113052821	338495137569575	338495116515738
338495129893404	338495154252908	338495133380238
338495147068905	338495170936241	338495150527613
338495164638530	338495187619574	338495169090238
338495177593946	338495204302907	338495182158946
338495196572113	338495220986240	338495201058988
338495213705280	338495237669573	338495218221655
338495231124696	338495254352906	338495235711196
338495247664946	338495271036239	338495252137238
338495265039738	338495287719572	338495269570321
338495280588280	338495304402905	338495284824113
338495297111655	338495321086238	338495301593405
338495314910363	338495337769571	338495319387696
338495332603738	338495354452904	338495337068446
338495349373196	338495371136237	338495353805738
338495364828071	338495387819570	338495369278155
338495381570196	338495404502903	338495386048738
338495397903696	338495421186236	338495402376821
338495415792113	338495437869569	338495420277613
338495433462488	338495454552902	338495437924155
338495449563738	338495471236235	338495454010988
338495465379071	338495487919568	338495469885488
338495482395071	338495504602901	338495485905988
338495499526321	338495521286234	338495502916113
338495517407571	338495537969567	338495520967321
338495534190113	338495554652900	338495537651363
338495549788238	338495571336233	338495553260196
338495566279905	338495588019566	338495569784155
338495584165905	338495604702899	338495588358530
338495601035821	338495621386232	338495605518405
338495618441071	338495638069565	338495622924780
338495632374280	338495654752898	338495636802071
338495648295821	338495671436231	338495652804946
338495667990155	338495688119564	338495672437530
338495684474780	338495704802897	338495688917738
338495701154196	338495721486230	338495705647238
338495718303321	338495738169563	338495722749405
338495735393738	338495754852896	338495739803571
338495751187738	338495771536229	338495755533738
338495767265655	338495788219562	338495771833030
338495785585280	338495804902895	338495790110405
338495800062571	338495821586228	338495804565071
338495820100488	338495838269561	338495823116655
338495834715905	338495854952894	338495838200405
338495851582155	338495871636227	338495855095197
338495868484988	338495888319560	338495871990655
338495888373655	338495905002893	338495891852613
338495902949655	338495921686226	338495906412238
338495919221780	338495938369559	338495923673738
338495936224363	338495955052892	338495940665447
338495954191155	338495971736225	338495958639113
338495970389780	338495988419558	338495974847988
338495987345488	338496005102891	338495991650113
338496002512197	338496021786224	338496007103988
338496018811447	338496038469557	338496023361113
338496037300613	338496055152890	338496041786280
338496054336155	338496071836223	338496058863780
338496070901697	338496088519556	338496075367155
338496087205572	338496105202889	338496091638072
338496104112405	338496121886222	338496108529655
338496121594947	338496138569555	338496126080530
338496138695822	338496155252888	338496143325905
338496155225322	338496171936221	338496159683905
338496170996947	338496188619554	338496175492905
338496187877447	338496205302887	338496192386405
338496205344488	338496221986220	338496209891072
338496222929447	338496238669553	338496227445447
338496242651863	338496255352886	338496245547863
338496255654488	338496272036219	338496259235447
338496273092197	338496288719552	338496276535238
338496290297738	338496305402885	338496293875488
338496305873155	338496322086218	338496309484697

