Applications Graphics Acceleration Info:
Uptime: 338496639 Realtime: 373170749

** Graphics info for pid 13470 [com.auroratv.lab] **

Stats since: 338485165162316ns
Total frames rendered: 485
Janky frames: 11 (2.27%)
Janky frames (legacy): 364 (75.05%)
50th percentile: 21ms
90th percentile: 26ms
95th percentile: 29ms
99th percentile: 53ms
Number Missed Vsync: 1
Number High input latency: 924
Number Slow UI thread: 4
Number Slow bitmap uploads: 0
Number Slow issue draw commands: 11
Number Frame deadline missed: 11
Number Frame deadline missed (legacy): 13
HISTOGRAM: 5ms=0 6ms=0 7ms=0 8ms=0 9ms=0 10ms=9 11ms=5 12ms=12 13ms=8 14ms=5 15ms=3 16ms=5 17ms=5 18ms=13 19ms=25 20ms=55 21ms=119 22ms=88 23ms=42 24ms=23 25ms=12 26ms=9 27ms=11 28ms=7 29ms=5 30ms=2 31ms=4 32ms=2 34ms=1 36ms=1 38ms=0 40ms=1 42ms=0 44ms=5 46ms=2 48ms=1 53ms=2 57ms=0 61ms=1 65ms=0 69ms=0 73ms=0 77ms=0 81ms=0 85ms=0 89ms=0 93ms=0 97ms=1 101ms=0 105ms=0 109ms=0 113ms=0 117ms=0 121ms=0 125ms=0 129ms=1 133ms=0 150ms=0 200ms=0 250ms=0 300ms=0 350ms=0 400ms=0 450ms=0 500ms=0 550ms=0 600ms=0 650ms=0 700ms=0 750ms=0 800ms=0 850ms=0 900ms=0 950ms=0 1000ms=0 1050ms=0 1100ms=0 1150ms=0 1200ms=0 1250ms=0 1300ms=0 1350ms=0 1400ms=0 1450ms=0 1500ms=0 1550ms=0 1600ms=0 1650ms=0 1700ms=0 1750ms=0 1800ms=0 1850ms=0 1900ms=0 1950ms=0 2000ms=0 2050ms=0 2100ms=0 2150ms=0 2200ms=0 2250ms=0 2300ms=0 2350ms=0 2400ms=0 2450ms=0 2500ms=0 2550ms=0 2600ms=0 2650ms=0 2700ms=0 2750ms=0 2800ms=0 2850ms=0 2900ms=0 2950ms=0 3000ms=0 3050ms=0 3100ms=0 3150ms=0 3200ms=0 3250ms=0 3300ms=0 3350ms=0 3400ms=0 3450ms=0 3500ms=0 3550ms=0 3600ms=0 3650ms=0 3700ms=0 3750ms=0 3800ms=0 3850ms=0 3900ms=0 3950ms=0 4000ms=0 4050ms=0 4100ms=0 4150ms=0 4200ms=0 4250ms=0 4300ms=0 4350ms=0 4400ms=0 4450ms=0 4500ms=0 4550ms=0 4600ms=0 4650ms=0 4700ms=0 4750ms=0 4800ms=0 4850ms=0 4900ms=0 4950ms=0
50th gpu percentile: 5ms
90th gpu percentile: 7ms
95th gpu percentile: 10ms
99th gpu percentile: 16ms
GPU HISTOGRAM: 1ms=0 2ms=0 3ms=0 4ms=79 5ms=276 6ms=65 7ms=21 8ms=7 9ms=5 10ms=8 11ms=4 12ms=1 13ms=0 14ms=5 15ms=8 16ms=3 17ms=0 18ms=0 19ms=0 20ms=0 21ms=1 22ms=0 23ms=1 24ms=0 25ms=0 4950ms=1

Pipeline=Skia (OpenGL)
Memory policy:
  Max surface area: 2073600
  Max resource usage: 99.53MB (x48)
  Background retention: 50% (altUiHidden = true)
  GPU Context timeout: 10
Contexts: 1 (stopped = 0)
CPU Caches:
  Glyph Cache: 4.87 MB (1 entry)
  Glyph Count: 267 
Total CPU memory usage:
  5108704 bytes, 4.87 MB (0.00 bytes is purgeable)
GPU Caches:
  Image:
    Texture: 18.68 MB (47 entries)
  Other:
    Other: 835.65 KB (1 entry)
    Buffer Object: 464.00 bytes (2 entries)
    StencilAttachment: 83.00 KB (7 entries)
  Scratch:
    RenderTarget: 30.13 MB (229 entries)
    Texture: 7.28 MB (119 entries)
    Buffer Object: 78.03 KB (3 entries)
Total GPU memory usage:
  59846352 bytes, 57.07 MB (14.22 MB is purgeable)

Profile data in ms:

	com.auroratv.lab/com.auroratv.MainActivity/android.view.ViewRootImpl@7601eeb (visibility=0)
Window: com.auroratv.lab/com.auroratv.MainActivity
Stats since: 338485165161358ns
Total frames rendered: 485
Janky frames: 11 (2.27%)
Janky frames (legacy): 364 (75.05%)
50th percentile: 21ms
90th percentile: 26ms
95th percentile: 29ms
99th percentile: 53ms
Number Missed Vsync: 1
Number High input latency: 924
Number Slow UI thread: 4
Number Slow bitmap uploads: 0
Number Slow issue draw commands: 11
Number Frame deadline missed: 11
Number Frame deadline missed (legacy): 13
HISTOGRAM: 5ms=0 6ms=0 7ms=0 8ms=0 9ms=0 10ms=9 11ms=5 12ms=12 13ms=8 14ms=5 15ms=3 16ms=5 17ms=5 18ms=13 19ms=25 20ms=55 21ms=119 22ms=88 23ms=42 24ms=23 25ms=12 26ms=9 27ms=11 28ms=7 29ms=5 30ms=2 31ms=4 32ms=2 34ms=1 36ms=1 38ms=0 40ms=1 42ms=0 44ms=5 46ms=2 48ms=1 53ms=2 57ms=0 61ms=1 65ms=0 69ms=0 73ms=0 77ms=0 81ms=0 85ms=0 89ms=0 93ms=0 97ms=1 101ms=0 105ms=0 109ms=0 113ms=0 117ms=0 121ms=0 125ms=0 129ms=1 133ms=0 150ms=0 200ms=0 250ms=0 300ms=0 350ms=0 400ms=0 450ms=0 500ms=0 550ms=0 600ms=0 650ms=0 700ms=0 750ms=0 800ms=0 850ms=0 900ms=0 950ms=0 1000ms=0 1050ms=0 1100ms=0 1150ms=0 1200ms=0 1250ms=0 1300ms=0 1350ms=0 1400ms=0 1450ms=0 1500ms=0 1550ms=0 1600ms=0 1650ms=0 1700ms=0 1750ms=0 1800ms=0 1850ms=0 1900ms=0 1950ms=0 2000ms=0 2050ms=0 2100ms=0 2150ms=0 2200ms=0 2250ms=0 2300ms=0 2350ms=0 2400ms=0 2450ms=0 2500ms=0 2550ms=0 2600ms=0 2650ms=0 2700ms=0 2750ms=0 2800ms=0 2850ms=0 2900ms=0 2950ms=0 3000ms=0 3050ms=0 3100ms=0 3150ms=0 3200ms=0 3250ms=0 3300ms=0 3350ms=0 3400ms=0 3450ms=0 3500ms=0 3550ms=0 3600ms=0 3650ms=0 3700ms=0 3750ms=0 3800ms=0 3850ms=0 3900ms=0 3950ms=0 4000ms=0 4050ms=0 4100ms=0 4150ms=0 4200ms=0 4250ms=0 4300ms=0 4350ms=0 4400ms=0 4450ms=0 4500ms=0 4550ms=0 4600ms=0 4650ms=0 4700ms=0 4750ms=0 4800ms=0 4850ms=0 4900ms=0 4950ms=0
50th gpu percentile: 5ms
90th gpu percentile: 7ms
95th gpu percentile: 10ms
99th gpu percentile: 16ms
GPU HISTOGRAM: 1ms=0 2ms=0 3ms=0 4ms=79 5ms=276 6ms=65 7ms=21 8ms=7 9ms=5 10ms=8 11ms=4 12ms=1 13ms=0 14ms=5 15ms=8 16ms=3 17ms=0 18ms=0 19ms=0 20ms=0 21ms=1 22ms=0 23ms=1 24ms=0 25ms=0 4950ms=1



---PROFILEDATA---
Flags,FrameTimelineVsyncId,IntendedVsync,Vsync,InputEventId,HandleInputStart,AnimationStart,PerformTraversalsStart,DrawStart,FrameDeadline,FrameInterval,FrameStartTime,SyncQueued,SyncStart,IssueDrawCommandsStart,SwapBuffers,FrameCompleted,DequeueBufferDuration,QueueBufferDuration,GpuCompleted,SwapBuffersCompleted,DisplayPresentTime,CommandSubmissionCompleted,
0,117297189,338494633354000,338494633354000,0,338494633626696,338494633628071,338494634147154,338494634295446,338494685637333,338494633620779,16800000,338494634700904,338494641502071,338494642625738,338494657287904,338494661125613,10906750,277667,338494661125613,338494657870321,-1,338494657287904,
0,117297197,338494650154000,338494650154000,0,338494650423029,338494650424363,338494650873571,338494651026404,338494702437333,338494650417113,16800000,338494651241904,338494658047446,338494659169446,338494673798529,338494677628529,11295292,297625,338494677628529,338494674396654,-1,338494673798529,
0,117297205,338494666954000,338494666954000,0,338494667224946,338494667226154,338494667639571,338494667795654,338494719237333,338494667219488,16800000,338494668051321,338494674561988,338494675642946,338494690052571,338494693910654,11529833,299292,338494693910654,338494690675488,-1,338494690052571,
0,117297213,338494683754000,338494683754000,0,338494684059071,338494684060404,338494684459071,338494684607238,338494736037333,338494684052571,16800000,338494685178238,338494690837946,338494691940196,338494706838154,338494710680029,12023917,301334,338494710680029,338494707459654,-1,338494706838154,
0,117297221,338494700554000,338494700554000,0,338494700929238,338494700930613,338494701358488,338494701506071,338494752837333,338494700922321,16800000,338494701811196,338494707620946,338494708772113,338494723657154,338494727501071,12045708,337167,338494727501071,338494724314321,-1,338494723657154,
0,117297229,338494717354000,338494717354000,0,338494717630988,338494717632154,338494718095863,338494718248946,338494769637333,338494717625488,16800000,338494718454696,338494724526196,338494725702071,338494740735571,338494744572946,11903209,290375,338494744572946,338494741343779,-1,338494740735571,
0,117297237,338494734154000,338494734154000,0,338494734440029,338494734441279,338494734839863,338494735009904,338494786437333,338494734434279,16800000,338494735253946,338494741501154,338494742700446,338494757058196,338494760897738,11698209,503083,338494760897738,338494757867238,-1,338494757058196,
0,117297245,338494750954000,338494750954000,0,338494751225821,338494751227321,338494751653696,338494751800154,338494803237333,338494751220404,16800000,338494752091738,338494758025446,338494759117863,338494773842863,338494777700738,12058666,507292,338494777700738,338494774651779,-1,338494773842863,
0,117297253,338494767754000,338494767754000,0,338494768068029,338494768069446,338494768506321,338494768654196,338494820037333,338494768062613,16800000,338494768880113,338494774811571,338494776270363,338494793902113,338494797847613,12705042,797167,338494797847613,338494795177154,-1,338494793902113,
0,117297261,338494784554000,338494784554000,0,338494784908863,338494784910571,338494785452029,338494785645488,338494836837333,338494784901488,16800000,338494785919571,338494795417696,338494797222863,338494810112654,338494814076113,8086334,810500,338494814076113,338494811406571,-1,338494810112654,
0,117297269,338494801354000,338494801354000,0,338494801711488,338494801713404,338494802350446,338494802600613,338494853637333,338494801703821,16800000,338494802880779,338494811626279,338494813491488,338494826121488,338494830065196,8579958,744667,338494830065196,338494827290738,-1,338494826121488,
0,117297277,338494818154000,338494818154000,0,338494818592446,338494818594238,338494819143321,338494819337863,338494870437333,338494818583988,16800000,338494819608779,338494827513571,338494829225904,338494843030946,338494847945446,9727666,761417,338494847945446,338494844212404,-1,338494843030946,
0,117297285,338494834954000,338494834954000,0,338494835364363,338494835366196,338494835998696,338494836270196,338494887237333,338494835355071,16800000,338494836685904,338494844422488,338494845849571,338494860822863,338494865738488,10464000,680042,338494865738488,338494861924696,-1,338494860822863,
0,117297293,338494851754000,338494851754000,0,338494852247821,338494852249904,338494852955988,338494853184196,338494904037333,338494852238279,16800000,338494853544071,338494862129113,338494863553113,338494878097363,338494883035946,9550083,744291,338494883035946,338494879326863,-1,338494878097363,
0,117297301,338494868554000,338494868554000,0,338494869027404,338494869029488,338494869655238,338494869882404,338494920837333,338494869017321,16800000,338494870258404,338494879532738,338494881125279,338494895286404,338494900332113,8702209,908541,338494900332113,338494896789654,-1,338494895286404,
0,117297309,338494885354000,338494885354000,0,338494885853863,338494885855738,338494886404904,338494886607029,338494937637333,338494885845529,16800000,338494887019863,338494897041029,338494898806904,338494910624613,338494915628404,7381500,801500,338494915628404,338494911899571,-1,338494910624613,
0,117297317,338494902154000,338494902154000,0,338494902508071,338494902510154,338494903023904,338494903220238,338494954437333,338494902500196,16800000,338494904056738,338494912180279,338494913920321,338494927402238,338494932339696,9156833,773166,338494932339696,338494928630488,-1,338494927402238,
0,117297325,338494918954000,338494918954000,0,338494919601821,338494919603571,338494920189654,338494920429529,338494971237333,338494919593654,16800000,338494920712404,338494928839196,338494930332029,338494942582404,338494947507113,9135541,577542,338494947507113,338494943511238,-1,338494942582404,
0,117297333,338494935754000,338494935754000,0,338494936125821,338494936127238,338494936616196,338494936784196,338494988037333,338494936118904,16800000,338494937016904,338494943678321,338494944900029,338494959820279,338494964692029,11485333,328708,338494964692029,338494960508488,-1,338494959820279,
0,117297341,338494952554000,338494952554000,0,338494952913613,338494952915154,338494953382779,338494953615529,338495004837333,338494952902279,16800000,338494953906654,338494960759821,338494962054529,338494976337154,338494981328529,11084542,530667,338494981328529,338494977332613,-1,338494976337154,
0,117297349,338494969354000,338494969354000,0,338494969694029,338494969695363,338494970144779,338494970304738,338495021637333,338494969687238,16800000,338494970531363,338494977489571,338494978844613,338494993106571,338494997970821,11012542,724792,338494997970821,338494994182196,-1,338494993106571,
0,117297357,338494986154000,338494986154000,0,338494986453029,338494986454529,338494986801404,338494986981363,338495038437333,338494986447154,16800000,338494987203946,338494994377488,338494995684488,338495011424988,338495016414113,11442375,727042,338495016414113,338495012706696,-1,338495011424988,
0,117297365,338495002954000,338495002954000,0,338495003290363,338495003291946,338495003697571,338495004081863,338495055237333,338495003282821,16800000,338495004389988,338495012941571,338495014530154,338495027947446,338495032974821,9537583,718375,338495032974821,338495029130113,-1,338495027947446,
0,117297373,338495019754000,338495019754000,0,338495020230529,338495020232654,338495020774404,338495021081821,338495072037333,338495020197238,16800000,338495021402446,338495029335029,338495030741946,338495045130696,338495050094821,9930875,696500,338495050094821,338495046234321,-1,338495045130696,
0,117297381,338495036554000,338495036554000,0,338495036957904,338495036959988,338495037448738,338495037652238,338495088837333,338495036949571,16800000,338495037951696,338495046487571,338495048097488,338495063213738,338495067139904,9670208,908667,338495067139904,338495064599154,-1,338495063213738,
0,117297389,338495053354000,338495053354000,0,338495053727321,338495053728988,338495054160738,338495054359613,338495105637333,338495053719154,16800000,338495054617363,338495064846488,338495066376821,338495079363904,338495083306279,7794208,978042,338495083306279,338495080827613,-1,338495079363904,
0,117297397,338495070154000,338495070154000,0,338495070528529,338495070530238,338495071087779,338495071278613,338495122437333,338495070520613,16800000,338495071533071,338495081072654,338495083037613,338495094785863,338495098776904,7821458,710750,338495098776904,338495095908446,-1,338495094785863,
0,117297405,338495086954000,338495086954000,0,338495087333529,338495087335154,338495087758988,338495087948904,338495139237333,338495087326154,16800000,338495088244029,338495096206696,338495098016196,338495112533029,338495116515738,10057416,765833,338495116515738,338495113706196,-1,338495112533029,
0,117297413,338495103754000,338495103754000,0,338495104212071,338495104214113,338495104853113,338495105073196,338495156037333,338495104202113,16800000,338495105375154,338495113911946,338495115544238,338495129474779,338495133380238,9437958,674417,338495133380238,338495130560738,-1,338495129474779,
0,117297421,338495120554000,338495120554000,0,338495121027738,338495121030154,338495121538988,338495121767988,338495172837333,338495121017738,16800000,338495122070071,338495130770363,338495132269696,338495146586530,338495150527613,9393584,810333,338495150527613,338495147874196,-1,338495146586530,
0,117297429,338495137354000,338495137354000,0,338495137758946,338495137761113,338495138247321,338495138467113,338495189637333,338495137749530,16800000,338495138903780,338495148108113,338495149624780,338495164123905,338495169090238,8750458,1000916,338495169090238,338495165648738,-1,338495164123905,
0,117297437,338495154154000,338495154154000,0,338495154531988,338495154533696,338495155045821,338495155235321,338495206437333,338495154523821,16800000,338495155488780,338495165893113,338495168183155,338495177280030,338495182158946,6172667,509250,338495182158946,338495178131738,-1,338495177280030,
0,117297445,338495170954000,338495170954000,0,338495171227696,338495171229071,338495171574155,338495171725196,338495223237333,338495171221780,16800000,338495171929238,338495178482655,338495180359071,338495196071071,338495201058988,11366625,696750,338495201058988,338495197307113,-1,338495196071071,
0,117297453,338495187754000,338495187754000,0,338495188215655,338495188217863,338495188662321,338495188850530,338495240037333,338495188205405,16800000,338495189103280,338495197590863,338495199236530,338495213260446,338495218221655,9871375,393625,338495218221655,338495214096196,-1,338495213260446,
0,117297461,338495204554000,338495204554000,0,338495204977530,338495204979488,338495205470696,338495205857696,338495256837333,338495204968363,16800000,338495206203696,338495214313238,338495215754988,338495230701738,338495235711196,9812542,480000,338495235711196,338495231598155,-1,338495230701738,
0,117297469,338495221354000,338495221354000,0,338495221753905,338495221755780,338495222226655,338495222478155,338495273637333,338495221745321,16800000,338495223353780,338495231803321,338495233376821,338495247196446,338495252137238,8826167,528250,338495252137238,338495248188696,-1,338495247196446,
0,117297477,338495238154000,338495238154000,0,338495238508363,338495238510738,338495239550946,338495239759071,338495290437333,338495238500196,16800000,338495240084530,338495248466446,338495250332405,338495264424113,338495269570321,8657167,431875,338495269570321,338495265473446,-1,338495264424113,
0,117297485,338495254954000,338495254954000,0,338495255292071,338495255293780,338495255718030,338495256550530,338495307237333,338495255284530,16800000,338495256824488,338495265713321,338495267561863,338495279842363,338495284824113,8111125,416625,338495284824113,338495280995821,-1,338495279842363,
0,117297493,338495271754000,338495271754000,0,338495272147530,338495272149363,338495272594030,338495272783446,338495324037333,338495272139196,16800000,338495273029780,338495281218696,338495282815238,338495296686071,338495301593405,9806292,395708,338495301593405,338495297496780,-1,338495296686071,
0,117297501,338495288554000,338495288554000,0,338495288965571,338495288967530,338495289518738,338495289721780,338495340837333,338495288956655,16800000,338495289994905,338495297703363,338495299201905,338495314484446,338495319387696,10523458,384875,338495319387696,338495315284530,-1,338495314484446,
0,117297509,338495305354000,338495305354000,0,338495305785238,338495305787571,338495306294488,338495306514530,338495357637333,338495305775488,16800000,338495306809238,338495315492363,338495317001071,338495331814988,338495337068446,9657417,387458,338495337068446,338495332984030,-1,338495331814988,
0,117297517,338495322154000,338495322154000,0,338495322584363,338495322586613,338495323067988,338495323395321,338495374437333,338495322574196,16800000,338495323685571,338495333191363,338495334636030,338495348773946,338495353805738,8719375,452292,338495353805738,338495349818821,-1,338495348773946,
0,117297525,338495338954000,338495338954000,0,338495339307863,338495339309530,338495339785280,338495340037988,338495391237333,338495339299863,16800000,338495340293946,338495350166363,338495352358488,338495364329113,338495369278155,7282041,456458,338495369278155,338495365278030,-1,338495364329113,
0,117297533,338495355754000,338495355754000,0,338495356169738,338495356171321,338495356601946,338495356789613,338495408037333,338495356162071,16800000,338495357037696,338495365517946,338495367231030,338495381146988,338495386048738,9315500,389333,338495386048738,338495382015030,-1,338495381146988,
0,117297541,338495372554000,338495372554000,0,338495373211905,338495373214238,338495373649905,338495373836238,338495424837333,338495373203405,16800000,338495374195738,338495382275405,338495384148988,338495397459155,338495402376821,9335541,368958,338495402376821,338495398253655,-1,338495397459155,
0,117297549,338495389354000,338495389354000,0,338495389740488,338495389742363,338495390284946,338495390487488,338495441637333,338495389731988,16800000,338495390758821,338495398459530,338495399910571,338495415317196,338495420277613,10560042,420792,338495420277613,338495416192613,-1,338495415317196,
0,117297557,338495406154000,338495406154000,0,338495406633071,338495406635446,338495407201321,338495407417905,338495458437333,338495406622655,16800000,338495407750821,338495416395696,338495417822988,338495432981780,338495437924155,9539708,554208,338495437924155,338495434013613,-1,338495432981780,
0,117297565,338495422954000,338495422954000,0,338495423327905,338495423329946,338495423778905,338495423965155,338495475237333,338495423320196,16800000,338495424274238,338495434253696,338495435946030,338495449077613,338495454010988,7787000,558708,338495454010988,338495450111446,-1,338495449077613,
0,117297573,338495439754000,338495439754000,0,338495440138405,338495440140530,338495440551655,338495440831488,338495492037333,338495440130446,16800000,338495441143321,338495450349238,338495452327946,338495464959405,338495469885488,8203792,539542,338495469885488,338495465922613,-1,338495464959405,
0,117297581,338495456554000,338495456554000,0,338495456927405,338495456929280,338495457391363,338495457606863,338495508837333,338495456919071,16800000,338495457904405,338495466160780,338495468096613,338495481979946,338495485905988,9502958,472083,338495485905988,338495482851905,-1,338495481979946,
0,117297589,338495473354000,338495473354000,0,338495473818613,338495473820863,338495474299280,338495474514196,338495525637333,338495473807821,16800000,338495474843071,338495483057988,338495484692196,338495499010071,338495502916113,9698250,400875,338495502916113,338495499883446,-1,338495499010071,
0,117297597,338495490154000,338495490154000,0,338495490572738,338495490574946,338495491060071,338495491281738,338495542437333,338495490562821,16800000,338495491713613,338495500130488,338495501901613,338495516988738,338495520967321,9611625,803458,338495520967321,338495518200405,-1,338495516988738,
0,117297605,338495506954000,338495506954000,0,338495507399988,338495507402155,338495507956238,338495508312155,338495559237333,338495507390196,16800000,338495508659655,338495518407863,338495520105613,338495533685863,338495537651363,7983291,938375,338495537651363,338495535125696,-1,338495533685863,
0,117297613,338495523754000,338495523754000,0,338495524161446,338495524163155,338495524666280,338495524851988,338495576037333,338495524153405,16800000,338495525098113,338495535371738,338495537346738,338495549300738,338495553260196,7176625,873750,338495553260196,338495550657030,-1,338495549300738,
0,117297621,338495540554000,338495540554000,0,338495540913321,338495540915030,338495541365863,338495541549780,338495592837333,338495540905488,16800000,338495541799863,338495550898780,338495552683988,338495565720863,338495569784155,8719666,660584,338495569784155,338495567044696,-1,338495565720863,
0,117297629,338495557354000,338495557354000,0,338495558046363,338495558048446,338495558523488,338495558706571,338495609637333,338495558022780,16800000,338495558971155,338495567244196,338495568962738,338495583569696,338495588358530,9819583,710292,338495588358530,338495584864863,-1,338495583569696,
0,117297637,338495574154000,338495574154000,0,338495574575238,338495574577446,338495575409030,338495575724988,338495626437333,338495574565655,16800000,338495576234738,338495585168071,338495586789488,338495600588863,338495605518405,8457833,768042,338495605518405,338495601803071,-1,338495600588863,
0,117297645,338495590954000,338495590954000,0,338495591396905,338495591399280,338495591950988,338495592267780,338495643237333,338495591386655,16800000,338495592650863,338495602019488,338495603653946,338495617881571,338495622924780,8794541,894417,338495622924780,338495619337363,-1,338495617881571,
0,117297653,338495607754000,338495607754000,0,338495608227155,338495608228988,338495608847821,338495609063905,338495660037333,338495608219071,16800000,338495609329655,338495619587571,338495621285738,338495631895071,338495636802071,6881917,394750,338495636802071,338495632683405,-1,338495631895071,
0,117297661,338495624554000,338495624554000,0,338495624862405,338495624863738,338495625245363,338495625407446,338495676837333,338495624855655,16800000,338495625719530,338495632859946,338495634152696,338495647879571,338495652804946,10862834,284167,338495652804946,338495648563905,-1,338495647879571,
0,117297669,338495641354000,338495641354000,0,338495641647780,338495641649155,338495641994863,338495642142905,338495693637333,338495641641280,16800000,338495642339363,338495648721780,338495649871113,338495667502780,338495672437530,12724916,527667,338495672437530,338495668509196,-1,338495667502780,
0,117297677,338495658154000,338495658154000,0,338495658625113,338495658627530,338495659357780,338495659695363,338495710437333,338495658613988,16800000,338495660055071,338495668732905,338495670305655,338495683942780,338495688917738,9039666,463125,338495688917738,338495684859488,-1,338495683942780,
0,117297685,338495674954000,338495674954000,0,338495675348655,338495675350446,338495675979655,338495676322655,338495727237333,338495675339155,16800000,338495676626780,338495685063988,338495686595905,338495700721946,338495705647238,9518750,678458,338495705647238,338495701822196,-1,338495700721946,
0,117297693,338495691754000,338495691754000,0,338495692211821,338495692214405,338495692758280,338495692995571,338495744037333,338495692202196,16800000,338495693317155,338495702026655,338495703457071,338495717810738,338495722749405,9467791,805542,338495722749405,338495719122905,-1,338495717810738,
0,117297701,338495708554000,338495708554000,0,338495708917613,338495708919280,338495709640905,338495709864071,338495760837333,338495708909613,16800000,338495710171196,338495719375280,338495720909530,338495734767530,338495739803571,8385125,893958,338495739803571,338495736323738,-1,338495734767530,
0,117297709,338495725354000,338495725354000,0,338495725725988,338495725727571,338495726268488,338495726461613,338495777637333,338495725718155,16800000,338495726724071,338495736563946,338495738476113,338495750598280,338495755533738,7683334,797083,338495755533738,338495751985196,-1,338495750598280,
0,117297717,338495742154000,338495742154000,0,338495742511071,338495742512905,338495742960446,338495743150696,338495794437333,338495742502738,16800000,338495743413405,338495752367405,338495754201488,338495766852613,338495771833030,8775708,717834,338495771833030,338495767985488,-1,338495766852613,
0,117297725,338495758954000,338495758954000,0,338495759441988,338495759444238,338495759960280,338495760350613,338495811237333,338495759432321,16800000,338495760670738,338495768226655,338495769667613,338495785233738,338495790110405,10612125,307541,338495790110405,338495785877196,-1,338495785233738,
0,117297733,338495775754000,338495775754000,0,338495776238155,338495776240321,338495776780238,338495777023738,338495828037333,338495776228363,16800000,338495777365113,338495786049905,338495787360821,338495799683113,338495804565071,8944791,695250,338495804565071,338495800715946,-1,338495799683113,
0,117297741,338495792554000,338495792554000,0,338495792873030,338495792874738,338495793255321,338495793418238,338495844837333,338495792867238,16800000,338495793645946,338495800890863,338495802036113,338495819136571,338495823116655,11530917,836750,338495823116655,338495820541613,-1,338495819136571,
0,117297749,338495809354000,338495809354000,0,338495809701446,338495809702780,338495810112696,338495810293946,338495861637333,338495809695113,16800000,338495810623696,338495821081655,338495823099238,338495834248613,338495838200405,6987458,731584,338495838200405,338495835438321,-1,338495834248613,
0,117297757,338495826154000,338495826154000,0,338495826544363,338495826546238,338495826967530,338495827273321,338495878437333,338495826535696,16800000,338495827528946,338495835659946,338495837314947,338495851159738,338495855095197,9606291,861750,338495855095197,338495852449905,-1,338495851159738,
0,117297765,338495842954000,338495842954000,0,338495843318238,338495843319905,338495843819863,338495844037655,338495895237333,338495843310238,16800000,338495844292155,338495852664113,338495854189322,338495868066613,338495871990655,9700375,724208,338495871990655,338495869206280,-1,338495868066613,
0,117297773,338495859754000,338495859754000,0,338495860290655,338495860292780,338495860776655,338495860983280,338495912037333,338495860282155,16800000,338495861257822,338495869436655,338495870863363,338495887865405,338495891852613,10071166,1013458,338495891852613,338495889391447,-1,338495887865405,
0,117297781,338495876554000,338495876554000,0,338495876984613,338495876986655,338495877562113,338495877817197,338495928837333,338495876974947,16800000,338495878832447,338495889621780,338495891322488,338495902380197,338495906412238,5946416,479333,338495906412238,338495903376655,-1,338495902380197,
0,117297789,338495893354000,338495893354000,0,338495893724947,338495893726822,338495894466363,338495894658697,338495945637333,338495893716447,16800000,338495894920822,338495903583113,338495905940697,338495918705738,338495923673738,8341208,385666,338495923673738,338495919596655,-1,338495918705738,
0,117297797,338495910154000,338495910154000,0,338495910532238,338495910534280,338495911015197,338495911246447,338495962437333,338495910522988,16800000,338495911554613,338495919808988,338495921443030,338495935723238,338495940665447,9523500,369291,338495940665447,338495936578697,-1,338495935723238,
0,117297805,338495926954000,338495926954000,0,338495927345905,338495927347780,338495927926030,338495928175905,338495979237333,338495927337155,16800000,338495928459655,338495936784738,338495938477447,338495953707988,338495958639113,9481417,446000,338495958639113,338495954621530,-1,338495953707988,
0,117297813,338495943754000,338495943754000,0,338495944143613,338495944145197,338495944821238,338495945042947,338495996037333,338495944136113,16800000,338495945351113,338495954862155,338495956486155,338495969900738,338495974847988,7969459,440834,338495974847988,338495970815822,-1,338495969900738,
0,117297821,338495960554000,338495960554000,0,338495960968697,338495960970363,338495961396613,338495961581572,338496012837333,338495960960155,16800000,338495962042447,338495971094197,338495973000155,338495986602322,338495991650113,8714666,725708,338495991650113,338495988048447,-1,338495986602322,
0,117297829,338495977354000,338495977354000,0,338495977707197,338495977709280,338495978249655,338495978435822,338496029637333,338495977699488,16800000,338495978682947,338495988256280,338495989714280,338496002150363,338496007103988,8088750,320958,338496007103988,338496002823697,-1,338496002150363,
0,117297837,338495994154000,338495994154000,0,338495994482655,338495994484280,338495994866947,338495995181572,338496046437333,338495994475613,16800000,338495995410405,338496003103405,338496004608280,338496018343072,338496023361113,10017625,341250,338496023361113,338496019144447,-1,338496018343072,
0,117297845,338496010954000,338496010954000,0,338496011281405,338496011282738,338496011654863,338496011814863,338496063237333,338496011274947,16800000,338496012065072,338496019313447,338496020825530,338496036873530,338496041786280,11113459,387291,338496041786280,338496037679905,-1,338496036873530,
0,117297853,338496027754000,338496027754000,0,338496028170113,338496028171905,338496028666530,338496029477197,338496080037333,338496028162030,16800000,338496029797447,338496037890822,338496039356613,338496053870113,338496058863780,9370250,517250,338496058863780,338496054840613,-1,338496053870113,
0,117297861,338496044554000,338496044554000,0,338496046564947,338496046566863,338496047057780,338496047339572,338496096837333,338496046555655,16800000,338496047627322,338496055062905,338496057326155,338496070440697,338496075367155,7883958,452125,338496075367155,338496071445905,-1,338496070440697,
0,117297869,338496061354000,338496061354000,0,338496061710030,338496061711697,338496062132780,338496062428447,338496113637333,338496061702655,16800000,338496062677822,338496071721447,338496073478030,338496086671238,338496091638072,8689000,385000,338496091638072,338496087584113,-1,338496086671238,
0,117297877,338496078154000,338496078154000,0,338496078552363,338496078554197,338496078972905,338496079156905,338496130437333,338496078544363,16800000,338496079402072,338496087975697,338496089816697,338496103576988,338496108529655,9562791,496000,338496108529655,338496104500572,-1,338496103576988,
0,117297885,338496094954000,338496094954000,0,338496095514447,338496095516447,338496096056113,338496096275488,338496147237333,338496095504780,16800000,338496096625697,338496104711530,338496106149738,338496121171405,338496126080530,10085583,382584,338496126080530,338496121967988,-1,338496121171405,
0,117297893,338496111754000,338496111754000,0,338496112214405,338496112216655,338496112697155,338496113578822,338496164037333,338496112204447,16800000,338496113892030,338496122175697,338496123620655,338496138196488,338496143325905,9420208,458958,338496143325905,338496139146488,-1,338496138196488,
0,117297901,338496128554000,338496128554000,0,338496129522113,338496129524405,338496130004363,338496130217405,338496180837333,338496129511530,16800000,338496130510655,338496139664238,338496141211697,338496154720363,338496159683905,8327375,476583,338496159683905,338496155701072,-1,338496154720363,
0,117297909,338496145354000,338496145354000,0,338496145706822,338496145708697,338496146637072,338496146830405,338496197637333,338496145698947,16800000,338496147086322,338496156066780,338496157922155,338496170321072,338496175492905,8221792,454875,338496175492905,338496171448988,-1,338496170321072,
0,117297917,338496162154000,338496162154000,0,338496162559113,338496162561155,338496163039613,338496163224738,338496214437333,338496162550363,16800000,338496163471280,338496171694905,338496173480905,338496187300447,338496192386405,9568625,443959,338496192386405,338496188308155,-1,338496187300447,
0,117297925,338496178954000,338496178954000,0,338496179462322,338496179464405,338496180174738,338496180395405,338496231237333,338496179451947,16800000,338496180713363,338496188582280,338496190228905,338496204891280,338496209891072,10149542,398625,338496209891072,338496205738030,-1,338496204891280,
0,117297933,338496195754000,338496195754000,0,338496196287572,338496196289697,338496196802655,338496197015322,338496248037333,338496196277905,16800000,338496197388988,338496205954447,338496207414780,338496222219822,338496227445447,9651333,380000,338496227445447,338496223297197,-1,338496222219822,
0,117297941,338496212554000,338496212554000,0,338496212981197,338496212983280,338496213580155,338496213792863,338496264837333,338496212970863,16800000,338496214085988,338496223509447,338496224993697,338496241520155,338496245547863,8841417,828375,338496245547863,338496243474738,-1,338496241520155,
0,117297949,338496229354000,338496229354000,0,338496229763988,338496229765613,338496230272238,338496230457822,338496281637333,338496229756530,16800000,338496230706322,338496243701238,338496245491780,338496255232613,338496259235447,4815083,557542,338496259235447,338496256209155,-1,338496255232613,
0,117297957,338496246154000,338496246154000,0,338496246543030,338496246545030,338496247048947,338496247266988,338496298437333,338496246535572,16800000,338496247698947,338496256419447,338496257852822,338496272590322,338496276535238,9361625,742000,338496276535238,338496273827905,-1,338496272590322,
0,117297965,338496262954000,338496262954000,0,338496263522197,338496263524363,338496264145988,338496264373655,338496315237333,338496263512405,16800000,338496264680030,338496274043822,338496275565405,338496289816988,338496293875488,8498125,422333,338496293875488,338496290709613,-1,338496289816988,
0,117297973,338496279754000,338496279754000,0,338496280204863,338496280206572,338496280744280,338496280945947,338496332037333,338496280196780,16800000,338496281210822,338496290944863,338496293030030,338496305437197,338496309484697,7275084,863625,338496309484697,338496306738405,-1,338496305437197,
0,117297981,338496296554000,338496296554000,0,338496296924572,338496296926197,338496297353780,338496297530363,338496348837333,338496296917363,16800000,338496297755822,338496306910738,338496308223988,338496320917405,338496324822780,8800916,330167,338496324822780,338496321599488,-1,338496320917405,
0,117297989,338496313354000,338496313354000,0,338496313692947,338496313694697,338496314127197,338496314307197,338496365637333,338496313686530,16800000,338496314581113,338496321895822,338496323336572,338496336986155,338496341088280,10415375,273583,338496341088280,338496337639447,-1,338496336986155,
0,117297997,338496330154000,338496330154000,0,338496330470113,338496330471488,338496330933072,338496331107447,338496382437333,338496330464072,16800000,338496331319197,338496337800072,338496339454280,338496357751780,338496362683822,11537709,476166,338496362683822,338496359365113,-1,338496357751780,
0,117298005,338496346954000,338496346954000,0,338496347248530,338496347249863,338496347630113,338496347780405,338496399237333,338496347242155,16800000,338496347974197,338496359608155,338496361299280,338496372501613,338496377489947,6374666,564542,338496377489947,338496373478113,-1,338496372501613,
0,117298013,338496363754000,338496363754000,0,338496364171905,338496364173530,338496364675738,338496364936863,338496416037333,338496364163697,16800000,338496365205530,338496373683113,338496375099072,338496389938905,338496394872613,9484833,409542,338496394872613,338496390784905,-1,338496389938905,
0,117298021,338496380554000,338496380554000,0,338496380979072,338496380981155,338496381440322,338496381680988,338496432837333,338496380970197,16800000,338496381953572,338496391056530,338496392752322,338496407468863,338496412582697,8965167,530167,338496412582697,338496408588863,-1,338496407468863,
0,117298029,338496397354000,338496397354000,0,338496397743280,338496397744947,338496398167197,338496398350322,338496449637333,338496397735780,16800000,338496398597113,338496409176030,338496410744572,338496423515197,338496428530655,7242584,541875,338496428530655,338496424569030,-1,338496423515197,
0,117298037,338496414154000,338496414154000,0,338496414539613,338496414541697,338496415022738,338496415226155,338496466437333,338496414510738,16800000,338496415478363,338496424822572,338496426661738,338496438142947,338496443116405,8018875,332542,338496443116405,338496438823280,-1,338496438142947,
0,117298045,338496430954000,338496430954000,0,338496431265113,338496431267072,338496431633738,338496431787447,338496483237333,338496431258780,16800000,338496431994613,338496438997822,338496440811738,338496454604905,338496459569322,10658833,311666,338496459569322,338496455729822,-1,338496454604905,
0,117298053,338496447754000,338496447754000,0,338496448272405,338496448274197,338496448665238,338496448822988,338496500037333,338496448266405,16800000,338496449037780,338496455906530,338496457110863,338496471939447,338496476905738,10831000,371375,338496476905738,338496472753697,-1,338496471939447,
0,117298061,338496464554000,338496464554000,0,338496464839947,338496464842030,338496465382530,338496465545530,338496516837333,338496464831947,16800000,338496465755447,338496472960113,338496474618488,338496490627322,338496495647613,10814500,430958,338496495647613,338496491512530,-1,338496490627322,
0,117298069,338496481354000,338496481354000,0,338496481739447,338496481741405,338496482317780,338496482528822,338496533637333,338496481730697,16800000,338496482834238,338496493570530,338496495021155,338496507811905,338496512769363,7612917,499125,338496512769363,338496508777488,-1,338496507811905,
0,117298077,338496498154000,338496498154000,0,338496498581072,338496498582697,338496499044113,338496499235655,338496550437333,338496498572863,16800000,338496499545363,338496509580613,338496511544988,338496523424363,338496528350988,7322333,461208,338496528350988,338496524336322,-1,338496523424363,
0,117298085,338496514954000,338496514954000,0,338496515308530,338496515310697,338496515755822,338496515950197,338496567237333,338496515300488,16800000,338496516262447,338496524560738,338496526316155,338496540221697,338496545201364,9780084,397792,338496545201364,338496541103489,-1,338496540221697,
0,117298093,338496531754000,338496531754000,0,338496532225113,338496532226822,338496532647905,338496532832697,338496584037333,338496532217030,16800000,338496533152863,338496541312489,338496543124489,338496556944905,338496561876572,9670625,399166,338496561876572,338496557879155,-1,338496556944905,
0,117298101,338496548554000,338496548554000,0,338496548970280,338496548972364,338496549449030,338496549661989,338496600837333,338496548961030,16800000,338496550196614,338496558089780,338496559637947,338496575110655,338496580182114,9961334,779458,338496580182114,338496576316155,-1,338496575110655,
0,117298109,338496565354000,338496565354000,0,338496565794364,338496565796405,338496566352364,338496566578989,338496617637333,338496565784780,16800000,338496566998197,338496576527030,338496577976155,338496591834697,338496597013739,8330959,868666,338496597013739,338496593283864,-1,338496591834697,
0,117298117,338496582154000,338496582154000,0,338496582548530,338496582550280,338496583127947,338496583342530,338496634437333,338496582539864,16800000,338496583633864,338496593580489,338496594975197,338496605922239,338496610834614,7707917,802916,338496610834614,338496607082322,-1,338496605922239,
0,117298125,338496598954000,338496598954000,0,338496599301780,338496599303322,338496599737155,338496599916322,338496651237333,338496599294780,16800000,338496600269155,338496607254572,338496608516030,338496622460322,338496627344905,10779583,580208,338496627344905,338496623403364,-1,338496622460322,
0,117298133,338496615754000,338496615754000,0,338496616123405,338496616124697,338496616527572,338496616692697,338496634437333,338496616116864,16800000,338496616893572,338496623569530,338496624810447,338496643689072,338494629313321,14225750,450375,338494629313321,338496644657280,-1,338496643689072,
0,117298141,338496632554000,338496632554000,0,338496632871864,338496632873114,338496633250280,338496633415947,338496651237333,338496632865239,16800000,338496633635280,338496644863155,338496646213280,338496655541822,338494644645863,6654375,324667,338494644645863,338496656183780,-1,338496655541822,
---PROFILEDATA---


View hierarchy:

  com.auroratv.lab/com.auroratv.MainActivity/android.view.ViewRootImpl@7601eeb
  423 views, 768.82 kB of render nodes


Total ViewRootImpl   : 1
Total attached Views : 423
Total RenderNode     : 768.82 kB (used) / 3104.93 kB (capacity)

