Applications Graphics Acceleration Info:
Uptime: 337426772 Realtime: 372100882

** Graphics info for pid 30868 [com.auroratv.lab] **

Stats since: 337413781245972ns
Total frames rendered: 495
Janky frames: 7 (1.41%)
Janky frames (legacy): 387 (78.18%)
50th percentile: 21ms
90th percentile: 26ms
95th percentile: 29ms
99th percentile: 53ms
Number Missed Vsync: 0
Number High input latency: 955
Number Slow UI thread: 1
Number Slow bitmap uploads: 0
Number Slow issue draw commands: 7
Number Frame deadline missed: 7
Number Frame deadline missed (legacy): 13
HISTOGRAM: 5ms=0 6ms=0 7ms=0 8ms=0 9ms=1 10ms=6 11ms=12 12ms=5 13ms=8 14ms=9 15ms=3 16ms=2 17ms=5 18ms=14 19ms=21 20ms=68 21ms=134 22ms=102 23ms=35 24ms=14 25ms=4 26ms=6 27ms=7 28ms=9 29ms=7 30ms=4 31ms=3 32ms=1 34ms=2 36ms=3 38ms=1 40ms=0 42ms=1 44ms=0 46ms=1 48ms=2 53ms=3 57ms=0 61ms=0 65ms=0 69ms=0 73ms=0 77ms=0 81ms=0 85ms=0 89ms=0 93ms=1 97ms=0 101ms=1 105ms=0 109ms=0 113ms=0 117ms=0 121ms=0 125ms=0 129ms=0 133ms=0 150ms=0 200ms=0 250ms=0 300ms=0 350ms=0 400ms=0 450ms=0 500ms=0 550ms=0 600ms=0 650ms=0 700ms=0 750ms=0 800ms=0 850ms=0 900ms=0 950ms=0 1000ms=0 1050ms=0 1100ms=0 1150ms=0 1200ms=0 1250ms=0 1300ms=0 1350ms=0 1400ms=0 1450ms=0 1500ms=0 1550ms=0 1600ms=0 1650ms=0 1700ms=0 1750ms=0 1800ms=0 1850ms=0 1900ms=0 1950ms=0 2000ms=0 2050ms=0 2100ms=0 2150ms=0 2200ms=0 2250ms=0 2300ms=0 2350ms=0 2400ms=0 2450ms=0 2500ms=0 2550ms=0 2600ms=0 2650ms=0 2700ms=0 2750ms=0 2800ms=0 2850ms=0 2900ms=0 2950ms=0 3000ms=0 3050ms=0 3100ms=0 3150ms=0 3200ms=0 3250ms=0 3300ms=0 3350ms=0 3400ms=0 3450ms=0 3500ms=0 3550ms=0 3600ms=0 3650ms=0 3700ms=0 3750ms=0 3800ms=0 3850ms=0 3900ms=0 3950ms=0 4000ms=0 4050ms=0 4100ms=0 4150ms=0 4200ms=0 4250ms=0 4300ms=0 4350ms=0 4400ms=0 4450ms=0 4500ms=0 4550ms=0 4600ms=0 4650ms=0 4700ms=0 4750ms=0 4800ms=0 4850ms=0 4900ms=0 4950ms=0
50th gpu percentile: 5ms
90th gpu percentile: 6ms
95th gpu percentile: 11ms
99th gpu percentile: 15ms
GPU HISTOGRAM: 1ms=0 2ms=0 3ms=0 4ms=92 5ms=294 6ms=64 7ms=7 8ms=1 9ms=0 10ms=9 11ms=4 12ms=5 13ms=0 14ms=6 15ms=9 16ms=0 17ms=0 18ms=0 19ms=1 20ms=1 21ms=0 22ms=0 23ms=1 24ms=0 25ms=0 4950ms=1

Pipeline=Skia (OpenGL)
Memory policy:
  Max surface area: 2073600
  Max resource usage: 99.53MB (x48)
  Background retention: 50% (altUiHidden = true)
  GPU Context timeout: 10
Contexts: 1 (stopped = 0)
CPU Caches:
  Glyph Cache: 4.66 MB (1 entry)
  Glyph Count: 266 
Total CPU memory usage:
  4881475 bytes, 4.66 MB (0.00 bytes is purgeable)
GPU Caches:
  Image:
    Texture: 18.68 MB (46 entries)
  Other:
    Other: 860.82 KB (1 entry)
    Buffer Object: 464.00 bytes (2 entries)
    StencilAttachment: 83.00 KB (7 entries)
  Scratch:
    RenderTarget: 30.07 MB (228 entries)
    Texture: 5.24 MB (115 entries)
    Buffer Object: 78.03 KB (3 entries)
Total GPU memory usage:
  57666940 bytes, 55.00 MB (14.22 MB is purgeable)

Profile data in ms:

	com.auroratv.lab/com.auroratv.MainActivity/android.view.ViewRootImpl@866b94a (visibility=0)
Window: com.auroratv.lab/com.auroratv.MainActivity
Stats since: 337413781245264ns
Total frames rendered: 495
Janky frames: 7 (1.41%)
Janky frames (legacy): 387 (78.18%)
50th percentile: 21ms
90th percentile: 26ms
95th percentile: 29ms
99th percentile: 53ms
Number Missed Vsync: 0
Number High input latency: 955
Number Slow UI thread: 1
Number Slow bitmap uploads: 0
Number Slow issue draw commands: 7
Number Frame deadline missed: 7
Number Frame deadline missed (legacy): 13
HISTOGRAM: 5ms=0 6ms=0 7ms=0 8ms=0 9ms=1 10ms=6 11ms=12 12ms=5 13ms=8 14ms=9 15ms=3 16ms=2 17ms=5 18ms=14 19ms=21 20ms=68 21ms=134 22ms=102 23ms=35 24ms=14 25ms=4 26ms=6 27ms=7 28ms=9 29ms=7 30ms=4 31ms=3 32ms=1 34ms=2 36ms=3 38ms=1 40ms=0 42ms=1 44ms=0 46ms=1 48ms=2 53ms=3 57ms=0 61ms=0 65ms=0 69ms=0 73ms=0 77ms=0 81ms=0 85ms=0 89ms=0 93ms=1 97ms=0 101ms=1 105ms=0 109ms=0 113ms=0 117ms=0 121ms=0 125ms=0 129ms=0 133ms=0 150ms=0 200ms=0 250ms=0 300ms=0 350ms=0 400ms=0 450ms=0 500ms=0 550ms=0 600ms=0 650ms=0 700ms=0 750ms=0 800ms=0 850ms=0 900ms=0 950ms=0 1000ms=0 1050ms=0 1100ms=0 1150ms=0 1200ms=0 1250ms=0 1300ms=0 1350ms=0 1400ms=0 1450ms=0 1500ms=0 1550ms=0 1600ms=0 1650ms=0 1700ms=0 1750ms=0 1800ms=0 1850ms=0 1900ms=0 1950ms=0 2000ms=0 2050ms=0 2100ms=0 2150ms=0 2200ms=0 2250ms=0 2300ms=0 2350ms=0 2400ms=0 2450ms=0 2500ms=0 2550ms=0 2600ms=0 2650ms=0 2700ms=0 2750ms=0 2800ms=0 2850ms=0 2900ms=0 2950ms=0 3000ms=0 3050ms=0 3100ms=0 3150ms=0 3200ms=0 3250ms=0 3300ms=0 3350ms=0 3400ms=0 3450ms=0 3500ms=0 3550ms=0 3600ms=0 3650ms=0 3700ms=0 3750ms=0 3800ms=0 3850ms=0 3900ms=0 3950ms=0 4000ms=0 4050ms=0 4100ms=0 4150ms=0 4200ms=0 4250ms=0 4300ms=0 4350ms=0 4400ms=0 4450ms=0 4500ms=0 4550ms=0 4600ms=0 4650ms=0 4700ms=0 4750ms=0 4800ms=0 4850ms=0 4900ms=0 4950ms=0
50th gpu percentile: 5ms
90th gpu percentile: 6ms
95th gpu percentile: 11ms
99th gpu percentile: 15ms
GPU HISTOGRAM: 1ms=0 2ms=0 3ms=0 4ms=92 5ms=294 6ms=64 7ms=7 8ms=1 9ms=0 10ms=9 11ms=4 12ms=5 13ms=0 14ms=6 15ms=9 16ms=0 17ms=0 18ms=0 19ms=1 20ms=1 21ms=0 22ms=0 23ms=1 24ms=0 25ms=0 4950ms=1



---PROFILEDATA---
Flags,FrameTimelineVsyncId,IntendedVsync,Vsync,InputEventId,HandleInputStart,AnimationStart,PerformTraversalsStart,DrawStart,FrameDeadline,FrameInterval,FrameStartTime,SyncQueued,SyncStart,IssueDrawCommandsStart,SwapBuffers,FrameCompleted,DequeueBufferDuration,QueueBufferDuration,GpuCompleted,SwapBuffersCompleted,DisplayPresentTime,CommandSubmissionCompleted,
0,116830451,337424760253667,337424760253667,0,337424760724102,337424760726019,337424761231977,337424761440352,337424812539000,337424760715102,16801000,337424761715436,337424770287061,337424771711852,337424786733602,337424791639894,9821375,542666,337424791639894,337424787627061,-1,337424786733602,
0,116830459,337424777054667,337424777054667,0,337424777512727,337424777515477,337424778096311,337424778318894,337424829340000,337424777501436,16801000,337424778743477,337424787846936,337424789170477,337424800593644,337424805426769,8380459,571041,337424805426769,337424801506686,-1,337424800593644,
0,116830467,337424793855667,337424793855667,0,337424794178894,337424794180477,337424794646186,337424794822186,337424846141000,337424794172061,16801000,337424795033769,337424801669894,337424802882852,337424818113519,337424822936894,11568583,611208,337424822936894,337424819058019,-1,337424818113519,
0,116830475,337424810656667,337424810656667,0,337424811034019,337424811036269,337424811449477,337424811621352,337424862942000,337424811026352,16801000,337424811979477,337424819220186,337424820468311,337424833924852,337424838743352,10473917,597166,337424838743352,337424834845894,-1,337424833924852,
0,116830483,337424827457667,337424827457667,0,337424827817811,337424827819227,337424828241227,337424828393144,337424879743000,337424827811436,16801000,337424828589519,337424835011061,337424836177769,337424852527936,337424857471352,12213166,689917,337424857471352,337424853624394,-1,337424852527936,
0,116830491,337424844258667,337424844258667,0,337424844641894,337424844643852,337424845134977,337424845310769,337424896544000,337424844633811,16801000,337424845544227,337424853831394,337424855250394,337424869775811,337424874633811,9998583,694958,337424874633811,337424870878769,-1,337424869775811,
0,116830499,337424861059667,337424861059667,0,337424861519352,337424861521561,337424861976186,337424862200352,337424913345000,337424861510269,16801000,337424862487811,337424871080936,337424872601852,337424887145061,337424892039769,9376542,1070333,337424892039769,337424888665227,-1,337424887145061,
0,116830507,337424877860667,337424877860667,0,337424878271936,337424878274144,337424878769894,337424878970727,337424930146000,337424878263269,16801000,337424879329394,337424888870644,337424890340561,337424903456228,337424908327853,8480667,813792,337424908327853,337424904729103,-1,337424903456228,
0,116830515,337424894661667,337424894661667,0,337424895040478,337424895042311,337424895534228,337424895721644,337424946947000,337424895032436,16801000,337424896054311,337424904954978,337424906506269,337424919948144,337424924977644,8869625,733750,337424924977644,337424921202186,-1,337424919948144,
0,116830523,337424911462667,337424911462667,0,337424911875228,337424911877186,337424912340686,337424912524519,337424963748000,337424911867103,16801000,337424912928269,337424921425144,337424922989811,337424936636853,337424941550561,9237042,689792,337424941550561,337424937728894,-1,337424936636853,
0,116830531,337424928263667,337424928263667,0,337424928908019,337424928909978,337424929367061,337424929680728,337424980549000,337424928899853,16801000,337424929970603,337424937934144,337424939685103,337424953308853,337424958157436,9716208,675583,337424958157436,337424954394144,-1,337424953308853,
0,116830539,337424945064667,337424945064667,0,337424945524353,337424945526519,337424946020561,337424946227894,337424997350000,337424945515519,16801000,337424946621186,337424954599394,337424956052853,337424970406186,337424975351519,9748625,667459,337424975351519,337424971481353,-1,337424970406186,
0,116830547,337424961865667,337424961865667,0,337424962308936,337424962311353,337424962860644,337424963060394,337425014151000,337424962299478,16801000,337424963335103,337424971685311,337424973188978,337424988886311,337424993759603,9758250,557250,337424993759603,337424989909936,-1,337424988886311,
0,116830555,337424978666667,337424978666667,0,337424979209061,337424979211019,337424979701644,337424980155186,337425030952000,337424979200603,16801000,337424980810603,337424990187353,337424991856436,337425003894353,337425008940978,7679875,477417,337425008940978,337425004859853,-1,337425003894353,
0,116830563,337424995467667,337424995467667,0,337424995874561,337424995876769,337424996477394,337424996679144,337425047753000,337424995865853,16801000,337424997019644,337425005065811,337425006649894,337425021837269,337425026690311,9912792,376042,337425026690311,337425022687103,-1,337425021837269,
0,116830571,337425012268667,337425012268667,0,337425012718686,337425012721103,337425013202728,337425013415728,337425064554000,337425012708811,16801000,337425013744269,337425022919728,337425024522394,337425038920019,337425043814853,8858083,456250,337425043814853,337425039970519,-1,337425038920019,
0,116830579,337425029069667,337425029069667,0,337425029422728,337425029424811,337425029864894,337425030049103,337425081355000,337425029414769,16801000,337425030293311,337425040310561,337425042034103,337425055156228,337425060060186,7762625,581958,337425060060186,337425056260936,-1,337425055156228,
0,116830587,337425045870667,337425045870667,0,337425046213853,337425046215894,337425046676644,337425046879811,337425098156000,337425046205686,16801000,337425047149353,337425056503561,337425058414353,337425070985228,337425075876561,8145958,436500,337425075876561,337425071893394,-1,337425070985228,
0,116830595,337425062671667,337425062671667,0,337425063044061,337425063046019,337425063523311,337425063717811,337425114957000,337425063035644,16801000,337425063968436,337425072276353,337425074098019,337425087302936,337425092188019,9308125,368750,337425092188019,337425088113144,-1,337425087302936,
0,116830603,337425079472667,337425079472667,0,337425079920728,337425079923394,337425080558686,337425080771103,337425131758000,337425079911061,16801000,337425081149811,337425088318728,337425089775269,337425105026144,337425109907811,10871584,371583,337425109907811,337425105825561,-1,337425105026144,
0,116830611,337425096273667,337425096273667,0,337425096697811,337425096700228,337425097268811,337425097513603,337425148559000,337425096688019,16801000,337425097805394,337425106031769,337425107465103,337425122421311,337425127298853,10012000,458083,337425127298853,337425123364644,-1,337425122421311,
0,116830619,337425113074667,337425113074667,0,337425113499853,337425113502394,337425114093894,337425114307811,337425165360000,337425113488686,16801000,337425114608978,337425123575478,337425125124894,337425139434728,337425144446894,8893334,533916,337425144446894,337425140571103,-1,337425139434728,
0,116830627,337425129875667,337425129875667,0,337425130234436,337425130236353,337425130660686,337425130846311,337425182161000,337425130226644,16801000,337425131169853,337425140923686,337425142742144,337425155222561,337425160248978,7871417,534334,337425160248978,337425156329603,-1,337425155222561,
0,116830635,337425146676667,337425146676667,0,337425147023228,337425147025144,337425147588061,337425147771561,337425198962000,337425147014978,16801000,337425148064228,337425156607978,337425158411228,337425171843686,337425176990603,9080375,370625,337425176990603,337425172727853,-1,337425171843686,
0,116830643,337425163477667,337425163477667,0,337425163912853,337425163915186,337425164518769,337425164704728,337425215763000,337425163902478,16801000,337425164949686,337425172931686,337425174615144,337425188544019,337425193418728,9998875,369959,337425193418728,337425189317561,-1,337425188544019,
0,116830651,337425180278667,337425180278667,0,337425180720519,337425180722853,337425181264144,337425181475519,337425232564000,337425180710061,16801000,337425181853936,337425189519603,337425190960811,337425206662769,337425211642103,10790375,380791,337425211642103,337425207575186,-1,337425206662769,
0,116830659,337425197079667,337425197079667,0,337425197519353,337425197521811,337425198149394,337425198396686,337425249365000,337425197509103,16801000,337425198697103,337425207784103,337425209364269,337425224556144,337425229565478,9454375,376459,337425229565478,337425225505853,-1,337425224556144,
0,116830667,337425213880667,337425213880667,0,337425214241936,337425214244228,337425214748019,337425214964603,337425266166000,337425214233394,16801000,337425215257811,337425225712103,337425227328644,337425239377353,337425244379603,7224292,585292,337425244379603,337425240463644,-1,337425239377353,
0,116830675,337425230681667,337425230681667,0,337425231106269,337425231108269,337425231525144,337425231703603,337425282967000,337425231097478,16801000,337425231947061,337425240709936,337425242389436,337425255795769,337425259888853,9012208,544250,337425259888853,337425257013144,-1,337425255795769,
0,116830683,337425247482667,337425247482667,0,337425247839103,337425247840853,337425248303811,337425248486144,337425299768000,337425247830519,16801000,337425248732894,337425257259644,337425259197186,337425272195144,337425276092936,8952959,665625,337425276092936,337425273273103,-1,337425272195144,
0,116830691,337425264283667,337425264283667,0,337425265339769,337425265342478,337425265816603,337425265998311,337425316569000,337425265326353,16801000,337425266245728,337425273477269,337425274926603,337425290226186,337425294194769,10392583,664666,337425294194769,337425291313228,-1,337425290226186,
0,116830699,337425281084667,337425281084667,0,337425281526811,337425281529436,337425282010811,337425282222061,337425333370000,337425281517019,16801000,337425282515894,337425291516478,337425293536311,337425307734644,337425311587269,9131125,307000,337425311587269,337425308421353,-1,337425307734644,
0,116830707,337425297885667,337425297885667,0,337425298344228,337425298346769,337425298858061,337425299074561,337425350171000,337425298333728,16801000,337425299374394,337425308592394,337425309783478,337425321626144,337425325466061,8492417,377750,337425325466061,337425322328311,-1,337425321626144,
0,116830715,337425314686667,337425314686667,0,337425314997603,337425314999228,337425315387103,337425315545144,337425366972000,337425314990394,16801000,337425315754144,337425322488353,337425323784644,337425338306228,337425342201644,11178667,300625,337425342201644,337425338940561,-1,337425338306228,
0,116830723,337425331487667,337425331487667,0,337425331769103,337425331770853,337425332148061,337425332294311,337425383773000,337425331762811,16801000,337425332488144,337425339166519,337425340446061,337425356895686,337425360808728,11803209,388125,337425360808728,337425357732019,-1,337425356895686,
0,116830731,337425348288667,337425348288667,0,337425348704936,337425348707061,337425349134061,337425349355186,337425400574000,337425348695936,16801000,337425349640311,337425357943019,337425359699769,337425373655811,337425378634436,9782417,453625,337425378634436,337425374549478,-1,337425373655811,
0,116830739,337425365089667,337425365089667,0,337425365493853,337425365496228,337425365956936,337425366153144,337425417375000,337425365484144,16801000,337425366417144,337425374756019,337425376384894,337425390811061,337425395739519,9824125,381500,337425395739519,337425391603061,-1,337425390811061,
0,116830747,337425381890667,337425381890667,0,337425382314394,337425382316853,337425382825144,337425383051978,337425434176000,337425382303644,16801000,337425383372394,337425391812603,337425393345144,337425408234769,337425413122561,9803291,440375,337425413122561,337425409141811,-1,337425408234769,
0,116830755,337425398691667,337425398691667,0,337425399248769,337425399251103,337425399938811,337425400197603,337425450977000,337425399238769,16801000,337425400506728,337425409376561,337425410895894,337425424403686,337425429384686,8442959,848959,337425429384686,337425425735311,-1,337425424403686,
0,116830763,337425415492667,337425415492667,0,337425415868936,337425415870811,337425416440061,337425416631978,337425467778000,337425415861144,16801000,337425416893144,337425425977894,337425427659311,337425440278228,337425445171811,8517750,834833,337425445171811,337425441601561,-1,337425440278228,
0,116830771,337425432293667,337425432293667,0,337425432728811,337425432730519,337425433173019,337425433358978,337425484579000,337425432720603,16801000,337425433617728,337425441846644,337425443533311,337425457046769,337425461934228,9550000,693875,337425461934228,337425458163769,-1,337425457046769,
0,116830779,337425449094667,337425449094667,0,337425449518853,337425449521728,337425450175644,337425450371853,337425501380000,337425449508894,16801000,337425450619311,337425458377644,337425459792519,337425474142978,337425478085728,10421958,672959,337425478085728,337425475254061,-1,337425474142978,
0,116830787,337425465895667,337425465895667,0,337425466342061,337425466344519,337425466822561,337425467031269,337425518181000,337425466331603,16801000,337425467458686,337425475459353,337425477006353,337425492243353,337425496171561,10160750,716833,337425496171561,337425493386311,-1,337425492243353,
0,116830795,337425482696667,337425482696667,0,337425483242519,337425483244894,337425483832019,337425484094978,337425534982000,337425483232311,16801000,337425484395978,337425493600686,337425495338686,337425506907353,337425510887769,7724292,337833,337425510887769,337425507720728,-1,337425506907353,
0,116830803,337425499497667,337425499497667,0,337425499928644,337425499930769,337425500437686,337425500627436,337425551783000,337425499903019,16801000,337425500893603,337425507906853,337425509452103,337425522865436,337425526723144,10275709,545417,337425526723144,337425523744853,-1,337425522865436,
0,116830811,337425516298667,337425516298667,0,337425516695603,337425516697103,337425517153436,337425517347936,337425568584000,337425516688728,16801000,337425517558603,337425523917769,337425525141144,337425539413978,337425543312936,11386750,311125,337425543312936,337425540083978,-1,337425539413978,
0,116830819,337425533099667,337425533099667,0,337425533434936,337425533436644,337425533976769,337425534227269,337425585385000,337425533427853,16801000,337425534529561,337425540249394,337425541410978,337425559432144,337425563430603,13161833,587958,337425563430603,337425560497936,-1,337425559432144,
0,116830827,337425549900667,337425549900667,0,337425550301519,337425550303436,337425550833186,337425551015853,337425602186000,337425550293603,16801000,337425551260478,337425560741644,337425562411228,337425575313603,337425579227103,8194167,544125,337425579227103,337425576338311,-1,337425575313603,
0,116830835,337425566701667,337425566701667,0,337425567112519,337425567114436,337425567531436,337425567712019,337425618987000,337425567104561,16801000,337425567989061,337425576580978,337425578269853,337425591469353,337425595393145,9148875,754291,337425595393145,337425592752811,-1,337425591469353,
0,116830843,337425583502667,337425583502667,0,337425583893644,337425583895728,337425584426353,337425584609019,337425635788000,337425583885561,16801000,337425584931478,337425593105770,337425594928520,337425608999520,337425612879603,9673166,446250,337425612879603,337425609846770,-1,337425608999520,
0,116830851,337425600303667,337425600303667,0,337425600740478,337425600743270,337425601330436,337425601541270,337425652589000,337425600730895,16801000,337425601848978,337425610111853,337425611715270,337425626483270,337425630548311,9785625,677875,337425630548311,337425627573520,-1,337425626483270,
0,116830859,337425617104667,337425617104667,0,337425617578936,337425617581311,337425618069061,337425618314395,337425669390000,337425617568895,16801000,337425618605603,337425627779228,337425629343561,337425643135186,337425647042061,8835625,903791,337425647042061,337425644591811,-1,337425643135186,
0,116830867,337425633905667,337425633905667,0,337425634272395,337425634274311,337425634740853,337425634929436,337425686191000,337425634264395,16801000,337425635227770,337425644844520,337425646550020,337425659247770,337425663197061,7961584,854917,337425663197061,337425660588436,-1,337425659247770,
0,116830875,337425650706667,337425650706667,0,337425651097936,337425651100020,337425651579395,337425651761103,337425702992000,337425651089228,16801000,337425652043520,337425660827936,337425662550228,337425675406978,337425679306645,8872666,779875,337425679306645,337425676620811,-1,337425675406978,
0,116830883,337425667507667,337425667507667,0,337425667888853,337425667890811,337425668367978,337425668550728,337425719793000,337425667880770,16801000,337425668833978,337425676858061,337425678608978,337425692197770,337425697197645,9586375,700375,337425697197645,337425693315270,-1,337425692197770,
0,116830891,337425684308667,337425684308667,0,337425684743561,337425684746020,337425685227478,337425685437270,337425736594000,337425684733645,16801000,337425685729436,337425693522895,337425694954353,337425710336103,337425715255478,10759792,618292,337425715255478,337425711315020,-1,337425710336103,
0,116830899,337425701109667,337425701109667,0,337425701671311,337425701673936,337425702991145,337425703217186,337425753395000,337425701661103,16801000,337425703538811,337425711491853,337425712825645,337425724830561,337425729659978,8686792,550458,337425729659978,337425725719186,-1,337425724830561,
0,116830907,337425717910667,337425717910667,0,337425718309436,337425718311228,337425718719978,337425719373020,337425770196000,337425718302395,16801000,337425719590478,337425725888228,337425727057436,337425741533936,337425746473895,11168833,462750,337425746473895,337425742475270,-1,337425741533936,
0,116830915,337425734711667,337425734711667,0,337425735061061,337425735062853,337425735413353,337425735563770,337425786997000,337425735054436,16801000,337425735757561,337425742723520,337425743906436,337425759755186,337425764622728,11599417,393000,337425764622728,337425760604311,-1,337425759755186,
0,116830923,337425751512667,337425751512667,0,337425751943978,337425751946395,337425752611770,337425752807311,337425803798000,337425751934145,16801000,337425753078186,337425760810145,337425762239770,337425778208603,337425783211895,10162208,649042,337425783211895,337425779499895,-1,337425778208603,
0,116830931,337425768313667,337425768313667,0,337425768774311,337425768776145,337425769544728,337425769763311,337425820599000,337425768766478,16801000,337425770070478,337425779761436,337425781568353,337425793184561,337425798068395,7590000,380584,337425798068395,337425793997853,-1,337425793184561,
0,116830939,337425785114667,337425785114667,0,337425785508645,337425785510811,337425785960478,337425786196020,337425837400000,337425785499853,16801000,337425786520478,337425794204936,337425795716436,337425811124311,337425815992228,10637416,367875,337425815992228,337425811890145,-1,337425811124311,
0,116830947,337425801915667,337425801915667,0,337425802374311,337425802376645,337425802955436,337425803242145,337425854201000,337425802363811,16801000,337425803534478,337425812129061,337425813552853,337425827897270,337425832916478,9477958,435250,337425832916478,337425828850145,-1,337425827897270,
0,116830955,337425818716667,337425818716667,0,337425819085645,337425819087478,337425819506311,337425819720561,337425871002000,337425819077436,16801000,337425819966645,337425829087311,337425830801145,337425844678186,337425849661228,8595417,548209,337425849661228,337425845693853,-1,337425844678186,
0,116830963,337425835517667,337425835517667,0,337425837563311,337425837565311,337425838011728,337425838200561,337425887803000,337425837554603,16801000,337425838458853,337425845932770,337425847897770,337425860572728,337425865459061,8368000,586667,337425865459061,337425861577811,-1,337425860572728,
0,116830971,337425852318667,337425852318667,0,337425852665228,337425852667478,337425853602186,337425853789686,337425904604000,337425852657020,16801000,337425854034895,337425861816311,337425863788936,337425877322436,337425882196311,9614916,365709,337425882196311,337425878091853,-1,337425877322436,
0,116830979,337425869119667,337425869119667,0,337425869620978,337425869623270,337425870106603,337425870340645,337425921405000,337425869609645,16801000,337425870633103,337425878295686,337425879791936,337425894604353,337425899473186,10450792,369167,337425899473186,337425895364686,-1,337425894604353,
0,116830987,337425885920667,337425885920667,0,337425886379561,337425886381978,337425886866061,337425887076228,337425938206000,337425886368895,16801000,337425887366645,337425895573520,337425897152936,337425912065311,337425917073561,9885541,369375,337425917073561,337425912977728,-1,337425912065311,
0,116830995,337425902721667,337425902721667,0,337425903155228,337425903157603,337425903619228,337425903830895,337425955007000,337425903144853,16801000,337425904180645,337425913183603,337425914804561,337425929549770,337425934451811,9053292,576708,337425934451811,337425930600686,-1,337425929549770,
0,116831003,337425919522667,337425919522667,0,337425919949770,337425919951811,337425920442103,337425920621895,337425971808000,337425919940978,16801000,337425920868311,337425930841270,337425932840311,337425945288686,337425950274936,7412083,919542,337425950274936,337425946684811,-1,337425945288686,
0,116831011,337425936323667,337425936323667,0,337425936672770,337425936674603,337425937148103,337425937349561,337425988609000,337425936664395,16801000,337425937614770,337425946964728,337425948834686,337425961492811,337425966600436,8242041,808958,337425966600436,337425962728186,-1,337425961492811,
0,116831019,337425953124667,337425953124667,0,337425953491145,337425953493061,337425953939061,337425954128186,337426005410000,337425953483020,16801000,337425954408145,337425962970603,337425965030436,337425978461936,337425983453603,9161667,575708,337425983453603,337425979485270,-1,337425978461936,
0,116831027,337425969925667,337425969925667,0,337425970373770,337425970376103,337425970935561,337425971158020,337426022211000,337425970363478,16801000,337425971464020,337425979698811,337425981384436,337425995587436,337426000481186,9553334,986583,337426000481186,337425997016353,-1,337425995587436,
0,116831035,337425986726667,337425986726667,0,337425987158353,337425987161061,337425987668145,337425987887811,337426039012000,337425987148270,16801000,337425988280228,337425997232686,337425998795895,337426013892395,337426018840061,9096666,406291,337426018840061,337426014720728,-1,337426013892395,
0,116831043,337426003527667,337426003527667,0,337426003952853,337426003955228,337426004551978,337426004774561,337426055813000,337426003942686,16801000,337426005108561,337426014934645,337426016490936,337426029877853,337426034789603,8204917,496500,337426034789603,337426030917228,-1,337426029877853,
0,116831051,337426020328667,337426020328667,0,337426020729853,337426020731645,337426021233936,337426021452478,337426072614000,337426020721311,16801000,337426021698061,337426031168145,337426033431728,337426045680895,337426050604145,7637542,404917,337426050604145,337426046519811,-1,337426045680895,
0,116831059,337426037129667,337426037129667,0,337426037482228,337426037484103,337426037992686,337426038173103,337426089415000,337426037474353,16801000,337426038417020,337426046744478,337426048410020,337426061911686,337426066797353,9380167,372167,337426066797353,337426062690353,-1,337426061911686,
0,116831067,337426053930667,337426053930667,0,337426054375561,337426054377936,337426054811770,337426054994895,337426106216000,337426054367186,16801000,337426055239520,337426062901770,337426064689853,337426078816520,337426083683020,10191333,378875,337426083683020,337426079599228,-1,337426078816520,
0,116831075,337426070731667,337426070731667,0,337426071150770,337426071152853,337426071609228,337426071901728,337426123017000,337426071141853,16801000,337426072225603,337426079806645,337426081306728,337426096477978,337426101340103,10354209,712291,337426101340103,337426097598311,-1,337426096477978,
0,116831083,337426087532667,337426087532667,0,337426087955520,337426087957853,337426088481853,337426088691103,337426139818000,337426087946061,16801000,337426088982686,337426097804436,337426099234061,337426113930895,337426119157145,9296666,708166,337426119157145,337426115407436,-1,337426113930895,
0,116831091,337426104333667,337426104333667,0,337426104781103,337426104783478,337426105275145,337426105482311,337426156619000,337426104770353,16801000,337426105773436,337426115614686,337426117072645,337426129738311,337426134670436,7997708,767750,337426134670436,337426130975145,-1,337426129738311,
0,116831099,337426121134667,337426121134667,0,337426121495686,337426121497645,337426122012103,337426122193728,337426173420000,337426121487853,16801000,337426122438853,337426131197020,337426132812145,337426145755853,337426150664853,8982000,934041,337426150664853,337426147125561,-1,337426145755853,
0,116831107,337426137935667,337426137935667,0,337426138286270,337426138288395,337426138786978,337426138970103,337426190221000,337426138277936,16801000,337426139213270,337426147364728,337426149135853,337426162469228,337426167376770,9458458,682000,337426167376770,337426163588270,-1,337426162469228,
0,116831115,337426154736667,337426154736667,0,337426155154811,337426155157186,337426155734895,337426155942603,337426207022000,337426155145228,16801000,337426156269103,337426163793145,337426165282728,337426180449936,337426185324145,10453500,691208,337426185324145,337426181566270,-1,337426180449936,
0,116831123,337426171537667,337426171537667,0,337426172109478,337426172111853,337426172594061,337426172801561,337426223823000,337426172099520,16801000,337426173221436,337426181773811,337426183215520,337426197635603,337426202506853,9342042,372125,337426202506853,337426198409603,-1,337426197635603,
0,116831131,337426188338667,337426188338667,0,337426188779603,337426188782020,337426189278770,337426189488728,337426240624000,337426188768936,16801000,337426189789728,337426198621145,337426200118728,337426214199478,337426219108853,9189875,452084,337426219108853,337426215144436,-1,337426214199478,
0,116831139,337426205139667,337426205139667,0,337426205514311,337426205516478,337426205948228,337426206129103,337426257425000,337426205506228,16801000,337426206373936,337426215388811,337426217401603,337426230728145,337426235667520,8455084,452791,337426235667520,337426231667686,-1,337426230728145,
0,116831147,337426221940667,337426221940667,0,337426222339770,337426222341561,337426222871853,337426223056145,337426274226000,337426222332020,16801000,337426223302728,337426231915478,337426233660103,337426246519853,337426251403061,8912709,373917,337426251403061,337426247311186,-1,337426246519853,
0,116831155,337426238741667,337426238741667,0,337426239108853,337426239111061,337426239534770,337426239753853,337426291027000,337426239100228,16801000,337426239999020,337426247529603,337426249408103,337426263685645,337426267590353,10298958,381167,337426267590353,337426264521145,-1,337426263685645,
0,116831163,337426255542667,337426255542667,0,337426256060395,337426256062686,337426256565561,337426256777936,337426307828000,337426256050478,16801000,337426257193686,337426264729895,337426266160936,337426281159561,337426285037936,10435375,375584,337426285037936,337426281939228,-1,337426281159561,
0,116831171,337426272343667,337426272343667,0,337426272799061,337426272801436,337426273276645,337426273484145,337426324629000,337426272789686,16801000,337426273770811,337426282141186,337426283568686,337426298404145,337426302569353,9773334,370667,337426302569353,337426299459062,-1,337426298404145,
0,116831179,337426289144667,337426289144667,0,337426289604770,337426289607187,337426290083020,337426290291395,337426341430000,337426289595520,16801000,337426290578437,337426299665812,337426301298395,337426315615062,337426319607728,9021917,627958,337426319607728,337426316792312,-1,337426315615062,
0,116831187,337426305945667,337426305945667,0,337426306393895,337426306396062,337426306852228,337426307037020,337426358231000,337426306385395,16801000,337426307378770,337426317049062,337426319497812,337426330102770,337426334015728,6889500,322166,337426334015728,337426330857395,-1,337426330102770,
0,116831195,337426322746667,337426322746667,0,337426323100853,337426323102520,337426323485062,337426323644978,337426375032000,337426323093520,16801000,337426323878187,337426331025728,337426332406978,337426346153812,337426350032145,10674791,302083,337426350032145,337426346796395,-1,337426346153812,
0,116831203,337426339547667,337426339547667,0,337426339872937,337426339874645,337426340266270,337426340415520,337426391833000,337426339865978,16801000,337426340619645,337426346969395,337426348225770,337426367732395,337426372570895,16494208,540750,337426372570895,337426368592978,-1,337426367732395,
0,116831211,337426356348667,337426356348667,0,337426356659645,337426356661228,337426357086728,337426357260895,337426408634000,337426356652853,16801000,337426357495353,337426368807937,337426369933478,337426382477270,337426387393770,7508875,886167,337426387393770,337426383812937,-1,337426382477270,
0,116831219,337426373149667,337426373149667,0,337426373676270,337426373678478,337426374128853,337426374330395,337426425435000,337426373666478,16801000,337426374626812,337426384373770,337426386257312,337426399169437,337426404088812,7933041,879542,337426404088812,337426400528478,-1,337426399169437,
0,116831227,337426389950667,337426389950667,0,337426390304312,337426390306437,337426390721437,337426390922853,337426442236000,337426390296228,16801000,337426391223187,337426400766437,337426402691187,337426415102395,337426420164312,8135542,740584,337426420164312,337426416249103,-1,337426415102395,
0,116831235,337426406751667,337426406751667,0,337426407171770,337426407174062,337426407689395,337426407900562,337426459037000,337426407162895,16801000,337426408319812,337426416457478,337426417876312,337426432759853,337426437679853,9915875,830709,337426437679853,337426434067853,-1,337426432759853,
0,116831243,337426423552667,337426423552667,0,337426424050103,337426424052353,337426424601020,337426424810853,337426475838000,337426424038353,16801000,337426425153853,337426434288437,337426435787312,337426449790520,337426454716228,8645709,861584,337426454716228,337426451135187,-1,337426449790520,
0,116831251,337426440353667,337426440353667,0,337426440730145,337426440731978,337426441167395,337426441380270,337426492639000,337426440722353,16801000,337426441716395,337426451374228,337426453129937,337426465340770,337426470555728,7962417,783375,337426470555728,337426466804395,-1,337426465340770,
0,116831259,337426457154667,337426457154667,0,337426457516853,337426457518687,337426458014937,337426458199562,337426509440000,337426457508728,16801000,337426458497353,337426467044770,337426468994312,337426482395645,337426487395312,9291583,370041,337426487395312,337426483171187,-1,337426482395645,
0,116831267,337426473955667,337426473955667,0,337426474385687,337426474388312,337426474912853,337426475116228,337426526241000,337426474375770,16801000,337426475406145,337426483375728,337426484870228,337426499354895,337426504225895,10160167,404042,337426504225895,337426500163228,-1,337426499354895,
0,116831275,337426490756667,337426490756667,0,337426491190437,337426491192853,337426491758228,337426491987978,337426543042000,337426491180853,16801000,337426492392228,337426500368353,337426501838770,337426517878270,337426522797145,10016917,379750,337426522797145,337426518742312,-1,337426517878270,
0,116831283,337426507557667,337426507557667,0,337426507980770,337426507983270,337426508630103,337426508842812,337426559843000,337426507969478,16801000,337426509134228,337426518954978,337426520528812,337426531717978,337426536564478,7965625,396250,337426536564478,337426532463770,-1,337426531717978,
0,116831291,337426524358667,337426524358667,0,337426524736312,337426524738395,337426525207103,337426525391478,337426576644000,337426524727687,16801000,337426525655187,337426532639853,337426533856395,337426547936437,337426553027062,10843750,305250,337426553027062,337426548748978,-1,337426547936437,
0,116831299,337426541159667,337426541159667,0,337426541468603,337426541470312,337426541823603,337426541964645,337426593445000,337426541461812,16801000,337426542158687,337426548919937,337426550188145,337426566462478,337426571434812,11712250,392709,337426571434812,337426567328520,-1,337426566462478,
0,116831307,337426557960667,337426557960667,0,337426558526062,337426558528103,337426558947312,337426559123728,337426610246000,337426558517520,16801000,337426559369937,337426567570520,337426569464770,337426583392853,337426588347520,9679250,599292,337426588347520,337426584478270,-1,337426583392853,
0,116831315,337426574761667,337426574761667,0,337426575151895,337426575154103,337426575754145,337426575973478,337426627047000,337426575142687,16801000,337426576291437,337426584686353,337426586392103,337426600700520,337426605639853,9377291,373625,337426605639853,337426601599353,-1,337426600700520,
0,116831323,337426591562667,337426591562667,0,337426591985395,337426591987812,337426592503562,337426592735520,337426643848000,337426591974603,16801000,337426593200062,337426601801812,337426603378895,337426618215770,337426623182478,9306291,431709,337426623182478,337426619167520,-1,337426618215770,
0,116831331,337426608363667,337426608363667,0,337426608743770,337426608746103,337426609219687,337426609417520,337426660649000,337426608733437,16801000,337426609705687,337426619459895,337426621054478,337426634900062,337426639806395,8279541,566708,337426639806395,337426635940812,-1,337426634900062,
0,116831339,337426625164667,337426625164667,0,337426625511270,337426625512978,337426625919728,337426626095770,337426677450000,337426625503520,16801000,337426626341145,337426636295728,337426638274520,337426649865978,337426654772395,7574750,433250,337426654772395,337426650773937,-1,337426649865978,
0,116831347,337426641965667,337426641965667,0,337426642789645,337426642791478,337426643198145,337426643374478,337426694251000,337426642781395,16801000,337426643620270,337426651007937,337426652880728,337426667041270,337426671949812,9772500,393709,337426671949812,337426667965812,-1,337426667041270,
0,116831355,337426658766667,337426658766667,0,337426659185853,337426659188270,337426659663562,337426659863895,337426711052000,337426659175478,16801000,337426660302437,337426668208520,337426669780020,337426683866687,337426688942478,10057125,365000,337426688942478,337426684685687,-1,337426683866687,
0,116831363,337426675567667,337426675567667,0,337426676043812,337426676046312,337426676532520,337426676734895,337426727853000,337426675995187,16801000,337426677073645,337426684890812,337426686358645,337426701511062,337426706390770,10438041,374959,337426706390770,337426702309687,-1,337426701511062,
0,116831371,337426692368667,337426692368667,0,337426692795228,337426692797520,337426693271353,337426693585187,337426744654000,337426692785103,16801000,337426693879145,337426702516978,337426703967353,337426718688978,337426723604520,9552375,436125,337426723604520,337426719598270,-1,337426718688978,
0,116831379,337426709169667,337426709169667,0,337426709541770,337426709543645,337426709958312,337426710133978,337426761455000,337426709533395,16801000,337426710386728,337426719833062,337426721603687,337426734735395,337426739689520,8511167,602625,337426739689520,337426735770270,-1,337426734735395,
0,116831387,337426725970667,337426725970667,0,337426726329853,337426726331895,337426726774770,337426726962062,337426778256000,337426726321228,16801000,337426727220603,337426735951228,337426737482520,337426749669353,337426754512728,8848792,560417,337426754512728,337426750571562,-1,337426749669353,
0,116831395,337426742771667,337426742771667,0,337426743110853,337426743112520,337426743492645,337426743646478,337426761455000,337426743103770,16801000,337426743874062,337426750734562,337426751926562,337426766560062,337424760644436,11414208,527208,337424760644436,337426767430562,-1,337426766560062,
0,116831403,337426759572667,337426759572667,0,337426760379812,337426760381353,337426760761228,337426760993645,337426778256000,337426760370353,16801000,337426761205520,337426767672687,337426769081353,337426782409770,337424773792352,10660250,512916,337424773792352,337426783236145,-1,337426782409770,
---PROFILEDATA---


View hierarchy:

  com.auroratv.lab/com.auroratv.MainActivity/android.view.ViewRootImpl@866b94a
  423 views, 768.82 kB of render nodes


Total ViewRootImpl   : 1
Total attached Views : 423
Total RenderNode     : 768.82 kB (used) / 3104.93 kB (capacity)

