Applications Graphics Acceleration Info:
Uptime: 339068351 Realtime: 373742462

** Graphics info for pid 21187 [com.auroratv.lab] **

Stats since: 339056772215006ns
Total frames rendered: 511
Janky frames: 19 (3.72%)
Janky frames (legacy): 364 (71.23%)
50th percentile: 21ms
90th percentile: 29ms
95th percentile: 42ms
99th percentile: 77ms
Number Missed Vsync: 2
Number High input latency: 978
Number Slow UI thread: 14
Number Slow bitmap uploads: 4
Number Slow issue draw commands: 9
Number Frame deadline missed: 19
Number Frame deadline missed (legacy): 24
HISTOGRAM: 5ms=0 6ms=0 7ms=0 8ms=0 9ms=1 10ms=22 11ms=21 12ms=21 13ms=20 14ms=15 15ms=5 16ms=2 17ms=3 18ms=6 19ms=17 20ms=64 21ms=95 22ms=64 23ms=29 24ms=28 25ms=24 26ms=8 27ms=9 28ms=5 29ms=2 30ms=1 31ms=5 32ms=4 34ms=3 36ms=3 38ms=4 40ms=4 42ms=2 44ms=4 46ms=4 48ms=4 53ms=2 57ms=0 61ms=2 65ms=1 69ms=0 73ms=0 77ms=2 81ms=3 85ms=1 89ms=0 93ms=0 97ms=0 101ms=0 105ms=0 109ms=0 113ms=0 117ms=1 121ms=0 125ms=0 129ms=0 133ms=0 150ms=0 200ms=0 250ms=0 300ms=0 350ms=0 400ms=0 450ms=0 500ms=0 550ms=0 600ms=0 650ms=0 700ms=0 750ms=0 800ms=0 850ms=0 900ms=0 950ms=0 1000ms=0 1050ms=0 1100ms=0 1150ms=0 1200ms=0 1250ms=0 1300ms=0 1350ms=0 1400ms=0 1450ms=0 1500ms=0 1550ms=0 1600ms=0 1650ms=0 1700ms=0 1750ms=0 1800ms=0 1850ms=0 1900ms=0 1950ms=0 2000ms=0 2050ms=0 2100ms=0 2150ms=0 2200ms=0 2250ms=0 2300ms=0 2350ms=0 2400ms=0 2450ms=0 2500ms=0 2550ms=0 2600ms=0 2650ms=0 2700ms=0 2750ms=0 2800ms=0 2850ms=0 2900ms=0 2950ms=0 3000ms=0 3050ms=0 3100ms=0 3150ms=0 3200ms=0 3250ms=0 3300ms=0 3350ms=0 3400ms=0 3450ms=0 3500ms=0 3550ms=0 3600ms=0 3650ms=0 3700ms=0 3750ms=0 3800ms=0 3850ms=0 3900ms=0 3950ms=0 4000ms=0 4050ms=0 4100ms=0 4150ms=0 4200ms=0 4250ms=0 4300ms=0 4350ms=0 4400ms=0 4450ms=0 4500ms=0 4550ms=0 4600ms=0 4650ms=0 4700ms=0 4750ms=0 4800ms=0 4850ms=0 4900ms=0 4950ms=0
50th gpu percentile: 5ms
90th gpu percentile: 8ms
95th gpu percentile: 10ms
99th gpu percentile: 16ms
GPU HISTOGRAM: 1ms=0 2ms=0 3ms=0 4ms=163 5ms=178 6ms=46 7ms=70 8ms=15 9ms=9 10ms=9 11ms=13 12ms=0 13ms=1 14ms=0 15ms=0 16ms=2 17ms=0 18ms=1 19ms=0 20ms=1 21ms=0 22ms=0 23ms=1 24ms=0 25ms=0 4950ms=2

Pipeline=Skia (OpenGL)
Memory policy:
  Max surface area: 2073600
  Max resource usage: 99.53MB (x48)
  Background retention: 50% (altUiHidden = true)
  GPU Context timeout: 10
Contexts: 1 (stopped = 0)
CPU Caches:
  Glyph Cache: 2.53 MB (1 entry)
  Glyph Count: 166 
Total CPU memory usage:
  2655441 bytes, 2.53 MB (0.00 bytes is purgeable)
GPU Caches:
  Image:
    Texture: 33.81 MB (116 entries)
  Other:
    Other: 353.72 KB (1 entry)
    Buffer Object: 464.00 bytes (2 entries)
    StencilAttachment: 583.00 KB (8 entries)
  Scratch:
    RenderTarget: 29.31 MB (168 entries)
    Texture: 3.04 MB (70 entries)
    Buffer Object: 78.03 KB (3 entries)
Total GPU memory usage:
  70420264 bytes, 67.16 MB (41.15 MB is purgeable)

Profile data in ms:

	com.auroratv.lab/com.auroratv.MainActivity/android.view.ViewRootImpl@7a4b1d7 (visibility=0)
Window: com.auroratv.lab/com.auroratv.MainActivity
Stats since: 339056772213672ns
Total frames rendered: 511
Janky frames: 19 (3.72%)
Janky frames (legacy): 364 (71.23%)
50th percentile: 21ms
90th percentile: 29ms
95th percentile: 42ms
99th percentile: 77ms
Number Missed Vsync: 2
Number High input latency: 978
Number Slow UI thread: 14
Number Slow bitmap uploads: 4
Number Slow issue draw commands: 9
Number Frame deadline missed: 19
Number Frame deadline missed (legacy): 24
HISTOGRAM: 5ms=0 6ms=0 7ms=0 8ms=0 9ms=1 10ms=22 11ms=21 12ms=21 13ms=20 14ms=15 15ms=5 16ms=2 17ms=3 18ms=6 19ms=17 20ms=64 21ms=95 22ms=64 23ms=29 24ms=28 25ms=24 26ms=8 27ms=9 28ms=5 29ms=2 30ms=1 31ms=5 32ms=4 34ms=3 36ms=3 38ms=4 40ms=4 42ms=2 44ms=4 46ms=4 48ms=4 53ms=2 57ms=0 61ms=2 65ms=1 69ms=0 73ms=0 77ms=2 81ms=3 85ms=1 89ms=0 93ms=0 97ms=0 101ms=0 105ms=0 109ms=0 113ms=0 117ms=1 121ms=0 125ms=0 129ms=0 133ms=0 150ms=0 200ms=0 250ms=0 300ms=0 350ms=0 400ms=0 450ms=0 500ms=0 550ms=0 600ms=0 650ms=0 700ms=0 750ms=0 800ms=0 850ms=0 900ms=0 950ms=0 1000ms=0 1050ms=0 1100ms=0 1150ms=0 1200ms=0 1250ms=0 1300ms=0 1350ms=0 1400ms=0 1450ms=0 1500ms=0 1550ms=0 1600ms=0 1650ms=0 1700ms=0 1750ms=0 1800ms=0 1850ms=0 1900ms=0 1950ms=0 2000ms=0 2050ms=0 2100ms=0 2150ms=0 2200ms=0 2250ms=0 2300ms=0 2350ms=0 2400ms=0 2450ms=0 2500ms=0 2550ms=0 2600ms=0 2650ms=0 2700ms=0 2750ms=0 2800ms=0 2850ms=0 2900ms=0 2950ms=0 3000ms=0 3050ms=0 3100ms=0 3150ms=0 3200ms=0 3250ms=0 3300ms=0 3350ms=0 3400ms=0 3450ms=0 3500ms=0 3550ms=0 3600ms=0 3650ms=0 3700ms=0 3750ms=0 3800ms=0 3850ms=0 3900ms=0 3950ms=0 4000ms=0 4050ms=0 4100ms=0 4150ms=0 4200ms=0 4250ms=0 4300ms=0 4350ms=0 4400ms=0 4450ms=0 4500ms=0 4550ms=0 4600ms=0 4650ms=0 4700ms=0 4750ms=0 4800ms=0 4850ms=0 4900ms=0 4950ms=0
50th gpu percentile: 5ms
90th gpu percentile: 8ms
95th gpu percentile: 10ms
99th gpu percentile: 16ms
GPU HISTOGRAM: 1ms=0 2ms=0 3ms=0 4ms=163 5ms=178 6ms=46 7ms=70 8ms=15 9ms=9 10ms=9 11ms=13 12ms=0 13ms=1 14ms=0 15ms=0 16ms=2 17ms=0 18ms=1 19ms=0 20ms=1 21ms=0 22ms=0 23ms=1 24ms=0 25ms=0 4950ms=2



---PROFILEDATA---
Flags,FrameTimelineVsyncId,IntendedVsync,Vsync,InputEventId,HandleInputStart,AnimationStart,PerformTraversalsStart,DrawStart,FrameDeadline,FrameInterval,FrameStartTime,SyncQueued,SyncStart,IssueDrawCommandsStart,SwapBuffers,FrameCompleted,DequeueBufferDuration,QueueBufferDuration,GpuCompleted,SwapBuffersCompleted,DisplayPresentTime,CommandSubmissionCompleted,
0,117537918,339064306164310,339064306164310,0,339064306452009,339064306453384,339064307115968,339064307264134,339064358448557,339064306445801,16800457,339064307326093,339064313634843,339064314697343,339064329359426,339064333578134,11639583,533417,339064333578134,339064330182218,-1,339064329359426,
0,117537926,339064322964767,339064322964767,0,339064323252343,339064323253634,339064323804884,339064323938676,339064375249014,339064323246551,16800457,339064324301968,339064330347259,339064331519343,339064346079718,339064349904259,11640250,514084,339064349904259,339064346886176,-1,339064346079718,
0,117537934,339064339765224,339064339765224,0,339064340077884,339064340079384,339064340661009,339064340809384,339064392049471,339064340072343,16800457,339064340862759,339064347080968,339064348316384,339064362666093,339064366477468,11617250,700500,339064366477468,339064363658301,-1,339064362666093,
0,117537942,339064356565681,339064356565681,0,339064356852843,339064356854093,339064357407801,339064357549843,339064408849928,339064356846718,16800457,339064357603176,339064363830593,339064365077718,339064379640509,339064383452176,11677417,583208,339064383452176,339064380538551,-1,339064379640509,
0,117537950,339064373366138,339064373366138,0,339064373698634,339064373700134,339064374429551,339064374584593,339064425650385,339064373692343,16800457,339064374641509,339064380719926,339064381886176,339064396435759,339064400257134,11661167,579084,339064400257134,339064397337218,-1,339064396435759,
0,117537958,339064390166595,339064390166595,0,339064390442301,339064390443634,339064391032218,339064391173884,339064442450842,339064390436968,16800457,339064391228176,339064397556009,339064398653093,339064413231176,339064417029259,11664834,349500,339064417029259,339064413885259,-1,339064413231176,
0,117537966,339064406967052,339064406967052,0,339064407321718,339064407323176,339064407933509,339064408122884,339064459251299,339064407315759,16800457,339064408186926,339064414059426,339064415115551,339064430221676,339064434094926,11999791,504958,339064434094926,339064431051134,-1,339064430221676,
0,117537974,339064423767509,339064423767509,0,339064424073051,339064424074343,339064424669426,339064424819384,339064476051756,339064424067176,16800457,339064424874134,339064431251468,339064432494884,339064446773551,339064450579718,11429625,596542,339064450579718,339064447660676,-1,339064446773551,
0,117537982,339064440567966,339064440567966,0,339064440848676,339064440850051,339064441337759,339064441469884,339064492852213,339064440842843,16800457,339064441518968,339064447860301,339064448967676,339064463620134,339064467465009,11885250,343750,339064467465009,339064464306051,-1,339064463620134,
0,117537990,339064457368423,339064457368423,0,339064457643426,339064457644718,339064458198551,339064458371718,339064509652670,339064457638093,16800457,339064458439843,339064464473884,339064465635134,339064482173009,339064486048509,12461792,408708,339064486048509,339064482997843,-1,339064482173009,
0,117537998,339064474168880,339064474168880,0,339064474559343,339064474561218,339064475186301,339064475360509,339064526453127,339064474551426,16800457,339064475419926,339064483227884,339064484951134,339064499441551,339064503316718,10272459,474542,339064503316718,339064500334009,-1,339064499441551,
0,117538006,339064490969337,339064490969337,0,339064491441884,339064491444009,339064494148676,339064494344134,339064543253584,339064491405884,16800457,339064494410718,339064500576509,339064501990801,339064516892551,339064520842801,10050959,428583,339064520842801,339064517704593,-1,339064516892551,
0,117538014,339064507769794,339064507769794,0,339064508288676,339064508290801,339064509687926,339064509925634,339064560054041,339064508279176,16800457,339064510007218,339064517923218,339064519495218,339064534192218,339064538092134,9446292,401792,339064538092134,339064535053134,-1,339064534192218,
0,117538022,339064524570251,339064524570251,0,339064527182509,339064527185134,339064528070676,339064528293676,339064576854498,339064527166676,16800457,339064528371718,339064535300176,339064536926259,339064551159801,339064555135218,8826791,989791,339064555135218,339064552700509,-1,339064551159801,
0,117538030,339064541370708,339064541370708,0,339064541729551,339064541731384,339064542353759,339064542527301,339064593654955,339064541721884,16800457,339064542589343,339064552999009,339064555159509,339064566728093,339064570714634,7061417,418333,339064570714634,339064567621468,-1,339064566728093,
0,117538038,339064558171165,339064558171165,0,339064558596801,339064558598801,339064559386926,339064559577384,339064610455412,339064558587343,16800457,339064559641218,339064567849384,339064569440218,339064584649634,339064588776384,9881584,380959,339064588776384,339064585615176,-1,339064584649634,
0,117538046,339064574971622,339064574971622,0,339064575395134,339064575397468,339064576244343,339064576571884,339064627255869,339064575385551,16800457,339064576643718,339064585836093,339064587351051,339064601951009,339064605989468,8901125,1010291,339064605989468,339064603526468,-1,339064601951009,
0,117538054,339064591772079,339064591772079,0,339064592177343,339064592179134,339064592846551,339064593078551,339064644056326,339064592169343,16800457,339064593145384,339064603798176,339064606006718,339064616505718,339064620408593,6368375,742000,339064620408593,339064617597093,-1,339064616505718,
0,117538062,339064608572536,339064608572536,0,339064608899843,339064608901301,339064609479718,339064609636009,339064660856783,339064608893259,16800457,339064609693884,339064617785301,339064619029509,339064632638051,339064637504884,10092584,308542,339064637504884,339064633285843,-1,339064632638051,
0,117538070,339064625372993,339064625372993,0,339064625712009,339064625713426,339064626913259,339064627083343,339064677657240,339064625705676,16800457,339064627145884,339064633571676,339064634815759,339064649098676,339064653988384,10847208,317333,339064653988384,339064649746301,-1,339064649098676,
0,117538078,339064642173450,339064642173450,0,339064642506093,339064642507676,339064643110926,339064643268301,339064694457697,339064642499259,16800457,339064643324676,339064649928468,339064651125093,339064666499551,339064671340468,12065000,307916,339064671340468,339064667116509,-1,339064666499551,
0,117538086,339064658973907,339064658973907,-838413727,339064659272343,339064659273968,339064660104551,339064660307718,339064711258154,339064659265884,16800457,339064661306843,339064667299759,339064669293968,339064686326343,339064691119468,10044917,283542,339064691119468,339064686908926,-1,339064686326343,
0,117538094,339064675774364,339064675774364,0,339064676118634,339064676120009,339064676835426,339064677067718,339064728058611,339064676112426,16800457,339064677345801,339064687076051,339064688298384,339064702005634,339064707566343,7715250,300666,339064707566343,339064702625134,-1,339064702005634,
0,117538102,339064692574821,339064692574821,0,339064692918884,339064692920093,339064693489968,339064693701718,339064744859068,339064692913551,16800457,339064693806801,339064702794801,339064703843301,339064718684134,339064724433676,9021625,525709,339064724433676,339064719568759,-1,339064718684134,
0,117538110,339064709375278,339064709375278,0,339064709641009,339064709642384,339064710253759,339064710390051,339064761659525,339064709635426,16800457,339064710444009,339064719731634,339064720899051,339064734899551,339064740928384,8633542,507292,339064740928384,339064735704676,-1,339064734899551,
0,117538118,339064726175735,339064726175735,0,339064726437759,339064726439176,339064726975134,339064727109009,339064778459982,339064726432259,16800457,339064727162259,339064735866259,339064736966509,339064753234218,339064758139926,9361959,590667,339064758139926,339064754146134,-1,339064753234218,
0,117538126,339064742976192,339064742976192,0,339064743253718,339064743255009,339064743864884,339064744059801,339064795260439,339064743247343,16800457,339064744269884,339064754313884,339064755598426,339064769305134,339064774194134,7510958,279125,339064774194134,339064769871884,-1,339064769305134,
0,117538134,339064759776649,339064759776649,0,339064760106259,339064760107634,339064760793134,339064760952218,339064812060896,339064760100593,16800457,339064761012051,339064770123551,339064771432926,339064788327843,339064793375551,8479459,282333,339064793375551,339064788915093,-1,339064788327843,
0,117538142,339064776577106,339064776577106,0,339064776848343,339064776849718,339064777383343,339064777516926,339064828861353,339064776842884,16800457,339064777584676,339064789093218,339064790259468,339064802553426,339064807696676,6597250,375500,339064807696676,339064803238759,-1,339064802553426,
0,117538150,339064793377563,339064793377563,0,339064793640884,339064793642134,339064794209676,339064794377843,339064845661810,339064793635343,16800457,339064794568593,339064803419134,339064805348426,339064822159218,339064827327718,8807333,334208,339064827327718,339064822825926,-1,339064822159218,
0,117538158,339064810178020,339064810178020,0,339064810471884,339064810473051,339064811030759,339064811164843,339064862462267,339064810466468,16800457,339064816167176,339064822980176,339064823907134,339064835721093,339064840181301,6442417,311875,339064840181301,339064836319009,-1,339064835721093,
0,117538166,339064826978477,339064826978477,0,339064827335093,339064827336676,339064827985926,339064828231884,339064879262724,339064827328301,16800457,339064828512676,339064836520968,339064837509718,339064853159968,339064857278218,9686542,287583,339064857278218,339064853749384,-1,339064853159968,
0,117538174,339064843778934,339064843778934,0,339064844155176,339064844156509,339064844758634,339064844905384,339064896063181,339064844149051,16800457,339064844962134,339064853959468,339064854898051,339064868860510,339064872991551,9076084,291500,339064872991551,339064869449301,-1,339064868860510,
0,117538182,339064860579391,339064860579391,0,339064860872676,339064860874009,339064861383384,339064861562968,339064912863638,339064860867343,16800457,339064861617218,339064869598926,339064870511010,339064886034426,339064890147718,10215708,335500,339064890147718,339064886678885,-1,339064886034426,
0,117538190,339064877379848,339064877379848,0,339064877687968,339064877689218,339064878191843,339064878323468,339064929664095,339064877681510,16800457,339064878373218,339064886830635,339064887909926,339064902094010,339064906233926,9609500,294792,339064906233926,339064902709593,-1,339064902094010,
0,117538198,339064894180305,339064894180305,0,339064894454635,339064894456176,339064894973676,339064895117176,339064946464552,339064894449551,16800457,339064895164010,339064902872635,339064903803135,339064919577051,339064923683635,10600958,320750,339064923683635,339064920191051,-1,339064919577051,
0,117538206,339064910980762,339064910980762,0,339064911266635,339064911268301,339064911800551,339064911934593,339064963265009,339064911261135,16800457,339064911982176,339064920343760,339064921268093,339064936322468,339064940452260,9838583,353708,339064940452260,339064936989760,-1,339064936322468,
0,117538214,339064927781219,339064927781219,0,339064928095676,339064928096843,339064928574801,339064928705343,339064980065466,339064928090301,16800457,339064928751093,339064937142010,339064938157218,339064953201885,339064957302010,9776750,285458,339064957302010,339064953782801,-1,339064953201885,
0,117538222,339064944581676,339064944581676,0,339064944856051,339064944857343,339064945458010,339064945614593,339064996865923,339064944850301,16800457,339064945663843,339064953937968,339064954841635,339064969440968,339064973564510,9918083,284792,339064973564510,339064970010760,-1,339064969440968,
0,117538230,339064961382133,339064961382133,0,339064961645593,339064961646885,339064962142801,339064962347051,339065013666380,339064961640260,16800457,339064962406093,339064970162135,339064971068385,339064988590676,339064992755468,10862750,352541,339064992755468,339064989323510,-1,339064988590676,
0,117538238,339064978182590,339064978182590,0,339064978545718,339064978547593,339064979128301,339064979309135,339065030466837,339064978538135,16800457,339064979396968,339064989511176,339064990650801,339065006396718,339065010632135,8220084,628750,339065010632135,339065007475426,-1,339065006396718,
0,117538246,339064994983047,339064994983047,0,339064995350801,339064995352760,339064996168051,339064996347301,339065047267294,339064995342926,16800457,339064996406968,339065007739843,339065009097885,339065024708718,339065029372301,7093667,340125,339065029372301,339065025909926,-1,339065024708718,
0,117538254,339065011783504,339065011783504,0,339065012201885,339065012203635,339065012871510,339065013047510,339065064067751,339065012194510,16800457,339065013107760,339065026090718,339065027161093,339065039463093,339065043586260,5168042,558708,339065043586260,339065040325926,-1,339065039463093,
0,117538262,339065028583961,339065028583961,0,339065028905593,339065028907093,339065029606218,339065029831843,339065080868208,339065028899510,16800457,339065029911843,339065040475385,339065041809010,339065056303926,339065060471135,7213750,977542,339065060471135,339065057636218,-1,339065056303926,
0,117538270,339065045384418,339065045384418,0,339065045667760,339065045669301,339065046231760,339065046373176,339065097668665,339065045661176,16800457,339065046422426,339065057803051,339065058835218,339065073653885,339065077821551,6942708,549375,339065077821551,339065074551926,-1,339065073653885,
0,117538278,339065062184875,339065062184875,0,339065062491010,339065062492260,339065063063510,339065063208051,339065114469122,339065062484426,16800457,339065063297468,339065074713051,339065075843843,339065091413426,339065095716468,7823792,632542,339065095716468,339065092396301,-1,339065091413426,
0,117538286,339065078985332,339065078985332,0,339065079291218,339065079292801,339065079838301,339065080160218,339065131269579,339065079285010,16800457,339065080231718,339065092564760,339065093795385,339065108601218,339065112852676,5611583,605792,339065112852676,339065109556468,-1,339065108601218,
0,117538294,339065095785789,339065095785789,0,339065096148135,339065096149968,339065096730218,339065096885885,339065148070036,339065096142218,16800457,339065096941343,339065109851551,339065110905468,339065124521926,339065128848926,5732042,506666,339065128848926,339065125484801,-1,339065124521926,
0,117538302,339065112586246,339065112586246,0,339065112994260,339065112995760,339065113693843,339065113843093,339065164870493,339065112988010,16800457,339065113900343,339065125636385,339065126850301,339065141555968,339065145894093,6581916,304083,339065145894093,339065142304676,-1,339065141555968,
0,117538310,339065129386703,339065129386703,-388805600,339065130154301,339065130155551,339065130838135,339065131027468,339065181670950,339065130148343,16800457,339065131774093,339065142519468,339065143518593,339065153679885,339065157902301,6391541,306042,339065157902301,339065154579468,-1,339065153679885,
0,117538318,339065146187160,339065146187160,-769583042,339065146495593,339065146497051,339065147484760,339065147728385,339065198471407,339065146488843,16800457,339065148553135,339065154723468,339065155875301,339065175598010,339065186272343,10817125,622709,339065186272343,339065176597843,-1,339065175598010,
0,117538326,339065162987617,339065162987617,0,339065163356218,339065163357885,339065164169426,339065164405093,339065215271864,339065163350093,16800457,339065165198926,339065176758718,339065177754635,339065192961885,339065203490343,5573917,578083,339065203490343,339065193886426,-1,339065192961885,
0,117538334,339065179788074,339065179788074,0,339065180110593,339065180112051,339065180849468,339065181070010,339065232072321,339065180103676,16800457,339065181506301,339065194041135,339065194994885,339065207344385,339065217845218,5213625,621375,339065217845218,339065208319968,-1,339065207344385,
0,117538342,339065196588531,339065196588531,0,339065196970176,339065196971551,339065197657260,339065197833176,339065248872778,339065196963801,16800457,339065198171051,339065208481593,339065209447343,339065224102760,339065234556551,7546458,531958,339065234556551,339065224969010,-1,339065224102760,
0,117538350,339065213388988,339065213388988,0,339065213702301,339065213703718,339065214319843,339065214472676,339065265673235,339065213696468,16800457,339065214831135,339065225127260,339065226079676,339065244392676,339065254714176,7774208,531333,339065254714176,339065245269260,-1,339065244392676,
0,117538358,339065230189445,339065230189445,0,339065230509093,339065230510551,339065231155760,339065231384676,339065282473692,339065230502968,16800457,339065231851635,339065245426301,339065246726510,339065264180301,339065274613885,4075959,297583,339065274613885,339065264933635,-1,339065264180301,
0,117538366,339065246989902,339065246989902,0,339065247279176,339065247280426,339065247933551,339065248154260,339065299274149,339065247273760,16800457,339065254444593,339065265073010,339065265802676,339065278657385,339065288880468,1826750,312292,339065288880468,339065279277468,-1,339065278657385,
0,117538374,339065263790359,339065263790359,0,339065266435260,339065266436551,339065267171843,339065267346551,339065316074606,339065266427676,16800457,339065267769010,339065279412968,339065280263551,339065293202926,339065302967093,3849958,572541,339065302967093,339065294147801,-1,339065293202926,
0,117538382,339065280590816,339065280590816,0,339065280844010,339065280845176,339065281479801,339065281619801,339065332875063,339065280838843,16800457,339065281981885,339065294282551,339065294978343,339065306777468,339065315624801,5918333,519959,339065315624801,339065307595426,-1,339065306777468,
0,117538390,339065297391273,339065297391273,0,339065297660593,339065297661885,339065298342260,339065298504260,339065349675520,339065297654551,16800457,339065299042551,339065307752635,339065308544093,339065324134176,339065332915343,8992834,565959,339065332915343,339065325102301,-1,339065324134176,
0,117538398,339065314191730,339065314191730,0,339065314477760,339065314479135,339065315002718,339065315146718,339065366475977,339065314472260,16800457,339065315490176,339065325254343,339065325979218,339065340668093,339065349400926,8686459,513625,339065349400926,339065341507885,-1,339065340668093,
0,117538406,339065330992187,339065330992187,0,339065331288051,339065331289301,339065331853051,339065332076635,339065383276434,339065331282343,16800457,339065332433551,339065341635260,339065342323676,339065357411426,339065366134301,9206000,551500,339065366134301,339065358298135,-1,339065357411426,
0,117538414,339065347792644,339065347792644,0,339065348145843,339065348147301,339065348691426,339065348832135,339065400076891,339065348139426,16800457,339065349152010,339065358420051,339065359126093,339065374153301,339065382975343,8932416,511042,339065382975343,339065374967676,-1,339065374153301,
0,117538422,339065364593101,339065364593101,0,339065364881010,339065364882301,339065365431010,339065365574385,339065416877348,339065364875343,16800457,339065365858176,339065375097218,339065375788426,339065390983343,339065399703676,9081584,299459,339065399703676,339065391618301,-1,339065390983343,
0,117538430,339065381393558,339065381393558,0,339065381693718,339065381695218,339065382318843,339065382560010,339065433677805,339065381688385,16800457,339065382884926,339065391748551,339065392543468,339065410816385,339065417802718,9113666,482875,339065417802718,339065411678676,-1,339065410816385,
0,117538438,339065398194015,339065398194015,0,339065398900051,339065398901843,339065399508051,339065399654593,339065450478262,339065398518968,16800457,339065399886760,339065411818093,339065412671301,339065425719051,339065432717885,5728083,327458,339065432717885,339065426533385,-1,339065425719051,
0,117538446,339065414994472,339065414994472,0,339065415318385,339065415319926,339065415933385,339065416129385,339065467278719,339065415311676,16800457,339065416368635,339065426722885,339065427555468,339065443140676,339065450204635,7824917,305708,339065450204635,339065443853885,-1,339065443140676,
0,117538454,339065431794929,339065431794929,0,339065432124801,339065432126385,339065432831176,339065433009718,339065484079176,339065432118926,16800457,339065433065968,339065443988301,339065444978676,339065458400968,339065465396176,7088667,379000,339065465396176,339065459212135,-1,339065458400968,
0,117538462,339065448595386,339065448595386,0,339065448946218,339065448947718,339065449469343,339065449609926,339065500879633,339065448939218,16800457,339065449659051,339065459347718,339065460241468,339065475723218,339065482622593,8801709,383667,339065482622593,339065476419885,-1,339065475723218,
0,117538470,339065465395843,339065465395843,0,339065465695093,339065465696426,339065466199468,339065466454301,339065517680090,339065465688593,16800457,339065466505635,339065476561635,339065477346843,339065493629593,339065500625885,8691875,330833,339065500625885,339065494307385,-1,339065493629593,
0,117538478,339065482196300,339065482196300,0,339065482531926,339065482533343,339065483270468,339065483422093,339065534480547,339065482525301,16800457,339065483474218,339065494447135,339065495208593,339065510818635,339065517739551,7434875,746667,339065517739551,339065511941635,-1,339065510818635,
0,117538486,339065498996757,339065498996757,0,339065499306885,339065499308385,339065499849343,339065499995093,339065551281004,339065499300260,16800457,339065500142718,339065512147260,339065513388760,339065527317885,339065534222801,6172250,753250,339065534222801,339065528425551,-1,339065527317885,
0,117538494,339065515797214,339065515797214,0,339065516144801,339065516146926,339065516744635,339065517013551,339065568081461,339065516138218,16800457,339065517079218,339065528576343,339065529411510,339065545057510,339065552035260,7041084,644833,339065552035260,339065546081010,-1,339065545057510,
0,117538502,339065532597671,339065532597671,0,339065532951051,339065532952885,339065533644093,339065533807885,339065584881918,339065532943551,16800457,339065533861718,339065546230968,339065547044176,339065563011093,339065570036260,6384333,408166,339065570036260,339065563882843,-1,339065563011093,
0,117538510,339065549398128,339065549398128,0,339065549738260,339065549739926,339065550289385,339065550457968,339065601682375,339065549731301,16800457,339065550509135,339065564049427,339065564841927,339065578149968,339065585134843,5147208,308875,339065585134843,339065578827427,-1,339065578149968,
0,117538518,339065566198585,339065566198585,0,339065566481343,339065566482885,339065567036052,339065567193802,339065618482832,339065566475343,16800457,339065567246718,339065578963468,339065579697593,339065592581760,339065599485843,6850458,332084,339065599485843,339065593238552,-1,339065592581760,
0,117538526,339065582999042,339065582999042,0,339065583285677,339065583286885,339065583945385,339065584140552,339065635283289,339065583280135,16800457,339065584197635,339065593374927,339065594106010,339065610815718,339065617794843,9446917,321792,339065617794843,339065611475010,-1,339065610815718,
0,117538534,339065599799499,339065599799499,0,339065600167968,339065600169427,339065600700260,339065600848302,339065652083746,339065600160760,16800457,339065600905885,339065611620052,339065613861010,339065627847885,339065634913802,6204208,922000,339065634913802,339065629257135,-1,339065627847885,
0,117538542,339065616599956,339065616599956,0,339065616931385,339065616932802,339065617542677,339065617714885,339065668884203,339065616925343,16800457,339065617780468,339065629405718,339065630281593,339065647975677,339065654947135,6844209,338792,339065654947135,339065648702843,-1,339065647975677,
0,117538550,339065633400413,339065633400413,0,339065633715885,339065633717427,339065634351510,339065634518093,339065685684660,339065633709468,16800457,339065635234593,339065648849802,339065650166843,339065660263593,339065666859468,3726166,799250,339065666859468,339065661415343,-1,339065660263593,
0,117538558,339065650200870,339065650200870,0,339065650504385,339065650505802,339065651022593,339065651193302,339065702485117,339065650498093,16800457,339065651224052,339065661569052,339065662353468,339065676363260,339065684463010,8350292,352583,339065684463010,339065678594593,-1,339065676363260,
0,117538566,339065667001327,339065667001327,0,339065667397552,339065667399260,339065667950760,339065668161968,339065719285574,339065667389218,16800457,339065668194843,339065678746260,339065679515593,339065692852427,339065699474760,8112208,383000,339065699474760,339065694184010,-1,339065692852427,
0,117538574,339065683801784,339065683801784,0,339065684143718,339065684145760,339065684707760,339065684952343,339065736086031,339065684136802,16800457,339065684983468,339065694353385,339065695212218,339065710171593,339065716877552,9389542,379875,339065716877552,339065711114468,-1,339065710171593,
0,117538582,339065700602241,339065700602241,0,339065700952677,339065700954635,339065701594927,339065701813593,339065752886488,339065700945010,16800457,339065701846677,339065711286677,339065712273552,339065727347635,339065734059843,9241000,403500,339065734059843,339065728188468,-1,339065727347635,
0,117538590,339065717402698,339065717402698,0,339065717783718,339065717785843,339065718411427,339065718806010,339065769686945,339065717774260,16800457,339065718843427,339065728358177,339065729354260,339065743521552,339065750214927,8921084,445459,339065750214927,339065744369718,-1,339065743521552,
0,117538598,339065734203155,339065734203155,0,339065734581093,339065734582802,339065735241302,339065735444552,339065786487402,339065734571718,16800457,339065735481010,339065744532468,339065745576093,339065762097802,339065768846718,9558500,558084,339065768846718,339065763185968,-1,339065762097802,
0,117538606,339065751003612,339065751003612,0,339065751360093,339065751362218,339065752109802,339065752314010,339065803287859,339065751352468,16800457,339065752348218,339065763380093,339065764663010,339065777856968,339065784495843,6986500,469167,339065784495843,339065778825802,-1,339065777856968,
0,117538614,339065767804069,339065767804069,0,339065768182260,339065768184302,339065768925677,339065769113427,339065820088316,339065768174010,16800457,339065769147135,339065779065010,339065780118343,339065794294760,339065800980885,8537292,483875,339065800980885,339065795299010,-1,339065794294760,
0,117538622,339065784604526,339065784604526,0,339065784962427,339065784964093,339065785556927,339065785735968,339065836888773,339065784954677,16800457,339065785768385,339065795477260,339065796511968,339065811267302,339065817988010,8991708,424584,339065817988010,339065812142093,-1,339065811267302,
0,117538630,339065801404983,339065801404983,0,339065801783677,339065801785760,339065802412177,339065802605260,339065853689230,339065801774593,16800457,339065802639385,339065812307718,339065813280510,339065828786302,339065835428635,9217791,462459,339065835428635,339065829654677,-1,339065828786302,
0,117538638,339065818205440,339065818205440,0,339065818662677,339065818665010,339065819331760,339065819658385,339065870489687,339065818652343,16800457,339065819694135,339065829853593,339065830791552,339065846293843,339065852904552,8497291,445208,339065852904552,339065847147927,-1,339065846293843,
0,117538646,339065835005897,339065835005897,0,339065835588260,339065835590885,339065836343135,339065836611718,339065887290144,339065835577635,16800457,339065836649885,339065847316093,339065848618218,339065861858010,339065868516635,7234959,1096375,339065868516635,339065863424427,-1,339065861858010,
0,117538654,339065851806354,339065851806354,0,339065852212760,339065852214718,339065852918468,339065853138177,339065904090601,339065852205468,16800457,339065853173302,339065863623593,339065864705302,339065879370677,339065886019260,7992250,409375,339065886019260,339065880200218,-1,339065879370677,
0,117538662,339065868606811,339065868606811,0,339065869027843,339065869029635,339065869803010,339065870000468,339065920891058,339065869018677,16800457,339065870035218,339065880363135,339065881344760,339065896258385,339065902915927,8343416,387000,339065902915927,339065897108093,-1,339065896258385,
0,117538670,339065885407268,339065885407268,0,339065885781385,339065885783052,339065886659635,339065886856135,339065937691515,339065885773510,16800457,339065886891802,339065897276677,339065898257718,339065911718343,339065918337468,7893416,482959,339065918337468,339065912742260,-1,339065911718343,
0,117538678,339065902207725,339065902207725,0,339065902576427,339065902578302,339065903179135,339065903361968,339065954491972,339065902568802,16800457,339065903395135,339065912924593,339065913925260,339065928990593,339065935809968,9225459,867375,339065935809968,339065930484302,-1,339065928990593,
0,117538686,339065919008182,339065919008182,0,339065919389093,339065919390968,339065920362218,339065920555802,339065971292429,339065919380885,16800457,339065920590718,339065930662677,339065931897010,339065945633968,339065952395927,8123500,555500,339065952395927,339065946755510,-1,339065945633968,
0,117538694,339065935808639,339065935808639,0,339065936319343,339065936321593,339065936980968,339065937176927,339065988092886,339065936310343,16800457,339065937482343,339065946913635,339065947922635,339065962783968,339065969454010,9012292,704292,339065969454010,339065963996927,-1,339065962783968,
0,117538702,339065952609096,339065952609096,0,339065953006260,339065953008427,339065955217093,339065955458052,339066004893343,339065952997468,16800457,339065955496927,339065964193260,339065967025593,339065982088302,339065989192760,9096917,1020834,339065989192760,339065983739302,-1,339065982088302,
0,117538710,339065969409553,339065969409553,0,339065969864010,339065969866260,339065989839510,339065990117593,339066021693800,339065969854802,16800457,339065998681968,339065998878177,339065999948718,339066004290760,339066009348010,74583,2221916,339066009348010,339066006972302,-1,339066004290760,
0,117538718,339065986210010,339065986210010,0,339066000632010,339066000633843,339066002844177,339066003073093,339066038494257,339066000621427,16800457,339066003550510,339066007147010,339066008170260,339066018842843,339066024343385,23584,423833,339066024343385,339066019730760,-1,339066018842843,
0,117538726,339066003010467,339066003010467,0,339066008773968,339066008776010,339066010800052,339066011010510,339066055294714,339066008762218,16800457,339066011064052,339066019909135,339066021207218,339066034870177,339066040278427,3243334,341750,339066040278427,339066035535843,-1,339066034870177,
0,117538734,339066019810924,339066019810924,0,339066021666552,339066021668010,339066023996510,339066024254052,339066072095171,339066021657218,16800457,339066024396718,339066035674135,339066036545385,339066050616093,339066056076677,3803583,778541,339066056076677,339066051799552,-1,339066050616093,
0,117538742,339066036611381,339066036611381,0,339066037887843,339066037889427,339066039547843,339066039761302,339066088895628,339066037878052,16800457,339066040135177,339066052102427,339066053065010,339066064632343,339066070084135,4223791,686792,339066070084135,339066065703052,-1,339066064632343,
0,117538750,339066053411838,339066053411838,0,339066053733343,339066053734843,339066055039760,339066055195635,339066105696085,339066053727010,16800457,339066055864302,339066065860218,339066073040968,339066081228843,339066088228260,1382000,1120083,339066088228260,339066082719260,-1,339066081228843,
0,117538758,339066070212295,339066070212295,0,339066073604843,339066073606593,339066075100635,339066075382260,339066122496542,339066073594760,16800457,339066075778968,339066082882010,339066083751885,339066096815843,339066104426927,7107584,727084,339066104426927,339066098475385,-1,339066096815843,
0,117538766,339066087012752,339066087012752,0,339066087408093,339066087409927,339066089023885,339066089203343,339066139296999,339066087399052,16800457,339066089698052,339066098643552,339066099708927,339066112336802,339066119405552,8192584,1180709,339066119405552,339066113892510,-1,339066112336802,
0,117538774,339066103813209,339066103813209,0,339066104266468,339066104268177,339066106002385,339066106193552,339066156097456,339066104258093,16800457,339066106657468,339066114057677,339066114894802,339066130699510,339066137744885,9846250,384167,339066137744885,339066131454135,-1,339066130699510,
0,117538782,339066120613666,339066120613666,0,339066120980593,339066120982260,339066122495177,339066122847093,339066172897913,339066120972968,16800457,339066123325885,339066131615010,339066132694260,339066145982635,339066153018760,8717583,374666,339066153018760,339066146788510,-1,339066145982635,
0,117538790,339066137414123,339066137414123,0,339066137812468,339066137814427,339066139614177,339066139804177,339066189698370,339066137802302,16800457,339066140297927,339066146959052,339066147905885,339066163202510,339066170013177,10587292,375083,339066170013177,339066163976010,-1,339066163202510,
0,117538798,339066154214580,339066154214580,0,339066154617843,339066154619885,339066156323635,339066156548593,339066206498827,339066154608968,16800457,339066157179635,339066164263135,339066165198052,339066181666468,339066189680802,10519333,556750,339066189680802,339066182627427,-1,339066181666468,
0,117538806,339066171015037,339066171015037,0,339066171444843,339066171447052,339066173275843,339066173525260,339066223299284,339066171435760,16800457,339066174292177,339066182800427,339066184462468,339066197830177,339066204566760,8004917,1124917,339066204566760,339066199423843,-1,339066197830177,
0,117538814,339066187815494,339066187815494,0,339066188294885,339066188296593,339066190359427,339066190602593,339066240099741,339066188286885,16800457,339066191185177,339066199625677,339066200628927,339066213187677,339066219902302,7856333,375667,339066219902302,339066213960760,-1,339066213187677,
0,117538822,339066204615951,339066204615951,0,339066204958677,339066204960385,339066206107843,339066206291218,339066256900198,339066204951802,16800457,339066206755052,339066214132468,339066215616677,339066230461218,339066237159885,10059666,375166,339066237159885,339066231236885,-1,339066230461218,
0,117538830,339066221416408,339066221416408,0,339066221825968,339066221827968,339066223301968,339066223608802,339066273700655,339066221817427,16800457,339066224178635,339066231408593,339066233001177,339066247145218,339066253865968,9343333,1107250,339066253865968,339066248688552,-1,339066247145218,
0,117538838,339066238216865,339066238216865,0,339066238568177,339066238570010,339066239822927,339066240139718,339066290501112,339066238560427,16800457,339066240574218,339066248885385,339066249902177,339066264163260,339066270796594,9263125,771917,339066270796594,339066265382552,-1,339066264163260,
0,117538846,339066255017322,339066255017322,0,339066255380885,339066255382510,339066257190135,339066257391343,339066307301569,339066255372593,16800457,339066257844593,339066265564510,339066266514302,339066280372844,339066287083135,9230625,770291,339066287083135,339066281545635,-1,339066280372844,
0,117538854,339066271817779,339066271817779,0,339066272231010,339066272232760,339066272586510,339066272791302,339066324102026,339066272223677,16800457,339066273191677,339066281724802,339066282704135,339066296392760,339066303021219,10002833,698292,339066303021219,339066297497302,-1,339066296392760,
0,117538862,339066288618236,339066288618236,0,339066289036302,339066289038344,339066289484677,339066289715885,339066340902483,339066289027552,16800457,339066290092510,339066297665302,339066298543385,339066314291385,339066320865052,11391375,701958,339066320865052,339066315374010,-1,339066314291385,
0,117538870,339066305418693,339066305418693,0,339066305875635,339066305877969,339066306306677,339066306537927,339066357702940,339066305865677,16800457,339066306892760,339066315540135,339066316485010,339066332900844,339066339313094,10656292,801208,339066339313094,339066334115802,-1,339066332900844,
---PROFILEDATA---


View hierarchy:

  com.auroratv.lab/com.auroratv.MainActivity/android.view.ViewRootImpl@7a4b1d7
  891 views, 1569.70 kB of render nodes


Total ViewRootImpl   : 1
Total attached Views : 891
Total RenderNode     : 1569.70 kB (used) / 6299.59 kB (capacity)

