Applications Graphics Acceleration Info:
Uptime: 339122135 Realtime: 373796246

** Graphics info for pid 21690 [com.auroratv.lab] **

Stats since: 339110618516823ns
Total frames rendered: 421
Janky frames: 14 (3.33%)
Janky frames (legacy): 393 (93.35%)
50th percentile: 24ms
90th percentile: 34ms
95th percentile: 48ms
99th percentile: 93ms
Number Missed Vsync: 2
Number High input latency: 813
Number Slow UI thread: 11
Number Slow bitmap uploads: 0
Number Slow issue draw commands: 14
Number Frame deadline missed: 14
Number Frame deadline missed (legacy): 15
HISTOGRAM: 5ms=0 6ms=0 7ms=0 8ms=0 9ms=0 10ms=0 11ms=0 12ms=0 13ms=0 14ms=0 15ms=0 16ms=0 17ms=0 18ms=0 19ms=0 20ms=8 21ms=8 22ms=46 23ms=127 24ms=97 25ms=41 26ms=23 27ms=7 28ms=1 29ms=3 30ms=3 31ms=4 32ms=7 34ms=8 36ms=6 38ms=0 40ms=2 42ms=2 44ms=3 46ms=2 48ms=2 53ms=3 57ms=4 61ms=2 65ms=1 69ms=1 73ms=0 77ms=0 81ms=0 85ms=2 89ms=1 93ms=3 97ms=2 101ms=0 105ms=2 109ms=0 113ms=0 117ms=0 121ms=0 125ms=0 129ms=0 133ms=0 150ms=0 200ms=0 250ms=0 300ms=0 350ms=0 400ms=0 450ms=0 500ms=0 550ms=0 600ms=0 650ms=0 700ms=0 750ms=0 800ms=0 850ms=0 900ms=0 950ms=0 1000ms=0 1050ms=0 1100ms=0 1150ms=0 1200ms=0 1250ms=0 1300ms=0 1350ms=0 1400ms=0 1450ms=0 1500ms=0 1550ms=0 1600ms=0 1650ms=0 1700ms=0 1750ms=0 1800ms=0 1850ms=0 1900ms=0 1950ms=0 2000ms=0 2050ms=0 2100ms=0 2150ms=0 2200ms=0 2250ms=0 2300ms=0 2350ms=0 2400ms=0 2450ms=0 2500ms=0 2550ms=0 2600ms=0 2650ms=0 2700ms=0 2750ms=0 2800ms=0 2850ms=0 2900ms=0 2950ms=0 3000ms=0 3050ms=0 3100ms=0 3150ms=0 3200ms=0 3250ms=0 3300ms=0 3350ms=0 3400ms=0 3450ms=0 3500ms=0 3550ms=0 3600ms=0 3650ms=0 3700ms=0 3750ms=0 3800ms=0 3850ms=0 3900ms=0 3950ms=0 4000ms=0 4050ms=0 4100ms=0 4150ms=0 4200ms=0 4250ms=0 4300ms=0 4350ms=0 4400ms=0 4450ms=0 4500ms=0 4550ms=0 4600ms=0 4650ms=0 4700ms=0 4750ms=0 4800ms=0 4850ms=0 4900ms=0 4950ms=0
50th gpu percentile: 7ms
90th gpu percentile: 10ms
95th gpu percentile: 19ms
99th gpu percentile: 4950ms
GPU HISTOGRAM: 1ms=0 2ms=0 3ms=0 4ms=0 5ms=0 6ms=1 7ms=324 8ms=14 9ms=30 10ms=14 11ms=2 12ms=3 13ms=2 14ms=1 15ms=0 16ms=5 17ms=0 18ms=0 19ms=7 20ms=1 21ms=1 22ms=0 23ms=0 24ms=0 25ms=0 4950ms=16

Pipeline=Skia (OpenGL)
Memory policy:
  Max surface area: 2073600
  Max resource usage: 99.53MB (x48)
  Background retention: 50% (altUiHidden = true)
  GPU Context timeout: 10
Contexts: 1 (stopped = 0)
CPU Caches:
  Glyph Cache: 1.88 MB (1 entry)
  Glyph Count: 99 
Total CPU memory usage:
  1967583 bytes, 1.88 MB (0.00 bytes is purgeable)
GPU Caches:
  Image:
    Texture: 16.41 MB (31 entries)
  Other:
    Other: 172.94 KB (1 entry)
    Buffer Object: 464.00 bytes (2 entries)
    StencilAttachment: 15.00 KB (4 entries)
  Scratch:
    RenderTarget: 10.80 MB (37 entries)
    Texture: 4.04 MB (6 entries)
    Buffer Object: 78.03 KB (3 entries)
Total GPU memory usage:
  33041748 bytes, 31.51 MB (11.96 MB is purgeable)

Profile data in ms:

	com.auroratv.lab/com.auroratv.MainActivity/android.view.ViewRootImpl@4d100fb (visibility=0)
Window: com.auroratv.lab/com.auroratv.MainActivity
Stats since: 339110618515615ns
Total frames rendered: 421
Janky frames: 14 (3.33%)
Janky frames (legacy): 393 (93.35%)
50th percentile: 24ms
90th percentile: 34ms
95th percentile: 48ms
99th percentile: 93ms
Number Missed Vsync: 2
Number High input latency: 813
Number Slow UI thread: 11
Number Slow bitmap uploads: 0
Number Slow issue draw commands: 14
Number Frame deadline missed: 14
Number Frame deadline missed (legacy): 15
HISTOGRAM: 5ms=0 6ms=0 7ms=0 8ms=0 9ms=0 10ms=0 11ms=0 12ms=0 13ms=0 14ms=0 15ms=0 16ms=0 17ms=0 18ms=0 19ms=0 20ms=8 21ms=8 22ms=46 23ms=127 24ms=97 25ms=41 26ms=23 27ms=7 28ms=1 29ms=3 30ms=3 31ms=4 32ms=7 34ms=8 36ms=6 38ms=0 40ms=2 42ms=2 44ms=3 46ms=2 48ms=2 53ms=3 57ms=4 61ms=2 65ms=1 69ms=1 73ms=0 77ms=0 81ms=0 85ms=2 89ms=1 93ms=3 97ms=2 101ms=0 105ms=2 109ms=0 113ms=0 117ms=0 121ms=0 125ms=0 129ms=0 133ms=0 150ms=0 200ms=0 250ms=0 300ms=0 350ms=0 400ms=0 450ms=0 500ms=0 550ms=0 600ms=0 650ms=0 700ms=0 750ms=0 800ms=0 850ms=0 900ms=0 950ms=0 1000ms=0 1050ms=0 1100ms=0 1150ms=0 1200ms=0 1250ms=0 1300ms=0 1350ms=0 1400ms=0 1450ms=0 1500ms=0 1550ms=0 1600ms=0 1650ms=0 1700ms=0 1750ms=0 1800ms=0 1850ms=0 1900ms=0 1950ms=0 2000ms=0 2050ms=0 2100ms=0 2150ms=0 2200ms=0 2250ms=0 2300ms=0 2350ms=0 2400ms=0 2450ms=0 2500ms=0 2550ms=0 2600ms=0 2650ms=0 2700ms=0 2750ms=0 2800ms=0 2850ms=0 2900ms=0 2950ms=0 3000ms=0 3050ms=0 3100ms=0 3150ms=0 3200ms=0 3250ms=0 3300ms=0 3350ms=0 3400ms=0 3450ms=0 3500ms=0 3550ms=0 3600ms=0 3650ms=0 3700ms=0 3750ms=0 3800ms=0 3850ms=0 3900ms=0 3950ms=0 4000ms=0 4050ms=0 4100ms=0 4150ms=0 4200ms=0 4250ms=0 4300ms=0 4350ms=0 4400ms=0 4450ms=0 4500ms=0 4550ms=0 4600ms=0 4650ms=0 4700ms=0 4750ms=0 4800ms=0 4850ms=0 4900ms=0 4950ms=0
50th gpu percentile: 7ms
90th gpu percentile: 10ms
95th gpu percentile: 19ms
99th gpu percentile: 4950ms
GPU HISTOGRAM: 1ms=0 2ms=0 3ms=0 4ms=0 5ms=0 6ms=1 7ms=324 8ms=14 9ms=30 10ms=14 11ms=2 12ms=3 13ms=2 14ms=1 15ms=0 16ms=5 17ms=0 18ms=0 19ms=7 20ms=1 21ms=1 22ms=0 23ms=0 24ms=0 25ms=0 4950ms=16



---PROFILEDATA---
Flags,FrameTimelineVsyncId,IntendedVsync,Vsync,InputEventId,HandleInputStart,AnimationStart,PerformTraversalsStart,DrawStart,FrameDeadline,FrameInterval,FrameStartTime,SyncQueued,SyncStart,IssueDrawCommandsStart,SwapBuffers,FrameCompleted,DequeueBufferDuration,QueueBufferDuration,GpuCompleted,SwapBuffersCompleted,DisplayPresentTime,CommandSubmissionCompleted,
0,117560931,339117241153334,339117241153334,0,339117241411118,339117241412368,339117241921868,339117242094409,339117293436267,339117241404951,16799800,339117242297743,339117248313118,339117249273243,339117264256534,339117270850618,12049292,349125,339117270850618,339117264904826,-1,339117264256534,
0,117560939,339117257953134,339117257953134,0,339117258226284,339117258227534,339117258748368,339117258891701,339117310236067,339117258220701,16799800,339117259090409,339117265040951,339117266048659,339117280904784,339117287479284,12024458,279291,339117287479284,339117281476951,-1,339117280904784,
0,117560947,339117274752934,339117274752934,0,339117275004826,339117275006493,339117275521826,339117275663409,339117327035867,339117274999618,16799800,339117276098576,339117281609201,339117282505701,339117297778993,339117304332535,12408126,274750,339117304332535,339117298397035,-1,339117297778993,
0,117560955,339117291552734,339117291552734,0,339117291808076,339117291809701,339117292285243,339117292461534,339117343835667,339117291802868,16799800,339117292698909,339117298529160,339117299473035,339117314571868,339117321064326,12195208,281833,339117321064326,339117315145618,-1,339117314571868,
0,117560963,339117308352534,339117308352534,0,339117308629368,339117308630660,339117309088910,339117309233285,339117360635467,339117308622826,16799800,339117309425035,339117315350285,339117316369410,339117331227368,339117337703451,12166375,280958,339117337703451,339117331791993,-1,339117331227368,
0,117560971,339117325152334,339117325152334,0,339117325410535,339117325411785,339117325853951,339117326058243,339117377435267,339117325404826,16799800,339117326247201,339117331926118,339117332832493,339117347925326,339117354458160,12514250,358958,339117354458160,339117348604368,-1,339117347925326,
0,117560979,339117341952134,339117341952134,0,339117342203868,339117342205118,339117342656535,339117342833451,339117394235067,339117342198660,16799800,339117343022618,339117348740410,339117349612368,339117364811910,339117371279285,12468250,279375,339117371279285,339117365380326,-1,339117364811910,
0,117560987,339117358751934,339117358751934,0,339117359021118,339117359022493,339117359495826,339117359641660,339117411034867,339117359015285,16799800,339117359810660,339117365516285,339117366467910,339117381759826,339117388231660,12551292,280041,339117388231660,339117382331368,-1,339117381759826,
0,117560995,339117375551734,339117375551734,0,339117375802326,339117375803743,339117376267868,339117376410493,339117427834667,339117375796910,16799800,339117376586160,339117382463118,339117383538326,339117398460576,339117404926201,12204791,279000,339117404926201,339117399024743,-1,339117398460576,
0,117561003,339117392351534,339117392351534,0,339117392647868,339117392649535,339117393138118,339117393297910,339117444634467,339117392642535,16799800,339117393442660,339117399159451,339117400074326,339117415732826,339117422224410,12646459,442125,339117422224410,339117416522410,-1,339117415732826,
0,117561011,339117409151334,339117409151334,0,339117409403743,339117409405035,339117410203326,339117410354035,339117461434267,339117409398243,16799800,339117410513743,339117416693493,339117417867368,339117435961326,339117442876451,12629375,524500,339117442876451,339117437137160,-1,339117435961326,
0,117561019,339117425951134,339117425951134,0,339117426396035,339117426398493,339117437786826,339117438026535,339117478234067,339117426385785,16799800,339117438161368,339117438332868,339117440487743,339117450810951,339117457437201,6366041,371625,339117457437201,339117451662785,-1,339117450810951,
0,117561027,339117442750934,339117442750934,0,339117443142535,339117443144576,339117443679910,339117443901035,339117495033867,339117443133493,16799800,339117443949618,339117451826868,339117453013660,339117467834201,339117474545910,10827042,367791,339117474545910,339117468624493,-1,339117467834201,
0,117561035,339117459550734,339117459550734,0,339117459929910,339117459932076,339117460546243,339117460746993,339117511833667,339117459921243,16799800,339117460797785,339117468787326,339117469619285,339117485573035,339117492148118,11095042,438917,339117492148118,339117486475451,-1,339117485573035,
0,117561043,339117476350534,339117476350534,0,339117476865993,339117476868326,339117477396285,339117477606660,339117528633467,339117476856368,16799800,339117477657243,339117486665535,339117487619201,339117502108076,339117508715660,9494708,571917,339117508715660,339117503161076,-1,339117502108076,
0,117561051,339117493150334,339117493150334,0,339117493501743,339117493503618,339117493973951,339117494158701,339117545433267,339117493493576,16799800,339117494204451,339117503350993,339117504561993,339117517591618,339117524122076,9353459,456125,339117524122076,339117518467451,-1,339117517591618,
0,117561059,339117509950134,339117509950134,0,339117510310576,339117510312451,339117510809326,339117510989368,339117562233067,339117510302826,16799800,339117511034660,339117518657868,339117519649951,339117534487368,339117541077660,11130042,386833,339117541077660,339117535264326,-1,339117534487368,
0,117561067,339117526749934,339117526749934,0,339117527251910,339117527254160,339117527782993,339117527994118,339117579032867,339117527208243,16799800,339117528349743,339117535427076,339117536324201,339117551834243,339117558449618,11728958,379833,339117558449618,339117553296035,-1,339117551834243,
0,117561075,339117543549734,339117543549734,0,339117543988535,339117543990868,339117544548951,339117544758201,339117595832667,339117543978618,16799800,339117544807368,339117553471076,339117554353118,339117569272993,339117575778493,10461500,387333,339117575778493,339117570045660,-1,339117569272993,
0,117561083,339117560349534,339117560349534,0,339117560762493,339117560764785,339117561295493,339117561507243,339117612632467,339117560752826,16799800,339117561556951,339117570208868,339117571168910,339117586511951,339117593049743,10351375,814917,339117593049743,339117587886243,-1,339117586511951,
0,117561091,339117577149334,339117577149334,0,339117577491701,339117577493201,339117578037076,339117578217660,339117629432267,339117577484285,16799800,339117578263493,339117588241201,339117589376451,339117602730826,339117609253785,8505625,847834,339117609253785,339117604078576,-1,339117602730826,
0,117561099,339117593949134,339117593949134,0,339117594294535,339117594296618,339117594764618,339117594946993,339117646232067,339117594285910,16799800,339117594992201,339117604267451,339117605264326,339117618492326,339117625016785,9383541,784666,339117625016785,339117619670160,-1,339117618492326,
0,117561107,339117610748934,339117610748934,0,339117611090743,339117611092743,339117611559118,339117611741035,339117663031867,339117611082868,16799800,339117611786243,339117619846868,339117621033243,339117635859993,339117642619118,10703750,753416,339117642619118,339117637148660,-1,339117635859993,
0,117561251,339117946744934,339117946744934,-43196830,339117947199993,339117947201701,339117996728660,339117996956452,339117965428267,339117947194451,16799800,339118009494160,339118009620660,339118011296868,339118014412243,339118033184035,22167,314875,339118033184035,339118015128827,-1,339118014412243,
0,117561258,339117963544734,339117997144334,0,339118011686535,339118011687702,339118012531660,339118012709160,339118066227067,339118011672993,16799800,339118013477452,339118015271993,339118016305327,339118020475202,339118057475952,18125,12400125,339118057475952,339118033282202,-1,339118020475202,
0,117561265,339118013944134,339118013944134,0,339118016964618,339118016966327,339118017548160,339118017829660,339118083026867,339118016955910,16799800,339118018059868,339118033413868,339118034295660,339118054722618,339118075678410,16563250,2530334,339118075678410,339118057557327,-1,339118054722618,
0,117561273,339118030743934,339118030743934,0,339118034652577,339118034653702,339118038415202,339118038586368,339118099826667,339118034645410,16799800,339118040045285,339118057692993,339118058600493,339118072248743,339118084515702,9066875,3190250,339118084515702,339118075756618,-1,339118072248743,
0,117561281,339118047543734,339118047543734,0,339118059028493,339118059029577,339118059574827,339118059728410,339118116626467,339118059022160,16799800,339118060051702,339118075888702,339118076928785,339118088540410,339118097491368,7624084,300584,339118097491368,339118089240910,-1,339118088540410,
0,117561297,339118081143334,339118081143334,0,339118081404743,339118081405993,339118081882702,339118082031910,339118133426267,339118081399952,16799800,339118082249368,339118089375702,339118090261243,339118105092702,339118114269410,11052875,302458,339118114269410,339118105697493,-1,339118105092702,
0,117561305,339118097943134,339118097943134,0,339118098201327,339118098202993,339118098782202,339118098933160,339118150226067,339118098195743,16799800,339118099150327,339118105829327,339118106803660,339118122068993,339118131017952,11317875,525333,339118131017952,339118122897660,-1,339118122068993,
0,117561313,339118114742934,339118114742934,0,339118115027535,339118115028827,339118115598077,339118115747827,339118167025867,339118115021535,16799800,339118116271910,339118123026118,339118123948077,339118138383285,339118147315327,10924000,590750,339118147315327,339118139269702,-1,339118138383285,
0,117561321,339118131542734,339118131542734,0,339118131809202,339118131810910,339118132302702,339118132458452,339118183825667,339118131803910,16799800,339118132669702,339118139406160,339118140330077,339118155207035,339118164154868,11381042,507459,339118164154868,339118156043035,-1,339118155207035,
0,117561329,339118148342534,339118148342534,0,339118148599493,339118148600660,339118149068827,339118149219285,339118200625467,339118148593493,16799800,339118149491785,339118156174535,339118157227618,339118172040868,339118181039410,11294458,494708,339118181039410,339118172833493,-1,339118172040868,
0,117561337,339118165142334,339118165142334,0,339118165432452,339118165434160,339118165941077,339118166092077,339118217425267,339118165427410,16799800,339118166337618,339118172965910,339118173847660,339118188776618,339118197787493,11456417,565708,339118197787493,339118189654660,-1,339118188776618,
0,117561345,339118181942134,339118181942134,0,339118182199410,339118182200660,339118182670035,339118182878285,339118234225067,339118182193743,16799800,339118183083910,339118189787160,339118190663785,339118205728202,339118214728160,11431292,283459,339118214728160,339118206305035,-1,339118205728202,
0,117561353,339118198741934,339118198741934,0,339118199006993,339118199008368,339118199483952,339118199635118,339118251024867,339118199001285,16799800,339118199844202,339118206511160,339118207462743,339118222626452,339118231589993,11371125,301458,339118231589993,339118223234827,-1,339118222626452,
0,117561361,339118215541734,339118215541734,0,339118215800535,339118215801910,339118216348493,339118216498285,339118267824667,339118215795077,16799800,339118216705827,339118223368910,339118224399952,339118241182243,339118250190785,11842291,435041,339118250190785,339118242061368,-1,339118241182243,
0,117561369,339118232341534,339118232341534,0,339118232695535,339118232697327,339118233294077,339118233485243,339118284624467,339118232687160,16799800,339118233746618,339118242252660,339118243551202,339118258166160,339118264789243,9730208,394958,339118264789243,339118258965493,-1,339118258166160,
0,117561377,339118249141334,339118249141334,0,339118249517452,339118249519368,339118250111952,339118250318577,339118301424267,339118249508952,16799800,339118250615702,339118259143035,339118260340868,339118275065368,339118281685577,9795834,374208,339118281685577,339118275829452,-1,339118275065368,
0,117561385,339118265941134,339118265941134,0,339118266312910,339118266314868,339118266977160,339118267176868,339118318224067,339118266304327,16799800,339118267462618,339118276041910,339118277178660,339118292859702,339118299524452,9874000,409292,339118299524452,339118293708202,-1,339118292859702,
0,117561393,339118282740934,339118282740934,0,339118283239035,339118283241327,339118283843160,339118284418410,339118335023867,339118283229368,16799800,339118284746785,339118293896160,339118295131452,339118309409785,339118316075160,8712375,448208,339118316075160,339118310317368,-1,339118309409785,
0,117561401,339118299540734,339118299540734,0,339118299913202,339118299914993,339118300584202,339118300828743,339118351823667,339118299904493,16799800,339118301139827,339118310523077,339118311899160,339118325390285,339118332076410,8420958,445000,339118332076410,339118326291743,-1,339118325390285,
0,117561409,339118316340534,339118316340534,0,339118316677368,339118316679202,339118317409077,339118317595952,339118368623467,339118316669452,16799800,339118317860743,339118326495868,339118327822452,339118341670493,339118348322327,9329625,371667,339118348322327,339118342440993,-1,339118341670493,
0,117561417,339118333140334,339118333140334,0,339118333537785,339118333539993,339118334087910,339118334367035,339118385423267,339118333528118,16799800,339118334640827,339118342616577,339118343924785,339118358875577,339118365512493,10411541,683667,339118365512493,339118359954452,-1,339118358875577,
0,117561425,339118349940134,339118349940134,0,339118350341285,339118350343493,339118351007910,339118351245785,339118402223067,339118350331493,16799800,339118351558618,339118360172910,339118361323410,339118376722118,339118383351952,9830875,771542,339118383351952,339118377887910,-1,339118376722118,
0,117561433,339118366739934,339118366739934,0,339118367198035,339118367200160,339118367800327,339118368051910,339118419022867,339118367187993,16799800,339118368365660,339118378058077,339118379290743,339118393547035,339118400228285,8643709,813333,339118400228285,339118394845410,-1,339118393547035,
0,117561441,339118383539734,339118383539734,0,339118383896202,339118383898118,339118384486285,339118384681535,339118435822667,339118383888493,16799800,339118384960452,339118395044785,339118396531035,339118409966535,339118416600118,7848792,444625,339118416600118,339118410862952,-1,339118409966535,
0,117561449,339118400339534,339118400339534,0,339118400691827,339118400693535,339118401314827,339118401512493,339118452622467,339118400683785,16799800,339118401818702,339118411068202,339118412493160,339118425578535,339118432217452,8601583,445250,339118432217452,339118426641118,-1,339118425578535,
0,117561457,339118417139334,339118417139334,0,339118417487743,339118417489577,339118418007702,339118418229452,339118469422267,339118417480077,16799800,339118418493660,339118426843118,339118428230202,339118442530160,339118449195243,9780584,379208,339118449195243,339118443298535,-1,339118442530160,
0,117561465,339118433939134,339118433939134,0,339118434338327,339118434340618,339118434936493,339118435150452,339118486222067,339118434328743,16799800,339118435461118,339118443474952,339118444665785,339118460783202,339118467427077,10424708,390042,339118467427077,339118461602535,-1,339118460783202,
0,117561473,339118450738934,339118450738934,0,339118451135827,339118451138452,339118451804702,339118452070952,339118503021867,339118451126035,16799800,339118452390910,339118461779077,339118463110827,339118477396618,339118484261743,8771000,670459,339118484261743,339118478758118,-1,339118477396618,
0,117561481,339118467538734,339118467538734,0,339118467984910,339118467987202,339118468513993,339118468850577,339118519821667,339118467974993,16799800,339118469156868,339118478928618,339118480077035,339118494888952,339118501528577,8580459,878791,339118501528577,339118496305327,-1,339118494888952,
0,117561489,339118484338534,339118484338534,0,339118484777702,339118484779743,339118485224452,339118485421785,339118536621467,339118484739868,16799800,339118485674952,339118496604410,339118498250452,339118510105660,339118517078827,6884875,471291,339118517078827,339118511327202,-1,339118510105660,
0,117561497,339118501138334,339118501138334,0,339118501501952,339118501504077,339118501966743,339118502163910,339118553421267,339118501493202,16799800,339118502414743,339118511534035,339118512904910,339118526788868,339118533407618,9013584,473125,339118533407618,339118527663660,-1,339118526788868,
0,117561505,339118517938134,339118517938134,0,339118518564743,339118518566327,339118519010452,339118519205743,339118570221067,339118518556660,16799800,339118519461118,339118527930493,339118529334410,339118543988952,339118550656077,9852125,441167,339118550656077,339118544814202,-1,339118543988952,
0,117561513,339118534737934,339118534737934,0,339118535144827,339118535146993,339118535651160,339118535875702,339118587020867,339118535135577,16799800,339118536230535,339118544966618,339118546036952,339118560656577,339118567276493,9510083,466042,339118567276493,339118561561493,-1,339118560656577,
0,117561521,339118551537734,339118551537734,0,339118551884243,339118551886160,339118552373910,339118552569868,339118603820667,339118551876160,16799800,339118552823035,339118561750868,339118563085618,339118577147035,339118583731993,9257792,412666,339118583731993,339118578000660,-1,339118577147035,
0,117561529,339118568337534,339118568337534,0,339118568711452,339118568713660,339118569188493,339118569400327,339118620620467,339118568702160,16799800,339118569680785,339118578195702,339118579342993,339118594374993,339118601076410,10020542,373208,339118601076410,339118595180077,-1,339118594374993,
0,117561537,339118585137334,339118585137334,0,339118585517327,339118585519452,339118586002910,339118586215577,339118637420267,339118585508868,16799800,339118586493577,339118595354910,339118596673452,339118612173368,339118619060577,9576875,515041,339118619060577,339118613182410,-1,339118612173368,
0,117561545,339118601937134,339118601937134,0,339118602408493,339118602410618,339118602930535,339118603189202,339118654220067,339118602398285,16799800,339118603477618,339118613373035,339118614709160,339118628986327,339118635851368,8294000,488125,339118635851368,339118630027368,-1,339118628986327,
0,117561553,339118618736934,339118618736934,0,339118619112868,339118619115160,339118619697577,339118619913368,339118671019867,339118619103743,16799800,339118620298535,339118630232410,339118631606493,339118644696327,339118651275827,8057958,374042,339118651275827,339118645491660,-1,339118644696327,
0,117561561,339118635536734,339118635536734,0,339118635912993,339118635915118,339118636585577,339118636794785,339118687819667,339118635904618,16799800,339118637072285,339118645664077,339118646869327,339118662400452,339118669117035,9781250,678834,339118669117035,339118663495868,-1,339118662400452,
0,117561569,339118652336534,339118652336534,0,339118652830785,339118652832952,339118653357160,339118653575577,339118704619467,339118652820202,16799800,339118653857910,339118663667827,339118664824660,339118679579452,339118686250368,8750375,909583,339118686250368,339118680991035,-1,339118679579452,
0,117561577,339118669136334,339118669136334,0,339118669485910,339118669488160,339118669906243,339118670093660,339118721419267,339118669477993,16799800,339118670372618,339118681226368,339118683249785,339118693956535,339118700707494,6590125,323958,339118700707494,339118694634827,-1,339118693956535,
0,117561585,339118685936134,339118685936134,0,339118686261160,339118686262702,339118686771868,339118686997118,339118738219067,339118686253535,16799800,339118687236785,339118694782827,339118695741869,339118710158619,339118716714035,10559250,338583,339118716714035,339118710872952,-1,339118710158619,
0,117561593,339118702735934,339118702735934,0,339118703083577,339118703085035,339118703471077,339118703627327,339118755018867,339118703076744,16799800,339118703827244,339118711026869,339118712129452,339118726416035,339118733001702,11064125,573750,339118733001702,339118727318452,-1,339118726416035,
0,117561601,339118719535734,339118719535734,0,339118719836577,339118719838244,339118720237160,339118720389785,339118771818667,339118719830994,16799800,339118720579369,339118727461369,339118728388327,339118746980619,339118753780244,15046750,345375,339118753780244,339118747719702,-1,339118746980619,
0,117561609,339118736335534,339118736335534,-481841680,339118736661952,339118736663244,339118738942744,339118739134119,339118788618467,339118736655785,16799800,339118740164660,339118747862369,339118748945369,339118763924244,339118770579577,11105250,626375,339118770579577,339118765031369,-1,339118763924244,
0,117561617,339118753135334,339118753135334,0,339118753490744,339118753492452,339118766149785,339118766319702,339118805418267,339118753484869,16799800,339118770236160,339118770372244,339118771645160,339118778254869,339118785021452,1758125,308000,339118785021452,339118778947035,-1,339118778254869,
0,117561625,339118769935134,339118769935134,0,339118771871702,339118771872785,339118777779077,339118778036827,339118822218067,339118771865327,16799800,339118779656035,339118779811577,339118780809619,339118795332577,339118804185827,9262542,332833,339118804185827,339118795989910,-1,339118795332577,
0,117561633,339118786734934,339118786734934,0,339118786992994,339118786994160,339118787494160,339118787683494,339118839017867,339118786987660,16799800,339118787888744,339118796148119,339118797071577,339118811256369,339118819402160,9799167,324792,339118819402160,339118811907244,-1,339118811256369,
0,117561641,339118803534734,339118803534734,0,339118803793410,339118803795119,339118804400244,339118804546744,339118855817667,339118803787910,16799800,339118804747827,339118812084244,339118813003410,339118826995660,339118834510785,10649792,280042,339118834510785,339118827565369,-1,339118826995660,
0,117561649,339118820334534,339118820334534,0,339118820591744,339118820592910,339118821063452,339118821206285,339118872617467,339118820586077,16799800,339118821406785,339118827776619,339118828787744,339118843796702,339118850950535,11715375,296833,339118850950535,339118844490494,-1,339118843796702,
0,117561657,339118837134334,339118837134334,0,339118837387202,339118837388369,339118837894660,339118838039244,339118889417267,339118837381660,16799800,339118838240910,339118844630410,339118845559744,339118860613119,339118867458327,11731625,281250,339118867458327,339118861188077,-1,339118860613119,
0,117561665,339118853934134,339118853934134,0,339118854191285,339118854192535,339118854714744,339118854857369,339118906217067,339118854185285,16799800,339118855121452,339118861322119,339118862324619,339118877708077,339118884314952,11719292,329292,339118884314952,339118878351202,-1,339118877708077,
0,117561673,339118870733934,339118870733934,0,339118870991244,339118870992577,339118871458744,339118871614077,339118923016867,339118870985535,16799800,339118871883327,339118878487952,339118879393035,339118893970452,339118900634535,11463208,296500,339118900634535,339118894621077,-1,339118893970452,
0,117561681,339118887533734,339118887533734,0,339118887783660,339118887784994,339118888317619,339118888462702,339118939816667,339118887778244,16799800,339118888662702,339118894755285,339118895666202,339118910568535,339118917122202,11999125,279292,339118917122202,339118911130994,-1,339118910568535,
0,117561689,339118904333534,339118904333534,0,339118904586119,339118904587660,339118905082410,339118905224452,339118956616467,339118904580910,16799800,339118905604494,339118911264994,339118912559577,339118927284494,339118933802285,11941541,278708,339118933802285,339118927870744,-1,339118927284494,
0,117561697,339118921133334,339118921133334,0,339118921392119,339118921393535,339118921844619,339118921996327,339118973416267,339118921386744,16799800,339118922188452,339118928099410,339118929097035,339118944154660,339118950666035,12211875,304417,339118950666035,339118944791244,-1,339118944154660,
0,117561705,339118937933134,339118937933134,0,339118938197202,339118938198535,339118938632660,339118938777202,339118990216067,339118938191410,16799800,339118938970452,339118944925702,339118945824910,339118961059785,339118967545160,12285291,279833,339118967545160,339118961630910,-1,339118961059785,
0,117561713,339118954732934,339118954732934,0,339118954985035,339118954986452,339118955416535,339118955583535,339119007015867,339118954979744,16799800,339118955781369,339118961813619,339118962743369,339118977737452,339118984210827,12140042,370583,339118984210827,339118978392327,-1,339118977737452,
0,117561721,339118971532734,339118971532734,0,339118971792244,339118971793494,339118972294994,339118972439660,339119023815667,339118971786952,16799800,339118972616535,339118978567494,339118979466244,339118994614869,339119001108244,12204541,345417,339119001108244,339118995272827,-1,339118994614869,
0,117561729,339118988332534,339118988332534,0,339118988582952,339118988584244,339118989050410,339118989194244,339119040615467,339118988577619,16799800,339118989364660,339118995408244,339118996332577,339119011272327,339119017828035,12162041,295667,339119017828035,339119011878410,-1,339119011272327,
0,117561737,339119005132334,339119005132334,0,339119005383702,339119005385160,339119005814410,339119005958452,339119057415267,339119005377744,16799800,339119006105327,339119012033994,339119012979077,339119028075202,339119034553160,12307583,278375,339119034553160,339119028660535,-1,339119028075202,
0,117561745,339119021932134,339119021932134,0,339119022199285,339119022200660,339119022652660,339119022797410,339119074215067,339119022193494,16799800,339119022944494,339119028834410,339119029704577,339119045150160,339119051671660,12519000,311500,339119051671660,339119045790244,-1,339119045150160,
0,117561753,339119038731934,339119038731934,0,339119038983327,339119038984494,339119039954827,339119040158994,339119091014867,339119038977827,16799800,339119040329785,339119045924494,339119046799619,339119064092285,339119070632494,12859125,411667,339119070632494,339119064971994,-1,339119064092285,
0,117561761,339119055531734,339119055531734,0,339119055901327,339119055903035,339119066012410,339119066329827,339119107814667,339119055892952,16799800,339119066465077,339119066640369,339119068158869,339119079945910,339119086525744,8055042,407209,339119086525744,339119080818494,-1,339119079945910,
0,117561769,339119072331534,339119072331534,0,339119072765827,339119072767577,339119073259785,339119073461910,339119124614467,339119072757202,16799800,339119073507494,339119080997244,339119081928327,339119096959535,339119103470660,11115959,370500,339119103470660,339119097819077,-1,339119096959535,
0,117561777,339119089131334,339119089131334,0,339119089482327,339119089484327,339119090018660,339119090276077,339119141414267,339119089474327,16799800,339119090321619,339119097982952,339119098926202,339119113783702,339119120286327,11335541,370916,339119120286327,339119114532952,-1,339119113783702,
0,117561785,339119105931134,339119105931134,0,339119106298494,339119106300494,339119106786077,339119106977202,339119158214067,339119106290160,16799800,339119107025077,339119114695744,339119115536744,339119131402744,339119137911160,11503208,697500,339119137911160,339119132477035,-1,339119131402744,
0,117561793,339119122730934,339119122730934,0,339119123135744,339119123138077,339119123662494,339119123872160,339119175013867,339119123126244,16799800,339119123921702,339119132647369,339119133426660,339119146150244,339119152686910,9738875,578291,339119152686910,339119147063035,-1,339119146150244,
0,117561801,339119139530734,339119139530734,0,339119139874077,339119139875785,339119140354785,339119140518577,339119191813667,339119139866952,16799800,339119140559744,339119147200244,339119147896619,339119165092369,339119171882744,13059000,445500,339119171882744,339119166141660,-1,339119165092369,
0,117561809,339119156330534,339119156330534,0,339119156622910,339119156624285,339119157010660,339119157172160,339119208613467,339119156616660,16799800,339119157211494,339119166331369,339119167431827,339119179620202,339119186115452,9326209,630708,339119186115452,339119180595952,-1,339119179620202,
0,117561817,339119173130334,339119173130334,0,339119173460035,339119173461702,339119173896994,339119174055535,339119225413267,339119173453077,16799800,339119174097494,339119180733869,339119181431577,339119196572827,339119203125244,12156834,599000,339119203125244,339119197524994,-1,339119196572827,
0,117561825,339119189930134,339119189930134,0,339119190217660,339119190219119,339119190675952,339119190856160,339119242213067,339119190211577,16799800,339119190896744,339119197665410,339119198389369,339119213969535,339119220469327,12029417,695584,339119220469327,339119215047910,-1,339119213969535,
0,117561833,339119206729934,339119206729934,0,339119207047327,339119207049202,339119207517660,339119207692369,339119259012867,339119207040035,16799800,339119207737702,339119215208369,339119216092785,339119231604619,339119238103160,11510750,865958,339119238103160,339119232946285,-1,339119231604619,
0,117561841,339119223529734,339119223529734,0,339119223951410,339119223953535,339119224510952,339119224711619,339119275812667,339119223942869,16799800,339119224761035,339119233115744,339119234050077,339119248854535,339119255399369,10383792,816209,339119255399369,339119250125785,-1,339119248854535,
0,117561849,339119240329534,339119240329534,0,339119240674827,339119240676577,339119241159785,339119241345535,339119292612467,339119240666869,16799800,339119241393035,339119250315035,339119251298244,339119264948369,339119271480660,9670791,438916,339119271480660,339119265810369,-1,339119264948369,
0,117562042,339119693924134,339119693924134,0,339119694336786,339119694338911,339119711994952,339119712405702,339119712607467,339119694328536,16799800,339119718905494,339119719049786,339119720040411,339119723050911,339119736132577,32584,846834,339119736132577,339119724307702,-1,339119723050911,
0,117562049,339119710723934,339119710723934,0,339119720479286,339119720481327,339119722106994,339119722349161,339119763006867,339119720468369,16799800,339119722754702,339119724460911,339119725369161,339119739585786,339119754694786,21250,618875,339119754694786,339119740654869,-1,339119739585786,
0,117562056,339119727523734,339119727523734,0,339119727971577,339119727974202,339119729850452,339119730201494,339119779806667,339119727960452,16799800,339119730251619,339119740822702,339119741927786,339119757876661,339119772970077,6716292,481584,339119772970077,339119758733869,-1,339119757876661,
0,117562064,339119744323534,339119744323534,0,339119744718827,339119744721202,339119746083744,339119746488661,339119796606467,339119744709744,16799800,339119746536577,339119758891786,339119759918786,339119774735119,339119786476077,5399000,1168958,339119786476077,339119776352452,-1,339119774735119,
0,117562072,339119761123334,339119761123334,0,339119761466202,339119761467952,339119762837452,339119763228744,339119813406267,339119761458452,16799800,339119763599494,339119776524327,339119777497452,339119788794911,339119794152577,4497250,457583,339119794152577,339119789779244,-1,339119788794911,
0,117562080,339119777923134,339119777923134,0,339119778280994,339119778282661,339119779515119,339119779711619,339119830206067,339119778272077,16799800,339119780418411,339119790023119,339119796738411,339119806358369,339119813066702,2375209,661167,339119813066702,339119807595744,-1,339119806358369,
0,117562088,339119794722934,339119794722934,0,339119797253786,339119797255911,339119799010827,339119799237786,339119847005867,339119797243286,16799800,339119799653286,339119807757702,339119808773869,339119820724327,339119827483327,7082750,836333,339119827483327,339119822226244,-1,339119820724327,
0,117562096,339119811522734,339119811522734,0,339119811882577,339119811884411,339119813292452,339119813669327,339119863805667,339119811874577,16799800,339119814105036,339119822500119,339119823403369,339119837485494,339119844219661,9043458,815083,339119844219661,339119838766161,-1,339119837485494,
0,117562104,339119828322534,339119828322534,0,339119828663202,339119828664786,339119829878744,339119830074119,339119880605467,339119828655952,16799800,339119830613077,339119838956911,339119840217952,339119855764244,339119862483369,8948709,423000,339119862483369,339119856650786,-1,339119855764244,
0,117562112,339119845122334,339119845122334,0,339119845469827,339119845471786,339119846688994,339119846885327,339119897405267,339119845461702,16799800,339119847423786,339119856929702,339119858017536,339119870376244,339119877166994,7950000,385250,339119877166994,339119871231327,-1,339119870376244,
0,117562120,339119861922134,339119861922134,0,339119862318661,339119862320744,339119863616744,339119863962286,339119914205067,339119862309994,16799800,339119864405286,339119871397911,339119872471369,339119888558202,339119895372744,10723250,422917,339119895372744,339119889485327,-1,339119888558202,
0,117562128,339119878721934,339119878721934,0,339119879134077,339119879136452,339119880810786,339119881045827,339119931004867,339119879124369,16799800,339119881593452,339119889668161,339119890756661,339119905364202,339119912076911,9179000,419208,339119912076911,339119906214911,-1,339119905364202,
0,117562136,339119895521734,339119895521734,0,339119895949202,339119895951494,339119897623244,339119897856286,339119947804667,339119895939577,16799800,339119898398452,339119906399661,339119907387952,339119921970702,339119928775161,9573416,485542,339119928775161,339119922914994,-1,339119921970702,
0,117562144,339119912321534,339119912321534,0,339119912724369,339119912726369,339119914068244,339119914478494,339119964604467,339119912715619,16799800,339119914941452,339119923111494,339119924266244,339119938220952,339119944974577,9026333,457417,339119944974577,339119939144744,-1,339119938220952,
0,117562152,339119929121334,339119929121334,0,339119929469536,339119929471244,339119930643286,339119930838786,339119981404267,339119929461577,16799800,339119931382536,339119939341786,339119940462202,339119954581786,339119961271577,9593750,431291,339119961271577,339119955660827,-1,339119954581786,
0,117562160,339119945921134,339119945921134,0,339119946272244,339119946274411,339119947529702,339119947934994,339119998204067,339119946264244,16799800,339119948364244,339119955856786,339119957103161,339119971333327,339119978053327,10140209,482542,339119978053327,339119972209244,-1,339119971333327,
0,117562168,339119962720934,339119962720934,0,339119963136452,339119963139202,339119964820286,339119965053827,339120015003867,339119963126702,16799800,339119965589244,339119972380369,339119973276786,339119988800161,339119995404494,10824541,378500,339119995404494,339119989566744,-1,339119988800161,
0,117562176,339119979520734,339119979520734,0,339119979949411,339119979951786,339119982016577,339119982322369,339120031803667,339119979939619,16799800,339119982831036,339119989734411,339119990678286,339120005485786,339120012093161,9891916,573209,339120012093161,339120006510202,-1,339120005485786,
0,117562184,339119996320534,339119996320534,0,339119996689411,339119996691244,339119997157869,339119997394952,339120048603467,339119996681077,16799800,339119997757536,339120006705994,339120007723994,339120021978577,339120028661577,9339916,470000,339120028661577,339120023019661,-1,339120021978577,
0,117562192,339120013120334,339120013120334,0,339120013481202,339120013483036,339120013786577,339120013990244,339120065403267,339120013473161,16799800,339120014298952,339120023216244,339120024476286,339120037841536,339120044456952,9408458,446667,339120044456952,339120038950327,-1,339120037841536,
0,117562200,339120029920134,339120029920134,0,339120030262161,339120030263786,339120030567952,339120030766827,339120082203067,339120030254369,16799800,339120031033077,339120039144327,339120040319411,339120054306786,339120060722952,10227500,371125,339120060722952,339120055057619,-1,339120054306786,
0,117562673,339121155506734,339121155506734,0,339121155789453,339121155790828,339121162009745,339121162215370,339121174190067,339121155783703,16799800,339121164727953,339121164846203,339121165511036,339121177276286,339121195747620,21792,455417,339121195747620,339121178078078,-1,339121177276286,
---PROFILEDATA---


View hierarchy:

  com.auroratv.lab/com.auroratv.MainActivity/android.view.ViewRootImpl@4d100fb
  357 views, 634.99 kB of render nodes


Total ViewRootImpl   : 1
Total attached Views : 357
Total RenderNode     : 634.99 kB (used) / 2550.89 kB (capacity)

