Applications Graphics Acceleration Info:
Uptime: 337093657 Realtime: 371767767

** Graphics info for pid 26209 [com.auroratv.lab] **

Stats since: 337080888104355ns
Total frames rendered: 521
Janky frames: 31 (5.95%)
Janky frames (legacy): 217 (41.65%)
50th percentile: 19ms
90th percentile: 40ms
95th percentile: 46ms
99th percentile: 69ms
Number Missed Vsync: 5
Number High input latency: 902
Number Slow UI thread: 16
Number Slow bitmap uploads: 1
Number Slow issue draw commands: 31
Number Frame deadline missed: 31
Number Frame deadline missed (legacy): 28
HISTOGRAM: 5ms=0 6ms=0 7ms=0 8ms=0 9ms=0 10ms=0 11ms=0 12ms=0 13ms=0 14ms=0 15ms=4 16ms=48 17ms=77 18ms=97 19ms=43 20ms=26 21ms=12 22ms=28 23ms=19 24ms=24 25ms=7 26ms=16 27ms=9 28ms=6 29ms=5 30ms=4 31ms=2 32ms=9 34ms=10 36ms=12 38ms=10 40ms=6 42ms=9 44ms=7 46ms=6 48ms=4 53ms=8 57ms=2 61ms=4 65ms=1 69ms=1 73ms=2 77ms=1 81ms=0 85ms=0 89ms=0 93ms=0 97ms=0 101ms=0 105ms=0 109ms=0 113ms=0 117ms=0 121ms=0 125ms=0 129ms=1 133ms=0 150ms=1 200ms=0 250ms=0 300ms=0 350ms=0 400ms=0 450ms=0 500ms=0 550ms=0 600ms=0 650ms=0 700ms=0 750ms=0 800ms=0 850ms=0 900ms=0 950ms=0 1000ms=0 1050ms=0 1100ms=0 1150ms=0 1200ms=0 1250ms=0 1300ms=0 1350ms=0 1400ms=0 1450ms=0 1500ms=0 1550ms=0 1600ms=0 1650ms=0 1700ms=0 1750ms=0 1800ms=0 1850ms=0 1900ms=0 1950ms=0 2000ms=0 2050ms=0 2100ms=0 2150ms=0 2200ms=0 2250ms=0 2300ms=0 2350ms=0 2400ms=0 2450ms=0 2500ms=0 2550ms=0 2600ms=0 2650ms=0 2700ms=0 2750ms=0 2800ms=0 2850ms=0 2900ms=0 2950ms=0 3000ms=0 3050ms=0 3100ms=0 3150ms=0 3200ms=0 3250ms=0 3300ms=0 3350ms=0 3400ms=0 3450ms=0 3500ms=0 3550ms=0 3600ms=0 3650ms=0 3700ms=0 3750ms=0 3800ms=0 3850ms=0 3900ms=0 3950ms=0 4000ms=0 4050ms=0 4100ms=0 4150ms=0 4200ms=0 4250ms=0 4300ms=0 4350ms=0 4400ms=0 4450ms=0 4500ms=0 4550ms=0 4600ms=0 4650ms=0 4700ms=0 4750ms=0 4800ms=0 4850ms=0 4900ms=0 4950ms=0
50th gpu percentile: 7ms
90th gpu percentile: 8ms
95th gpu percentile: 10ms
99th gpu percentile: 19ms
GPU HISTOGRAM: 1ms=0 2ms=0 3ms=0 4ms=0 5ms=0 6ms=205 7ms=263 8ms=20 9ms=4 10ms=4 11ms=6 12ms=2 13ms=1 14ms=1 15ms=1 16ms=0 17ms=3 18ms=3 19ms=3 20ms=0 21ms=0 22ms=0 23ms=1 24ms=1 25ms=3 4950ms=0

Pipeline=Skia (OpenGL)
Memory policy:
  Max surface area: 2073600
  Max resource usage: 99.53MB (x48)
  Background retention: 50% (altUiHidden = true)
  GPU Context timeout: 10
Contexts: 1 (stopped = 0)
CPU Caches:
  Glyph Cache: 4.28 MB (1 entry)
  Glyph Count: 260 
Total CPU memory usage:
  4485907 bytes, 4.28 MB (0.00 bytes is purgeable)
GPU Caches:
  Image:
    Texture: 18.42 MB (57 entries)
  Other:
    Other: 1.40 MB (1 entry)
    Buffer Object: 464.00 bytes (2 entries)
    StencilAttachment: 8.00 KB (1 entry)
  Scratch:
    Texture: 7.71 MB (176 entries)
    RenderTarget: 60.75 MB (402 entries)
    Buffer Object: 78.03 KB (3 entries)
Total GPU memory usage:
  92650848 bytes, 88.36 MB (178.45 KB is purgeable)

Profile data in ms:

	com.auroratv.lab/com.auroratv.MainActivity/android.view.ViewRootImpl@38be329 (visibility=0)
Window: com.auroratv.lab/com.auroratv.MainActivity
Stats since: 337080888103688ns
Total frames rendered: 521
Janky frames: 31 (5.95%)
Janky frames (legacy): 217 (41.65%)
50th percentile: 19ms
90th percentile: 40ms
95th percentile: 46ms
99th percentile: 69ms
Number Missed Vsync: 5
Number High input latency: 902
Number Slow UI thread: 16
Number Slow bitmap uploads: 1
Number Slow issue draw commands: 31
Number Frame deadline missed: 31
Number Frame deadline missed (legacy): 28
HISTOGRAM: 5ms=0 6ms=0 7ms=0 8ms=0 9ms=0 10ms=0 11ms=0 12ms=0 13ms=0 14ms=0 15ms=4 16ms=48 17ms=77 18ms=97 19ms=43 20ms=26 21ms=12 22ms=28 23ms=19 24ms=24 25ms=7 26ms=16 27ms=9 28ms=6 29ms=5 30ms=4 31ms=2 32ms=9 34ms=10 36ms=12 38ms=10 40ms=6 42ms=9 44ms=7 46ms=6 48ms=4 53ms=8 57ms=2 61ms=4 65ms=1 69ms=1 73ms=2 77ms=1 81ms=0 85ms=0 89ms=0 93ms=0 97ms=0 101ms=0 105ms=0 109ms=0 113ms=0 117ms=0 121ms=0 125ms=0 129ms=1 133ms=0 150ms=1 200ms=0 250ms=0 300ms=0 350ms=0 400ms=0 450ms=0 500ms=0 550ms=0 600ms=0 650ms=0 700ms=0 750ms=0 800ms=0 850ms=0 900ms=0 950ms=0 1000ms=0 1050ms=0 1100ms=0 1150ms=0 1200ms=0 1250ms=0 1300ms=0 1350ms=0 1400ms=0 1450ms=0 1500ms=0 1550ms=0 1600ms=0 1650ms=0 1700ms=0 1750ms=0 1800ms=0 1850ms=0 1900ms=0 1950ms=0 2000ms=0 2050ms=0 2100ms=0 2150ms=0 2200ms=0 2250ms=0 2300ms=0 2350ms=0 2400ms=0 2450ms=0 2500ms=0 2550ms=0 2600ms=0 2650ms=0 2700ms=0 2750ms=0 2800ms=0 2850ms=0 2900ms=0 2950ms=0 3000ms=0 3050ms=0 3100ms=0 3150ms=0 3200ms=0 3250ms=0 3300ms=0 3350ms=0 3400ms=0 3450ms=0 3500ms=0 3550ms=0 3600ms=0 3650ms=0 3700ms=0 3750ms=0 3800ms=0 3850ms=0 3900ms=0 3950ms=0 4000ms=0 4050ms=0 4100ms=0 4150ms=0 4200ms=0 4250ms=0 4300ms=0 4350ms=0 4400ms=0 4450ms=0 4500ms=0 4550ms=0 4600ms=0 4650ms=0 4700ms=0 4750ms=0 4800ms=0 4850ms=0 4900ms=0 4950ms=0
50th gpu percentile: 7ms
90th gpu percentile: 8ms
95th gpu percentile: 10ms
99th gpu percentile: 19ms
GPU HISTOGRAM: 1ms=0 2ms=0 3ms=0 4ms=0 5ms=0 6ms=205 7ms=263 8ms=20 9ms=4 10ms=4 11ms=6 12ms=2 13ms=1 14ms=1 15ms=1 16ms=0 17ms=3 18ms=3 19ms=3 20ms=0 21ms=0 22ms=0 23ms=1 24ms=1 25ms=3 4950ms=0



---PROFILEDATA---
Flags,FrameTimelineVsyncId,IntendedVsync,Vsync,InputEventId,HandleInputStart,AnimationStart,PerformTraversalsStart,DrawStart,FrameDeadline,FrameInterval,FrameStartTime,SyncQueued,SyncStart,IssueDrawCommandsStart,SwapBuffers,FrameCompleted,DequeueBufferDuration,QueueBufferDuration,GpuCompleted,SwapBuffersCompleted,DisplayPresentTime,CommandSubmissionCompleted,
0,116685771,337091632251934,337091632251934,0,337091632582360,337091632584152,337091633835944,337091634008527,337091667735667,337091632575235,16800400,337091634045027,337091635660402,337091637308444,337091645864777,337091651898277,21709,341209,337091651898277,337091646559652,-1,337091645864777,
0,116685779,337091649052334,337091649052334,0,337091649335944,337091649337360,337091650463235,337091650688819,337091684536067,337091649329069,16800400,337091650723194,337091650898777,337091653718902,337091661341235,337091667390527,19541,325000,337091667390527,337091662037819,-1,337091661341235,
0,116685787,337091665852734,337091665852734,0,337091666208569,337091666210402,337091667327402,337091667503569,337091701336467,337091666201402,16800400,337091667558152,337091667750985,337091670793027,337091679852902,337091686004027,22459,390792,337091686004027,337091680625319,-1,337091679852902,
0,116685795,337091682653134,337091682653134,0,337091682941610,337091682943569,337091683996860,337091684187444,337091718136867,337091682935402,16800400,337091684222027,337091684401194,337091687764819,337091696670027,337091702704194,23583,310625,337091702704194,337091697342777,-1,337091696670027,
0,116685803,337091699453534,337091699453534,0,337091699753235,337091699755194,337091700822152,337091700971694,337091734937267,337091699746527,16800400,337091701004194,337091701177027,337091704052985,337091711553777,337091717661944,19625,590333,337091717661944,337091712496069,-1,337091711553777,
0,116685811,337091716253934,337091716253934,0,337091716585152,337091716586819,337091717825777,337091717992485,337091751737667,337091716578235,16800400,337091718026860,337091719553735,337091721200819,337091729633444,337091735746444,21042,321583,337091735746444,337091730327694,-1,337091729633444,
0,116685819,337091733054334,337091733054334,0,337091733316069,337091733317610,337091734830194,337091734999860,337091768538067,337091733309652,16800400,337091735036277,337091735307152,337091737218152,337091746148194,337091752272944,18459,821291,337091752272944,337091747472694,-1,337091746148194,
0,116685827,337091749854734,337091749854734,0,337091750119069,337091750121069,337091751216277,337091751368819,337091785338467,337091750112777,16800400,337091751402694,337091751579777,337091753394527,337091762373277,337091768521444,15750,636750,337091768521444,337091763420319,-1,337091762373277,
0,116685835,337091766655134,337091766655134,0,337091766957069,337091766958735,337091768283194,337091768480610,337091802138867,337091766949985,16800400,337091768689610,337091768885194,337091770426069,337091778736985,337091784810819,19625,607584,337091784810819,337091779720152,-1,337091778736985,
0,116685843,337091783455534,337091783455534,0,337091783787902,337091783789819,337091785054652,337091785301277,337091818939267,337091783780235,16800400,337091785443944,337091785638069,337091787377235,337091796675610,337091802813069,20125,776041,337091802813069,337091797846402,-1,337091796675610,
0,116685851,337091800255934,337091800255934,0,337091800604569,337091800606152,337091801710610,337091801865777,337091835739667,337091800597777,16800400,337091801899485,337091802077319,337091803708152,337091812479194,337091818517735,17750,642625,337091818517735,337091813545819,-1,337091812479194,
0,116685859,337091817056334,337091817056334,0,337091817381694,337091817383569,337091818462735,337091818630902,337091852540067,337091817374277,16800400,337091818668569,337091818921152,337091820740360,337091830010610,337091836105152,172708,755833,337091836105152,337091831337860,-1,337091830010610,
0,116685867,337091833856734,337091833856734,0,337091834192694,337091834194235,337091835210902,337091835360569,337091869340467,337091834186152,16800400,337091835393860,337091835575319,337091837383610,337091846102152,337091852212485,153375,746250,337091852212485,337091847223777,-1,337091846102152,
0,116685875,337091850657134,337091850657134,0,337091850957152,337091850959194,337091853662360,337091853841819,337091886140867,337091850949860,16800400,337091853881944,337091854089319,337091855634694,337091863948319,337091870122110,19834,942084,337091870122110,337091865311610,-1,337091863948319,
0,116685883,337091867457534,337091867457534,0,337091867788735,337091867790402,337091869181110,337091869335277,337091902941267,337091867781735,16800400,337091869371652,337091869562860,337091871179527,337091879865985,337091886047944,18833,622208,337091886047944,337091880944027,-1,337091879865985,
0,116685891,337091884257934,337091884257934,0,337091884601444,337091884603069,337091885735610,337091885894319,337091919741667,337091884594027,16800400,337091885961985,337091890427985,337091891872777,337091900664360,337091907024402,53333,480083,337091907024402,337091901500819,-1,337091900664360,
0,116685899,337091901058334,337091901058334,0,337091901722152,337091901724027,337091902851360,337091903012944,337091936542067,337091901715402,16800400,337091903050860,337091904682694,337091906187152,337091914496569,337091920677735,22959,323833,337091920677735,337091915232694,-1,337091914496569,
0,116685907,337091917858734,337091917858734,0,337091918278735,337091918280819,337091919559944,337091919729902,337091953342467,337091918270652,16800400,337091919764027,337091921317610,337091922874819,337091931041235,337091937230819,20875,381833,337091937230819,337091931882152,-1,337091931041235,
0,116685915,337091934659134,337091934659134,0,337091934941485,337091934942944,337091935939277,337091936130360,337091970142867,337091934935402,16800400,337091936164527,337091936338985,337091939111485,337091946808444,337091952877527,19125,311208,337091952877527,337091947442110,-1,337091946808444,
0,116685923,337091951459534,337091951459534,0,337091951777527,337091951778777,337091952819485,337091952991860,337091986943267,337091951771152,16800400,337091953030402,337091953203319,337091954563319,337091962093485,337091968101652,344333,320917,337091968101652,337091962766652,-1,337091962093485,
0,116685931,337091968259934,337091968259934,0,337091968537944,337091968539819,337091969426944,337091969568194,337092003743667,337091968531694,16800400,337091969599735,337091969765819,337091971279569,337091979227985,337091985244860,485458,324292,337091985244860,337091979888610,-1,337091979227985,
0,116685939,337091985060334,337091985060334,0,337091985448485,337091985450069,337091986565819,337091986750402,337092020544067,337091985441694,16800400,337091986786902,337091986976694,337091988557652,337091997588944,337092003600360,302125,369208,337092003600360,337091998300985,-1,337091997588944,
0,116685947,337092001860734,337092001860734,0,337092002171402,337092002172944,337092003180777,337092003333194,337092037344467,337092002164902,16800400,337092003366944,337092003537194,337092005020194,337092014155152,337092020262652,345625,339750,337092020262652,337092014915694,-1,337092014155152,
0,116685955,337092018661134,337092018661134,0,337092018971069,337092018972485,337092019872569,337092020085569,337092054144867,337092018964444,16800400,337092020264860,337092020475360,337092022480819,337092031192652,337092037228069,23209,317375,337092037228069,337092031863319,-1,337092031192652,
0,116685963,337092035461534,337092035461534,0,337092035795152,337092035796610,337092036899360,337092037057985,337092070945267,337092035787985,16800400,337092037092360,337092037288985,337092039092152,337092046775694,337092052830235,17208,318709,337092052830235,337092047452027,-1,337092046775694,
0,116685971,337092052261934,337092052261934,0,337092052612277,337092052614235,337092053743860,337092053905485,337092087745667,337092052604527,16800400,337092053940027,337092054139652,337092056152152,337092064464485,337092070488569,19834,314917,337092070488569,337092065128402,-1,337092064464485,
0,116685979,337092069062334,337092069062334,0,337092069360610,337092069362069,337092070445152,337092070604444,337092104546067,337092069353985,16800400,337092070639819,337092070817777,337092072546402,337092081399110,337092087459985,357709,362750,337092087459985,337092082151319,-1,337092081399110,
0,116685987,337092085862734,337092085862734,0,337092086537902,337092086539485,337092087465235,337092087667069,337092121346467,337092086531069,16800400,337092087699860,337092087972152,337092089675819,337092098508985,337092104547485,18834,335875,337092104547485,337092099222694,-1,337092098508985,
0,116685995,337092102663134,337092102663134,0,337092102972485,337092102974235,337092104487652,337092104660235,337092138146867,337092102965694,16800400,337092104698069,337092104887902,337092106762527,337092115168944,337092121204569,18375,419667,337092121204569,337092115960235,-1,337092115168944,
0,116686003,337092119463534,337092119463534,0,337092119772360,337092119774402,337092121032569,337092121268985,337092154947267,337092119764652,16800400,337092121307694,337092121539319,337092123267444,337092131604777,337092137633819,18625,395584,337092137633819,337092132374944,-1,337092131604777,
0,116686011,337092136263934,337092136263934,0,337092136594319,337092136595985,337092137638610,337092137953652,337092171747667,337092136585485,16800400,337092137990902,337092138189652,337092139902152,337092148964027,337092156406527,18708,313417,337092156406527,337092149674444,-1,337092148964027,
0,116686019,337092153064334,337092153064334,0,337092153374486,337092153375986,337092154377152,337092154529486,337092188548067,337092153367736,16800400,337092154562611,337092154747069,337092156598361,337092166115861,337092173283694,211083,679834,337092173283694,337092167397736,-1,337092166115861,
0,116686027,337092169864734,337092169864734,0,337092170163902,337092170165527,337092171059944,337092171207611,337092205348467,337092170157277,16800400,337092171240527,337092171454319,337092173506402,337092182488319,337092188818236,39084,742291,337092188818236,337092183798527,-1,337092182488319,
0,116686035,337092186665134,337092186665134,0,337092186983527,337092186985194,337092188087986,337092188250402,337092222148867,337092186976319,16800400,337092188288444,337092188484986,337092190304361,337092199120194,337092205294944,113750,408500,337092205294944,337092199939069,-1,337092199120194,
0,116686043,337092203465534,337092203465534,0,337092203806277,337092203807902,337092205002319,337092205170111,337092238949267,337092203799236,16800400,337092205211111,337092205427944,337092206973361,337092214796569,337092220931027,54000,343541,337092220931027,337092215508111,-1,337092214796569,
0,116686051,337092220265934,337092220265934,0,337092220591069,337092220592527,337092221592527,337092221739611,337092255749667,337092220583694,16800400,337092221772652,337092221950486,337092223536027,337092232395069,337092238428486,115500,316875,337092238428486,337092233059861,-1,337092232395069,
0,116686059,337092237066334,337092237066334,0,337092237379319,337092237380902,337092238706777,337092238859694,337092272550067,337092237372444,16800400,337092238893111,337092239074694,337092240784777,337092248696611,337092254740027,17208,343791,337092254740027,337092249384611,-1,337092248696611,
0,116686067,337092253866734,337092253866734,0,337092254178736,337092254180152,337092255307069,337092255462694,337092289350467,337092254172194,16800400,337092255496694,337092255672152,337092257478819,337092265790319,337092271831111,16334,327125,337092271831111,337092266509236,-1,337092265790319,
0,116686075,337092270667134,337092270667134,0,337092270966527,337092270968111,337092272036111,337092272194361,337092306150867,337092270960194,16800400,337092272228861,337092272431402,337092273939486,337092282021611,337092288091486,168167,334375,337092288091486,337092282763486,-1,337092282021611,
0,116686083,337092287467534,337092287467534,0,337092287766736,337092287768194,337092288828319,337092288976819,337092322951267,337092287759902,16800400,337092289009152,337092289185444,337092290907902,337092300680444,337092306737777,318959,354959,337092306737777,337092301418819,-1,337092300680444,
0,116686091,337092304267934,337092304267934,0,337092304584027,337092304585611,337092305712069,337092305919902,337092339751667,337092304576444,16800400,337092305956569,337092306170819,337092307819194,337092316144236,337092322191111,16125,327958,337092322191111,337092316868277,-1,337092316144236,
0,116686099,337092321068334,337092321068334,0,337092321378319,337092321379986,337092322942944,337092323116611,337092356552067,337092321371611,16800400,337092323154361,337092323360402,337092325214152,337092333918777,337092339973652,20042,315000,337092339973652,337092334675652,-1,337092333918777,
0,116686107,337092337868734,337092337868734,0,337092338147944,337092338149527,337092339623902,337092339791569,337092373352467,337092338141111,16800400,337092339828777,337092340127444,337092341855736,337092351133069,337092357171361,19875,839334,337092357171361,337092352321861,-1,337092351133069,
0,116686115,337092354669134,337092354669134,0,337092354969819,337092354971361,337092355877486,337092356152736,337092390152867,337092354962736,16800400,337092356187152,337092356372569,337092358075944,337092366460444,337092372545819,81500,670708,337092372545819,337092367476486,-1,337092366460444,
0,116686123,337092371469534,337092371469534,0,337092371770736,337092371772319,337092372967361,337092373134486,337092406953267,337092371763944,16800400,337092373169944,337092373371444,337092375252027,337092384372361,337092390485319,19125,630333,337092390485319,337092385367736,-1,337092384372361,
0,116686131,337092388269934,337092388269934,0,337092388570319,337092388571861,337092389487652,337092389636319,337092423753667,337092388563486,16800400,337092389669027,337092389849444,337092391564194,337092400092236,337092406130694,180625,623375,337092406130694,337092401086486,-1,337092400092236,
0,116686139,337092405070334,337092405070334,0,337092405353736,337092405355486,337092406857569,337092407024944,337092440554067,337092405346694,16800400,337092408500861,337092408710611,337092410409444,337092419633777,337092425687027,21917,608917,337092425687027,337092420592027,-1,337092419633777,
0,116686147,337092421870734,337092421870734,0,337092422133819,337092422135694,337092423008444,337092423154027,337092457354467,337092422127152,16800400,337092423186486,337092423425361,337092425090236,337092434735527,337092440840277,316583,736000,337092440840277,337092435848861,-1,337092434735527,
0,116686155,337092438671134,337092438671134,0,337092438977819,337092438979694,337092439906194,337092440093361,337092474154867,337092438971194,16800400,337092440126777,337092440313277,337092441940902,337092450351902,337092456449486,158084,567791,337092456449486,337092451291402,-1,337092450351902,
0,116686163,337092455471534,337092455471534,0,337092455812652,337092455814611,337092456996444,337092457160569,337092490955267,337092455804777,16800400,337092457195944,337092457411402,337092459132777,337092468325736,337092474414152,17542,601334,337092474414152,337092469301819,-1,337092468325736,
0,116686171,337092472271934,337092472271934,0,337092472571777,337092472573236,337092473468152,337092473615569,337092507755667,337092472565194,16800400,337092473647402,337092473873319,337092475562569,337092485291319,337092491409569,442375,942833,337092491409569,337092486632444,-1,337092485291319,
0,116686179,337092489072334,337092489072334,0,337092489401736,337092489403444,337092490578986,337092490745611,337092524556067,337092489395319,16800400,337092490782902,337092491039027,337092492842611,337092502370194,337092509343444,22167,882458,337092509343444,337092503611527,-1,337092502370194,
0,116686187,337092505872734,337092505872734,0,337092506238444,337092506240236,337092507475027,337092507639819,337092541356467,337092506231069,16800400,337092507676069,337092507867736,337092509744944,337092517845611,337092524068736,16167,640750,337092524068736,337092518962111,-1,337092517845611,
0,116686195,337092522673134,337092522673134,0,337092522993944,337092522995694,337092523880277,337092525372361,337092558156867,337092522986777,16800400,337092525416277,337092525717736,337092527313902,337092535333319,337092541500402,22458,624500,337092541500402,337092536354777,-1,337092535333319,
0,116686203,337092539473534,337092539473534,0,337092539756069,337092539757736,337092541221652,337092541378194,337092574957267,337092539749194,16800400,337092541414736,337092541698027,337092543315694,337092551589819,337092557648027,17500,688291,337092557648027,337092552679819,-1,337092551589819,
0,116686211,337092556273934,337092556273934,0,337092556604111,337092556606069,337092557572027,337092557727652,337092591757667,337092556597111,16800400,337092557761694,337092557941402,337092559460861,337092567849944,337092573928361,227291,667875,337092573928361,337092568915111,-1,337092567849944,
0,116686219,337092573074334,337092573074334,0,337092573389861,337092573391527,337092574447486,337092574604944,337092608558067,337092573383319,16800400,337092574638027,337092574832027,337092576378527,337092584856652,337092590911111,160000,595208,337092590911111,337092585794569,-1,337092584856652,
0,116686227,337092589874734,337092589874734,0,337092590190819,337092590192319,337092591355111,337092591516402,337092625358467,337092590184111,16800400,337092591551236,337092591747777,337092593803944,337092602754069,337092608880861,18458,653667,337092608880861,337092603762819,-1,337092602754069,
0,116686235,337092606675134,337092606675134,0,337092607026569,337092607028194,337092607943402,337092608196986,337092642158867,337092607019986,16800400,337092608231027,337092608414444,337092610039527,337092618376777,337092624412944,116541,665542,337092624412944,337092619391194,-1,337092618376777,
0,116686243,337092623475534,337092623475534,0,337092623907152,337092623908736,337092625575277,337092625752277,337092658959267,337092623899736,16800400,337092625790152,337092626088361,337092627807902,337092636794777,337092642882777,20875,794167,337092642882777,337092638007694,-1,337092636794777,
0,116686251,337092640275934,337092640275934,0,337092640537152,337092640538777,337092641420444,337092641566444,337092675759667,337092640530486,16800400,337092641599194,337092641780111,337092643490944,337092653416069,337092659543277,322917,357542,337092659543277,337092654246194,-1,337092653416069,
0,116686259,337092657076334,337092657076334,0,337092657432652,337092657434111,337092658335736,337092658485277,337092692560067,337092657426111,16800400,337092658517652,337092658695444,337092660652777,337092668639736,337092674709777,16583,333834,337092674709777,337092669329944,-1,337092668639736,
0,116686267,337092673876734,337092673876734,0,337092674168069,337092674169777,337092675601611,337092675771402,337092709360467,337092674160777,16800400,337092675807819,337092676079861,337092677856527,337092686906694,337092692954694,19167,693875,337092692954694,337092688170569,-1,337092686906694,
0,116686275,337092690677134,337092690677134,0,337092690967986,337092690969527,337092691933527,337092692127111,337092726160867,337092690961361,16800400,337092692161486,337092692344944,337092694033152,337092702604069,337092708632444,190916,611833,337092708632444,337092703573777,-1,337092702604069,
0,116686283,337092707477534,337092707477534,0,337092707782569,337092707784111,337092708886777,337092709054027,337092742961267,337092707776069,16800400,337092709089652,337092709291986,337092711078444,337092720571194,337092726659986,98084,564167,337092726659986,337092721506819,-1,337092720571194,
0,116686291,337092724277934,337092724277934,0,337092724560944,337092724562486,337092725663152,337092725819944,337092759761667,337092724554486,16800400,337092725854944,337092726041027,337092727716402,337092735943986,337092742568819,115792,558750,337092742568819,337092736987736,-1,337092735943986,
0,116686307,337092757878734,337092757878734,0,337092758227319,337092758229486,337092759333652,337092759507277,337092776562067,337092758219236,16800400,337092759543652,337092759753944,337092761760986,337092771029152,337092777072444,20000,979125,337092777072444,337092772391527,-1,337092771029152,
0,116686315,337092774679134,337092774679134,0,337092775005777,337092775007611,337092776273819,337092776466611,337092810162867,337092774998611,16800400,337092776693527,337092776911861,337092778861777,337092789701069,337092795752236,21416,717500,337092795752236,337092790800194,-1,337092789701069,
0,116686323,337092791479534,337092791479534,0,337092791861777,337092791863361,337092793269152,337092793557236,337092826963267,337092791853319,16800400,337092793598652,337092793798652,337092795618652,337092805451694,337092811843402,19916,818959,337092811843402,337092806910402,-1,337092805451694,
0,116686331,337092808279934,337092808279934,0,337092808610944,337092808612569,337092809939902,337092810355027,337092843763667,337092808602736,16800400,337092810399194,337092810668652,337092812495402,337092821746986,337092827912444,20458,974667,337092827912444,337092823104277,-1,337092821746986,
0,116686339,337092825080334,337092825080334,0,337092825383861,337092825385486,337092826661944,337092826910319,337092860564067,337092825376652,16800400,337092826949527,337092827164527,337092829241319,337092839056736,337092846053069,20458,644500,337092846053069,337092840331777,-1,337092839056736,
0,116686347,337092841880734,337092841880734,0,337092842168694,337092842170319,337092843409944,337092843573028,337092877364467,337092842161319,16800400,337092843609361,337092843801111,337092845802903,337092854962069,337092861053986,19875,857250,337092861053986,337092856261819,-1,337092854962069,
0,116686355,337092858681134,337092858681134,0,337092858972361,337092858973986,337092859979111,337092860162069,337092894164867,337092858965153,16800400,337092860195194,337092860375819,337092862060986,337092871123903,337092877261111,153375,668417,337092877261111,337092872167486,-1,337092871123903,
0,116686363,337092875481534,337092875481534,0,337092875773278,337092875774944,337092878594778,337092878781444,337092910965267,337092875766653,16800400,337092878818319,337092879089819,337092880908236,337092889217819,337092895283403,23125,537000,337092895283403,337092890320028,-1,337092889217819,
0,116686371,337092892281934,337092892281934,0,337092892547778,337092892549361,337092894047736,337092894221611,337092927765667,337092892541278,16800400,337092894259111,337092894463569,337092896342778,337092905703361,337092911826653,21708,889875,337092911826653,337092906975069,-1,337092905703361,
0,116686379,337092909082334,337092909082334,0,337092909412611,337092909414278,337092910577569,337092910741153,337092944566067,337092909405528,16800400,337092910775778,337092910956694,337092912743236,337092921499444,337092927665319,17959,666958,337092927665319,337092922535361,-1,337092921499444,
0,116686387,337092925882734,337092925882734,0,337092926223528,337092926225153,337092927244694,337092927555653,337092961366467,337092926216069,16800400,337092927600903,337092927828819,337092929520444,337092937758153,337092943878028,27041,571125,337092943878028,337092938696944,-1,337092937758153,
0,116686395,337092942683134,337092942683134,0,337092943011444,337092943013194,337092944269486,337092944526111,337092978166867,337092943004903,16800400,337092944566111,337092944884486,337092946712778,337092955421528,337092961674236,52125,589083,337092961674236,337092956427278,-1,337092955421528,
0,116686403,337092959483534,337092959483534,0,337092959791903,337092959793319,337092961112486,337092961285153,337092994967267,337092959784944,16800400,337092961325736,337092961603861,337092963394361,337092972470611,337092978667194,18792,567000,337092978667194,337092973779486,-1,337092972470611,
0,116686411,337092976283934,337092976283934,0,337092976579111,337092976580569,337092977467361,337092977615028,337093011767667,337092976571653,16800400,337092978110361,337092978312778,337092979959653,337092988185111,337092994299361,47042,607375,337092994299361,337092989187153,-1,337092988185111,
0,116686419,337092993084334,337092993084334,0,337092993489569,337092993491111,337092994822778,337092995107069,337093028568067,337092993480778,16800400,337092995147778,337092995348653,337092997190486,337093006060069,337093012144903,20333,582000,337093012144903,337093007057278,-1,337093006060069,
0,116686427,337093009884734,337093009884734,0,337093010190194,337093010191861,337093011209028,337093011364153,337093045368467,337093010183444,16800400,337093011397861,337093011612194,337093013432069,337093021699861,337093027828486,18375,577041,337093027828486,337093022707944,-1,337093021699861,
0,116686435,337093026685134,337093026685134,0,337093026986444,337093026987903,337093028324611,337093028677528,337093062168867,337093026979694,16800400,337093028720611,337093028921069,337093030734569,337093039953028,337093046116278,19875,780375,337093046116278,337093041194236,-1,337093039953028,
0,116686443,337093043485534,337093043485534,0,337093043762153,337093043764153,337093044901944,337093045055611,337093078969267,337093043755444,16800400,337093045090694,337093045267486,337093047027819,337093055390819,337093061562486,23500,619250,337093061562486,337093056380819,-1,337093055390819,
0,116686451,337093060285934,337093060285934,0,337093060628153,337093060630236,337093061866486,337093062127819,337093095769667,337093060620486,16800400,337093062164861,337093062499111,337093064242444,337093073184986,337093079231028,55041,607542,337093079231028,337093074176778,-1,337093073184986,
0,116686459,337093077086334,337093077086334,0,337093077366903,337093077368444,337093078843569,337093079005653,337093112570067,337093077360569,16800400,337093079042944,337093079269153,337093081028403,337093089501486,337093095619194,17875,576500,337093095619194,337093090430444,-1,337093089501486,
0,116686467,337093093886734,337093093886734,0,337093094163611,337093094165111,337093096064236,337093096252944,337093129370467,337093094156611,16800400,337093096297611,337093096565111,337093098291778,337093107554028,337093113698194,22625,823375,337093113698194,337093108802153,-1,337093107554028,
0,116686475,337093110687134,337093110687134,0,337093110989486,337093110990944,337093111870819,337093112067153,337093146170867,337093110982778,16800400,337093112100861,337093112300736,337093113913153,337093123252236,337093129360444,230750,615250,337093129360444,337093124236944,-1,337093123252236,
0,116686483,337093127487534,337093127487534,0,337093128250861,337093128252569,337093129282611,337093129456569,337093162971267,337093128240069,16800400,337093129495819,337093129694194,337093131402778,337093140499028,337093146558194,21458,644958,337093146558194,337093141689736,-1,337093140499028,
0,116686491,337093144287934,337093144287934,0,337093144608236,337093144610194,337093145586736,337093145757653,337093179771667,337093144600653,16800400,337093145816819,337093146017903,337093147766861,337093156130236,337093162184319,16666,314167,337093162184319,337093156791611,-1,337093156130236,
0,116686499,337093161088334,337093161088334,0,337093161480569,337093161482194,337093162602278,337093162780819,337093196572067,337093161473319,16800400,337093162814694,337093162998778,337093165864444,337093173895653,337093180360903,22458,321667,337093180360903,337093174993403,-1,337093173895653,
0,116686507,337093177888734,337093177888734,0,337093178179236,337093178180694,337093179241694,337093179395819,337093213372467,337093178173236,16800400,337093179429528,337093179600736,337093181701736,337093190202736,337093196246528,18792,331458,337093196246528,337093190887903,-1,337093190202736,
0,116686515,337093194689134,337093194689134,0,337093194965111,337093194966986,337093196037236,337093196192653,337093230172867,337093194958444,16800400,337093196232861,337093197577028,337093199027028,337093207500694,337093213620236,20667,377542,337093213620236,337093208227444,-1,337093207500694,
0,116686523,337093211489534,337093211489534,0,337093211779444,337093211781486,337093213021903,337093213183736,337093246973267,337093211770069,16800400,337093213222278,337093213409736,337093216309819,337093224758944,337093230882861,22000,798791,337093230882861,337093225911569,-1,337093224758944,
0,116686531,337093228289934,337093228289934,0,337093228635069,337093228636653,337093229677944,337093229843611,337093263773667,337093228627819,16800400,337093229880819,337093230073403,337093232516653,337093241928944,337093248099903,653292,345667,337093248099903,337093242635528,-1,337093241928944,
0,116686539,337093245090334,337093245090334,0,337093245489444,337093245491028,337093247045153,337093248777736,337093280574067,337093245482028,16800400,337093248818111,337093249372944,337093250753111,337093258582944,337093264733569,21042,559625,337093264733569,337093259486403,-1,337093258582944,
0,116686547,337093261890734,337093261890734,0,337093262225611,337093262227403,337093263088694,337093263244444,337093297374467,337093262218986,16800400,337093263278611,337093263466194,337093264953736,337093273386486,337093279464986,564000,343542,337093279464986,337093274158528,-1,337093273386486,
0,116686555,337093278691134,337093278691134,0,337093279004819,337093279006319,337093279920236,337093280123944,337093314174867,337093278997986,16800400,337093280158236,337093280369069,337093282080361,337093290337194,337093296379403,96250,584542,337093296379403,337093291257528,-1,337093290337194,
0,116686563,337093295491534,337093295491534,0,337093295946944,337093295948528,337093297114153,337093297291111,337093330975267,337093295938944,16800400,337093297328944,337093297521986,337093299499194,337093307790028,337093313834528,21000,660792,337093313834528,337093308848403,-1,337093307790028,
0,116686571,337093312291934,337093312291934,0,337093312634903,337093312636486,337093313714278,337093313871319,337093347775667,337093312627569,16800400,337093313907403,337093314086236,337093315651111,337093325445569,337093331483486,75917,329875,337093331483486,337093326122361,-1,337093325445569,
0,116686579,337093329092334,337093329092334,0,337093329395111,337093329396611,337093330420819,337093330572111,337093364576067,337093329388236,16800400,337093330606069,337093330801278,337093332437986,337093341481528,337093347518736,131750,429833,337093347518736,337093342243278,-1,337093341481528,
0,116686587,337093345892734,337093345892734,0,337093346169736,337093346171486,337093347233903,337093347389028,337093381376467,337093346163403,16800400,337093347422653,337093347628361,337093349231736,337093357473736,337093363531361,118750,694916,337093363531361,337093358520153,-1,337093357473736,
0,116686595,337093362693134,337093362693134,0,337093363022069,337093363023653,337093364163694,337093364324611,337093398176867,337093363015111,16800400,337093364359319,337093364591653,337093366362986,337093375358653,337093381396361,19167,632958,337093381396361,337093376338444,-1,337093375358653,
0,116686603,337093379493534,337093379493534,0,337093379782028,337093379783778,337093380686319,337093380837903,337093414977267,337093379775319,16800400,337093380870736,337093381099194,337093382669694,337093391689403,337093397727403,290209,439333,337093397727403,337093392488361,-1,337093391689403,
0,116686611,337093396293934,337093396293934,0,337093396626736,337093396628486,337093397745611,337093397914028,337093431777667,337093396619111,16800400,337093397951028,337093398162986,337093400197319,337093409095403,337093415186653,19459,375667,337093415186653,337093409849319,-1,337093409095403,
0,116686619,337093413094334,337093413094334,0,337093413419361,337093413421069,337093414459528,337093415078319,337093448578067,337093413412153,16800400,337093415143236,337093415387319,337093417246986,337093425593153,337093431646236,21375,327666,337093431646236,337093426274486,-1,337093425593153,
0,116686627,337093429894734,337093429894734,0,337093430185028,337093430186486,337093431481944,337093431648236,337093465378467,337093430178403,16800400,337093431684194,337093432062819,337093433736819,337093441347819,337093447653486,17459,327667,337093447653486,337093442054861,-1,337093441347819,
0,116686635,337093446695134,337093446695134,0,337093447056736,337093447058569,337093448254486,337093448418278,337093482178867,337093447049528,16800400,337093448454569,337093448790569,337093450601861,337093461458236,337093467589028,545250,655750,337093467589028,337093462544569,-1,337093461458236,
0,116686643,337093463495534,337093463495534,0,337093463823153,337093463824611,337093464906653,337093465069028,337093498979267,337093463816069,16800400,337093465107278,337093465582736,337093467436903,337093476255778,337093482432028,17375,539500,337093482432028,337093477379236,-1,337093476255778,
0,116686651,337093480295934,337093480295934,0,337093480753569,337093480755778,337093482023694,337093482192819,337093515779667,337093480743028,16800400,337093482228778,337093482453778,337093484153319,337093492343361,337093498421319,347750,562625,337093498421319,337093493308319,-1,337093492343361,
0,116686659,337093497096334,337093497096334,0,337093497388944,337093497390819,337093498414653,337093498567653,337093532580067,337093497382153,16800400,337093498601069,337093498838944,337093501755736,337093509384069,337093515585653,24750,539459,337093515585653,337093510443278,-1,337093509384069,
0,116686667,337093513896734,337093513896734,0,337093514205861,337093514207444,337093515466528,337093515623611,337093549380467,337093514198986,16800400,337093515660028,337093515944903,337093517644819,337093525499778,337093531539153,19542,629167,337093531539153,337093526468236,-1,337093525499778,
0,116686675,337093530697134,337093530697134,0,337093530973194,337093530974903,337093532142861,337093532294861,337093566180867,337093530966528,16800400,337093532327736,337093532577986,337093534428194,337093542941195,337093549010528,18834,598333,337093549010528,337093543902903,-1,337093542941195,
0,116686683,337093547497534,337093547497534,0,337093547769153,337093547771028,337093548693486,337093548863486,337093582981267,337093547762736,16800400,337093548899986,337093549103403,337093550900070,337093558633528,337093564697778,90417,559084,337093564697778,337093559556736,-1,337093558633528,
0,116686691,337093564297934,337093564297934,0,337093564596653,337093564598528,337093566056778,337093566215361,337093599781667,337093564589736,16800400,337093566250236,337093567751070,337093569193861,337093576515361,337093582621111,21500,536208,337093582621111,337093577387611,-1,337093576515361,
0,116686699,337093581098334,337093581098334,0,337093581414153,337093581415653,337093582264778,337093582408903,337093616582067,337093581406986,16800400,337093582441486,337093582616695,337093584512528,337093592667111,337093598789320,18708,554709,337093598789320,337093593652820,-1,337093592667111,
0,116686707,337093597898734,337093597898734,0,337093598187028,337093598188653,337093599561986,337093599721278,337093633382467,337093598180570,16800400,337093599755028,337093600090361,337093602004445,337093610355236,337093616430903,20959,557167,337093616430903,337093611262903,-1,337093610355236,
0,116686715,337093614699134,337093614699134,0,337093615172945,337093615175070,337093616298986,337093616527278,337093650182867,337093615165778,16800400,337093616586736,337093618055236,337093619908778,337093627395361,337093634748236,21958,647792,337093634748236,337093628424403,-1,337093627395361,
0,116686723,337093631499534,337093631499534,0,337093631883278,337093631884986,337093633044861,337093633224820,337093650182867,337093631876736,16800400,337093633262945,337093633572611,337093635433195,337093643823195,337093649912695,21166,431958,337093649912695,337093644664695,-1,337093643823195,
0,116686731,337093648299934,337093648299934,0,337093648620028,337093648621570,337093649883528,337093650047611,337093666983267,337093648613361,16800400,337093650084611,337093650385070,337093652060278,337093660875486,337091633683527,19500,302541,337091633683527,337093661511403,-1,337093660875486,
---PROFILEDATA---


View hierarchy:

  com.auroratv.lab/com.auroratv.MainActivity/android.view.ViewRootImpl@38be329
  396 views, 771.60 kB of render nodes


Total ViewRootImpl   : 1
Total attached Views : 396
Total RenderNode     : 771.60 kB (used) / 2962.88 kB (capacity)

