16683333
0	0	0
0	0	0
0	0	0
0	0	0
0	0	0
0	0	0
0	0	0
0	0	0
0	0	0
0	0	0
0	0	0
0	0	0
0	0	0
0	0	0
0	0	0
0	0	0
0	0	0
0	0	0
0	0	0
0	0	0
0	0	0
0	0	0
0	0	0
0	0	0
0	0	0
0	0	0
0	0	0
0	0	0
0	0	0
0	0	0
0	0	0
0	0	0
0	0	0
0	0	0
0	0	0
0	0	0
0	0	0
0	0	0
0	0	0
0	0	0
0	0	0
0	0	0
0	0	0
0	0	0
0	0	0
0	0	0
0	0	0
0	0	0
0	0	0
0	0	0
0	0	0
0	0	0
0	0	0
0	0	0
0	0	0
0	0	0
0	0	0
0	0	0
0	0	0
0	0	0
0	0	0
0	0	0
0	0	0
0	0	0
0	0	0
0	0	0
0	0	0
0	0	0
0	0	0
0	0	0
0	0	0
0	0	0
0	0	0
0	0	0
0	0	0
0	0	0
0	0	0
0	0	0
0	0	0
0	0	0
0	0	0
0	0	0
0	0	0
0	0	0
0	0	0
0	0	0
0	0	0
0	0	0
0	0	0
0	0	0
0	0	0
0	0	0
0	0	0
0	0	0
0	0	0
0	0	0
0	0	0
0	0	0
0	0	0
0	0	0
0	0	0
0	0	0
0	0	0
0	0	0
0	0	0
0	0	0
0	0	0
0	0	0
0	0	0
0	0	0
0	0	0
0	0	0
0	0	0
0	0	0
0	0	0
0	0	0
0	0	0
0	0	0
0	0	0
0	0	0
0	0	0
0	0	0
0	0	0
0	0	0
0	0	0
0	0	0
0	0	0

===
16683333
0	0	0
0	0	0
0	0	0
0	0	0
0	0	0
0	0	0
0	0	0
0	0	0
0	0	0
0	0	0
0	0	0
0	0	0
0	0	0
0	0	0
0	0	0
0	0	0
0	0	0
0	0	0
0	0	0
0	0	0
0	0	0
0	0	0
0	0	0
0	0	0
0	0	0
0	0	0
0	0	0
0	0	0
0	0	0
0	0	0
0	0	0
0	0	0
0	0	0
0	0	0
0	0	0
0	0	0
0	0	0
0	0	0
0	0	0
0	0	0
0	0	0
0	0	0
0	0	0
0	0	0
0	0	0
0	0	0
0	0	0
0	0	0
0	0	0
0	0	0
0	0	0
0	0	0
0	0	0
0	0	0
0	0	0
0	0	0
0	0	0
0	0	0
0	0	0
0	0	0
0	0	0
0	0	0
0	0	0
0	0	0
0	0	0
0	0	0
0	0	0
0	0	0
0	0	0
0	0	0
0	0	0
0	0	0
0	0	0
0	0	0
0	0	0
0	0	0
0	0	0
0	0	0
0	0	0
0	0	0
0	0	0
0	0	0
0	0	0
0	0	0
0	0	0
0	0	0
0	0	0
0	0	0
0	0	0
0	0	0
0	0	0
0	0	0
0	0	0
0	0	0
0	0	0
0	0	0
0	0	0
0	0	0
0	0	0
0	0	0
0	0	0
0	0	0
338748184609900	338748199707111	338748201011817
338748211683734	338748216390444	338748230032650
338748236797025	338748249757110	338748255368484
338748259932525	338748283123776	338748282766275
338748289219400	338748316490442	338748312173317
338748313098775	338748333173775	338748331315650
338748328440859	338748349857108	338748339697025
338748346045150	338748366540441	338748353668650
338748355779775	338748383223774	338748363377692
338748375686025	338748399907107	338748383318317
338748393905484	338748416590440	338748401524317
338748410611609	338748433273773	338748418283609
338748427619067	338748449957106	338748435283775
338748444514900	338748466640439	338748452126775
338748457421359	338748483323772	338748465067275
338748474163067	338748500007105	338748481728900
338748492248317	338748516690438	338748499528025
338748866544484	338748900407097	338748888663942
338748889574775	338748917090430	338748917735776
338748919145401	338748950457096	338748948456817
338748942121984	338748983823762	338748972630401
338748969314651	338749000507095	338748983827526
338749002252942	338749017190428	338749012386317
338749022844234	338749033873761	338749032960734
338749038194901	338749050557094	338749048301484

===
16683333
0	0	0
0	0	0
0	0	0
0	0	0
0	0	0
0	0	0
0	0	0
0	0	0
0	0	0
0	0	0
0	0	0
0	0	0
0	0	0
0	0	0
0	0	0
0	0	0
0	0	0
0	0	0
0	0	0
0	0	0
0	0	0
0	0	0
0	0	0
0	0	0
0	0	0
0	0	0
0	0	0
0	0	0
0	0	0
0	0	0
338748184609900	338748199707111	338748201011817
338748211683734	338748216390444	338748230032650
338748236797025	338748249757110	338748255368484
338748259932525	338748283123776	338748282766275
338748289219400	338748316490442	338748312173317
338748313098775	338748333173775	338748331315650
338748328440859	338748349857108	338748339697025
338748346045150	338748366540441	338748353668650
338748355779775	338748383223774	338748363377692
338748375686025	338748399907107	338748383318317
338748393905484	338748416590440	338748401524317
338748410611609	338748433273773	338748418283609
338748427619067	338748449957106	338748435283775
338748444514900	338748466640439	338748452126775
338748457421359	338748483323772	338748465067275
338748474163067	338748500007105	338748481728900
338748492248317	338748516690438	338748499528025
338748866544484	338748900407097	338748888663942
338748889574775	338748917090430	338748917735776
338748919145401	338748950457096	338748948456817
338748942121984	338748983823762	338748972630401
338748969314651	338749000507095	338748983827526
338749002252942	338749017190428	338749012386317
338749022844234	338749033873761	338749032960734
338749038194901	338749050557094	338749048301484
338749053724109	338749067240427	338749063680859
338749070946234	338749083923760	338749080807401
338749094321942	338749100607093	338749101753026
338749107053609	338749117290426	338749114651776
338749118788442	338749133973759	338749126315609
338749133123526	338749150657092	338749140710359
338749149320151	338749167340425	338749156910026
338749166632151	338749184023758	338749174155359
338749183523234	338749200707091	338749191059234
338749200158776	338749217390424	338749207662609
338749216541901	338749234073757	338749224076401
338749233417026	338749250757090	338749240960192
338749250330401	338749267440423	338749257843317
338749266822651	338749284123756	338749274365692
338749284231484	338749300807089	338749291751526
338749301468567	338749317490422	338749309001026
338749319178526	338749334173755	338749326720692
338749335735692	338749350857088	338749343241567
338749352605901	338749367540421	338749360136484
338749369181942	338749384223754	338749376736526
338749384392692	338749400907087	338749391948984
338749400128484	338749417590420	338749407608484
338749414899651	338749434273753	338749422403526
338749432138151	338749450957086	338749439604942
338749450471984	338749467640419	338749457952526
338749466050692	338749484323752	338749473473984
338749483338359	338749501007085	338749490831484
338749499353609	338749517690418	338749506866692
338749517602442	338749534373751	338749526796192
338749536324526	338749551057084	338749543710651
338749550278817	338749567740417	338749557780567
338749566722984	338749584423750	338749574303609
338749583372276	338749601107083	338749590963942
338749601004151	338749617790416	338749608534859
338749619819401	338749634473749	338749627345318
338749634286651	338749651157082	338749641748943
338749655341859	338749667840415	338749663240693
338749673213234	338749684523748	338749681088068
338749689933651	338749701207081	338749698167818
338749705625443	338749717890414	338749713514859
338749722593443	338749734573747	338749730477484
338749739422359	338749751257080	338749747306484
338749757084901	338749767940413	338749764965484
338749771031984	338749784623746	338749778743859
338749789708276	338749801307079	338749797251443
338749804756276	338749817990412	338749812299818
338749820518359	338749834673745	338749828074068
338749836818068	338749851357078	338749844370276
338749853630526	338749868040411	338749861166484
338749870531651	338749884723744	338749878076068
338749885120526	338749901407077	338749892638109
338749904356109	338749918090410	338749911901901
338749923010109	338749934773743	338749930526234
338749939788901	338749951457076	338749947337943
338749956151151	338749968140409	338749963617651
338749970567193	338749984823742	338749978071859
338749989048693	338750001507075	338749996660401
338750006994651	338750018190408	338750014519693
338750023434776	338750034873741	338750030930651
338750040652109	338750051557074	338750048182109
338750054342193	338750068240407	338750061918776
338750073902984	338750084923740	338750081437276
338750090979609	338750101607073	338750098507901
338750106301943	338750118290406	338750113894693
338750122949526	338750134973739	338750130587651
338750138976776	338750151657072	338750146762776
338750155175859	338750168340405	338750162954401
338750172184234	338750185023738	338750179760026
338750188569651	338750201707071	338750196139109
338750206719359	338750218390404	338750214404651
338750222419776	338750235073737	338750230079401
338750239559484	338750251757070	338750246820943

===
16683333
0	0	0
0	0	0
0	0	0
0	0	0
0	0	0
0	0	0
0	0	0
0	0	0
0	0	0
0	0	0
0	0	0
0	0	0
0	0	0
0	0	0
338748184609900	338748199707111	338748201011817
338748211683734	338748216390444	338748230032650
338748236797025	338748249757110	338748255368484
338748259932525	338748283123776	338748282766275
338748289219400	338748316490442	338748312173317
338748313098775	338748333173775	338748331315650
338748328440859	338748349857108	338748339697025
338748346045150	338748366540441	338748353668650
338748355779775	338748383223774	338748363377692
338748375686025	338748399907107	338748383318317
338748393905484	338748416590440	338748401524317
338748410611609	338748433273773	338748418283609
338748427619067	338748449957106	338748435283775
338748444514900	338748466640439	338748452126775
338748457421359	338748483323772	338748465067275
338748474163067	338748500007105	338748481728900
338748492248317	338748516690438	338748499528025
338748866544484	338748900407097	338748888663942
338748889574775	338748917090430	338748917735776
338748919145401	338748950457096	338748948456817
338748942121984	338748983823762	338748972630401
338748969314651	338749000507095	338748983827526
338749002252942	338749017190428	338749012386317
338749022844234	338749033873761	338749032960734
338749038194901	338749050557094	338749048301484
338749053724109	338749067240427	338749063680859
338749070946234	338749083923760	338749080807401
338749094321942	338749100607093	338749101753026
338749107053609	338749117290426	338749114651776
338749118788442	338749133973759	338749126315609
338749133123526	338749150657092	338749140710359
338749149320151	338749167340425	338749156910026
338749166632151	338749184023758	338749174155359
338749183523234	338749200707091	338749191059234
338749200158776	338749217390424	338749207662609
338749216541901	338749234073757	338749224076401
338749233417026	338749250757090	338749240960192
338749250330401	338749267440423	338749257843317
338749266822651	338749284123756	338749274365692
338749284231484	338749300807089	338749291751526
338749301468567	338749317490422	338749309001026
338749319178526	338749334173755	338749326720692
338749335735692	338749350857088	338749343241567
338749352605901	338749367540421	338749360136484
338749369181942	338749384223754	338749376736526
338749384392692	338749400907087	338749391948984
338749400128484	338749417590420	338749407608484
338749414899651	338749434273753	338749422403526
338749432138151	338749450957086	338749439604942
338749450471984	338749467640419	338749457952526
338749466050692	338749484323752	338749473473984
338749483338359	338749501007085	338749490831484
338749499353609	338749517690418	338749506866692
338749517602442	338749534373751	338749526796192
338749536324526	338749551057084	338749543710651
338749550278817	338749567740417	338749557780567
338749566722984	338749584423750	338749574303609
338749583372276	338749601107083	338749590963942
338749601004151	338749617790416	338749608534859
338749619819401	338749634473749	338749627345318
338749634286651	338749651157082	338749641748943
338749655341859	338749667840415	338749663240693
338749673213234	338749684523748	338749681088068
338749689933651	338749701207081	338749698167818
338749705625443	338749717890414	338749713514859
338749722593443	338749734573747	338749730477484
338749739422359	338749751257080	338749747306484
338749757084901	338749767940413	338749764965484
338749771031984	338749784623746	338749778743859
338749789708276	338749801307079	338749797251443
338749804756276	338749817990412	338749812299818
338749820518359	338749834673745	338749828074068
338749836818068	338749851357078	338749844370276
338749853630526	338749868040411	338749861166484
338749870531651	338749884723744	338749878076068
338749885120526	338749901407077	338749892638109
338749904356109	338749918090410	338749911901901
338749923010109	338749934773743	338749930526234
338749939788901	338749951457076	338749947337943
338749956151151	338749968140409	338749963617651
338749970567193	338749984823742	338749978071859
338749989048693	338750001507075	338749996660401
338750006994651	338750018190408	338750014519693
338750023434776	338750034873741	338750030930651
338750040652109	338750051557074	338750048182109
338750054342193	338750068240407	338750061918776
338750073902984	338750084923740	338750081437276
338750090979609	338750101607073	338750098507901
338750106301943	338750118290406	338750113894693
338750122949526	338750134973739	338750130587651
338750138976776	338750151657072	338750146762776
338750155175859	338750168340405	338750162954401
338750172184234	338750185023738	338750179760026
338750188569651	338750201707071	338750196139109
338750206719359	338750218390404	338750214404651
338750222419776	338750235073737	338750230079401
338750239559484	338750251757070	338750246820943
338750456343860	338750468640399	338750477716818
338750707860943	338750735573727	338750729258443
338750867513818	338750902407057	338750889400943
338750878175985	338750919090390	338750900677985
338750907926860	338750935773723	338750919193901
338750924698443	338750952457056	338750936040568
338750941413735	338750969140389	338750952762360
338750959058860	338750985823722	338750970416193
338750974991026	338751002507055	338750986357026
338750991740318	338751019190388	338751003123360
338751008825027	338751035873721	338751012585652
338751025816568	338751052557054	338751029584193
338751042268235	338751069240387	338751046040693
338751058493277	338751085923720	338751062307902
338751075394277	338751102607053	338751079180360
338751093206235	338751119290386	338751097029693

===
16683333
338749022844234	338749033873761	338749032960734
338749038194901	338749050557094	338749048301484
338749053724109	338749067240427	338749063680859
338749070946234	338749083923760	338749080807401
338749094321942	338749100607093	338749101753026
338749107053609	338749117290426	338749114651776
338749118788442	338749133973759	338749126315609
338749133123526	338749150657092	338749140710359
338749149320151	338749167340425	338749156910026
338749166632151	338749184023758	338749174155359
338749183523234	338749200707091	338749191059234
338749200158776	338749217390424	338749207662609
338749216541901	338749234073757	338749224076401
338749233417026	338749250757090	338749240960192
338749250330401	338749267440423	338749257843317
338749266822651	338749284123756	338749274365692
338749284231484	338749300807089	338749291751526
338749301468567	338749317490422	338749309001026
338749319178526	338749334173755	338749326720692
338749335735692	338749350857088	338749343241567
338749352605901	338749367540421	338749360136484
338749369181942	338749384223754	338749376736526
338749384392692	338749400907087	338749391948984
338749400128484	338749417590420	338749407608484
338749414899651	338749434273753	338749422403526
338749432138151	338749450957086	338749439604942
338749450471984	338749467640419	338749457952526
338749466050692	338749484323752	338749473473984
338749483338359	338749501007085	338749490831484
338749499353609	338749517690418	338749506866692
338749517602442	338749534373751	338749526796192
338749536324526	338749551057084	338749543710651
338749550278817	338749567740417	338749557780567
338749566722984	338749584423750	338749574303609
338749583372276	338749601107083	338749590963942
338749601004151	338749617790416	338749608534859
338749619819401	338749634473749	338749627345318
338749634286651	338749651157082	338749641748943
338749655341859	338749667840415	338749663240693
338749673213234	338749684523748	338749681088068
338749689933651	338749701207081	338749698167818
338749705625443	338749717890414	338749713514859
338749722593443	338749734573747	338749730477484
338749739422359	338749751257080	338749747306484
338749757084901	338749767940413	338749764965484
338749771031984	338749784623746	338749778743859
338749789708276	338749801307079	338749797251443
338749804756276	338749817990412	338749812299818
338749820518359	338749834673745	338749828074068
338749836818068	338749851357078	338749844370276
338749853630526	338749868040411	338749861166484
338749870531651	338749884723744	338749878076068
338749885120526	338749901407077	338749892638109
338749904356109	338749918090410	338749911901901
338749923010109	338749934773743	338749930526234
338749939788901	338749951457076	338749947337943
338749956151151	338749968140409	338749963617651
338749970567193	338749984823742	338749978071859
338749989048693	338750001507075	338749996660401
338750006994651	338750018190408	338750014519693
338750023434776	338750034873741	338750030930651
338750040652109	338750051557074	338750048182109
338750054342193	338750068240407	338750061918776
338750073902984	338750084923740	338750081437276
338750090979609	338750101607073	338750098507901
338750106301943	338750118290406	338750113894693
338750122949526	338750134973739	338750130587651
338750138976776	338750151657072	338750146762776
338750155175859	338750168340405	338750162954401
338750172184234	338750185023738	338750179760026
338750188569651	338750201707071	338750196139109
338750206719359	338750218390404	338750214404651
338750222419776	338750235073737	338750230079401
338750239559484	338750251757070	338750246820943
338750456343860	338750468640399	338750477716818
338750707860943	338750735573727	338750729258443
338750867513818	338750902407057	338750889400943
338750878175985	338750919090390	338750900677985
338750907926860	338750935773723	338750919193901
338750924698443	338750952457056	338750936040568
338750941413735	338750969140389	338750952762360
338750959058860	338750985823722	338750970416193
338750974991026	338751002507055	338750986357026
338750991740318	338751019190388	338751003123360
338751008825027	338751035873721	338751012585652
338751025816568	338751052557054	338751029584193
338751042268235	338751069240387	338751046040693
338751058493277	338751085923720	338751062307902
338751075394277	338751102607053	338751079180360
338751093206235	338751119290386	338751097029693
338751870725277	338751886723704	338751880090360
338751877077485	338751903407037	338751889202402
338751932202402	338751953457036	338751948402152
338751947258985	338751970140369	338751967723735
338751970223610	338751986823702	338751976190902
338751987706110	338752003507035	338751993647110
338752002213944	338752020190368	338752006851194
338752018711027	338752036873701	338752023432694
338752035367735	338752053557034	338752040068152
338752052480027	338752070240367	338752057162235
338752069511902	338752086923700	338752074201152
338752086106735	338752103607033	338752090775652
338752103421069	338752120290366	338752108246194
338752121693235	338752136973699	338752126353860
338752137994735	338752153657032	338752142645860
338752155141069	338752170340365	338752159793485
338752173589402	338752187023698	338752178241444
338752191499444	338752203707031	338752196057360
338752207389360	338752220390364	338752211959944
338752224407652	338752237073697	338752229039277
338752240131652	338752253757030	338752244733444
338752258513735	338752270440363	338752263379985
338752275225485	338752287123696	338752279925110
338752290843110	338752303807029	338752295473194
338752307651610	338752320490362	338752312293569
338752325142235	338752337173695	338752329892652
338752342331235	338752353857028	338752347290277
338752359327944	338752370540361	338752364103944
338752375271860	338752387223694	338752379916069
338752391595694	338752403907027	338752396139944
338752408517402	338752420590360	338752413051361
338752426294694	338752437273693	338752430934027
338752690979111	338752704207021	338752704979277
338752706977069	338752720890354	338752720954777
338752725724361	338752737573687	338752739691236
338752743849236	338752754257020	338752748407361
338752759987361	338752770940353	338752764582819

===
16683333
338749956151151	338749968140409	338749963617651
338749970567193	338749984823742	338749978071859
338749989048693	338750001507075	338749996660401
338750006994651	338750018190408	338750014519693
338750023434776	338750034873741	338750030930651
338750040652109	338750051557074	338750048182109
338750054342193	338750068240407	338750061918776
338750073902984	338750084923740	338750081437276
338750090979609	338750101607073	338750098507901
338750106301943	338750118290406	338750113894693
338750122949526	338750134973739	338750130587651
338750138976776	338750151657072	338750146762776
338750155175859	338750168340405	338750162954401
338750172184234	338750185023738	338750179760026
338750188569651	338750201707071	338750196139109
338750206719359	338750218390404	338750214404651
338750222419776	338750235073737	338750230079401
338750239559484	338750251757070	338750246820943
338750456343860	338750468640399	338750477716818
338750707860943	338750735573727	338750729258443
338750867513818	338750902407057	338750889400943
338750878175985	338750919090390	338750900677985
338750907926860	338750935773723	338750919193901
338750924698443	338750952457056	338750936040568
338750941413735	338750969140389	338750952762360
338750959058860	338750985823722	338750970416193
338750974991026	338751002507055	338750986357026
338750991740318	338751019190388	338751003123360
338751008825027	338751035873721	338751012585652
338751025816568	338751052557054	338751029584193
338751042268235	338751069240387	338751046040693
338751058493277	338751085923720	338751062307902
338751075394277	338751102607053	338751079180360
338751093206235	338751119290386	338751097029693
338751870725277	338751886723704	338751880090360
338751877077485	338751903407037	338751889202402
338751932202402	338751953457036	338751948402152
338751947258985	338751970140369	338751967723735
338751970223610	338751986823702	338751976190902
338751987706110	338752003507035	338751993647110
338752002213944	338752020190368	338752006851194
338752018711027	338752036873701	338752023432694
338752035367735	338752053557034	338752040068152
338752052480027	338752070240367	338752057162235
338752069511902	338752086923700	338752074201152
338752086106735	338752103607033	338752090775652
338752103421069	338752120290366	338752108246194
338752121693235	338752136973699	338752126353860
338752137994735	338752153657032	338752142645860
338752155141069	338752170340365	338752159793485
338752173589402	338752187023698	338752178241444
338752191499444	338752203707031	338752196057360
338752207389360	338752220390364	338752211959944
338752224407652	338752237073697	338752229039277
338752240131652	338752253757030	338752244733444
338752258513735	338752270440363	338752263379985
338752275225485	338752287123696	338752279925110
338752290843110	338752303807029	338752295473194
338752307651610	338752320490362	338752312293569
338752325142235	338752337173695	338752329892652
338752342331235	338752353857028	338752347290277
338752359327944	338752370540361	338752364103944
338752375271860	338752387223694	338752379916069
338752391595694	338752403907027	338752396139944
338752408517402	338752420590360	338752413051361
338752426294694	338752437273693	338752430934027
338752690979111	338752704207021	338752704979277
338752706977069	338752720890354	338752720954777
338752725724361	338752737573687	338752739691236
338752743849236	338752754257020	338752748407361
338752759987361	338752770940353	338752764582819
338752776566819	338752804307019	338752781199902
338752790738652	338752804307019	338752795535027
338752810607861	338752820990352	338752815325611
338752824692194	338752837673685	338752829454902
338752841711402	338752854357018	338752846300736
338752857973736	338752871040351	338752862644486
338752874266902	338752887723684	338752878908402
338752892296152	338752904407017	338752896988652
338752910252611	338752921090350	338752914858569
338752927769402	338752937773683	338752932369902
338752944425236	338752954457016	338752948841611
338752960682152	338752971140349	338752965235569
338753278144028	338753304807009	338753292369319
338753314377694	338753338173675	338753329924819
338753331913236	338753354857008	338753348716069
338753347879944	338753371540341	338753367399528
338753364264153	338753388223674	338753384916736
338753379415819	338753404907007	338753390528028
338753396343361	338753421590340	338753401515111
338753414091986	338753438273673	338753419223444
338753430461611	338753454957006	338753435582028
338753446778319	338753471640339	338753451480403
338753461999444	338753488323672	338753466693028
338753478570653	338753505007005	338753483297278
338753497928111	338753521690338	338753502604819
338753513835986	338753538373671	338753518519819
338753530629236	338753555057004	338753535190111
338753545622694	338753571740337	338753550188528
338753562410944	338753588423670	338753567089236
338753580613694	338753605107003	338753585267819
338753600349778	338753621790336	338753604861986
338753616199361	338753638473669	338753620858694
338753630183653	338753655157002	338753634929778
338753646690194	338753671840335	338753651370278
338753667251653	338753688523668	338753672096403
338753683740694	338753705207001	338753688645528
338753701029236	338753721890334	338753706138403
338753716845903	338753738573667	338753722012569
338753733363403	338753755257000	338753738549069
338753750759778	338753771940333	338753755911819
338753766758944	338753788623666	338753771956736
338753784285444	338753805306999	338753789500528
338753800516486	338753821990332	338753805741195
338753819150861	338753838673665	338753824390028
338753832668861	338753855356998	338753837468611
338753849104736	338753872040331	338753853891361
338753866257611	338753888723664	338753871046153
338753881899528	338753905406997	338753886665278
338753898501278	338753922090330	338753903226695
338753915251028	338753938773663	338753920031236
338753931627986	338753955456996	338753936397111
338753948788903	338753972140329	338753953732070
338753968087195	338753988823662	338753972758611
338753983533611	338754005506995	338753988366028
338753999907486	338754022190328	338754004676445
338754017541028	338754038873661	338754022319195

===
16683333
338752426294694	338752437273693	338752430934027
338752690979111	338752704207021	338752704979277
338752706977069	338752720890354	338752720954777
338752725724361	338752737573687	338752739691236
338752743849236	338752754257020	338752748407361
338752759987361	338752770940353	338752764582819
338752776566819	338752804307019	338752781199902
338752790738652	338752804307019	338752795535027
338752810607861	338752820990352	338752815325611
338752824692194	338752837673685	338752829454902
338752841711402	338752854357018	338752846300736
338752857973736	338752871040351	338752862644486
338752874266902	338752887723684	338752878908402
338752892296152	338752904407017	338752896988652
338752910252611	338752921090350	338752914858569
338752927769402	338752937773683	338752932369902
338752944425236	338752954457016	338752948841611
338752960682152	338752971140349	338752965235569
338753278144028	338753304807009	338753292369319
338753314377694	338753338173675	338753329924819
338753331913236	338753354857008	338753348716069
338753347879944	338753371540341	338753367399528
338753364264153	338753388223674	338753384916736
338753379415819	338753404907007	338753390528028
338753396343361	338753421590340	338753401515111
338753414091986	338753438273673	338753419223444
338753430461611	338753454957006	338753435582028
338753446778319	338753471640339	338753451480403
338753461999444	338753488323672	338753466693028
338753478570653	338753505007005	338753483297278
338753497928111	338753521690338	338753502604819
338753513835986	338753538373671	338753518519819
338753530629236	338753555057004	338753535190111
338753545622694	338753571740337	338753550188528
338753562410944	338753588423670	338753567089236
338753580613694	338753605107003	338753585267819
338753600349778	338753621790336	338753604861986
338753616199361	338753638473669	338753620858694
338753630183653	338753655157002	338753634929778
338753646690194	338753671840335	338753651370278
338753667251653	338753688523668	338753672096403
338753683740694	338753705207001	338753688645528
338753701029236	338753721890334	338753706138403
338753716845903	338753738573667	338753722012569
338753733363403	338753755257000	338753738549069
338753750759778	338753771940333	338753755911819
338753766758944	338753788623666	338753771956736
338753784285444	338753805306999	338753789500528
338753800516486	338753821990332	338753805741195
338753819150861	338753838673665	338753824390028
338753832668861	338753855356998	338753837468611
338753849104736	338753872040331	338753853891361
338753866257611	338753888723664	338753871046153
338753881899528	338753905406997	338753886665278
338753898501278	338753922090330	338753903226695
338753915251028	338753938773663	338753920031236
338753931627986	338753955456996	338753936397111
338753948788903	338753972140329	338753953732070
338753968087195	338753988823662	338753972758611
338753983533611	338754005506995	338753988366028
338753999907486	338754022190328	338754004676445
338754017541028	338754038873661	338754022319195
338754034384736	338754055556994	338754039239695
338754085426778	338754088923660	338754090071403
338754105814195	338754105606993	338754110254445
338754121455903	338754122290326	338754126705111
338754165631236	338754172340325	338754170966195
338754182799528	338754189023658	338754187786486
338754202707236	338754205706991	338754207792611
338754218416778	338754222390324	338754223504278
338754227827611	338754239073657	338754232675903
338754237171153	338754255756990	338754242091445
338754254116820	338754272440323	338754259050111
338754272280528	338754289123656	338754277122111
338754285757861	338754305806989	338754290514486
338754301970153	338754322490322	338754306790195
338754403203986	338754405906987	338754413541736
338754435962111	338754439273653	338754447339903
338754455278611	338754472640319	338754466659111
338754471664320	338754489323652	338754483065820
338754489087112	338754506006985	338754498216653
338754504307070	338754522690318	338754509549112
338754521115528	338754539373651	338754526348903
338754539019487	338754556056984	338754544252945
338754555830737	338754572740317	338754561112487
338754570798320	338754589423650	338754575588862
338754588555945	338754606106983	338754593347945
338754604942112	338754622790316	338754609624612
338754621588695	338754639473649	338754626346778
338754638289987	338754656156982	338754643045278
338754654996362	338754672840315	338754659729153
338754671907445	338754689523648	338754676637028
338754688344570	338754706206981	338754693122403
338754706307737	338754722890314	338754711066362
338754724109153	338754739573647	338754728830028
338754740660612	338754756256980	338754745399820
338754756876028	338754772940313	338754761655278
338754787971945	338754789623646	338754792877862
338754796637028	338754806306979	338754801601612
338754811559445	338754822990312	338754816706028
338754825878195	338754839673645	338754831074903
338754842702612	338754856356978	338754847907070
338754859573653	338754873040311	338754864784403
338754875451487	338754889723644	338754880625112
338754892642862	338754906406977	338754897849528
338754911033362	338754923090310	338754916247528
338754928533612	338754939773643	338754933740237
338754942661112	338754956456976	338754947451028
338754958863070	338754973140309	338754963705570
338754975680695	338754989823642	338754980461153
338754991119362	338755006506975	338754995900403
338755007392862	338755023190308	338755012187695
338755024463612	338755039873641	338755029221903
338755040700403	338755056556974	338755045462737
338755057835112	338755073240307	338755062580903
338755077562778	338755089923640	338755082225153
338755094725237	338755106606973	338755099325695
338755109477737	338755123290306	338755114231820
338755125570737	338755139973639	338755130325987
338755145134612	338755156656972	338755149948528
338755180335237	338755173340305	338755185176029
338755188453070	338755190023638	338755193143029
338755196697654	338755206706971	338755201502237
338755209771987	338755223390304	338755214610862
338755226350487	338755240073637	338755231139904
338755271513654	338755273440303	338755276300529
338755285456154	338755290123636	338755290207904

===
16683333
338754182799528	338754189023658	338754187786486
338754202707236	338754205706991	338754207792611
338754218416778	338754222390324	338754223504278
338754227827611	338754239073657	338754232675903
338754237171153	338754255756990	338754242091445
338754254116820	338754272440323	338754259050111
338754272280528	338754289123656	338754277122111
338754285757861	338754305806989	338754290514486
338754301970153	338754322490322	338754306790195
338754403203986	338754405906987	338754413541736
338754435962111	338754439273653	338754447339903
338754455278611	338754472640319	338754466659111
338754471664320	338754489323652	338754483065820
338754489087112	338754506006985	338754498216653
338754504307070	338754522690318	338754509549112
338754521115528	338754539373651	338754526348903
338754539019487	338754556056984	338754544252945
338754555830737	338754572740317	338754561112487
338754570798320	338754589423650	338754575588862
338754588555945	338754606106983	338754593347945
338754604942112	338754622790316	338754609624612
338754621588695	338754639473649	338754626346778
338754638289987	338754656156982	338754643045278
338754654996362	338754672840315	338754659729153
338754671907445	338754689523648	338754676637028
338754688344570	338754706206981	338754693122403
338754706307737	338754722890314	338754711066362
338754724109153	338754739573647	338754728830028
338754740660612	338754756256980	338754745399820
338754756876028	338754772940313	338754761655278
338754787971945	338754789623646	338754792877862
338754796637028	338754806306979	338754801601612
338754811559445	338754822990312	338754816706028
338754825878195	338754839673645	338754831074903
338754842702612	338754856356978	338754847907070
338754859573653	338754873040311	338754864784403
338754875451487	338754889723644	338754880625112
338754892642862	338754906406977	338754897849528
338754911033362	338754923090310	338754916247528
338754928533612	338754939773643	338754933740237
338754942661112	338754956456976	338754947451028
338754958863070	338754973140309	338754963705570
338754975680695	338754989823642	338754980461153
338754991119362	338755006506975	338754995900403
338755007392862	338755023190308	338755012187695
338755024463612	338755039873641	338755029221903
338755040700403	338755056556974	338755045462737
338755057835112	338755073240307	338755062580903
338755077562778	338755089923640	338755082225153
338755094725237	338755106606973	338755099325695
338755109477737	338755123290306	338755114231820
338755125570737	338755139973639	338755130325987
338755145134612	338755156656972	338755149948528
338755180335237	338755173340305	338755185176029
338755188453070	338755190023638	338755193143029
338755196697654	338755206706971	338755201502237
338755209771987	338755223390304	338755214610862
338755226350487	338755240073637	338755231139904
338755271513654	338755273440303	338755276300529
338755285456154	338755290123636	338755290207904
338755309780820	338755306806969	338755313421987
338755317579737	338755323490302	338755322444862
338755328406279	338755340173635	338755333296154
338755345688445	338755356856968	338755350261154
338755360711320	338755373540301	338755365455195
338755378700737	338755390223634	338755383147779
338755394627695	338755406906967	338755399465154
338755411141987	338755423590300	338755415961904
338755427419945	338755456956966	338755432276029
338755511061904	338755523690298	338755515962779
338755544471529	338755557056964	338755549770237
338755561707487	338755573740297	338755573073654
338755578351695	338755590423630	338755589734904
338755595383112	338755607106963	338755606763654
338755612125570	338755623790296	338755623297654
338755629508445	338755657156962	338755640616404
338755645696779	338755673840295	338755656852904
338755663510945	338755690523628	338755674750112
338755680141862	338755707206961	338755690374987
338755697104820	338755723890294	338755701879779
338755713336987	338755740573627	338755718077070
338755729994862	338755757256960	338755734781362
338755746690279	338755773940293	338755751475987
338755763721737	338755790623626	338755768430070
338755780383237	338755807306959	338755785168570
338755797306362	338755823990292	338755802081404
338755814196404	338755840673625	338755819022654
338755832637737	338755857356958	338755837493570
338755848244695	338755874040291	338755853087070
338755868401695	338755890723624	338755873231404
338755891982779	338755907406957	338755896898779
338755905904112	338755924090290	338755910858237
338755917766987	338755940773623	338755922957571
338755934364779	338755957456956	338755939529362
338755948890154	338755974140289	338755954122196
338755966077821	338755990823622	338755971314321
338755983161321	338756007506955	338755988380696
338756000287737	338756024190288	338756005490904
338756018687779	338756040873621	338756023970446
338756034573154	338756057556954	338756039833862
338756051212862	338756074240287	338756056126279
338756067607237	338756090923620	338756072375779
338756084730571	338756107606953	338756089490779
338756099450404	338756124290286	338756104225904
338756116206279	338756140973619	338756120896737
338756133100821	338756157656952	338756137874696
338756149572487	338756174340285	338756154217279
338756166159821	338756191023618	338756171001446
338756186755071	338756207706951	338756191400154
338756202773654	338756224390284	338756207593446
338756218900071	338756241073617	338756223701404
338756234781529	338756257756950	338756239485112
338756251921321	338756274440283	338756256616571
338756295349821	338756307806949	338756300208154
338756305302321	338756324490282	338756309911279
338756319059446	338756341173615	338756324308571
338756335200571	338756357856948	338756340522362
338756352269154	338756374540281	338756357467779
338756391872529	338756407906947	338756396789821
338756398194279	338756424590280	338756403000404
338756419669987	338756441273613	338756424625987
338756436562071	338756457956946	338756441548821
338756452713112	338756474640279	338756457569654
338756469129654	338756491323612	338756473982946
338756485892779	338756508006945	338756490730154
338756502580279	338756524690278	338756507468904
338756519531362	338756541373611	338756524376737

===
16683333
338755309780820	338755306806969	338755313421987
338755317579737	338755323490302	338755322444862
338755328406279	338755340173635	338755333296154
338755345688445	338755356856968	338755350261154
338755360711320	338755373540301	338755365455195
338755378700737	338755390223634	338755383147779
338755394627695	338755406906967	338755399465154
338755411141987	338755423590300	338755415961904
338755427419945	338755456956966	338755432276029
338755511061904	338755523690298	338755515962779
338755544471529	338755557056964	338755549770237
338755561707487	338755573740297	338755573073654
338755578351695	338755590423630	338755589734904
338755595383112	338755607106963	338755606763654
338755612125570	338755623790296	338755623297654
338755629508445	338755657156962	338755640616404
338755645696779	338755673840295	338755656852904
338755663510945	338755690523628	338755674750112
338755680141862	338755707206961	338755690374987
338755697104820	338755723890294	338755701879779
338755713336987	338755740573627	338755718077070
338755729994862	338755757256960	338755734781362
338755746690279	338755773940293	338755751475987
338755763721737	338755790623626	338755768430070
338755780383237	338755807306959	338755785168570
338755797306362	338755823990292	338755802081404
338755814196404	338755840673625	338755819022654
338755832637737	338755857356958	338755837493570
338755848244695	338755874040291	338755853087070
338755868401695	338755890723624	338755873231404
338755891982779	338755907406957	338755896898779
338755905904112	338755924090290	338755910858237
338755917766987	338755940773623	338755922957571
338755934364779	338755957456956	338755939529362
338755948890154	338755974140289	338755954122196
338755966077821	338755990823622	338755971314321
338755983161321	338756007506955	338755988380696
338756000287737	338756024190288	338756005490904
338756018687779	338756040873621	338756023970446
338756034573154	338756057556954	338756039833862
338756051212862	338756074240287	338756056126279
338756067607237	338756090923620	338756072375779
338756084730571	338756107606953	338756089490779
338756099450404	338756124290286	338756104225904
338756116206279	338756140973619	338756120896737
338756133100821	338756157656952	338756137874696
338756149572487	338756174340285	338756154217279
338756166159821	338756191023618	338756171001446
338756186755071	338756207706951	338756191400154
338756202773654	338756224390284	338756207593446
338756218900071	338756241073617	338756223701404
338756234781529	338756257756950	338756239485112
338756251921321	338756274440283	338756256616571
338756295349821	338756307806949	338756300208154
338756305302321	338756324490282	338756309911279
338756319059446	338756341173615	338756324308571
338756335200571	338756357856948	338756340522362
338756352269154	338756374540281	338756357467779
338756391872529	338756407906947	338756396789821
338756398194279	338756424590280	338756403000404
338756419669987	338756441273613	338756424625987
338756436562071	338756457956946	338756441548821
338756452713112	338756474640279	338756457569654
338756469129654	338756491323612	338756473982946
338756485892779	338756508006945	338756490730154
338756502580279	338756524690278	338756507468904
338756519531362	338756541373611	338756524376737
338756536128071	338756558056944	338756540896404
338756620559779	338756624790276	338756625342696
338756653530779	338756658156942	338756658819904
338756670467863	338756691523608	338756686420071
338756687350696	338756708206941	338756703281613
338756704864696	338756724890274	338756720761571
338756721613113	338756741573607	338756737316613
338756738349279	338756758256940	338756754033904
338756755054529	338756774940273	338756770760696
338756771989238	338756791623606	338756777412654
338756788372404	338756808306939	338756793147613
338756805355404	338756824990272	338756810141238
338756822661321	338756841673605	338756827436821
338756838715238	338756858356938	338756843500321
338756855362279	338756875040271	338756860147988
338756872703779	338756891723604	338756877433529
338756889374696	338756908406937	338756894190363
338756906158113	338756925090270	338756910940238
338756922606029	338756941773603	338756927379529
338756941741654	338756958456936	338756946546988
338756958797696	338756975140269	338756963546696
338756974860863	338756991823602	338756979624738
338757004645779	338757008506935	338757009274779
338757014506529	338757025190268	338757019350779
338757029756988	338757041873601	338757034895529
338757042128321	338757058556934	338757047366821
338757057668571	338757075240267	338757062863113
338757074704654	338757091923600	338757079920696
338757092170863	338757108606933	338757097298196
338757110861904	338757125290266	338757116048071
338757124763696	338757141973599	338757129968238
338757142365779	338757158656932	338757147630113
338757158117571	338757175340265	338757162833988
338757175452654	338757192023598	338757180237321
338757194314529	338757208706931	338757199099238
338757207973613	338757225390264	338757212760196
338757225025738	338757242073597	338757229723696
338757241644654	338757258756930	338757246400071
338757258410696	338757275440263	338757263162654
338757276643113	338757292123596	338757281398488
338757291975696	338757308806929	338757296732696
338757311632363	338757325490262	338757316359738
338757326915321	338757342173595	338757331672738
338757343176613	338757358856928	338757347937405
338757363035155	338757375540261	338757367756738
338757403238655	338757408906927	338757407948446
338757412202863	338757425590260	338757416791780
338757427541280	338757442273593	338757432643071
338757444268321	338757458956926	338757449638530
338757466627196	338757475640259	338757472911696
338757499432113	338757492323592	338757504505738
338757506503321	338757509006925	338757511323071
338757519597363	338757525690258	338757524578363
338757532259905	338757542373591	338757537192030
338757545659155	338757559056924	338757550528030
338757564304363	338757575740257	338757569228863
338757580354530	338757592423590	338757585151905
338757594693405	338757609106923	338757599530155
338757611468696	338757625790256	338757616297613
338757628329821	338757642473589	338757633145946

===
16683333
338756398194279	338756424590280	338756403000404
338756419669987	338756441273613	338756424625987
338756436562071	338756457956946	338756441548821
338756452713112	338756474640279	338756457569654
338756469129654	338756491323612	338756473982946
338756485892779	338756508006945	338756490730154
338756502580279	338756524690278	338756507468904
338756519531362	338756541373611	338756524376737
338756536128071	338756558056944	338756540896404
338756620559779	338756624790276	338756625342696
338756653530779	338756658156942	338756658819904
338756670467863	338756691523608	338756686420071
338756687350696	338756708206941	338756703281613
338756704864696	338756724890274	338756720761571
338756721613113	338756741573607	338756737316613
338756738349279	338756758256940	338756754033904
338756755054529	338756774940273	338756770760696
338756771989238	338756791623606	338756777412654
338756788372404	338756808306939	338756793147613
338756805355404	338756824990272	338756810141238
338756822661321	338756841673605	338756827436821
338756838715238	338756858356938	338756843500321
338756855362279	338756875040271	338756860147988
338756872703779	338756891723604	338756877433529
338756889374696	338756908406937	338756894190363
338756906158113	338756925090270	338756910940238
338756922606029	338756941773603	338756927379529
338756941741654	338756958456936	338756946546988
338756958797696	338756975140269	338756963546696
338756974860863	338756991823602	338756979624738
338757004645779	338757008506935	338757009274779
338757014506529	338757025190268	338757019350779
338757029756988	338757041873601	338757034895529
338757042128321	338757058556934	338757047366821
338757057668571	338757075240267	338757062863113
338757074704654	338757091923600	338757079920696
338757092170863	338757108606933	338757097298196
338757110861904	338757125290266	338757116048071
338757124763696	338757141973599	338757129968238
338757142365779	338757158656932	338757147630113
338757158117571	338757175340265	338757162833988
338757175452654	338757192023598	338757180237321
338757194314529	338757208706931	338757199099238
338757207973613	338757225390264	338757212760196
338757225025738	338757242073597	338757229723696
338757241644654	338757258756930	338757246400071
338757258410696	338757275440263	338757263162654
338757276643113	338757292123596	338757281398488
338757291975696	338757308806929	338757296732696
338757311632363	338757325490262	338757316359738
338757326915321	338757342173595	338757331672738
338757343176613	338757358856928	338757347937405
338757363035155	338757375540261	338757367756738
338757403238655	338757408906927	338757407948446
338757412202863	338757425590260	338757416791780
338757427541280	338757442273593	338757432643071
338757444268321	338757458956926	338757449638530
338757466627196	338757475640259	338757472911696
338757499432113	338757492323592	338757504505738
338757506503321	338757509006925	338757511323071
338757519597363	338757525690258	338757524578363
338757532259905	338757542373591	338757537192030
338757545659155	338757559056924	338757550528030
338757564304363	338757575740257	338757569228863
338757580354530	338757592423590	338757585151905
338757594693405	338757609106923	338757599530155
338757611468696	338757625790256	338757616297613
338757628329821	338757642473589	338757633145946
338757964144446	338757992823582	338757978478613
338757998325405	338758026190248	338758014420447
338758014830780	338758042873581	338758030913697
338758033636655	338758059556914	338758049685613
338758049863655	338758076240247	338758065453988
338758067360113	338758092923580	338758072678572
338758083904697	338758109606913	338758089181697
338758102471238	338758126290246	338758107740363
338758120158405	338758142973579	338758125950530
338758134905447	338758159656912	338758140291530
338758153465822	338758176340245	338758158936197
338758170475530	338758193023578	338758175874405
338758186669238	338758209706911	338758192070405
338758203979780	338758226390244	338758209288572
338758220423905	338758243073577	338758225779863
338758238255947	338758259756910	338758244097405
338758252349155	338758276440243	338758257683197
338758271590238	338758293123576	338758276871238
338758288986530	338758309806909	338758294360988
338758305662738	338758326490242	338758311053738
338758323801405	338758343173575	338758329164197
338758339148780	338758359856908	338758344441072
338758358191988	338758376540241	338758364121655
338758368965613	338758393223574	338758374400363
338758386450405	338758409906907	338758391886613
338758402929697	338758426590240	338758408232905
338758421013613	338758443273573	338758426330113
338758439716363	338758459956906	338758445016613
338758455166447	338758476640239	338758460409572
338758469361113	338758493323572	338758475308155
338758488768530	338758510006905	338758494033322
338758507120405	338758526690238	338758512540530
338758522796905	338758543373571	338758528226905
338758535993697	338758560056904	338758541366530
338758554644363	338758576740237	338758559864988
338758571403697	338758593423570	338758576712572
338758588122030	338758610106903	338758593400530
338758603457780	338758626790236	338758608245488
338758620484488	338758643473569	338758625316447
338758637348280	338758660156902	338758642187488
338758653676655	338758676840235	338758658449905
338758670336530	338758693523568	338758675179072
338758687082947	338758710206901	338758691929614
338758703899364	338758726890234	338758708719739
338758722693905	338758743573567	338758727514489
338758743788155	338758760256900	338758748475197
338758756434405	338758776940233	338758761249447
338758773880822	338758793623566	338758778636989
338758790864280	338758810306899	338758795669364
338758810259280	338758826990232	338758815054572
338758824995739	338758843673565	338758829810739
338758841893030	338758860356898	338758846657364
338758857954114	338758877040231	338758862748572
338758875333572	338758893723564	338758880130155
338758891918030	338758910406897	338758896733530
338758911367780	338758927090230	338758916195072
338758929247364	338758943773563	338758934068489
338758943626114	338758960456896	338758948451405
338758961513822	338758977140229	338758966311947

===
16683333
338757004645779	338757008506935	338757009274779
338757014506529	338757025190268	338757019350779
338757029756988	338757041873601	338757034895529
338757042128321	338757058556934	338757047366821
338757057668571	338757075240267	338757062863113
338757074704654	338757091923600	338757079920696
338757092170863	338757108606933	338757097298196
338757110861904	338757125290266	338757116048071
338757124763696	338757141973599	338757129968238
338757142365779	338757158656932	338757147630113
338757158117571	338757175340265	338757162833988
338757175452654	338757192023598	338757180237321
338757194314529	338757208706931	338757199099238
338757207973613	338757225390264	338757212760196
338757225025738	338757242073597	338757229723696
338757241644654	338757258756930	338757246400071
338757258410696	338757275440263	338757263162654
338757276643113	338757292123596	338757281398488
338757291975696	338757308806929	338757296732696
338757311632363	338757325490262	338757316359738
338757326915321	338757342173595	338757331672738
338757343176613	338757358856928	338757347937405
338757363035155	338757375540261	338757367756738
338757403238655	338757408906927	338757407948446
338757412202863	338757425590260	338757416791780
338757427541280	338757442273593	338757432643071
338757444268321	338757458956926	338757449638530
338757466627196	338757475640259	338757472911696
338757499432113	338757492323592	338757504505738
338757506503321	338757509006925	338757511323071
338757519597363	338757525690258	338757524578363
338757532259905	338757542373591	338757537192030
338757545659155	338757559056924	338757550528030
338757564304363	338757575740257	338757569228863
338757580354530	338757592423590	338757585151905
338757594693405	338757609106923	338757599530155
338757611468696	338757625790256	338757616297613
338757628329821	338757642473589	338757633145946
338757964144446	338757992823582	338757978478613
338757998325405	338758026190248	338758014420447
338758014830780	338758042873581	338758030913697
338758033636655	338758059556914	338758049685613
338758049863655	338758076240247	338758065453988
338758067360113	338758092923580	338758072678572
338758083904697	338758109606913	338758089181697
338758102471238	338758126290246	338758107740363
338758120158405	338758142973579	338758125950530
338758134905447	338758159656912	338758140291530
338758153465822	338758176340245	338758158936197
338758170475530	338758193023578	338758175874405
338758186669238	338758209706911	338758192070405
338758203979780	338758226390244	338758209288572
338758220423905	338758243073577	338758225779863
338758238255947	338758259756910	338758244097405
338758252349155	338758276440243	338758257683197
338758271590238	338758293123576	338758276871238
338758288986530	338758309806909	338758294360988
338758305662738	338758326490242	338758311053738
338758323801405	338758343173575	338758329164197
338758339148780	338758359856908	338758344441072
338758358191988	338758376540241	338758364121655
338758368965613	338758393223574	338758374400363
338758386450405	338758409906907	338758391886613
338758402929697	338758426590240	338758408232905
338758421013613	338758443273573	338758426330113
338758439716363	338758459956906	338758445016613
338758455166447	338758476640239	338758460409572
338758469361113	338758493323572	338758475308155
338758488768530	338758510006905	338758494033322
338758507120405	338758526690238	338758512540530
338758522796905	338758543373571	338758528226905
338758535993697	338758560056904	338758541366530
338758554644363	338758576740237	338758559864988
338758571403697	338758593423570	338758576712572
338758588122030	338758610106903	338758593400530
338758603457780	338758626790236	338758608245488
338758620484488	338758643473569	338758625316447
338758637348280	338758660156902	338758642187488
338758653676655	338758676840235	338758658449905
338758670336530	338758693523568	338758675179072
338758687082947	338758710206901	338758691929614
338758703899364	338758726890234	338758708719739
338758722693905	338758743573567	338758727514489
338758743788155	338758760256900	338758748475197
338758756434405	338758776940233	338758761249447
338758773880822	338758793623566	338758778636989
338758790864280	338758810306899	338758795669364
338758810259280	338758826990232	338758815054572
338758824995739	338758843673565	338758829810739
338758841893030	338758860356898	338758846657364
338758857954114	338758877040231	338758862748572
338758875333572	338758893723564	338758880130155
338758891918030	338758910406897	338758896733530
338758911367780	338758927090230	338758916195072
338758929247364	338758943773563	338758934068489
338758943626114	338758960456896	338758948451405
338758961513822	338758977140229	338758966311947
338759277128030	338759294123556	338759291674780
338759402250697	338759410906887	338759416838656
338759417113781	338759427590220	338759431837072
338759466543114	338759477640219	338759480972364
338759486046739	338759494323552	338759494415614
338759506527697	338759511006885	338759517702656
338759523421822	338759527690218	338759530785406
338759542321447	338759544373551	338759549541281
338759555182697	338759561056884	338759562603197
338759570057406	338759577740217	338759577511072
338759582487572	338759594423550	338759589920156
338759601462239	338759611106883	338759608882406
338759614728989	338759627790216	338759623566281
338759631895572	338759644473549	338759639286531
338759649541489	338759661156882	338759656962697
338759667322864	338759677840215	338759674711322
338759684758781	338759694523548	338759692197989
338759699347281	338759711206881	338759706858281
338759717037031	338759727890214	338759724486406
338759733126447	338759744573547	338759740590656
338759749449072	338759761256880	338759756818531
338759766283447	338759777940213	338759773647447
338759783496364	338759794623546	338759790848947
338759799764572	338759811306879	338759807211156
338759817035156	338759827990212	338759824461322
338759834510781	338759844673545	338759841879697
338759851258697	338759861356878	338759858630822
338759869598822	338759878040211	338759876929864
338759884146656	338759894723544	338759891498489
338759902011739	338759911406877	338759909404031

===
16683333
338757004645779	338757008506935	338757009274779
338757014506529	338757025190268	338757019350779
338757029756988	338757041873601	338757034895529
338757042128321	338757058556934	338757047366821
338757057668571	338757075240267	338757062863113
338757074704654	338757091923600	338757079920696
338757092170863	338757108606933	338757097298196
338757110861904	338757125290266	338757116048071
338757124763696	338757141973599	338757129968238
338757142365779	338757158656932	338757147630113
338757158117571	338757175340265	338757162833988
338757175452654	338757192023598	338757180237321
338757194314529	338757208706931	338757199099238
338757207973613	338757225390264	338757212760196
338757225025738	338757242073597	338757229723696
338757241644654	338757258756930	338757246400071
338757258410696	338757275440263	338757263162654
338757276643113	338757292123596	338757281398488
338757291975696	338757308806929	338757296732696
338757311632363	338757325490262	338757316359738
338757326915321	338757342173595	338757331672738
338757343176613	338757358856928	338757347937405
338757363035155	338757375540261	338757367756738
338757403238655	338757408906927	338757407948446
338757412202863	338757425590260	338757416791780
338757427541280	338757442273593	338757432643071
338757444268321	338757458956926	338757449638530
338757466627196	338757475640259	338757472911696
338757499432113	338757492323592	338757504505738
338757506503321	338757509006925	338757511323071
338757519597363	338757525690258	338757524578363
338757532259905	338757542373591	338757537192030
338757545659155	338757559056924	338757550528030
338757564304363	338757575740257	338757569228863
338757580354530	338757592423590	338757585151905
338757594693405	338757609106923	338757599530155
338757611468696	338757625790256	338757616297613
338757628329821	338757642473589	338757633145946
338757964144446	338757992823582	338757978478613
338757998325405	338758026190248	338758014420447
338758014830780	338758042873581	338758030913697
338758033636655	338758059556914	338758049685613
338758049863655	338758076240247	338758065453988
338758067360113	338758092923580	338758072678572
338758083904697	338758109606913	338758089181697
338758102471238	338758126290246	338758107740363
338758120158405	338758142973579	338758125950530
338758134905447	338758159656912	338758140291530
338758153465822	338758176340245	338758158936197
338758170475530	338758193023578	338758175874405
338758186669238	338758209706911	338758192070405
338758203979780	338758226390244	338758209288572
338758220423905	338758243073577	338758225779863
338758238255947	338758259756910	338758244097405
338758252349155	338758276440243	338758257683197
338758271590238	338758293123576	338758276871238
338758288986530	338758309806909	338758294360988
338758305662738	338758326490242	338758311053738
338758323801405	338758343173575	338758329164197
338758339148780	338758359856908	338758344441072
338758358191988	338758376540241	338758364121655
338758368965613	338758393223574	338758374400363
338758386450405	338758409906907	338758391886613
338758402929697	338758426590240	338758408232905
338758421013613	338758443273573	338758426330113
338758439716363	338758459956906	338758445016613
338758455166447	338758476640239	338758460409572
338758469361113	338758493323572	338758475308155
338758488768530	338758510006905	338758494033322
338758507120405	338758526690238	338758512540530
338758522796905	338758543373571	338758528226905
338758535993697	338758560056904	338758541366530
338758554644363	338758576740237	338758559864988
338758571403697	338758593423570	338758576712572
338758588122030	338758610106903	338758593400530
338758603457780	338758626790236	338758608245488
338758620484488	338758643473569	338758625316447
338758637348280	338758660156902	338758642187488
338758653676655	338758676840235	338758658449905
338758670336530	338758693523568	338758675179072
338758687082947	338758710206901	338758691929614
338758703899364	338758726890234	338758708719739
338758722693905	338758743573567	338758727514489
338758743788155	338758760256900	338758748475197
338758756434405	338758776940233	338758761249447
338758773880822	338758793623566	338758778636989
338758790864280	338758810306899	338758795669364
338758810259280	338758826990232	338758815054572
338758824995739	338758843673565	338758829810739
338758841893030	338758860356898	338758846657364
338758857954114	338758877040231	338758862748572
338758875333572	338758893723564	338758880130155
338758891918030	338758910406897	338758896733530
338758911367780	338758927090230	338758916195072
338758929247364	338758943773563	338758934068489
338758943626114	338758960456896	338758948451405
338758961513822	338758977140229	338758966311947
338759277128030	338759294123556	338759291674780
338759402250697	338759410906887	338759416838656
338759417113781	338759427590220	338759431837072
338759466543114	338759477640219	338759480972364
338759486046739	338759494323552	338759494415614
338759506527697	338759511006885	338759517702656
338759523421822	338759527690218	338759530785406
338759542321447	338759544373551	338759549541281
338759555182697	338759561056884	338759562603197
338759570057406	338759577740217	338759577511072
338759582487572	338759594423550	338759589920156
338759601462239	338759611106883	338759608882406
338759614728989	338759627790216	338759623566281
338759631895572	338759644473549	338759639286531
338759649541489	338759661156882	338759656962697
338759667322864	338759677840215	338759674711322
338759684758781	338759694523548	338759692197989
338759699347281	338759711206881	338759706858281
338759717037031	338759727890214	338759724486406
338759733126447	338759744573547	338759740590656
338759749449072	338759761256880	338759756818531
338759766283447	338759777940213	338759773647447
338759783496364	338759794623546	338759790848947
338759799764572	338759811306879	338759807211156
338759817035156	338759827990212	338759824461322
338759834510781	338759844673545	338759841879697
338759851258697	338759861356878	338759858630822
338759869598822	338759878040211	338759876929864
338759884146656	338759894723544	338759891498489
338759902011739	338759911406877	338759909404031

