16683333
0	0	0
0	0	0
0	0	0
0	0	0
0	0	0
0	0	0
0	0	0
0	0	0
0	0	0
0	0	0
0	0	0
0	0	0
0	0	0
0	0	0
0	0	0
0	0	0
0	0	0
0	0	0
0	0	0
0	0	0
0	0	0
0	0	0
0	0	0
0	0	0
0	0	0
0	0	0
0	0	0
0	0	0
0	0	0
0	0	0
0	0	0
0	0	0
0	0	0
0	0	0
0	0	0
0	0	0
0	0	0
0	0	0
0	0	0
0	0	0
0	0	0
0	0	0
0	0	0
0	0	0
0	0	0
0	0	0
0	0	0
0	0	0
0	0	0
0	0	0
0	0	0
0	0	0
0	0	0
0	0	0
0	0	0
0	0	0
0	0	0
0	0	0
0	0	0
0	0	0
0	0	0
0	0	0
0	0	0
0	0	0
0	0	0
0	0	0
0	0	0
0	0	0
0	0	0
0	0	0
0	0	0
0	0	0
0	0	0
0	0	0
0	0	0
0	0	0
0	0	0
0	0	0
0	0	0
0	0	0
0	0	0
0	0	0
0	0	0
0	0	0
0	0	0
0	0	0
0	0	0
0	0	0
0	0	0
0	0	0
0	0	0
0	0	0
0	0	0
0	0	0
0	0	0
0	0	0
0	0	0
0	0	0
0	0	0
0	0	0
0	0	0
0	0	0
0	0	0
0	0	0
0	0	0
0	0	0
0	0	0
0	0	0
0	0	0
0	0	0
0	0	0
0	0	0
0	0	0
0	0	0
0	0	0
0	0	0
0	0	0
0	0	0
0	0	0
0	0	0
0	0	0
337164106394728	337164117999118	337164113908936
337164118733311	337164134682451	337164126282520
337164135143020	337164151365784	337164142669978
337164152075270	337164168049117	337164159446437
337164169369145	337164184732450	337164177157937
337164186701103	337164201415783	337164193929645

===
16683333
0	0	0
0	0	0
0	0	0
0	0	0
0	0	0
0	0	0
0	0	0
0	0	0
0	0	0
0	0	0
0	0	0
0	0	0
0	0	0
0	0	0
0	0	0
0	0	0
0	0	0
0	0	0
0	0	0
0	0	0
0	0	0
0	0	0
0	0	0
0	0	0
0	0	0
0	0	0
0	0	0
0	0	0
0	0	0
0	0	0
0	0	0
0	0	0
0	0	0
0	0	0
0	0	0
0	0	0
0	0	0
0	0	0
0	0	0
0	0	0
0	0	0
0	0	0
0	0	0
0	0	0
0	0	0
0	0	0
0	0	0
0	0	0
0	0	0
0	0	0
0	0	0
0	0	0
0	0	0
0	0	0
0	0	0
0	0	0
0	0	0
0	0	0
0	0	0
0	0	0
0	0	0
0	0	0
0	0	0
0	0	0
0	0	0
0	0	0
0	0	0
0	0	0
0	0	0
0	0	0
0	0	0
0	0	0
0	0	0
0	0	0
0	0	0
0	0	0
0	0	0
0	0	0
0	0	0
0	0	0
0	0	0
0	0	0
0	0	0
0	0	0
0	0	0
0	0	0
0	0	0
0	0	0
0	0	0
0	0	0
0	0	0
0	0	0
0	0	0
0	0	0
0	0	0
0	0	0
0	0	0
0	0	0
0	0	0
0	0	0
0	0	0
0	0	0
0	0	0
0	0	0
0	0	0
0	0	0
0	0	0
0	0	0
0	0	0
0	0	0
0	0	0
0	0	0
0	0	0
337164106394728	337164117999118	337164113908936
337164118733311	337164134682451	337164126282520
337164135143020	337164151365784	337164142669978
337164152075270	337164168049117	337164159446437
337164169369145	337164184732450	337164177157937
337164186701103	337164201415783	337164193929645
337165447666687	337165469349091	337165469539895
337165469759270	337165502715757	337165497082687
337165494496979	337165536082423	337165529411937
337165521405729	337165569449089	337165562135104
337165553563437	337165602815755	337165590624729
337165586393146	337165619499088	337165601792271
337165624906521	337165636182421	337165635070979
337165640844812	337165652865754	337165650846354

===
16683333
0	0	0
0	0	0
0	0	0
0	0	0
0	0	0
0	0	0
0	0	0
0	0	0
0	0	0
0	0	0
0	0	0
0	0	0
0	0	0
0	0	0
0	0	0
0	0	0
0	0	0
0	0	0
0	0	0
0	0	0
0	0	0
0	0	0
0	0	0
0	0	0
0	0	0
0	0	0
0	0	0
0	0	0
0	0	0
0	0	0
0	0	0
0	0	0
0	0	0
0	0	0
0	0	0
0	0	0
0	0	0
0	0	0
0	0	0
0	0	0
0	0	0
0	0	0
0	0	0
0	0	0
0	0	0
0	0	0
337164106394728	337164117999118	337164113908936
337164118733311	337164134682451	337164126282520
337164135143020	337164151365784	337164142669978
337164152075270	337164168049117	337164159446437
337164169369145	337164184732450	337164177157937
337164186701103	337164201415783	337164193929645
337165447666687	337165469349091	337165469539895
337165469759270	337165502715757	337165497082687
337165494496979	337165536082423	337165529411937
337165521405729	337165569449089	337165562135104
337165553563437	337165602815755	337165590624729
337165586393146	337165619499088	337165601792271
337165624906521	337165636182421	337165635070979
337165640844812	337165652865754	337165650846354
337165659172312	337165669549087	337165669027979
337165685930604	337165702915753	337165693381729
337165701161312	337165719599086	337165708658979
337165720665646	337165736282419	337165728132604
337165737422812	337165752965752	337165744930896
337165753147896	337165769649085	337165760589062
337165769550104	337165786332418	337165777030771
337165786666562	337165803015751	337165794081396
337165805576104	337165819699084	337165813009729
337165818914646	337165836382417	337165826339229
337165836837604	337165853065750	337165844268271
337165853761812	337165869749083	337165861187229
337165870617062	337165886432416	337165878021104
337165887263521	337165903115749	337165894696396
337165904371354	337165919799082	337165911803437
337165924991229	337165936482415	337165932418229
337165938022271	337165953165748	337165945469896
337165955700854	337165969849081	337165963087062
337165969436812	337165986532414	337165976837771
337165983527437	337166003215747	337165990960604
337166000688562	337166019899080	337166008110896
337166017502854	337166036582413	337166024879437
337166035499771	337166053265746	337166042923354
337166051466479	337166069949079	337166058794646
337166069821937	337166086632412	337166077209479
337166085148771	337166103315745	337166092611562
337166102793062	337166119999078	337166110146562
337166119728187	337166136682411	337166127189146
337166136533521	337166153365744	337166143927104
337166153256937	337166170049077	337166160665354
337166168627062	337166186732410	337166176041271
337166185426396	337166203415743	337166192779937
337166203826271	337166220099076	337166211313271
337166220210562	337166236782409	337166227500312
337166238999604	337166253465742	337166248385271
337166255680396	337166270149075	337166264312354
337166271382604	337166286832408	337166279430438
337166292714521	337166303515741	337166300561729
337166309652604	337166320199074	337166317235813
337166326250646	337166336882407	337166333623021
337166343351979	337166353565740	337166350782563
337166359187646	337166370249073	337166366586438
337166375846438	337166386932406	337166383125771
337166393962813	337166403615739	337166401379146
337166408343813	337166420299072	337166415675021
337166425689771	337166436982405	337166433000729
337166441395313	337166453665738	337166448676229
337166457427229	337166470349071	337166464685854
337166474421979	337166487032404	337166481694104
337166493889479	337166503715737	337166501213979
337166508972896	337166520399070	337166516252563
337166524620813	337166537082403	337166531906479
337166541437438	337166553765736	337166548677979
337166558804729	337166570449069	337166565990396
337166575045688	337166587132402	337166582319896
337166590978729	337166603815735	337166598183813
337166607779063	337166620499068	337166615057354
337166624820854	337166637182401	337166632102313
337166641389396	337166653865734	337166648710021
337166658296813	337166670549067	337166665638938
337166675411813	337166687232400	337166682752021
337166692874396	337166703915733	337166700151604
337166709073771	337166720599066	337166716350646
337166726276396	337166737282399	337166733541521
337166743509604	337166753965732	337166750589771
337166760842104	337166770649065	337166768114063
337166772785688	337166787332398	337166780049396

===
16683333
337164106394728	337164117999118	337164113908936
337164118733311	337164134682451	337164126282520
337164135143020	337164151365784	337164142669978
337164152075270	337164168049117	337164159446437
337164169369145	337164184732450	337164177157937
337164186701103	337164201415783	337164193929645
337165447666687	337165469349091	337165469539895
337165469759270	337165502715757	337165497082687
337165494496979	337165536082423	337165529411937
337165521405729	337165569449089	337165562135104
337165553563437	337165602815755	337165590624729
337165586393146	337165619499088	337165601792271
337165624906521	337165636182421	337165635070979
337165640844812	337165652865754	337165650846354
337165659172312	337165669549087	337165669027979
337165685930604	337165702915753	337165693381729
337165701161312	337165719599086	337165708658979
337165720665646	337165736282419	337165728132604
337165737422812	337165752965752	337165744930896
337165753147896	337165769649085	337165760589062
337165769550104	337165786332418	337165777030771
337165786666562	337165803015751	337165794081396
337165805576104	337165819699084	337165813009729
337165818914646	337165836382417	337165826339229
337165836837604	337165853065750	337165844268271
337165853761812	337165869749083	337165861187229
337165870617062	337165886432416	337165878021104
337165887263521	337165903115749	337165894696396
337165904371354	337165919799082	337165911803437
337165924991229	337165936482415	337165932418229
337165938022271	337165953165748	337165945469896
337165955700854	337165969849081	337165963087062
337165969436812	337165986532414	337165976837771
337165983527437	337166003215747	337165990960604
337166000688562	337166019899080	337166008110896
337166017502854	337166036582413	337166024879437
337166035499771	337166053265746	337166042923354
337166051466479	337166069949079	337166058794646
337166069821937	337166086632412	337166077209479
337166085148771	337166103315745	337166092611562
337166102793062	337166119999078	337166110146562
337166119728187	337166136682411	337166127189146
337166136533521	337166153365744	337166143927104
337166153256937	337166170049077	337166160665354
337166168627062	337166186732410	337166176041271
337166185426396	337166203415743	337166192779937
337166203826271	337166220099076	337166211313271
337166220210562	337166236782409	337166227500312
337166238999604	337166253465742	337166248385271
337166255680396	337166270149075	337166264312354
337166271382604	337166286832408	337166279430438
337166292714521	337166303515741	337166300561729
337166309652604	337166320199074	337166317235813
337166326250646	337166336882407	337166333623021
337166343351979	337166353565740	337166350782563
337166359187646	337166370249073	337166366586438
337166375846438	337166386932406	337166383125771
337166393962813	337166403615739	337166401379146
337166408343813	337166420299072	337166415675021
337166425689771	337166436982405	337166433000729
337166441395313	337166453665738	337166448676229
337166457427229	337166470349071	337166464685854
337166474421979	337166487032404	337166481694104
337166493889479	337166503715737	337166501213979
337166508972896	337166520399070	337166516252563
337166524620813	337166537082403	337166531906479
337166541437438	337166553765736	337166548677979
337166558804729	337166570449069	337166565990396
337166575045688	337166587132402	337166582319896
337166590978729	337166603815735	337166598183813
337166607779063	337166620499068	337166615057354
337166624820854	337166637182401	337166632102313
337166641389396	337166653865734	337166648710021
337166658296813	337166670549067	337166665638938
337166675411813	337166687232400	337166682752021
337166692874396	337166703915733	337166700151604
337166709073771	337166720599066	337166716350646
337166726276396	337166737282399	337166733541521
337166743509604	337166753965732	337166750589771
337166760842104	337166770649065	337166768114063
337166772785688	337166787332398	337166780049396
337167353593063	337167387932386	337167375447438
337167363821063	337167404615719	337167402554980
337167395628521	337167437982385	337167430421021
337167412474188	337167454665718	337167444129146
337167451945813	337167471349051	337167461829730
337167464903855	337167488032384	337167474836855
337167481697855	337167504715717	337167491734521
337167497833396	337167521399050	337167507832480
337167519271146	337167538082383	337167529164980
337167531934605	337167554765716	337167541973188
337167551913355	337167571449049	337167561700271
337167563580021	337167588132382	337167573388188
337167581695688	337167604815715	337167589179980
337167601664730	337167621499048	337167609075771
337167615678230	337167638182381	337167623062313
337167630516646	337167654865714	337167637975896
337167649076980	337167671549047	337167656526397
337167665750063	337167688232380	337167673262522
337167686531480	337167704915713	337167693959230
337167697979022	337167721599046	337167705392397
337167714766980	337167738282379	337167722161230
337167731303730	337167754965712	337167738722563
337167750202147	337167771649045	337167757614147
337167772689897	337167788332378	337167780157063
337167782340230	337167805015711	337167789790938
337167798285980	337167821699044	337167805734938
337167817343938	337167838382377	337167824808938
337167835174230	337167855065710	337167842607772
337167855330688	337167871749043	337167862752563
337167866065313	337167888432376	337167873487813
337167882808855	337167905115709	337167890222313
337167900365813	337167921799042	337167907719980
337167916054480	337167938482375	337167923446313
337167934001522	337167955165708	337167941401480
337167951023897	337167971849041	337167958382105
337167967725355	337167988532374	337167975095022
337167986049605	337168005215707	337167993434647
337168002269730	337168021899040	337168009584897
337168018078647	337168038582373	337168025481605
337168035581147	337168055265706	337168042940438
337168051952188	337168071949039	337168059348355
337168069757730	337168088632372	337168076853480
337168085271272	337168105315705	337168092649938
337168102533022	337168121999038	337168109908188
337168119513772	337168138682371	337168126850897
337168138034605	337168155365704	337168145449980

===
16683333
337166102793062	337166119999078	337166110146562
337166119728187	337166136682411	337166127189146
337166136533521	337166153365744	337166143927104
337166153256937	337166170049077	337166160665354
337166168627062	337166186732410	337166176041271
337166185426396	337166203415743	337166192779937
337166203826271	337166220099076	337166211313271
337166220210562	337166236782409	337166227500312
337166238999604	337166253465742	337166248385271
337166255680396	337166270149075	337166264312354
337166271382604	337166286832408	337166279430438
337166292714521	337166303515741	337166300561729
337166309652604	337166320199074	337166317235813
337166326250646	337166336882407	337166333623021
337166343351979	337166353565740	337166350782563
337166359187646	337166370249073	337166366586438
337166375846438	337166386932406	337166383125771
337166393962813	337166403615739	337166401379146
337166408343813	337166420299072	337166415675021
337166425689771	337166436982405	337166433000729
337166441395313	337166453665738	337166448676229
337166457427229	337166470349071	337166464685854
337166474421979	337166487032404	337166481694104
337166493889479	337166503715737	337166501213979
337166508972896	337166520399070	337166516252563
337166524620813	337166537082403	337166531906479
337166541437438	337166553765736	337166548677979
337166558804729	337166570449069	337166565990396
337166575045688	337166587132402	337166582319896
337166590978729	337166603815735	337166598183813
337166607779063	337166620499068	337166615057354
337166624820854	337166637182401	337166632102313
337166641389396	337166653865734	337166648710021
337166658296813	337166670549067	337166665638938
337166675411813	337166687232400	337166682752021
337166692874396	337166703915733	337166700151604
337166709073771	337166720599066	337166716350646
337166726276396	337166737282399	337166733541521
337166743509604	337166753965732	337166750589771
337166760842104	337166770649065	337166768114063
337166772785688	337166787332398	337166780049396
337167353593063	337167387932386	337167375447438
337167363821063	337167404615719	337167402554980
337167395628521	337167437982385	337167430421021
337167412474188	337167454665718	337167444129146
337167451945813	337167471349051	337167461829730
337167464903855	337167488032384	337167474836855
337167481697855	337167504715717	337167491734521
337167497833396	337167521399050	337167507832480
337167519271146	337167538082383	337167529164980
337167531934605	337167554765716	337167541973188
337167551913355	337167571449049	337167561700271
337167563580021	337167588132382	337167573388188
337167581695688	337167604815715	337167589179980
337167601664730	337167621499048	337167609075771
337167615678230	337167638182381	337167623062313
337167630516646	337167654865714	337167637975896
337167649076980	337167671549047	337167656526397
337167665750063	337167688232380	337167673262522
337167686531480	337167704915713	337167693959230
337167697979022	337167721599046	337167705392397
337167714766980	337167738282379	337167722161230
337167731303730	337167754965712	337167738722563
337167750202147	337167771649045	337167757614147
337167772689897	337167788332378	337167780157063
337167782340230	337167805015711	337167789790938
337167798285980	337167821699044	337167805734938
337167817343938	337167838382377	337167824808938
337167835174230	337167855065710	337167842607772
337167855330688	337167871749043	337167862752563
337167866065313	337167888432376	337167873487813
337167882808855	337167905115709	337167890222313
337167900365813	337167921799042	337167907719980
337167916054480	337167938482375	337167923446313
337167934001522	337167955165708	337167941401480
337167951023897	337167971849041	337167958382105
337167967725355	337167988532374	337167975095022
337167986049605	337168005215707	337167993434647
337168002269730	337168021899040	337168009584897
337168018078647	337168038582373	337168025481605
337168035581147	337168055265706	337168042940438
337168051952188	337168071949039	337168059348355
337168069757730	337168088632372	337168076853480
337168085271272	337168105315705	337168092649938
337168102533022	337168121999038	337168109908188
337168119513772	337168138682371	337168126850897
337168138034605	337168155365704	337168145449980
337168153062855	337168172049037	337168160576980
337168170256563	337168188732370	337168177684147
337168186365563	337168205415703	337168194233605
337168202742772	337168222099036	337168210203272
337168219665230	337168238782369	337168227058730
337168236964772	337168255465702	337168244261938
337168254169438	337168272149035	337168261512522
337168268710272	337168288832368	337168276100730
337168287140813	337168305515701	337168296457188
337168303145063	337168322199034	337168311834813
337168322275397	337168338882367	337168330592855
337168337422313	337168355565700	337168345298689
337168354153439	337168372249033	337168361815064
337168373335814	337168388932366	337168380716730
337168387484272	337168405615699	337168394943355
337168405433564	337168422299032	337168412826314
337168420036730	337168438982365	337168427338314
337168436312772	337168455665698	337168443628772
337168458074855	337168472349031	337168465456147
337168470204230	337168489032364	337168477566814
337168486162189	337168505715697	337168493505897
337168502953230	337168522399030	337168510253439
337168520064522	337168539082363	337168527321355
337168544402772	337168555765696	337168551715564
337168554122814	337168572449029	337168561406272
337168571965022	337168589132362	337168579240355
337168587460980	337168605815695	337168594722147
337168604723522	337168622499028	337168611996105
337168627051772	337168639182361	337168634307189
337168639744147	337168655865694	337168646908397
337168655644730	337168672549027	337168662907814
337168672500189	337168689232360	337168679795314
337168690522022	337168705915693	337168697784314
337168714600064	337168722599026	337168721853147
337168725244355	337168739282359	337168732617189
337168739482689	337168755965692	337168746798105
337168757130105	337168772649025	337168764396689
337168775072147	337168789332358	337168782314730
337168791681730	337168806015691	337168798894480
337168807518814	337168822699024	337168814760397

===
16683333
337166743509604	337166753965732	337166750589771
337166760842104	337166770649065	337166768114063
337166772785688	337166787332398	337166780049396
337167353593063	337167387932386	337167375447438
337167363821063	337167404615719	337167402554980
337167395628521	337167437982385	337167430421021
337167412474188	337167454665718	337167444129146
337167451945813	337167471349051	337167461829730
337167464903855	337167488032384	337167474836855
337167481697855	337167504715717	337167491734521
337167497833396	337167521399050	337167507832480
337167519271146	337167538082383	337167529164980
337167531934605	337167554765716	337167541973188
337167551913355	337167571449049	337167561700271
337167563580021	337167588132382	337167573388188
337167581695688	337167604815715	337167589179980
337167601664730	337167621499048	337167609075771
337167615678230	337167638182381	337167623062313
337167630516646	337167654865714	337167637975896
337167649076980	337167671549047	337167656526397
337167665750063	337167688232380	337167673262522
337167686531480	337167704915713	337167693959230
337167697979022	337167721599046	337167705392397
337167714766980	337167738282379	337167722161230
337167731303730	337167754965712	337167738722563
337167750202147	337167771649045	337167757614147
337167772689897	337167788332378	337167780157063
337167782340230	337167805015711	337167789790938
337167798285980	337167821699044	337167805734938
337167817343938	337167838382377	337167824808938
337167835174230	337167855065710	337167842607772
337167855330688	337167871749043	337167862752563
337167866065313	337167888432376	337167873487813
337167882808855	337167905115709	337167890222313
337167900365813	337167921799042	337167907719980
337167916054480	337167938482375	337167923446313
337167934001522	337167955165708	337167941401480
337167951023897	337167971849041	337167958382105
337167967725355	337167988532374	337167975095022
337167986049605	337168005215707	337167993434647
337168002269730	337168021899040	337168009584897
337168018078647	337168038582373	337168025481605
337168035581147	337168055265706	337168042940438
337168051952188	337168071949039	337168059348355
337168069757730	337168088632372	337168076853480
337168085271272	337168105315705	337168092649938
337168102533022	337168121999038	337168109908188
337168119513772	337168138682371	337168126850897
337168138034605	337168155365704	337168145449980
337168153062855	337168172049037	337168160576980
337168170256563	337168188732370	337168177684147
337168186365563	337168205415703	337168194233605
337168202742772	337168222099036	337168210203272
337168219665230	337168238782369	337168227058730
337168236964772	337168255465702	337168244261938
337168254169438	337168272149035	337168261512522
337168268710272	337168288832368	337168276100730
337168287140813	337168305515701	337168296457188
337168303145063	337168322199034	337168311834813
337168322275397	337168338882367	337168330592855
337168337422313	337168355565700	337168345298689
337168354153439	337168372249033	337168361815064
337168373335814	337168388932366	337168380716730
337168387484272	337168405615699	337168394943355
337168405433564	337168422299032	337168412826314
337168420036730	337168438982365	337168427338314
337168436312772	337168455665698	337168443628772
337168458074855	337168472349031	337168465456147
337168470204230	337168489032364	337168477566814
337168486162189	337168505715697	337168493505897
337168502953230	337168522399030	337168510253439
337168520064522	337168539082363	337168527321355
337168544402772	337168555765696	337168551715564
337168554122814	337168572449029	337168561406272
337168571965022	337168589132362	337168579240355
337168587460980	337168605815695	337168594722147
337168604723522	337168622499028	337168611996105
337168627051772	337168639182361	337168634307189
337168639744147	337168655865694	337168646908397
337168655644730	337168672549027	337168662907814
337168672500189	337168689232360	337168679795314
337168690522022	337168705915693	337168697784314
337168714600064	337168722599026	337168721853147
337168725244355	337168739282359	337168732617189
337168739482689	337168755965692	337168746798105
337168757130105	337168772649025	337168764396689
337168775072147	337168789332358	337168782314730
337168791681730	337168806015691	337168798894480
337168807518814	337168822699024	337168814760397
337169987225106	337170023899000	337170009193606
337170001661064	337170040582333	337170036823064
337170034528731	337170073948999	337170064599564
337170054838273	337170090632332	337170074905898
337170086140981	337170107315665	337170096034148
337170103029731	337170123998998	337170113018439
337170123790231	337170140682331	337170133801856
337170137212106	337170157365664	337170147379064
337170154043856	337170174048997	337170163926898
337170171313356	337170190732330	337170181088481
337170187354231	337170207415663	337170197090981
337170203378981	337170224098996	337170210728106
337170218898814	337170240782329	337170226363231
337170235369564	337170257465662	337170242811523
337170251390939	337170274148995	337170258855689
337170268559064	337170290832328	337170275927148
337170284634564	337170307515661	337170292060023
337170304388314	337170324198994	337170311815856
337170317893939	337170340882327	337170325306231
337170335171898	337170357565660	337170342583689
337170351969981	337170374248993	337170359451856
337170369534856	337170390932326	337170377027939
337170389646939	337170407615659	337170397063939
337170402909273	337170424298992	337170410339898
337170421009189	337170440982325	337170428418981
337170437933273	337170457665658	337170445377065
337170454310065	337170474348991	337170461722273
337170474818731	337170491032324	337170482277023
337170488217815	337170507715657	337170495648773
337170505965440	337170524398990	337170513148731
337170521397648	337170541082323	337170528813273
337170538747606	337170557765656	337170546092856
337170554833481	337170574448989	337170562238773
337170572129398	337170591132322	337170579554731
337170589350356	337170607815655	337170596766106
337170605897565	337170624498988	337170613325023
337170623404648	337170641182321	337170630463940
337170639139815	337170657865654	337170647901565

===
16683333
337168186365563	337168205415703	337168194233605
337168202742772	337168222099036	337168210203272
337168219665230	337168238782369	337168227058730
337168236964772	337168255465702	337168244261938
337168254169438	337168272149035	337168261512522
337168268710272	337168288832368	337168276100730
337168287140813	337168305515701	337168296457188
337168303145063	337168322199034	337168311834813
337168322275397	337168338882367	337168330592855
337168337422313	337168355565700	337168345298689
337168354153439	337168372249033	337168361815064
337168373335814	337168388932366	337168380716730
337168387484272	337168405615699	337168394943355
337168405433564	337168422299032	337168412826314
337168420036730	337168438982365	337168427338314
337168436312772	337168455665698	337168443628772
337168458074855	337168472349031	337168465456147
337168470204230	337168489032364	337168477566814
337168486162189	337168505715697	337168493505897
337168502953230	337168522399030	337168510253439
337168520064522	337168539082363	337168527321355
337168544402772	337168555765696	337168551715564
337168554122814	337168572449029	337168561406272
337168571965022	337168589132362	337168579240355
337168587460980	337168605815695	337168594722147
337168604723522	337168622499028	337168611996105
337168627051772	337168639182361	337168634307189
337168639744147	337168655865694	337168646908397
337168655644730	337168672549027	337168662907814
337168672500189	337168689232360	337168679795314
337168690522022	337168705915693	337168697784314
337168714600064	337168722599026	337168721853147
337168725244355	337168739282359	337168732617189
337168739482689	337168755965692	337168746798105
337168757130105	337168772649025	337168764396689
337168775072147	337168789332358	337168782314730
337168791681730	337168806015691	337168798894480
337168807518814	337168822699024	337168814760397
337169987225106	337170023899000	337170009193606
337170001661064	337170040582333	337170036823064
337170034528731	337170073948999	337170064599564
337170054838273	337170090632332	337170074905898
337170086140981	337170107315665	337170096034148
337170103029731	337170123998998	337170113018439
337170123790231	337170140682331	337170133801856
337170137212106	337170157365664	337170147379064
337170154043856	337170174048997	337170163926898
337170171313356	337170190732330	337170181088481
337170187354231	337170207415663	337170197090981
337170203378981	337170224098996	337170210728106
337170218898814	337170240782329	337170226363231
337170235369564	337170257465662	337170242811523
337170251390939	337170274148995	337170258855689
337170268559064	337170290832328	337170275927148
337170284634564	337170307515661	337170292060023
337170304388314	337170324198994	337170311815856
337170317893939	337170340882327	337170325306231
337170335171898	337170357565660	337170342583689
337170351969981	337170374248993	337170359451856
337170369534856	337170390932326	337170377027939
337170389646939	337170407615659	337170397063939
337170402909273	337170424298992	337170410339898
337170421009189	337170440982325	337170428418981
337170437933273	337170457665658	337170445377065
337170454310065	337170474348991	337170461722273
337170474818731	337170491032324	337170482277023
337170488217815	337170507715657	337170495648773
337170505965440	337170524398990	337170513148731
337170521397648	337170541082323	337170528813273
337170538747606	337170557765656	337170546092856
337170554833481	337170574448989	337170562238773
337170572129398	337170591132322	337170579554731
337170589350356	337170607815655	337170596766106
337170605897565	337170624498988	337170613325023
337170623404648	337170641182321	337170630463940
337170639139815	337170657865654	337170647901565
337170656248440	337170674548987	337170663579981
337170672679648	337170691232320	337170680072648
337170689777773	337170707915653	337170697243315
337170705932148	337170724598986	337170713291606
337170725249940	337170741282319	337170732626565
337170739816731	337170757965652	337170748631481
337170756266565	337170774648985	337170763592398
337170772076940	337170791332318	337170779441731
337170788215856	337170808015651	337170795628440
337170806140981	337170824698984	337170815807190
337170822546356	337170841382317	337170829994731
337170840246315	337170858065650	337170849494981
337170856758606	337170874748983	337170865449815
337170872895231	337170891432316	337170880940565
337170894940356	337170908115649	337170902784190
337170913422690	337170924798982	337170921017898
337170931391981	337170941482315	337170938804690
337170941831565	337170958165648	337170949179898
337170958412981	337170974848981	337170965837606
337170978342190	337170991532314	337170985751023
337170994122398	337171008215647	337171001457856
337171010923356	337171024898980	337171018263356
337171023678106	337171041582313	337171031036273
337171040069231	337171058265646	337171047402523
337171061053273	337171074948979	337171068377023
337171077695856	337171091632312	337171085066856
337171096071106	337171108315645	337171103406315
337171107609065	337171124998978	337171114889523
337171124049231	337171141682311	337171131275398
337171145694440	337171158365644	337171152958607
337171162737648	337171175048977	337171170008482
337171178869732	337171191732310	337171186096732
337171191688232	337171208415643	337171198938357
337171208098065	337171225098976	337171215299607
337171229226940	337171241782309	337171236493023
337171246245065	337171258465642	337171253446940
337171262617607	337171275148975	337171269864273
337171275519773	337171291832308	337171282828648
337171293287065	337171308515641	337171300572148
337171314606565	337171325198974	337171321860398
337171331427898	337171341882307	337171338679607
337171347661982	337171358565640	337171354966690
337171360048857	337171375248973	337171367246607
337171377289982	337171391932306	337171384522190
337171762184357	337171775648965	337171784075065
337171773755482	337171809015631	337171811087148
337171801276940	337171825698964	337171829791440
337171835268607	337171842382297	337171845003440
337171849879815	337171859065630	337171859706440
337171865947232	337171875748963	337171875924732
337171883559607	337171892432296	337171893493107

===
16683333
337170623404648	337170641182321	337170630463940
337170639139815	337170657865654	337170647901565
337170656248440	337170674548987	337170663579981
337170672679648	337170691232320	337170680072648
337170689777773	337170707915653	337170697243315
337170705932148	337170724598986	337170713291606
337170725249940	337170741282319	337170732626565
337170739816731	337170757965652	337170748631481
337170756266565	337170774648985	337170763592398
337170772076940	337170791332318	337170779441731
337170788215856	337170808015651	337170795628440
337170806140981	337170824698984	337170815807190
337170822546356	337170841382317	337170829994731
337170840246315	337170858065650	337170849494981
337170856758606	337170874748983	337170865449815
337170872895231	337170891432316	337170880940565
337170894940356	337170908115649	337170902784190
337170913422690	337170924798982	337170921017898
337170931391981	337170941482315	337170938804690
337170941831565	337170958165648	337170949179898
337170958412981	337170974848981	337170965837606
337170978342190	337170991532314	337170985751023
337170994122398	337171008215647	337171001457856
337171010923356	337171024898980	337171018263356
337171023678106	337171041582313	337171031036273
337171040069231	337171058265646	337171047402523
337171061053273	337171074948979	337171068377023
337171077695856	337171091632312	337171085066856
337171096071106	337171108315645	337171103406315
337171107609065	337171124998978	337171114889523
337171124049231	337171141682311	337171131275398
337171145694440	337171158365644	337171152958607
337171162737648	337171175048977	337171170008482
337171178869732	337171191732310	337171186096732
337171191688232	337171208415643	337171198938357
337171208098065	337171225098976	337171215299607
337171229226940	337171241782309	337171236493023
337171246245065	337171258465642	337171253446940
337171262617607	337171275148975	337171269864273
337171275519773	337171291832308	337171282828648
337171293287065	337171308515641	337171300572148
337171314606565	337171325198974	337171321860398
337171331427898	337171341882307	337171338679607
337171347661982	337171358565640	337171354966690
337171360048857	337171375248973	337171367246607
337171377289982	337171391932306	337171384522190
337171762184357	337171775648965	337171784075065
337171773755482	337171809015631	337171811087148
337171801276940	337171825698964	337171829791440
337171835268607	337171842382297	337171845003440
337171849879815	337171859065630	337171859706440
337171865947232	337171875748963	337171875924732
337171883559607	337171892432296	337171893493107
337171905653065	337171909115629	337171916141107
337171922772649	337171925798962	337171932750440
337171936146024	337171942482295	337171945981357
337171951012774	337171959165628	337171960870940
337171967474690	337171975848961	337171977066524
337171986581065	337171992532294	337171996310274
337171998637690	337172009215627	337172006071399
337172014982899	337172025898960	337172022384857
337172031740607	337172042582293	337172039170399
337172049007690	337172059265626	337172056457565
337172067459940	337172075948959	337172074838315
337172082873774	337172092632292	337172090319899
337172100834232	337172109315625	337172108307649
337172118009440	337172142682291	337172125361190
337172133670190	337172159365624	337172141077815
337172154510065	337172176048957	337172161883399
337172168920357	337172192732290	337172176310732
337172184150565	337172209415623	337172191594524
337172202141899	337172226098956	337172209510774
337172218173607	337172242782289	337172225588732
337172238198524	337172259465622	337172245674149
337172253038357	337172276148955	337172260183399
337172269833107	337172292832288	337172277403315
337172286361024	337172309515621	337172293724940
337172300537232	337172326198954	337172307951274
337172318877482	337172342882287	337172326156649
337172336299065	337172359565620	337172343647440
337172353670649	337172376248953	337172361027565
337172370265524	337172392932286	337172377771815
337172386691815	337172409615619	337172394089107
337172401937482	337172426298952	337172409354440
337172419080482	337172442982285	337172426478649
337172434779315	337172459665618	337172442173357
337172454594024	337172476348951	337172461837899
337172469050399	337172493032284	337172476652315
337172486615857	337172509715617	337172495867399
337172503284607	337172526398950	337172512027982
337172519398399	337172543082283	337172527409899
337172538727732	337172559765616	337172546592857
337172554599316	337172576448949	337172562205649
337172571444941	337172593132282	337172580122899
337172588093607	337172609815615	337172595402191
337172604719607	337172626498948	337172612077607
337172620116732	337172643182281	337172627462857
337172636601482	337172659865614	337172643983691
337172653470649	337172676548947	337172660842232
337172669833357	337172693232280	337172677207357
337172686228607	337172709915613	337172693538399
337172703063399	337172726598946	337172710356482
337172720195482	337172743282279	337172727462774
337172737480732	337172759965612	337172744802649
337172754236066	337172776648945	337172761484732
337172770950316	337172793332278	337172778230441
337172787340357	337172810015611	337172794636774
337172806890066	337172826698944	337172815203816
337172827518191	337172843382277	337172834810982
337172837862274	337172860065610	337172843218524
337172860692066	337172876748943	337172866667774
337172876181566	337172893432276	337172882095066
337172893430857	337172910115609	337172899437732
337172910093982	337172926798942	337172917628691
337172926580482	337172943482275	337172934027316
337172940565024	337172960165608	337172947998149
337172958119107	337172976848941	337172965562357
337172976778566	337172993532274	337172984220232
337172995048274	337173010215607	337173002496524
337173009241899	337173026898940	337173016661566
337173022625857	337173043582273	337173030066191
337173039131441	337173060265606	337173046556816
337173056470524	337173076948939	337173063910232
337173073496232	337173093632272	337173080941482
337173091135149	337173110315605	337173098573566
337173106941774	337173126998938	337173114438857
337173125309274	337173143682271	337173132803274

===
16683333
337171986581065	337171992532294	337171996310274
337171998637690	337172009215627	337172006071399
337172014982899	337172025898960	337172022384857
337172031740607	337172042582293	337172039170399
337172049007690	337172059265626	337172056457565
337172067459940	337172075948959	337172074838315
337172082873774	337172092632292	337172090319899
337172100834232	337172109315625	337172108307649
337172118009440	337172142682291	337172125361190
337172133670190	337172159365624	337172141077815
337172154510065	337172176048957	337172161883399
337172168920357	337172192732290	337172176310732
337172184150565	337172209415623	337172191594524
337172202141899	337172226098956	337172209510774
337172218173607	337172242782289	337172225588732
337172238198524	337172259465622	337172245674149
337172253038357	337172276148955	337172260183399
337172269833107	337172292832288	337172277403315
337172286361024	337172309515621	337172293724940
337172300537232	337172326198954	337172307951274
337172318877482	337172342882287	337172326156649
337172336299065	337172359565620	337172343647440
337172353670649	337172376248953	337172361027565
337172370265524	337172392932286	337172377771815
337172386691815	337172409615619	337172394089107
337172401937482	337172426298952	337172409354440
337172419080482	337172442982285	337172426478649
337172434779315	337172459665618	337172442173357
337172454594024	337172476348951	337172461837899
337172469050399	337172493032284	337172476652315
337172486615857	337172509715617	337172495867399
337172503284607	337172526398950	337172512027982
337172519398399	337172543082283	337172527409899
337172538727732	337172559765616	337172546592857
337172554599316	337172576448949	337172562205649
337172571444941	337172593132282	337172580122899
337172588093607	337172609815615	337172595402191
337172604719607	337172626498948	337172612077607
337172620116732	337172643182281	337172627462857
337172636601482	337172659865614	337172643983691
337172653470649	337172676548947	337172660842232
337172669833357	337172693232280	337172677207357
337172686228607	337172709915613	337172693538399
337172703063399	337172726598946	337172710356482
337172720195482	337172743282279	337172727462774
337172737480732	337172759965612	337172744802649
337172754236066	337172776648945	337172761484732
337172770950316	337172793332278	337172778230441
337172787340357	337172810015611	337172794636774
337172806890066	337172826698944	337172815203816
337172827518191	337172843382277	337172834810982
337172837862274	337172860065610	337172843218524
337172860692066	337172876748943	337172866667774
337172876181566	337172893432276	337172882095066
337172893430857	337172910115609	337172899437732
337172910093982	337172926798942	337172917628691
337172926580482	337172943482275	337172934027316
337172940565024	337172960165608	337172947998149
337172958119107	337172976848941	337172965562357
337172976778566	337172993532274	337172984220232
337172995048274	337173010215607	337173002496524
337173009241899	337173026898940	337173016661566
337173022625857	337173043582273	337173030066191
337173039131441	337173060265606	337173046556816
337173056470524	337173076948939	337173063910232
337173073496232	337173093632272	337173080941482
337173091135149	337173110315605	337173098573566
337173106941774	337173126998938	337173114438857
337173125309274	337173143682271	337173132803274
337173141777899	337173160365604	337173149121066
337173160545107	337173177048937	337173167794399
337173416772108	337173443982265	337173438431774
337173426911358	337173460665598	337173465079399
337173460736066	337173494032264	337173493194149
337173481306983	337173510715597	337173515992191
337173515268108	337173527398930	337173526345983
337173527754024	337173544082263	337173537676649
337173547318858	337173560765596	337173557315691
337173563362899	337173577448929	337173573040358
337173581185483	337173594132262	337173591006108
337173594461108	337173610815595	337173604262399
337173611362358	337173627498928	337173621170858
337173631010733	337173644182261	337173640762691
337173646217858	337173660865594	337173653619441
337173663996274	337173677548927	337173671363899
337173678775149	337173694232260	337173686207941
337173696656191	337173710915593	337173704029774
337173713811233	337173727598926	337173721201149
337173729919191	337173744282259	337173737518983
337173750167983	337173760965592	337173757512149
337173763792566	337173777648925	337173771155233
337173781314399	337173794332258	337173788681649
337173797492858	337173811015591	337173804855649
337173814962316	337173827698924	337173822319233
337173834476983	337173844382257	337173841826066
337173848274066	337173861065590	337173855635858
337173865833399	337173877748923	337173872922024
337173882867274	337173894432256	337173890285024
337173898374441	337173911115589	337173905736566
337173916413316	337173927798922	337173923802108
337173931839066	337173944482255	337173939225316
337173950069816	337173961165588	337173957042358
337173965772775	337173977848921	337173973151316
337173983348525	337173994532254	337173990664483
337174000104816	337174011215587	337174007377400
337174018430858	337174027898920	337174025790358
337174033053775	337174044582253	337174040367191
337174051519358	337174061265586	337174058901858
337174068188191	337174077948919	337174075504525
337174086665441	337174094632252	337174094039900
337174100182233	337174111315585	337174107526358
337174117213400	337174127998918	337174124604441
337174132136900	337174144682251	337174139364400
337174149228025	337174161365584	337174156797275
337174168608358	337174178048917	337174176063400
337174183942816	337174194732250	337174191545525
337174201588483	337174211415583	337174210821108
337174216634233	337174228098916	337174225249775
337174233920108	337174244782249	337174242071566
337174252792691	337174261465582	337174260494441
337174267638691	337174278148915	337174275226816
337174284426358	337174294832248	337174291731108
337174300830941	337174311515581	337174308172816
337174317812358	337174328198914	337174325080608
337174333107441	337174344882247	337174340401858
337174350129483	337174361565580	337174357394775
337174366576441	337174378248913	337174373828566

===
16683333
337172336299065	337172359565620	337172343647440
337172353670649	337172376248953	337172361027565
337172370265524	337172392932286	337172377771815
337172386691815	337172409615619	337172394089107
337172401937482	337172426298952	337172409354440
337172419080482	337172442982285	337172426478649
337172434779315	337172459665618	337172442173357
337172454594024	337172476348951	337172461837899
337172469050399	337172493032284	337172476652315
337172486615857	337172509715617	337172495867399
337172503284607	337172526398950	337172512027982
337172519398399	337172543082283	337172527409899
337172538727732	337172559765616	337172546592857
337172554599316	337172576448949	337172562205649
337172571444941	337172593132282	337172580122899
337172588093607	337172609815615	337172595402191
337172604719607	337172626498948	337172612077607
337172620116732	337172643182281	337172627462857
337172636601482	337172659865614	337172643983691
337172653470649	337172676548947	337172660842232
337172669833357	337172693232280	337172677207357
337172686228607	337172709915613	337172693538399
337172703063399	337172726598946	337172710356482
337172720195482	337172743282279	337172727462774
337172737480732	337172759965612	337172744802649
337172754236066	337172776648945	337172761484732
337172770950316	337172793332278	337172778230441
337172787340357	337172810015611	337172794636774
337172806890066	337172826698944	337172815203816
337172827518191	337172843382277	337172834810982
337172837862274	337172860065610	337172843218524
337172860692066	337172876748943	337172866667774
337172876181566	337172893432276	337172882095066
337172893430857	337172910115609	337172899437732
337172910093982	337172926798942	337172917628691
337172926580482	337172943482275	337172934027316
337172940565024	337172960165608	337172947998149
337172958119107	337172976848941	337172965562357
337172976778566	337172993532274	337172984220232
337172995048274	337173010215607	337173002496524
337173009241899	337173026898940	337173016661566
337173022625857	337173043582273	337173030066191
337173039131441	337173060265606	337173046556816
337173056470524	337173076948939	337173063910232
337173073496232	337173093632272	337173080941482
337173091135149	337173110315605	337173098573566
337173106941774	337173126998938	337173114438857
337173125309274	337173143682271	337173132803274
337173141777899	337173160365604	337173149121066
337173160545107	337173177048937	337173167794399
337173416772108	337173443982265	337173438431774
337173426911358	337173460665598	337173465079399
337173460736066	337173494032264	337173493194149
337173481306983	337173510715597	337173515992191
337173515268108	337173527398930	337173526345983
337173527754024	337173544082263	337173537676649
337173547318858	337173560765596	337173557315691
337173563362899	337173577448929	337173573040358
337173581185483	337173594132262	337173591006108
337173594461108	337173610815595	337173604262399
337173611362358	337173627498928	337173621170858
337173631010733	337173644182261	337173640762691
337173646217858	337173660865594	337173653619441
337173663996274	337173677548927	337173671363899
337173678775149	337173694232260	337173686207941
337173696656191	337173710915593	337173704029774
337173713811233	337173727598926	337173721201149
337173729919191	337173744282259	337173737518983
337173750167983	337173760965592	337173757512149
337173763792566	337173777648925	337173771155233
337173781314399	337173794332258	337173788681649
337173797492858	337173811015591	337173804855649
337173814962316	337173827698924	337173822319233
337173834476983	337173844382257	337173841826066
337173848274066	337173861065590	337173855635858
337173865833399	337173877748923	337173872922024
337173882867274	337173894432256	337173890285024
337173898374441	337173911115589	337173905736566
337173916413316	337173927798922	337173923802108
337173931839066	337173944482255	337173939225316
337173950069816	337173961165588	337173957042358
337173965772775	337173977848921	337173973151316
337173983348525	337173994532254	337173990664483
337174000104816	337174011215587	337174007377400
337174018430858	337174027898920	337174025790358
337174033053775	337174044582253	337174040367191
337174051519358	337174061265586	337174058901858
337174068188191	337174077948919	337174075504525
337174086665441	337174094632252	337174094039900
337174100182233	337174111315585	337174107526358
337174117213400	337174127998918	337174124604441
337174132136900	337174144682251	337174139364400
337174149228025	337174161365584	337174156797275
337174168608358	337174178048917	337174176063400
337174183942816	337174194732250	337174191545525
337174201588483	337174211415583	337174210821108
337174216634233	337174228098916	337174225249775
337174233920108	337174244782249	337174242071566
337174252792691	337174261465582	337174260494441
337174267638691	337174278148915	337174275226816
337174284426358	337174294832248	337174291731108
337174300830941	337174311515581	337174308172816
337174317812358	337174328198914	337174325080608
337174333107441	337174344882247	337174340401858
337174350129483	337174361565580	337174357394775
337174366576441	337174378248913	337174373828566
337174383370983	337174394932246	337174390637066
337174400445525	337174411615579	337174407778191
337174417632483	337174428298912	337174424964941
337174433690066	337174444982245	337174440969233
337174451283650	337174461665578	337174458527358
337174468235775	337174478348911	337174475442358
337174485630400	337174495032244	337174492882275
337174501394316	337174528398910	337174508618900
337174519448275	337174545082243	337174526632525
337174535685983	337174561765576	337174542970733
337174553689108	337174578448909	337174560878858
337174569528275	337174595132242	337174576722483
337174587476066	337174611815575	337174594646025
337174603841650	337174628498908	337174610970358
337174619660025	337174645182241	337174626856233
337174637585483	337174661865574	337174644771692
337174654716858	337174678548907	337174661887608
337174670695483	337174695232240	337174677893817
337174688986858	337174711915573	337174696277900
337174705367900	337174728598906	337174712633858
337174721992025	337174745282239	337174729200525

===
16683333
337172336299065	337172359565620	337172343647440
337172353670649	337172376248953	337172361027565
337172370265524	337172392932286	337172377771815
337172386691815	337172409615619	337172394089107
337172401937482	337172426298952	337172409354440
337172419080482	337172442982285	337172426478649
337172434779315	337172459665618	337172442173357
337172454594024	337172476348951	337172461837899
337172469050399	337172493032284	337172476652315
337172486615857	337172509715617	337172495867399
337172503284607	337172526398950	337172512027982
337172519398399	337172543082283	337172527409899
337172538727732	337172559765616	337172546592857
337172554599316	337172576448949	337172562205649
337172571444941	337172593132282	337172580122899
337172588093607	337172609815615	337172595402191
337172604719607	337172626498948	337172612077607
337172620116732	337172643182281	337172627462857
337172636601482	337172659865614	337172643983691
337172653470649	337172676548947	337172660842232
337172669833357	337172693232280	337172677207357
337172686228607	337172709915613	337172693538399
337172703063399	337172726598946	337172710356482
337172720195482	337172743282279	337172727462774
337172737480732	337172759965612	337172744802649
337172754236066	337172776648945	337172761484732
337172770950316	337172793332278	337172778230441
337172787340357	337172810015611	337172794636774
337172806890066	337172826698944	337172815203816
337172827518191	337172843382277	337172834810982
337172837862274	337172860065610	337172843218524
337172860692066	337172876748943	337172866667774
337172876181566	337172893432276	337172882095066
337172893430857	337172910115609	337172899437732
337172910093982	337172926798942	337172917628691
337172926580482	337172943482275	337172934027316
337172940565024	337172960165608	337172947998149
337172958119107	337172976848941	337172965562357
337172976778566	337172993532274	337172984220232
337172995048274	337173010215607	337173002496524
337173009241899	337173026898940	337173016661566
337173022625857	337173043582273	337173030066191
337173039131441	337173060265606	337173046556816
337173056470524	337173076948939	337173063910232
337173073496232	337173093632272	337173080941482
337173091135149	337173110315605	337173098573566
337173106941774	337173126998938	337173114438857
337173125309274	337173143682271	337173132803274
337173141777899	337173160365604	337173149121066
337173160545107	337173177048937	337173167794399
337173416772108	337173443982265	337173438431774
337173426911358	337173460665598	337173465079399
337173460736066	337173494032264	337173493194149
337173481306983	337173510715597	337173515992191
337173515268108	337173527398930	337173526345983
337173527754024	337173544082263	337173537676649
337173547318858	337173560765596	337173557315691
337173563362899	337173577448929	337173573040358
337173581185483	337173594132262	337173591006108
337173594461108	337173610815595	337173604262399
337173611362358	337173627498928	337173621170858
337173631010733	337173644182261	337173640762691
337173646217858	337173660865594	337173653619441
337173663996274	337173677548927	337173671363899
337173678775149	337173694232260	337173686207941
337173696656191	337173710915593	337173704029774
337173713811233	337173727598926	337173721201149
337173729919191	337173744282259	337173737518983
337173750167983	337173760965592	337173757512149
337173763792566	337173777648925	337173771155233
337173781314399	337173794332258	337173788681649
337173797492858	337173811015591	337173804855649
337173814962316	337173827698924	337173822319233
337173834476983	337173844382257	337173841826066
337173848274066	337173861065590	337173855635858
337173865833399	337173877748923	337173872922024
337173882867274	337173894432256	337173890285024
337173898374441	337173911115589	337173905736566
337173916413316	337173927798922	337173923802108
337173931839066	337173944482255	337173939225316
337173950069816	337173961165588	337173957042358
337173965772775	337173977848921	337173973151316
337173983348525	337173994532254	337173990664483
337174000104816	337174011215587	337174007377400
337174018430858	337174027898920	337174025790358
337174033053775	337174044582253	337174040367191
337174051519358	337174061265586	337174058901858
337174068188191	337174077948919	337174075504525
337174086665441	337174094632252	337174094039900
337174100182233	337174111315585	337174107526358
337174117213400	337174127998918	337174124604441
337174132136900	337174144682251	337174139364400
337174149228025	337174161365584	337174156797275
337174168608358	337174178048917	337174176063400
337174183942816	337174194732250	337174191545525
337174201588483	337174211415583	337174210821108
337174216634233	337174228098916	337174225249775
337174233920108	337174244782249	337174242071566
337174252792691	337174261465582	337174260494441
337174267638691	337174278148915	337174275226816
337174284426358	337174294832248	337174291731108
337174300830941	337174311515581	337174308172816
337174317812358	337174328198914	337174325080608
337174333107441	337174344882247	337174340401858
337174350129483	337174361565580	337174357394775
337174366576441	337174378248913	337174373828566
337174383370983	337174394932246	337174390637066
337174400445525	337174411615579	337174407778191
337174417632483	337174428298912	337174424964941
337174433690066	337174444982245	337174440969233
337174451283650	337174461665578	337174458527358
337174468235775	337174478348911	337174475442358
337174485630400	337174495032244	337174492882275
337174501394316	337174528398910	337174508618900
337174519448275	337174545082243	337174526632525
337174535685983	337174561765576	337174542970733
337174553689108	337174578448909	337174560878858
337174569528275	337174595132242	337174576722483
337174587476066	337174611815575	337174594646025
337174603841650	337174628498908	337174610970358
337174619660025	337174645182241	337174626856233
337174637585483	337174661865574	337174644771692
337174654716858	337174678548907	337174661887608
337174670695483	337174695232240	337174677893817
337174688986858	337174711915573	337174696277900
337174705367900	337174728598906	337174712633858
337174721992025	337174745282239	337174729200525

===
16683333
337172336299065	337172359565620	337172343647440
337172353670649	337172376248953	337172361027565
337172370265524	337172392932286	337172377771815
337172386691815	337172409615619	337172394089107
337172401937482	337172426298952	337172409354440
337172419080482	337172442982285	337172426478649
337172434779315	337172459665618	337172442173357
337172454594024	337172476348951	337172461837899
337172469050399	337172493032284	337172476652315
337172486615857	337172509715617	337172495867399
337172503284607	337172526398950	337172512027982
337172519398399	337172543082283	337172527409899
337172538727732	337172559765616	337172546592857
337172554599316	337172576448949	337172562205649
337172571444941	337172593132282	337172580122899
337172588093607	337172609815615	337172595402191
337172604719607	337172626498948	337172612077607
337172620116732	337172643182281	337172627462857
337172636601482	337172659865614	337172643983691
337172653470649	337172676548947	337172660842232
337172669833357	337172693232280	337172677207357
337172686228607	337172709915613	337172693538399
337172703063399	337172726598946	337172710356482
337172720195482	337172743282279	337172727462774
337172737480732	337172759965612	337172744802649
337172754236066	337172776648945	337172761484732
337172770950316	337172793332278	337172778230441
337172787340357	337172810015611	337172794636774
337172806890066	337172826698944	337172815203816
337172827518191	337172843382277	337172834810982
337172837862274	337172860065610	337172843218524
337172860692066	337172876748943	337172866667774
337172876181566	337172893432276	337172882095066
337172893430857	337172910115609	337172899437732
337172910093982	337172926798942	337172917628691
337172926580482	337172943482275	337172934027316
337172940565024	337172960165608	337172947998149
337172958119107	337172976848941	337172965562357
337172976778566	337172993532274	337172984220232
337172995048274	337173010215607	337173002496524
337173009241899	337173026898940	337173016661566
337173022625857	337173043582273	337173030066191
337173039131441	337173060265606	337173046556816
337173056470524	337173076948939	337173063910232
337173073496232	337173093632272	337173080941482
337173091135149	337173110315605	337173098573566
337173106941774	337173126998938	337173114438857
337173125309274	337173143682271	337173132803274
337173141777899	337173160365604	337173149121066
337173160545107	337173177048937	337173167794399
337173416772108	337173443982265	337173438431774
337173426911358	337173460665598	337173465079399
337173460736066	337173494032264	337173493194149
337173481306983	337173510715597	337173515992191
337173515268108	337173527398930	337173526345983
337173527754024	337173544082263	337173537676649
337173547318858	337173560765596	337173557315691
337173563362899	337173577448929	337173573040358
337173581185483	337173594132262	337173591006108
337173594461108	337173610815595	337173604262399
337173611362358	337173627498928	337173621170858
337173631010733	337173644182261	337173640762691
337173646217858	337173660865594	337173653619441
337173663996274	337173677548927	337173671363899
337173678775149	337173694232260	337173686207941
337173696656191	337173710915593	337173704029774
337173713811233	337173727598926	337173721201149
337173729919191	337173744282259	337173737518983
337173750167983	337173760965592	337173757512149
337173763792566	337173777648925	337173771155233
337173781314399	337173794332258	337173788681649
337173797492858	337173811015591	337173804855649
337173814962316	337173827698924	337173822319233
337173834476983	337173844382257	337173841826066
337173848274066	337173861065590	337173855635858
337173865833399	337173877748923	337173872922024
337173882867274	337173894432256	337173890285024
337173898374441	337173911115589	337173905736566
337173916413316	337173927798922	337173923802108
337173931839066	337173944482255	337173939225316
337173950069816	337173961165588	337173957042358
337173965772775	337173977848921	337173973151316
337173983348525	337173994532254	337173990664483
337174000104816	337174011215587	337174007377400
337174018430858	337174027898920	337174025790358
337174033053775	337174044582253	337174040367191
337174051519358	337174061265586	337174058901858
337174068188191	337174077948919	337174075504525
337174086665441	337174094632252	337174094039900
337174100182233	337174111315585	337174107526358
337174117213400	337174127998918	337174124604441
337174132136900	337174144682251	337174139364400
337174149228025	337174161365584	337174156797275
337174168608358	337174178048917	337174176063400
337174183942816	337174194732250	337174191545525
337174201588483	337174211415583	337174210821108
337174216634233	337174228098916	337174225249775
337174233920108	337174244782249	337174242071566
337174252792691	337174261465582	337174260494441
337174267638691	337174278148915	337174275226816
337174284426358	337174294832248	337174291731108
337174300830941	337174311515581	337174308172816
337174317812358	337174328198914	337174325080608
337174333107441	337174344882247	337174340401858
337174350129483	337174361565580	337174357394775
337174366576441	337174378248913	337174373828566
337174383370983	337174394932246	337174390637066
337174400445525	337174411615579	337174407778191
337174417632483	337174428298912	337174424964941
337174433690066	337174444982245	337174440969233
337174451283650	337174461665578	337174458527358
337174468235775	337174478348911	337174475442358
337174485630400	337174495032244	337174492882275
337174501394316	337174528398910	337174508618900
337174519448275	337174545082243	337174526632525
337174535685983	337174561765576	337174542970733
337174553689108	337174578448909	337174560878858
337174569528275	337174595132242	337174576722483
337174587476066	337174611815575	337174594646025
337174603841650	337174628498908	337174610970358
337174619660025	337174645182241	337174626856233
337174637585483	337174661865574	337174644771692
337174654716858	337174678548907	337174661887608
337174670695483	337174695232240	337174677893817
337174688986858	337174711915573	337174696277900
337174705367900	337174728598906	337174712633858
337174721992025	337174745282239	337174729200525

