Applications Graphics Acceleration Info:
Uptime: 338175719 Realtime: 372849830

** Graphics info for pid 9236 [com.auroratv.lab] **

Stats since: 338162925367621ns
Total frames rendered: 529
Janky frames: 30 (5.67%)
Janky frames (legacy): 220 (41.59%)
50th percentile: 19ms
90th percentile: 38ms
95th percentile: 46ms
99th percentile: 65ms
Number Missed Vsync: 6
Number High input latency: 923
Number Slow UI thread: 18
Number Slow bitmap uploads: 2
Number Slow issue draw commands: 30
Number Frame deadline missed: 30
Number Frame deadline missed (legacy): 30
HISTOGRAM: 5ms=0 6ms=0 7ms=0 8ms=0 9ms=0 10ms=0 11ms=0 12ms=0 13ms=0 14ms=0 15ms=4 16ms=53 17ms=93 18ms=82 19ms=36 20ms=27 21ms=21 22ms=22 23ms=22 24ms=14 25ms=9 26ms=8 27ms=17 28ms=5 29ms=11 30ms=7 31ms=8 32ms=14 34ms=6 36ms=9 38ms=9 40ms=9 42ms=10 44ms=5 46ms=5 48ms=7 53ms=5 57ms=2 61ms=3 65ms=2 69ms=1 73ms=1 77ms=0 81ms=0 85ms=0 89ms=0 93ms=0 97ms=0 101ms=0 105ms=0 109ms=0 113ms=0 117ms=0 121ms=0 125ms=1 129ms=0 133ms=0 150ms=0 200ms=1 250ms=0 300ms=0 350ms=0 400ms=0 450ms=0 500ms=0 550ms=0 600ms=0 650ms=0 700ms=0 750ms=0 800ms=0 850ms=0 900ms=0 950ms=0 1000ms=0 1050ms=0 1100ms=0 1150ms=0 1200ms=0 1250ms=0 1300ms=0 1350ms=0 1400ms=0 1450ms=0 1500ms=0 1550ms=0 1600ms=0 1650ms=0 1700ms=0 1750ms=0 1800ms=0 1850ms=0 1900ms=0 1950ms=0 2000ms=0 2050ms=0 2100ms=0 2150ms=0 2200ms=0 2250ms=0 2300ms=0 2350ms=0 2400ms=0 2450ms=0 2500ms=0 2550ms=0 2600ms=0 2650ms=0 2700ms=0 2750ms=0 2800ms=0 2850ms=0 2900ms=0 2950ms=0 3000ms=0 3050ms=0 3100ms=0 3150ms=0 3200ms=0 3250ms=0 3300ms=0 3350ms=0 3400ms=0 3450ms=0 3500ms=0 3550ms=0 3600ms=0 3650ms=0 3700ms=0 3750ms=0 3800ms=0 3850ms=0 3900ms=0 3950ms=0 4000ms=0 4050ms=0 4100ms=0 4150ms=0 4200ms=0 4250ms=0 4300ms=0 4350ms=0 4400ms=0 4450ms=0 4500ms=0 4550ms=0 4600ms=0 4650ms=0 4700ms=0 4750ms=0 4800ms=0 4850ms=0 4900ms=0 4950ms=0
50th gpu percentile: 6ms
90th gpu percentile: 8ms
95th gpu percentile: 9ms
99th gpu percentile: 18ms
GPU HISTOGRAM: 1ms=0 2ms=0 3ms=0 4ms=0 5ms=0 6ms=322 7ms=153 8ms=20 9ms=9 10ms=6 11ms=5 12ms=0 13ms=1 14ms=0 15ms=0 16ms=2 17ms=3 18ms=3 19ms=1 20ms=0 21ms=0 22ms=0 23ms=0 24ms=1 25ms=2 4950ms=1

Pipeline=Skia (OpenGL)
Memory policy:
  Max surface area: 2073600
  Max resource usage: 99.53MB (x48)
  Background retention: 50% (altUiHidden = true)
  GPU Context timeout: 10
Contexts: 1 (stopped = 0)
CPU Caches:
  Glyph Cache: 4.68 MB (1 entry)
  Glyph Count: 250 
Total CPU memory usage:
  4904307 bytes, 4.68 MB (0.00 bytes is purgeable)
GPU Caches:
  Image:
    Texture: 18.42 MB (58 entries)
  Other:
    Other: 1.41 MB (1 entry)
    Buffer Object: 464.00 bytes (2 entries)
    StencilAttachment: 86.00 KB (7 entries)
  Scratch:
    Texture: 5.69 MB (174 entries)
    RenderTarget: 60.42 MB (442 entries)
    Buffer Object: 78.03 KB (3 entries)
Total GPU memory usage:
  90281328 bytes, 86.10 MB (359.61 KB is purgeable)

Profile data in ms:

	com.auroratv.lab/com.auroratv.MainActivity/android.view.ViewRootImpl@9822908 (visibility=0)
Window: com.auroratv.lab/com.auroratv.MainActivity
Stats since: 338162925366329ns
Total frames rendered: 529
Janky frames: 30 (5.67%)
Janky frames (legacy): 220 (41.59%)
50th percentile: 19ms
90th percentile: 38ms
95th percentile: 46ms
99th percentile: 65ms
Number Missed Vsync: 6
Number High input latency: 923
Number Slow UI thread: 18
Number Slow bitmap uploads: 2
Number Slow issue draw commands: 30
Number Frame deadline missed: 30
Number Frame deadline missed (legacy): 30
HISTOGRAM: 5ms=0 6ms=0 7ms=0 8ms=0 9ms=0 10ms=0 11ms=0 12ms=0 13ms=0 14ms=0 15ms=4 16ms=53 17ms=93 18ms=82 19ms=36 20ms=27 21ms=21 22ms=22 23ms=22 24ms=14 25ms=9 26ms=8 27ms=17 28ms=5 29ms=11 30ms=7 31ms=8 32ms=14 34ms=6 36ms=9 38ms=9 40ms=9 42ms=10 44ms=5 46ms=5 48ms=7 53ms=5 57ms=2 61ms=3 65ms=2 69ms=1 73ms=1 77ms=0 81ms=0 85ms=0 89ms=0 93ms=0 97ms=0 101ms=0 105ms=0 109ms=0 113ms=0 117ms=0 121ms=0 125ms=1 129ms=0 133ms=0 150ms=0 200ms=1 250ms=0 300ms=0 350ms=0 400ms=0 450ms=0 500ms=0 550ms=0 600ms=0 650ms=0 700ms=0 750ms=0 800ms=0 850ms=0 900ms=0 950ms=0 1000ms=0 1050ms=0 1100ms=0 1150ms=0 1200ms=0 1250ms=0 1300ms=0 1350ms=0 1400ms=0 1450ms=0 1500ms=0 1550ms=0 1600ms=0 1650ms=0 1700ms=0 1750ms=0 1800ms=0 1850ms=0 1900ms=0 1950ms=0 2000ms=0 2050ms=0 2100ms=0 2150ms=0 2200ms=0 2250ms=0 2300ms=0 2350ms=0 2400ms=0 2450ms=0 2500ms=0 2550ms=0 2600ms=0 2650ms=0 2700ms=0 2750ms=0 2800ms=0 2850ms=0 2900ms=0 2950ms=0 3000ms=0 3050ms=0 3100ms=0 3150ms=0 3200ms=0 3250ms=0 3300ms=0 3350ms=0 3400ms=0 3450ms=0 3500ms=0 3550ms=0 3600ms=0 3650ms=0 3700ms=0 3750ms=0 3800ms=0 3850ms=0 3900ms=0 3950ms=0 4000ms=0 4050ms=0 4100ms=0 4150ms=0 4200ms=0 4250ms=0 4300ms=0 4350ms=0 4400ms=0 4450ms=0 4500ms=0 4550ms=0 4600ms=0 4650ms=0 4700ms=0 4750ms=0 4800ms=0 4850ms=0 4900ms=0 4950ms=0
50th gpu percentile: 6ms
90th gpu percentile: 8ms
95th gpu percentile: 9ms
99th gpu percentile: 18ms
GPU HISTOGRAM: 1ms=0 2ms=0 3ms=0 4ms=0 5ms=0 6ms=322 7ms=153 8ms=20 9ms=9 10ms=6 11ms=5 12ms=0 13ms=1 14ms=0 15ms=0 16ms=2 17ms=3 18ms=3 19ms=1 20ms=0 21ms=0 22ms=0 23ms=0 24ms=1 25ms=2 4950ms=1



---PROFILEDATA---
Flags,FrameTimelineVsyncId,IntendedVsync,Vsync,InputEventId,HandleInputStart,AnimationStart,PerformTraversalsStart,DrawStart,FrameDeadline,FrameInterval,FrameStartTime,SyncQueued,SyncStart,IssueDrawCommandsStart,SwapBuffers,FrameCompleted,DequeueBufferDuration,QueueBufferDuration,GpuCompleted,SwapBuffersCompleted,DisplayPresentTime,CommandSubmissionCompleted,
0,117157123,338173702912859,338173702912859,0,338173703268751,338173703270710,338173704672251,338173704970835,338173738396163,338173703262251,16799971,338173705012835,338173705215501,338173706937501,338173716126835,338173722127376,20000,674334,338173722127376,338173717223668,-1,338173716126835,
0,117157131,338173719712830,338173719712830,0,338173720041835,338173720043751,338173721124210,338173721285585,338173755196134,338173720033835,16799971,338173721321710,338173721503293,338173723129418,338173731906376,338173738020543,112042,667292,338173738020543,338173733088418,-1,338173731906376,
0,117157139,338173736512801,338173736512801,0,338173736874960,338173736876668,338173738231126,338173738532418,338173771996105,338173736868001,16799971,338173738576376,338173738783543,338173740475751,338173748774293,338173754748293,34541,603625,338173754748293,338173749788376,-1,338173748774293,
0,117157147,338173753312772,338173753312772,0,338173753673001,338173753675085,338173754895418,338173755072460,338173788796076,338173753665293,16799971,338173755110710,338173755360835,338173757382126,338173766372543,338173772440335,33833,749292,338173772440335,338173767534210,-1,338173766372543,
0,117157155,338173770112743,338173770112743,0,338173770399918,338173770401460,338173771456168,338173771631168,338173805596047,338173770392793,16799971,338173771674335,338173771873168,338173773673960,338173782906918,338173788882460,91375,740500,338173788882460,338173784083751,-1,338173782906918,
0,117157163,338173786912714,338173786912714,0,338173787238918,338173787240626,338173788508460,338173788693293,338173822396018,338173787231668,16799971,338173788733751,338173789005501,338173790563335,338173798707085,338173804788168,19916,593708,338173804788168,338173799742168,-1,338173798707085,
0,117157171,338173803712685,338173803712685,0,338173804081501,338173804083168,338173805167585,338173805334835,338173839195989,338173804073751,16799971,338173805371626,338173805587876,338173807319543,338173816475376,338173822459501,96709,668458,338173822459501,338173817555001,-1,338173816475376,
0,117157179,338173820512656,338173820512656,0,338173820795001,338173820796543,338173821721168,338173821872918,338173855995960,338173820788668,16799971,338173821906918,338173822087835,338173823784293,338173831663876,338173837620918,271000,520084,338173837620918,338173832535543,-1,338173831663876,
0,117157187,338173837312627,338173837312627,0,338173837849251,338173837850751,338173838996543,338173839152126,338173872795931,338173837840585,16799971,338173839186418,338173840647668,338173842033418,338173849858043,338173855833918,20083,312791,338173855833918,338173850517251,-1,338173849858043,
0,117157195,338173854112598,338173854112598,0,338173854401585,338173854403210,338173855318001,338173855515626,338173889595902,338173854395126,16799971,338173855552585,338173855799001,338173858910918,338173867638710,338173873655876,23959,350334,338173873655876,338173868345001,-1,338173867638710,
0,117157203,338173870912569,338173870912569,0,338173871219251,338173871220835,338173872263793,338173872420793,338173906395873,338173871213168,16799971,338173872455626,338173872637293,338173875516751,338173883005126,338173888969918,21625,327125,338173888969918,338173883689918,-1,338173883005126,
0,117157211,338173887712540,338173887712540,0,338173888085001,338173888086460,338173889106376,338173889276168,338173923195844,338173888078043,16799971,338173889311460,338173889502251,338173892617835,338173901076793,338173907139751,23708,321042,338173907139751,338173901767960,-1,338173901076793,
0,117157219,338173904512511,338173904512511,0,338173904789585,338173904790960,338173905679085,338173905830918,338173939995815,338173904782960,16799971,338173905865793,338173906046585,338173909456376,338173918278835,338173924236376,21583,313792,338173924236376,338173918949043,-1,338173918278835,
0,117157227,338173921312482,338173921312482,0,338173921616585,338173921618251,338173922697001,338173922851918,338173956795786,338173921609585,16799971,338173922885210,338173923072418,338173926073460,338173934232418,338173940229210,23208,332709,338173940229210,338173934976501,-1,338173934232418,
0,117157235,338173938112453,338173938112453,0,338173938416501,338173938418001,338173939360293,338173939511960,338173973595757,338173938410460,16799971,338173939546501,338173939726085,338173942773710,338173950919501,338173956960251,21584,314875,338173956960251,338173951686085,-1,338173950919501,
0,117157243,338173954912424,338173954912424,0,338173955228543,338173955230085,338173956390918,338173956560168,338173990395728,338173955221335,16799971,338173956596835,338173956798668,338173959823626,338173969013918,338173974963626,25083,318292,338173974963626,338173969702293,-1,338173969013918,
0,117157251,338173971712395,338173971712395,0,338173971983460,338173971985460,338173973058168,338173973242418,338174007195699,338173971977126,16799971,338173973276418,338173973451668,338173976373210,338173983937543,338173989953043,21917,313542,338173989953043,338173984647960,-1,338173983937543,
0,117157259,338173988512366,338173988512366,0,338173988859793,338173988861418,338173990004376,338173990177876,338174023995670,338173988852918,16799971,338173990215043,338173990404835,338173993517460,338174002630043,338174008597710,22084,412083,338174008597710,338174003398335,-1,338174002630043,
0,117157267,338174005312337,338174005312337,0,338174005582543,338174005584626,338174006544293,338174006737460,338174040795641,338174005576043,16799971,338174006771001,338174006949543,338174009929126,338174017474585,338174023469710,19834,324250,338174023469710,338174018197543,-1,338174017474585,
0,117157275,338174022112308,338174022112308,0,338174022671710,338174022673376,338174024518251,338174024728168,338174057595612,338174022664835,16799971,338174024771251,338174024990710,338174026839960,338174036327001,338174042530335,21458,811916,338174042530335,338174037556543,-1,338174036327001,
0,117157283,338174038912279,338174038912279,0,338174039241585,338174039243085,338174040432710,338174040603626,338174074395583,338174039234793,16799971,338174040639168,338174040834210,338174042600543,338174052306543,338174058296501,125708,580792,338174058296501,338174053407835,-1,338174052306543,
0,117157291,338174055712250,338174055712250,0,338174056047960,338174056049251,338174057076460,338174057283460,338174091195554,338174056040960,16799971,338174057320001,338174057496710,338174060296751,338174067974251,338174074041210,23125,330291,338174074041210,338174068751085,-1,338174067974251,
0,117157299,338174072512221,338174072512221,0,338174072851335,338174072852835,338174074157001,338174074354085,338174107995525,338174072844126,16799971,338174074389418,338174075839460,338174077349918,338174084560335,338174090524543,23042,368458,338174090524543,338174085282585,-1,338174084560335,
0,117157307,338174089312192,338174089312192,0,338174089638501,338174089640251,338174090586585,338174090777501,338174124795496,338174089631710,16799971,338174090812251,338174090991085,338174093963293,338174101457001,338174107419585,20500,323250,338174107419585,338174102119251,-1,338174101457001,
0,117157315,338174106112163,338174106112163,0,338174106400210,338174106401543,338174107311876,338174107516335,338174141595467,338174106394001,16799971,338174107553376,338174107728168,338174110769168,338174118849626,338174125067376,20583,326042,338174125067376,338174119771251,-1,338174118849626,
0,117157323,338174122912134,338174122912134,0,338174123199210,338174123200626,338174124411543,338174124589835,338174158395438,338174123193043,16799971,338174124626460,338174124869168,338174127577751,338174135245585,338174141266001,20875,365208,338174141266001,338174135998668,-1,338174135245585,
0,117157331,338174139712105,338174139712105,0,338174140251876,338174140253335,338174141708960,338174141904126,338174175195409,338174140245376,16799971,338174141947835,338174142152460,338174143714960,338174152188418,338174158241460,18958,604917,338174158241460,338174153146668,-1,338174152188418,
0,117157339,338174156512076,338174156512076,0,338174156815710,338174156817001,338174158220918,338174158395710,338174191995380,338174156809585,16799971,338174158555585,338174158794876,338174160518751,338174168434418,338174174473335,62875,528166,338174174473335,338174169333793,-1,338174168434418,
0,117157347,338174173312047,338174173312047,0,338174173580126,338174173581585,338174174678210,338174174925876,338174208795351,338174173574585,16799971,338174174966835,338174175449210,338174177118126,338174185751585,338174191733043,16625,591375,338174191733043,338174186703376,-1,338174185751585,
0,117157355,338174190112018,338174190112018,0,338174190443293,338174190444710,338174191336001,338174191487501,338174225595322,338174190436918,16799971,338174191520668,338174191760460,338174193929001,338174201970626,338174207943543,15750,595625,338174207943543,338174202962001,-1,338174201970626,
0,117157363,338174206911989,338174206911989,0,338174207214668,338174207216543,338174208402835,338174208559793,338174242395293,338174207208918,16799971,338174208593543,338174208779335,338174213103335,338174227567668,338174233527085,33083,337125,338174233527085,338174228231293,-1,338174227567668,
0,117157371,338174223711960,338174223711960,0,338174224117710,338174224119168,338174225354960,338174225525210,338174259195264,338174224110585,16799971,338174225561960,338174228423960,338174229941376,338174238289626,338174244390376,19167,304875,338174244390376,338174239059376,-1,338174238289626,
0,117157379,338174240511931,338174240511931,0,338174240761418,338174240762751,338174241808960,338174241960793,338174275995235,338174240755001,16799971,338174241995710,338174242165168,338174244318001,338174253705835,338174259674293,18833,308167,338174259674293,338174254351043,-1,338174253705835,
0,117157387,338174257311902,338174257311902,0,338174257598418,338174257599835,338174258735960,338174258898085,338174292795206,338174257592168,16799971,338174258932751,338174259196168,338174260730210,338174269837835,338174275850877,258542,417208,338174275850877,338174270594418,-1,338174269837835,
0,117157395,338174274111873,338174274111873,0,338174274382127,338174274383585,338174275438543,338174275596627,338174309595177,338174274375960,16799971,338174275632960,338174275803585,338174277400002,338174287410502,338174293448502,233667,361292,338174293448502,338174288118877,-1,338174287410502,
0,117157403,338174290911844,338174290911844,0,338174291229502,338174291230793,338174292203377,338174292355710,338174326395148,338174291223877,16799971,338174292389502,338174292562918,338174294015793,338174302570502,338174308535168,446333,318667,338174308535168,338174303240627,-1,338174302570502,
0,117157411,338174307711815,338174307711815,0,338174308053627,338174308055377,338174309341002,338174309514835,338174343195119,338174308046918,16799971,338174309552543,338174309801418,338174311491168,338174321061502,338174327030877,115709,307583,338174327030877,338174321795877,-1,338174321061502,
0,117157419,338174324511786,338174324511786,0,338174324826627,338174324828418,338174325941252,338174326095668,338174359995090,338174324820460,16799971,338174326130168,338174326306418,338174329258168,338174336784335,338174342739877,20375,315709,338174342739877,338174337444335,-1,338174336784335,
0,117157427,338174341311757,338174341311757,0,338174341631627,338174341633168,338174343309168,338174343492168,338174376795061,338174341624252,16799971,338174343530627,338174343790210,338174345741752,338174355245752,338174361619043,23375,1145833,338174361619043,338174357075085,-1,338174355245752,
0,117157435,338174358111728,338174358111728,0,338174358391585,338174358393168,338174359854627,338174360097252,338174393595032,338174358384960,16799971,338174360137168,338174360328960,338174362237043,338174371026252,338174377127210,20500,669667,338174377127210,338174372212918,-1,338174371026252,
0,117157443,338174374911699,338174374911699,0,338174375239543,338174375240835,338174376239877,338174376403127,338174410395003,338174375232752,16799971,338174376440460,338174376657002,338174378324085,338174386779835,338174392835627,333375,732083,338174392835627,338174387905752,-1,338174386779835,
0,117157451,338174391711670,338174391711670,0,338174392069710,338174392071168,338174393017585,338174393165418,338174427194974,338174392063210,16799971,338174393196877,338174393410668,338174395194752,338174403791043,338174409805752,16958,546417,338174409805752,338174404804585,-1,338174403791043,
0,117157459,338174408511641,338174408511641,0,338174408825085,338174408826585,338174409880627,338174410035002,338174443994945,338174408818168,16799971,338174410068377,338174410242293,338174412989168,338174420238002,338174426206085,22083,309750,338174426206085,338174420881877,-1,338174420238002,
0,117157467,338174425311612,338174425311612,0,338174425603127,338174425615710,338174426665793,338174426819168,338174460794916,338174425597002,16799971,338174426851627,338174427033127,338174428759710,338174437477585,338174443436127,94542,365000,338174443436127,338174438204335,-1,338174437477585,
0,117157475,338174442111583,338174442111583,0,338174442391168,338174442393127,338174443376168,338174443567585,338174477594887,338174442385293,16799971,338174443600877,338174443776835,338174446516418,338174454702710,338174460661377,19958,300250,338174460661377,338174455337960,-1,338174454702710,
0,117157483,338174458911554,338174458911554,0,338174459182752,338174459184043,338174460261835,338174460413543,338174494394858,338174459177168,16799971,338174460446668,338174461038502,338174462489460,338174470498252,338174476477252,17334,303167,338174476477252,338174471136710,-1,338174470498252,
0,117157491,338174475711525,338174475711525,0,338174475983835,338174475985460,338174477211668,338174477381168,338174511194829,338174475978252,16799971,338174477416752,338174477620418,338174479327168,338174487019210,338174492982335,16708,394083,338174492982335,338174487749418,-1,338174487019210,
0,117157499,338174492511496,338174492511496,0,338174492891335,338174492892793,338174494037418,338174494198543,338174527994800,338174492884127,16799971,338174494233210,338174494412502,338174496280460,338174504300127,338174510275335,18042,330125,338174510275335,338174504967377,-1,338174504300127,
0,117157507,338174509311467,338174509311467,0,338174509633502,338174509634918,338174511127793,338174511435793,338174544794771,338174509626793,16799971,338174511479918,338174511727418,338174513702502,338174522918918,338174529818793,27125,320792,338174529818793,338174523735710,-1,338174522918918,
0,117157515,338174526111438,338174526111438,0,338174526444252,338174526445627,338174527780293,338174527955585,338174561594742,338174526437335,16799971,338174528149252,338174528379418,338174530467335,338174538457710,338174544538252,24125,332667,338174544538252,338174539141293,-1,338174538457710,
0,117157523,338174542911409,338174542911409,0,338174543338918,338174543340543,338174544669293,338174545014002,338174578394713,338174543332918,16799971,338174545062168,338174545267627,338174547081418,338174555300502,338174561265210,21709,302250,338174561265210,338174555935877,-1,338174555300502,
0,117157531,338174559711380,338174559711380,0,338174559990002,338174559991543,338174561230210,338174561409877,338174595194684,338174559983002,16799971,338174561446543,338174561628793,338174564426585,338174571316377,338174577367127,19584,912250,338174577367127,338174572605168,-1,338174571316377,
0,117157539,338174576511351,338174576511351,0,338174576785960,338174576787335,338174577847710,338174578069460,338174611994655,338174576779918,16799971,338174578105168,338174578281877,338174580917918,338174588313168,338174594371710,19959,543791,338174594371710,338174589199668,-1,338174588313168,
0,117157547,338174593311322,338174593311322,0,338174593590502,338174593591918,338174594828418,338174594994085,338174628794626,338174593584710,16799971,338174595029002,338174595212502,338174598009085,338174605888627,338174611868918,20000,547625,338174611868918,338174606807752,-1,338174605888627,
0,117157555,338174610111293,338174610111293,0,338174610394460,338174610396210,338174611479168,338174611677877,338174645594597,338174610387668,16799971,338174611735002,338174611912085,338174614663585,338174621827002,338174627788210,24584,544334,338174627788210,338174622718793,-1,338174621827002,
0,117157563,338174626911264,338174626911264,0,338174627351127,338174627352835,338174628531252,338174628691502,338174662394568,338174627345127,16799971,338174628725877,338174630226335,338174631669752,338174639358585,338174645342960,20333,597792,338174645342960,338174640302543,-1,338174639358585,
0,117157571,338174643711235,338174643711235,0,338174643982043,338174643983543,338174645395127,338174645563918,338174679194539,338174643976210,16799971,338174645712043,338174645905418,338174647941085,338174656425960,338174662390960,47250,390875,338174662390960,338174657148752,-1,338174656425960,
0,117157579,338174660511206,338174660511206,0,338174660783335,338174660784710,338174661801293,338174661962752,338174695994510,338174660777585,16799971,338174661998627,338174662182418,338174664347252,338174674171210,338174680207210,19250,302292,338174680207210,338174674820418,-1,338174674171210,
0,117157587,338174677311177,338174677311177,0,338174677714002,338174677715293,338174678843127,338174678999960,338174712794481,338174677707585,16799971,338174679035502,338174679208710,338174681968668,338174689138752,338174695118377,22083,543083,338174695118377,338174690045335,-1,338174689138752,
0,117157595,338174694111148,338174694111148,0,338174694391085,338174694392585,338174695397252,338174696061252,338174729594452,338174694384585,16799971,338174696103418,338174696326752,338174698096960,338174706399585,338174712378335,20250,317042,338174712378335,338174707060543,-1,338174706399585,
0,117157603,338174710911119,338174710911119,0,338174711181418,338174711182960,338174712883335,338174713060085,338174746394423,338174711175002,16799971,338174713098252,338174713305002,338174715285918,338174724287377,338174730269168,22042,593833,338174730269168,338174725229793,-1,338174724287377,
0,117157611,338174727711090,338174727711090,0,338174727998585,338174728027502,338174728923502,338174729074627,338174763194394,338174727992460,16799971,338174729107418,338174729289877,338174730980002,338174739476627,338174745475877,183125,663458,338174745475877,338174740561210,-1,338174739476627,
0,117157619,338174744511061,338174744511061,0,338174744860377,338174744861960,338174746048585,338174746224460,338174779994365,338174744853127,16799971,338174746264085,338174746466168,338174748529335,338174757118127,338174763174793,26250,620542,338174763174793,338174758112127,-1,338174757118127,
0,117157627,338174761311032,338174761311032,0,338174761608502,338174761609960,338174762624960,338174762793502,338174796794336,338174761601918,16799971,338174762830502,338174763062377,338174765235710,338174774153710,338174780147252,18917,338541,338174780147252,338174774837377,-1,338174774153710,
0,117157643,338174794910974,338174794910974,0,338174795276710,338174795278543,338174798245210,338174798449835,338174813594307,338174795268668,16799971,338174798507877,338174798939877,338174800900918,338174810781335,338174816784918,25958,345125,338174816784918,338174811527668,-1,338174810781335,
0,117157651,338174811710945,338174811710945,0,338174811983293,338174811985168,338174813618627,338174814251793,338174847194249,338174811976043,16799971,338174814296252,338174814532752,338174816459168,338174827447418,338174833480210,22458,530458,338174833480210,338174828421960,-1,338174827447418,
0,117157659,338174828510916,338174828510916,0,338174828946627,338174828948293,338174830088293,338174830336335,338174863994220,338174828938710,16799971,338174830375585,338174830687043,338174833191210,338174842843835,338174848860085,24667,456750,338174848860085,338174843792418,-1,338174842843835,
0,117157667,338174845310887,338174845310887,0,338174845630418,338174845632252,338174846747043,338174846910127,338174880794191,338174845623085,16799971,338174846946627,338174847315668,338174849774418,338174859714127,338174865755418,22792,330500,338174865755418,338174860432252,-1,338174859714127,
0,117157675,338174862110858,338174862110858,0,338174862402168,338174862403585,338174863409252,338174863562668,338174897594162,338174862395668,16799971,338174863596252,338174863883293,338174865450793,338174874295335,338174880342127,176625,422875,338174880342127,338174875122002,-1,338174874295335,
0,117157683,338174878910829,338174878910829,0,338174879209918,338174879211377,338174880249585,338174880481918,338174914394133,338174879203793,16799971,338174880536252,338174880733960,338174882818502,338174892078335,338174898060918,21333,1683541,338174898060918,338174894125418,-1,338174892078335,
0,117157691,338174895710800,338174895710800,0,338174895967752,338174895969085,338174897042752,338174897197127,338174931194104,338174895961335,16799971,338174897231293,338174897412918,338174899384460,338174907769335,338174913751752,19459,314625,338174913751752,338174908469835,-1,338174907769335,
0,117157699,338174912510771,338174912510771,0,338174912830793,338174912832752,338174914423043,338174914604210,338174947994075,338174912823835,16799971,338174914643252,338174914895877,338174916648627,338174927190543,338174933183960,22333,309000,338174933183960,338174927862793,-1,338174927190543,
0,117157707,338174929310742,338174929310742,0,338174929581668,338174929583127,338174930594168,338174930759043,338174964794046,338174929575127,16799971,338174930820085,338174931010710,338174932877002,338174941337502,338174947386543,17625,586000,338174947386543,338174942390918,-1,338174941337502,
0,117157715,338174946110713,338174946110713,0,338174946419710,338174946421085,338174947588460,338174947753877,338174981594017,338174946413168,16799971,338174947789918,338174947980752,338174949823210,338174958450585,338174964528418,18292,599584,338174964528418,338174959446460,-1,338174958450585,
0,117157723,338174962910684,338174962910684,0,338174963238877,338174963240252,338174964297752,338174964490668,338174998393988,338174963232127,16799971,338174964527960,338174964742918,338174966649585,338174976192752,338174982204919,17750,647208,338174982204919,338174977210502,-1,338174976192752,
0,117157731,338174979710655,338174979710655,0,338174979991127,338174979992877,338174980929169,338174981096627,338175015193959,338174979985335,16799971,338174981133085,338174981333252,338174983132044,338174991893794,338174997893335,97125,677250,338174997893335,338174992959169,-1,338174991893794,
0,117157739,338174996510626,338174996510626,0,338174996837960,338174996839502,338174997965627,338174998141377,338175031993930,338174996832169,16799971,338174998177669,338174998377252,338175000408210,338175009786919,338175015787127,18333,575625,338175015787127,338175010806835,-1,338175009786919,
0,117157747,338175013310597,338175013310597,0,338175013618127,338175013619710,338175014557877,338175014741044,338175048793901,338175013611627,16799971,338175014774835,338175014956835,338175016775377,338175025520252,338175031530294,82500,670458,338175031530294,338175026559419,-1,338175025520252,
0,117157755,338175030110568,338175030110568,0,338175030397544,338175030398919,338175031412044,338175031695794,338175065593872,338175030391002,16799971,338175031744085,338175031965335,338175033953252,338175043360294,338175049408710,17834,690000,338175049408710,338175044410210,-1,338175043360294,
0,117157763,338175046910539,338175046910539,0,338175047190377,338175047191919,338175048255502,338175048410169,338175082393843,338175047183502,16799971,338175048444169,338175048691960,338175050547669,338175059279377,338175065254085,17542,646459,338175065254085,338175060287377,-1,338175059279377,
0,117157771,338175063710510,338175063710510,0,338175063997377,338175063998585,338175064883502,338175065027252,338175099193814,338175063991835,16799971,338175065060794,338175065224960,338175066798127,338175075000794,338175081085585,278000,582208,338175081085585,338175076071502,-1,338175075000794,
0,117157779,338175080510481,338175080510481,0,338175080812002,338175080813502,338175081814710,338175082002252,338175115993785,338175080805169,16799971,338175082036627,338175082218127,338175083846627,338175093285044,338175099334752,288041,455666,338175099334752,338175094113794,-1,338175093285044,
0,117157787,338175097310452,338175097310452,0,338175097606460,338175097607919,338175098562419,338175098715419,338175132793756,338175097599752,16799971,338175098748669,338175098942127,338175100767794,338175109542335,338175115511127,209459,653875,338175115511127,338175110558002,-1,338175109542335,
0,117157795,338175114110423,338175114110423,0,338175114402835,338175114404377,338175115518377,338175115690544,338175149593727,338175114396377,16799971,338175115727460,338175116119627,338175117889835,338175127393377,338175133388169,17791,640083,338175133388169,338175128398294,-1,338175127393377,
0,117157803,338175130910394,338175130910394,0,338175131188210,338175131189835,338175132580294,338175132744127,338175166393698,338175131181835,16799971,338175132780710,338175133555544,338175135146085,338175143437585,338175149491544,21125,345875,338175149491544,338175144121919,-1,338175143437585,
0,117157811,338175147710365,338175147710365,0,338175147987835,338175147989294,338175149124752,338175149307127,338175183193669,338175147981419,16799971,338175149343710,338175149566127,338175151451919,338175160079127,338175166072419,17167,610541,338175166072419,338175161048669,-1,338175160079127,
0,117157819,338175164510336,338175164510336,0,338175164857044,338175164858919,338175165963919,338175166175919,338175199993640,338175164832044,16799971,338175166215044,338175166528794,338175168185752,338175176830252,338175182860960,17916,598791,338175182860960,338175177788877,-1,338175176830252,
0,117157827,338175181310307,338175181310307,0,338175181639627,338175181641127,338175182715460,338175182885210,338175216793611,338175181632794,16799971,338175182924169,338175183118335,338175185125960,338175193422752,338175199473794,18334,313083,338175199473794,338175194111210,-1,338175193422752,
0,117157835,338175198110278,338175198110278,0,338175198457377,338175198459169,338175199601835,338175199776419,338175233593582,338175198450419,16799971,338175199813544,338175200088377,338175202067210,338175210693460,338175216721085,20167,314583,338175216721085,338175211404544,-1,338175210693460,
0,117157843,338175214910249,338175214910249,0,338175215241877,338175215243419,338175216480210,338175216662460,338175250393553,338175215235335,16799971,338175216702044,338175217005002,338175219190377,338175228917585,338175235376919,21542,335417,338175235376919,338175230074460,-1,338175228917585,
0,117157851,338175231710220,338175231710220,0,338175231967085,338175231968544,338175232960127,338175233124502,338175267193524,338175231961419,16799971,338175233159252,338175233367877,338175235527544,338175243538877,338175249530877,20250,410042,338175249530877,338175244295419,-1,338175243538877,
0,117157859,338175248510191,338175248510191,0,338175248829752,338175248831460,338175249798294,338175250458127,338175283993495,338175248823127,16799971,338175251936627,338175252267210,338175254172794,338175263309460,338175269402252,23000,318000,338175269402252,338175264095835,-1,338175263309460,
0,117157867,338175265310162,338175265310162,0,338175265559085,338175265560460,338175266584752,338175266737585,338175300793466,338175265552877,16799971,338175266770960,338175266945085,338175269242835,338175279124627,338175285110252,19416,311667,338175285110252,338175279780294,-1,338175279124627,
0,117157875,338175282110133,338175282110133,0,338175282400752,338175282402419,338175283401252,338175283551794,338175317593437,338175282394044,16799971,338175283585335,338175283756669,338175285353210,338175293982794,338175299952919,346333,302958,338175299952919,338175294626335,-1,338175293982794,
0,117157883,338175298910104,338175298910104,0,338175299208919,338175299210210,338175300159960,338175300315794,338175334393408,338175299203044,16799971,338175300349919,338175300560044,338175302460710,338175311654877,338175317714710,30042,294125,338175317714710,338175312443044,-1,338175311654877,
0,117157891,338175315710075,338175315710075,0,338175315978377,338175315979835,338175316865460,338175317017627,338175351193379,338175315972585,16799971,338175317051627,338175317222835,338175319125835,338175328084960,338175334076710,195875,317333,338175334076710,338175328752169,-1,338175328084960,
0,117157899,338175332510046,338175332510046,0,338175332816419,338175332817919,338175333700419,338175333853502,338175367993350,338175332809794,16799971,338175333889169,338175334096585,338175335860585,338175345855210,338175352028127,420083,591917,338175352028127,338175346968335,-1,338175345855210,
0,117157907,338175349310017,338175349310017,0,338175349625710,338175349627169,338175350596919,338175350789419,338175384793321,338175349619085,16799971,338175350827419,338175351015002,338175352715377,338175362025627,338175368057127,284125,654625,338175368057127,338175363080627,-1,338175362025627,
0,117157915,338175366109988,338175366109988,0,338175366409835,338175366411377,338175367555044,338175367910460,338175401593292,338175366403085,16799971,338175367951002,338175368288669,338175369815877,338175377704419,338175383718585,17125,608125,338175383718585,338175378702377,-1,338175377704419,
0,117157923,338175382909959,338175382909959,0,338175383249377,338175383250752,338175384424585,338175384597085,338175418393263,338175383242419,16799971,338175384632877,338175384954835,338175386613044,338175396113169,338175402098627,21000,571292,338175402098627,338175397124627,-1,338175396113169,
0,117157931,338175399709930,338175399709930,0,338175400031044,338175400032877,338175400994335,338175401145835,338175435193234,338175399993794,16799971,338175401179835,338175401363002,338175402970127,338175412578919,338175418575835,387667,304958,338175418575835,338175413234127,-1,338175412578919,
0,117157939,338175416509901,338175416509901,0,338175416787335,338175416788960,338175417630002,338175417776085,338175451993205,338175416781710,16799971,338175417809919,338175417983710,338175419537960,338175428395919,338175434420794,641584,308584,338175434420794,338175429131919,-1,338175428395919,
0,117157947,338175433309872,338175433309872,0,338175433599169,338175433600669,338175434722044,338175434876710,338175468793176,338175433592752,16799971,338175434909960,338175435084877,338175438033669,338175447830960,338175454027002,21500,441458,338175454027002,338175448673752,-1,338175447830960,
0,117157955,338175450109843,338175450109843,0,338175450476669,338175450478294,338175451532502,338175451784335,338175485593147,338175450469377,16799971,338175451821544,338175451997585,338175453974335,338175462641085,338175468733585,19375,564625,338175468733585,338175463563835,-1,338175462641085,
0,117157963,338175466909814,338175466909814,0,338175467311294,338175467312710,338175468494877,338175468692710,338175502393118,338175467302502,16799971,338175468735544,338175469723335,338175471200294,338175480297252,338175486311794,21542,285000,338175486311794,338175481052002,-1,338175480297252,
0,117157971,338175483709785,338175483709785,0,338175484066794,338175484068210,338175485555544,338175485858919,338175519193089,338175484058377,16799971,338175485899294,338175486099335,338175487704085,338175496210127,338175502293210,19708,542584,338175502293210,338175497184794,-1,338175496210127,
0,117157979,338175500509756,338175500509756,0,338175500845335,338175500846960,338175501770335,338175501926960,338175535993060,338175500838252,16799971,338175501962419,338175502240419,338175504148752,338175511986544,338175518174169,18875,708792,338175518174169,338175513277252,-1,338175511986544,
0,117157987,338175517309727,338175517309727,0,338175517608627,338175517610002,338175518495460,338175518674044,338175552793031,338175517602044,16799971,338175518707669,338175518893002,338175520606544,338175527859919,338175533881544,342833,313458,338175533881544,338175528566960,-1,338175527859919,
0,117157995,338175534109698,338175534109698,0,338175534423169,338175534424710,338175535456044,338175535612919,338175569593002,338175534416585,16799971,338175535646085,338175535820752,338175537421460,338175544979335,338175551080669,239875,319875,338175551080669,338175545633210,-1,338175544979335,
0,117158003,338175550909669,338175550909669,0,338175551218710,338175551220085,338175552123002,338175552269210,338175586392973,338175551213169,16799971,338175552301335,338175552626085,338175555442627,338175562726710,338175568810960,20500,332375,338175568810960,338175563420710,-1,338175562726710,
0,117158011,338175567709640,338175567709640,0,338175568208377,338175568210585,338175570113835,338175570293710,338175603192944,338175568199460,16799971,338175570338377,338175570589627,338175572381669,338175581733502,338175587811669,20458,339417,338175587811669,338175582432835,-1,338175581733502,
0,117158019,338175584509611,338175584509611,0,338175584992085,338175584994210,338175585991544,338175586150460,338175619992915,338175584983335,16799971,338175586185294,338175586360502,338175588035544,338175597785169,338175603803294,195833,606708,338175603803294,338175598752419,-1,338175597785169,
0,117158027,338175601309582,338175601309582,0,338175601754210,338175601755794,338175602887460,338175603070877,338175636792886,338175601746669,16799971,338175603108794,338175603294044,338175605000585,338175613085169,338175619102294,18917,344334,338175619102294,338175613824335,-1,338175613085169,
0,117158035,338175618109553,338175618109553,0,338175618391169,338175618393252,338175619507419,338175619666960,338175653592857,338175618385252,16799971,338175619701752,338175619903127,338175621809252,338175629704960,338175635744835,17833,301167,338175635744835,338175630366544,-1,338175629704960,
0,117158043,338175634909524,338175634909524,0,338175635209669,338175635211044,338175636196794,338175636348252,338175670392828,338175635203294,16799971,338175636382710,338175636584044,338175638196544,338175646750585,338175652775460,113250,307917,338175652775460,338175647434169,-1,338175646750585,
0,117158051,338175651709495,338175651709495,0,338175652061919,338175652063585,338175653137877,338175653292419,338175687192799,338175652055502,16799971,338175653326460,338175653502210,338175655315835,338175663593627,338175669596544,18541,402541,338175669596544,338175664434627,-1,338175663593627,
0,117158059,338175668509466,338175668509466,0,338175668807919,338175668809460,338175669922794,338175670092002,338175703992770,338175668802210,16799971,338175670128294,338175670332085,338175672509711,338175682760919,338175688891627,19792,541667,338175688891627,338175683702877,-1,338175682760919,
0,117158067,338175685309437,338175685309437,0,338175685596752,338175685598336,338175686516836,338175686676461,338175720792741,338175685590294,16799971,338175686712461,338175686914544,338175688735294,338175697459086,338175703457044,17167,613834,338175703457044,338175698464961,-1,338175697459086,
0,117158075,338175702109408,338175702109408,0,338175702434669,338175702436252,338175703545044,338175703716252,338175720792741,338175702428836,16799971,338175703751169,338175703932502,338175705792002,338175713522836,338175719666211,15500,698708,338175719666211,338175714599669,-1,338175713522836,
0,117158083,338175718909379,338175718909379,0,338175719290586,338175719292211,338175720533336,338175720726002,338175737592712,338175719284044,16799971,338175720765711,338175721254586,338175723263169,338175730746169,338173704222001,23917,294875,338173704222001,338175731392794,-1,338175730746169,
---PROFILEDATA---


View hierarchy:

  com.auroratv.lab/com.auroratv.MainActivity/android.view.ViewRootImpl@9822908
  396 views, 771.60 kB of render nodes


Total ViewRootImpl   : 1
Total attached Views : 396
Total RenderNode     : 771.60 kB (used) / 2962.88 kB (capacity)

