16683333
0	0	0
0	0	0
0	0	0
0	0	0
0	0	0
0	0	0
0	0	0
0	0	0
0	0	0
0	0	0
0	0	0
0	0	0
0	0	0
0	0	0
0	0	0
0	0	0
0	0	0
0	0	0
0	0	0
0	0	0
0	0	0
0	0	0
0	0	0
0	0	0
0	0	0
0	0	0
0	0	0
0	0	0
0	0	0
0	0	0
0	0	0
0	0	0
0	0	0
0	0	0
0	0	0
0	0	0
0	0	0
0	0	0
0	0	0
0	0	0
0	0	0
0	0	0
0	0	0
0	0	0
0	0	0
0	0	0
0	0	0
0	0	0
0	0	0
0	0	0
0	0	0
0	0	0
0	0	0
0	0	0
0	0	0
0	0	0
0	0	0
0	0	0
0	0	0
0	0	0
0	0	0
0	0	0
0	0	0
0	0	0
0	0	0
0	0	0
0	0	0
0	0	0
0	0	0
0	0	0
0	0	0
0	0	0
0	0	0
0	0	0
0	0	0
0	0	0
0	0	0
0	0	0
0	0	0
0	0	0
0	0	0
0	0	0
0	0	0
0	0	0
0	0	0
0	0	0
0	0	0
0	0	0
0	0	0
0	0	0
0	0	0
0	0	0
0	0	0
0	0	0
0	0	0
0	0	0
0	0	0
0	0	0
0	0	0
0	0	0
0	0	0
0	0	0
0	0	0
0	0	0
0	0	0
0	0	0
0	0	0
0	0	0
0	0	0
0	0	0
0	0	0
0	0	0
0	0	0
0	0	0
0	0	0
0	0	0
0	0	0
0	0	0
0	0	0
0	0	0
0	0	0
0	0	0
0	0	0
0	0	0
0	0	0
0	0	0
0	0	0

===
16683333
0	0	0
0	0	0
0	0	0
0	0	0
0	0	0
0	0	0
0	0	0
0	0	0
0	0	0
0	0	0
0	0	0
0	0	0
0	0	0
0	0	0
0	0	0
0	0	0
0	0	0
0	0	0
0	0	0
0	0	0
0	0	0
0	0	0
0	0	0
0	0	0
0	0	0
0	0	0
0	0	0
0	0	0
0	0	0
0	0	0
0	0	0
0	0	0
0	0	0
0	0	0
0	0	0
0	0	0
0	0	0
0	0	0
0	0	0
0	0	0
0	0	0
0	0	0
0	0	0
0	0	0
0	0	0
0	0	0
0	0	0
0	0	0
0	0	0
0	0	0
0	0	0
0	0	0
0	0	0
0	0	0
0	0	0
0	0	0
0	0	0
0	0	0
0	0	0
0	0	0
0	0	0
0	0	0
0	0	0
0	0	0
0	0	0
0	0	0
0	0	0
0	0	0
0	0	0
0	0	0
0	0	0
0	0	0
0	0	0
0	0	0
0	0	0
0	0	0
0	0	0
0	0	0
0	0	0
0	0	0
0	0	0
0	0	0
0	0	0
0	0	0
0	0	0
0	0	0
0	0	0
0	0	0
0	0	0
0	0	0
0	0	0
0	0	0
0	0	0
0	0	0
0	0	0
338163195349413	338163207484446	338163211668413
338163228138580	338163240851112	338163246400038
338163254929746	338163257534445	338163264634788
338163277418038	338163274217778	338163285024163
338163292893955	338163290901111	338163300544330
338163304954205	338163307584444	338163312519038
338163320484746	338163324267777	338163328075163
338163341065580	338163340951110	338163348712746
338163353171246	338163357634443	338163360748330
338163367001621	338163374317776	338163374478871
338163380284413	338163407684442	338163387856330
338163402798455	338163424367775	338163410399246
338163421032830	338163441051108	338163428554705
338163435908830	338163457734441	338163443457080
338163451248288	338163474417774	338163458874538
338163467919621	338163491101107	338163475514163
338163483382246	338163507784440	338163490971496
338163497138288	338163524467773	338163504482705
338163667280746	338163674617770	338163674694788
338163727109246	338163758034435	338163750866121
338163760975080	338163791401101	338163784951788
338163789624913	338163808084434	338163797997955
338163821634580	338163841451100	338163830986122
338163854565538	338163874817766	338163864270455
338163875494788	338163891501099	338163885047122
338163899494830	338163908184432	338163909062747
338163922500955	338163941551098	338163932060872
338163939599663	338163958234431	338163949214997
338163961562413	338163974917764	338163971137622
338163979959413	338163991601097	338163989733705
338164000712788	338164008284430	338164009464205
338164018924330	338164024967763	338164024439913

===
16683333
0	0	0
0	0	0
0	0	0
0	0	0
0	0	0
0	0	0
0	0	0
0	0	0
0	0	0
0	0	0
0	0	0
0	0	0
0	0	0
0	0	0
0	0	0
0	0	0
0	0	0
0	0	0
0	0	0
0	0	0
0	0	0
0	0	0
0	0	0
0	0	0
0	0	0
0	0	0
0	0	0
0	0	0
0	0	0
0	0	0
0	0	0
338163195349413	338163207484446	338163211668413
338163228138580	338163240851112	338163246400038
338163254929746	338163257534445	338163264634788
338163277418038	338163274217778	338163285024163
338163292893955	338163290901111	338163300544330
338163304954205	338163307584444	338163312519038
338163320484746	338163324267777	338163328075163
338163341065580	338163340951110	338163348712746
338163353171246	338163357634443	338163360748330
338163367001621	338163374317776	338163374478871
338163380284413	338163407684442	338163387856330
338163402798455	338163424367775	338163410399246
338163421032830	338163441051108	338163428554705
338163435908830	338163457734441	338163443457080
338163451248288	338163474417774	338163458874538
338163467919621	338163491101107	338163475514163
338163483382246	338163507784440	338163490971496
338163497138288	338163524467773	338163504482705
338163667280746	338163674617770	338163674694788
338163727109246	338163758034435	338163750866121
338163760975080	338163791401101	338163784951788
338163789624913	338163808084434	338163797997955
338163821634580	338163841451100	338163830986122
338163854565538	338163874817766	338163864270455
338163875494788	338163891501099	338163885047122
338163899494830	338163908184432	338163909062747
338163922500955	338163941551098	338163932060872
338163939599663	338163958234431	338163949214997
338163961562413	338163974917764	338163971137622
338163979959413	338163991601097	338163989733705
338164000712788	338164008284430	338164009464205
338164018924330	338164024967763	338164024439913
338164040626330	338164058334429	338164046179497
338164060975705	338164075017762	338164066511580
338164080908372	338164091701095	338164086456163
338164099148080	338164108384428	338164104674872
338164116683455	338164125067761	338164122150580
338164133824663	338164141751094	338164139380455
338164153640663	338164158434427	338164159218580
338164172604580	338164175117760	338164178055205
338164189896705	338164191801093	338164195420163
338164207929455	338164225167759	338164213388455
338164224964788	338164241851092	338164230453497
338164246012497	338164258534425	338164251517538
338164263147080	338164275217758	338164268741913
338164280058163	338164291901091	338164285523913
338164296881830	338164308584424	338164302385622
338164313916122	338164325267757	338164319355580
338164330903872	338164341951090	338164336432247
338164347934788	338164358634423	338164353427247
338164364960747	338164375317756	338164370478705
338164382030538	338164392001089	338164387525747
338164395537538	338164408684422	338164401016705
338164414092663	338164425367755	338164419497705
338164431818705	338164442051088	338164437178955
338164448901080	338164458734421	338164454409288
338164466822288	338164475417754	338164472374413
338164476173038	338164492101087	338164481606663
338164493268497	338164508784420	338164498716997
338164507750830	338164525467753	338164513228330
338164525024580	338164542151086	338164530483372
338164541333205	338164558834419	338164546799622
338164560307664	338164575517752	338164565775372
338164575277622	338164592201085	338164580743872
338164593065455	338164608884418	338164598504872
338164609006372	338164625567751	338164614402414
338164625893664	338164642251084	338164631359080
338164643680289	338164658934417	338164649099830
338164659714747	338164675617750	338164665244080
338164677289789	338164692301083	338164682757955
338164693634289	338164708984416	338164699052664
338164711571497	338164725667749	338164717006330
338164796622330	338164809084414	338164802126039
338164832386247	338164842451080	338164838446164
338164856283664	338164859134413	338164861939622
338164874870955	338164875817746	338164882255039
338164894474872	338164909184412	338164902239247
338164916302622	338164925867745	338164924101914
338164937560497	338164942551078	338164945215872
338164954671289	338164959234411	338164962304497
338164980428955	338164992601077	338164987082289
338165007992955	338165009284410	338165014185830
338165031675122	338165042651076	338165037915497
338165054741039	338165059334409	338165060839872
338165078390039	338165076017742	338165084427205
338165094791955	338165092701075	338165100819039
338165114322955	338165126067741	338165120393539
338165133725372	338165142751074	338165139696164
338165154648205	338165159434407	338165160620164
338165172949122	338165176117740	338165178721455
338165189621331	338165192801073	338165195311122
338165206170831	338165209484406	338165211815414
338165222576331	338165226167739	338165237641372
338165237799247	338165242851072	338165242905164
338165253445331	338165259534405	338165258424414
338165268227664	338165276217738	338165273110581

===
16683333
338163667280746	338163674617770	338163674694788
338163727109246	338163758034435	338163750866121
338163760975080	338163791401101	338163784951788
338163789624913	338163808084434	338163797997955
338163821634580	338163841451100	338163830986122
338163854565538	338163874817766	338163864270455
338163875494788	338163891501099	338163885047122
338163899494830	338163908184432	338163909062747
338163922500955	338163941551098	338163932060872
338163939599663	338163958234431	338163949214997
338163961562413	338163974917764	338163971137622
338163979959413	338163991601097	338163989733705
338164000712788	338164008284430	338164009464205
338164018924330	338164024967763	338164024439913
338164040626330	338164058334429	338164046179497
338164060975705	338164075017762	338164066511580
338164080908372	338164091701095	338164086456163
338164099148080	338164108384428	338164104674872
338164116683455	338164125067761	338164122150580
338164133824663	338164141751094	338164139380455
338164153640663	338164158434427	338164159218580
338164172604580	338164175117760	338164178055205
338164189896705	338164191801093	338164195420163
338164207929455	338164225167759	338164213388455
338164224964788	338164241851092	338164230453497
338164246012497	338164258534425	338164251517538
338164263147080	338164275217758	338164268741913
338164280058163	338164291901091	338164285523913
338164296881830	338164308584424	338164302385622
338164313916122	338164325267757	338164319355580
338164330903872	338164341951090	338164336432247
338164347934788	338164358634423	338164353427247
338164364960747	338164375317756	338164370478705
338164382030538	338164392001089	338164387525747
338164395537538	338164408684422	338164401016705
338164414092663	338164425367755	338164419497705
338164431818705	338164442051088	338164437178955
338164448901080	338164458734421	338164454409288
338164466822288	338164475417754	338164472374413
338164476173038	338164492101087	338164481606663
338164493268497	338164508784420	338164498716997
338164507750830	338164525467753	338164513228330
338164525024580	338164542151086	338164530483372
338164541333205	338164558834419	338164546799622
338164560307664	338164575517752	338164565775372
338164575277622	338164592201085	338164580743872
338164593065455	338164608884418	338164598504872
338164609006372	338164625567751	338164614402414
338164625893664	338164642251084	338164631359080
338164643680289	338164658934417	338164649099830
338164659714747	338164675617750	338164665244080
338164677289789	338164692301083	338164682757955
338164693634289	338164708984416	338164699052664
338164711571497	338164725667749	338164717006330
338164796622330	338164809084414	338164802126039
338164832386247	338164842451080	338164838446164
338164856283664	338164859134413	338164861939622
338164874870955	338164875817746	338164882255039
338164894474872	338164909184412	338164902239247
338164916302622	338164925867745	338164924101914
338164937560497	338164942551078	338164945215872
338164954671289	338164959234411	338164962304497
338164980428955	338164992601077	338164987082289
338165007992955	338165009284410	338165014185830
338165031675122	338165042651076	338165037915497
338165054741039	338165059334409	338165060839872
338165078390039	338165076017742	338165084427205
338165094791955	338165092701075	338165100819039
338165114322955	338165126067741	338165120393539
338165133725372	338165142751074	338165139696164
338165154648205	338165159434407	338165160620164
338165172949122	338165176117740	338165178721455
338165189621331	338165192801073	338165195311122
338165206170831	338165209484406	338165211815414
338165222576331	338165226167739	338165237641372
338165237799247	338165242851072	338165242905164
338165253445331	338165259534405	338165258424414
338165268227664	338165276217738	338165273110581
338165285849581	338165292901071	338165290891497
338165304604622	338165309584404	338165309369664
338165325656331	338165326267737	338165330357664
338165343813706	338165342951070	338165348692039
338165359648997	338165359634403	338165364446539
338165374876039	338165376317736	338165379840914
338165389424581	338165393001069	338165394336831
338165404154497	338165409684402	338165408879831
338165417194872	338165426367735	338165422089122
338165434624247	338165443051068	338165439538997
338165451678081	338165459734401	338165456613289
338165467653622	338165476417734	338165472506122
338165484073164	338165493101067	338165488991872
338165500427497	338165509784400	338165505301164
338165520292247	338165526467733	338165525225206
338165534201664	338165543151066	338165539055331
338165552398622	338165559834399	338165557252497
338165567359456	338165576517732	338165572204414
338165585519956	338165593201065	338165590371414
338165601066872	338165609884398	338165605956872
338165620355997	338165626567731	338165625188331
338165635031247	338165643251064	338165639852081
338165652162539	338165659934397	338165656863456
338165670217247	338165676617730	338165675060664
338165686270706	338165693301063	338165691089664
338165702292372	338165709984396	338165707121914
338165718862039	338165726667729	338165723693789
338165736611372	338165743351062	338165741436247
338165753243372	338165760034395	338165758089039
338165769160956	338165776717728	338165774223247
338165785657997	338165793401061	338165790565706
338165803678914	338165826767727	338165808523914
338165819333122	338165843451060	338165824166872
338165835831872	338165860134393	338165840671539
338165850294122	338165876817726	338165855126039
338165867488956	338165893501059	338165872320289
338165886424331	338165910184392	338165891344706
338165901560581	338165926867725	338165906399831
338165918126956	338165943551058	338165922974498
338165934597706	338165960234391	338165939473373
338165951134081	338165976917724	338165956146873
338165967909206	338165993601057	338165972877831
338165985340956	338166010284390	338165990210998
338166002191914	338166026967723	338166007032414
338166018929664	338166043651056	338166023764331
338166035882706	338166060334389	338166040719414
338166052675164	338166077017722	338166057567414
338166069302039	338166093701055	338166074117456
338166085819164	338166110384388	338166090641206

===
16683333
338163667280746	338163674617770	338163674694788
338163727109246	338163758034435	338163750866121
338163760975080	338163791401101	338163784951788
338163789624913	338163808084434	338163797997955
338163821634580	338163841451100	338163830986122
338163854565538	338163874817766	338163864270455
338163875494788	338163891501099	338163885047122
338163899494830	338163908184432	338163909062747
338163922500955	338163941551098	338163932060872
338163939599663	338163958234431	338163949214997
338163961562413	338163974917764	338163971137622
338163979959413	338163991601097	338163989733705
338164000712788	338164008284430	338164009464205
338164018924330	338164024967763	338164024439913
338164040626330	338164058334429	338164046179497
338164060975705	338164075017762	338164066511580
338164080908372	338164091701095	338164086456163
338164099148080	338164108384428	338164104674872
338164116683455	338164125067761	338164122150580
338164133824663	338164141751094	338164139380455
338164153640663	338164158434427	338164159218580
338164172604580	338164175117760	338164178055205
338164189896705	338164191801093	338164195420163
338164207929455	338164225167759	338164213388455
338164224964788	338164241851092	338164230453497
338164246012497	338164258534425	338164251517538
338164263147080	338164275217758	338164268741913
338164280058163	338164291901091	338164285523913
338164296881830	338164308584424	338164302385622
338164313916122	338164325267757	338164319355580
338164330903872	338164341951090	338164336432247
338164347934788	338164358634423	338164353427247
338164364960747	338164375317756	338164370478705
338164382030538	338164392001089	338164387525747
338164395537538	338164408684422	338164401016705
338164414092663	338164425367755	338164419497705
338164431818705	338164442051088	338164437178955
338164448901080	338164458734421	338164454409288
338164466822288	338164475417754	338164472374413
338164476173038	338164492101087	338164481606663
338164493268497	338164508784420	338164498716997
338164507750830	338164525467753	338164513228330
338164525024580	338164542151086	338164530483372
338164541333205	338164558834419	338164546799622
338164560307664	338164575517752	338164565775372
338164575277622	338164592201085	338164580743872
338164593065455	338164608884418	338164598504872
338164609006372	338164625567751	338164614402414
338164625893664	338164642251084	338164631359080
338164643680289	338164658934417	338164649099830
338164659714747	338164675617750	338164665244080
338164677289789	338164692301083	338164682757955
338164693634289	338164708984416	338164699052664
338164711571497	338164725667749	338164717006330
338164796622330	338164809084414	338164802126039
338164832386247	338164842451080	338164838446164
338164856283664	338164859134413	338164861939622
338164874870955	338164875817746	338164882255039
338164894474872	338164909184412	338164902239247
338164916302622	338164925867745	338164924101914
338164937560497	338164942551078	338164945215872
338164954671289	338164959234411	338164962304497
338164980428955	338164992601077	338164987082289
338165007992955	338165009284410	338165014185830
338165031675122	338165042651076	338165037915497
338165054741039	338165059334409	338165060839872
338165078390039	338165076017742	338165084427205
338165094791955	338165092701075	338165100819039
338165114322955	338165126067741	338165120393539
338165133725372	338165142751074	338165139696164
338165154648205	338165159434407	338165160620164
338165172949122	338165176117740	338165178721455
338165189621331	338165192801073	338165195311122
338165206170831	338165209484406	338165211815414
338165222576331	338165226167739	338165237641372
338165237799247	338165242851072	338165242905164
338165253445331	338165259534405	338165258424414
338165268227664	338165276217738	338165273110581
338165285849581	338165292901071	338165290891497
338165304604622	338165309584404	338165309369664
338165325656331	338165326267737	338165330357664
338165343813706	338165342951070	338165348692039
338165359648997	338165359634403	338165364446539
338165374876039	338165376317736	338165379840914
338165389424581	338165393001069	338165394336831
338165404154497	338165409684402	338165408879831
338165417194872	338165426367735	338165422089122
338165434624247	338165443051068	338165439538997
338165451678081	338165459734401	338165456613289
338165467653622	338165476417734	338165472506122
338165484073164	338165493101067	338165488991872
338165500427497	338165509784400	338165505301164
338165520292247	338165526467733	338165525225206
338165534201664	338165543151066	338165539055331
338165552398622	338165559834399	338165557252497
338165567359456	338165576517732	338165572204414
338165585519956	338165593201065	338165590371414
338165601066872	338165609884398	338165605956872
338165620355997	338165626567731	338165625188331
338165635031247	338165643251064	338165639852081
338165652162539	338165659934397	338165656863456
338165670217247	338165676617730	338165675060664
338165686270706	338165693301063	338165691089664
338165702292372	338165709984396	338165707121914
338165718862039	338165726667729	338165723693789
338165736611372	338165743351062	338165741436247
338165753243372	338165760034395	338165758089039
338165769160956	338165776717728	338165774223247
338165785657997	338165793401061	338165790565706
338165803678914	338165826767727	338165808523914
338165819333122	338165843451060	338165824166872
338165835831872	338165860134393	338165840671539
338165850294122	338165876817726	338165855126039
338165867488956	338165893501059	338165872320289
338165886424331	338165910184392	338165891344706
338165901560581	338165926867725	338165906399831
338165918126956	338165943551058	338165922974498
338165934597706	338165960234391	338165939473373
338165951134081	338165976917724	338165956146873
338165967909206	338165993601057	338165972877831
338165985340956	338166010284390	338165990210998
338166002191914	338166026967723	338166007032414
338166018929664	338166043651056	338166023764331
338166035882706	338166060334389	338166040719414
338166052675164	338166077017722	338166057567414
338166069302039	338166093701055	338166074117456
338166085819164	338166110384388	338166090641206

===
16683333
338163875494788	338163891501099	338163885047122
338163899494830	338163908184432	338163909062747
338163922500955	338163941551098	338163932060872
338163939599663	338163958234431	338163949214997
338163961562413	338163974917764	338163971137622
338163979959413	338163991601097	338163989733705
338164000712788	338164008284430	338164009464205
338164018924330	338164024967763	338164024439913
338164040626330	338164058334429	338164046179497
338164060975705	338164075017762	338164066511580
338164080908372	338164091701095	338164086456163
338164099148080	338164108384428	338164104674872
338164116683455	338164125067761	338164122150580
338164133824663	338164141751094	338164139380455
338164153640663	338164158434427	338164159218580
338164172604580	338164175117760	338164178055205
338164189896705	338164191801093	338164195420163
338164207929455	338164225167759	338164213388455
338164224964788	338164241851092	338164230453497
338164246012497	338164258534425	338164251517538
338164263147080	338164275217758	338164268741913
338164280058163	338164291901091	338164285523913
338164296881830	338164308584424	338164302385622
338164313916122	338164325267757	338164319355580
338164330903872	338164341951090	338164336432247
338164347934788	338164358634423	338164353427247
338164364960747	338164375317756	338164370478705
338164382030538	338164392001089	338164387525747
338164395537538	338164408684422	338164401016705
338164414092663	338164425367755	338164419497705
338164431818705	338164442051088	338164437178955
338164448901080	338164458734421	338164454409288
338164466822288	338164475417754	338164472374413
338164476173038	338164492101087	338164481606663
338164493268497	338164508784420	338164498716997
338164507750830	338164525467753	338164513228330
338164525024580	338164542151086	338164530483372
338164541333205	338164558834419	338164546799622
338164560307664	338164575517752	338164565775372
338164575277622	338164592201085	338164580743872
338164593065455	338164608884418	338164598504872
338164609006372	338164625567751	338164614402414
338164625893664	338164642251084	338164631359080
338164643680289	338164658934417	338164649099830
338164659714747	338164675617750	338164665244080
338164677289789	338164692301083	338164682757955
338164693634289	338164708984416	338164699052664
338164711571497	338164725667749	338164717006330
338164796622330	338164809084414	338164802126039
338164832386247	338164842451080	338164838446164
338164856283664	338164859134413	338164861939622
338164874870955	338164875817746	338164882255039
338164894474872	338164909184412	338164902239247
338164916302622	338164925867745	338164924101914
338164937560497	338164942551078	338164945215872
338164954671289	338164959234411	338164962304497
338164980428955	338164992601077	338164987082289
338165007992955	338165009284410	338165014185830
338165031675122	338165042651076	338165037915497
338165054741039	338165059334409	338165060839872
338165078390039	338165076017742	338165084427205
338165094791955	338165092701075	338165100819039
338165114322955	338165126067741	338165120393539
338165133725372	338165142751074	338165139696164
338165154648205	338165159434407	338165160620164
338165172949122	338165176117740	338165178721455
338165189621331	338165192801073	338165195311122
338165206170831	338165209484406	338165211815414
338165222576331	338165226167739	338165237641372
338165237799247	338165242851072	338165242905164
338165253445331	338165259534405	338165258424414
338165268227664	338165276217738	338165273110581
338165285849581	338165292901071	338165290891497
338165304604622	338165309584404	338165309369664
338165325656331	338165326267737	338165330357664
338165343813706	338165342951070	338165348692039
338165359648997	338165359634403	338165364446539
338165374876039	338165376317736	338165379840914
338165389424581	338165393001069	338165394336831
338165404154497	338165409684402	338165408879831
338165417194872	338165426367735	338165422089122
338165434624247	338165443051068	338165439538997
338165451678081	338165459734401	338165456613289
338165467653622	338165476417734	338165472506122
338165484073164	338165493101067	338165488991872
338165500427497	338165509784400	338165505301164
338165520292247	338165526467733	338165525225206
338165534201664	338165543151066	338165539055331
338165552398622	338165559834399	338165557252497
338165567359456	338165576517732	338165572204414
338165585519956	338165593201065	338165590371414
338165601066872	338165609884398	338165605956872
338165620355997	338165626567731	338165625188331
338165635031247	338165643251064	338165639852081
338165652162539	338165659934397	338165656863456
338165670217247	338165676617730	338165675060664
338165686270706	338165693301063	338165691089664
338165702292372	338165709984396	338165707121914
338165718862039	338165726667729	338165723693789
338165736611372	338165743351062	338165741436247
338165753243372	338165760034395	338165758089039
338165769160956	338165776717728	338165774223247
338165785657997	338165793401061	338165790565706
338165803678914	338165826767727	338165808523914
338165819333122	338165843451060	338165824166872
338165835831872	338165860134393	338165840671539
338165850294122	338165876817726	338165855126039
338165867488956	338165893501059	338165872320289
338165886424331	338165910184392	338165891344706
338165901560581	338165926867725	338165906399831
338165918126956	338165943551058	338165922974498
338165934597706	338165960234391	338165939473373
338165951134081	338165976917724	338165956146873
338165967909206	338165993601057	338165972877831
338165985340956	338166010284390	338165990210998
338166002191914	338166026967723	338166007032414
338166018929664	338166043651056	338166023764331
338166035882706	338166060334389	338166040719414
338166052675164	338166077017722	338166057567414
338166069302039	338166093701055	338166074117456
338166085819164	338166110384388	338166090641206
338168892556749	338168913184332	338168907050832
338168933600207	338168946550998	338168950281957
338168954554874	338168979917664	338168971103832
338168974643166	338168996600997	338168991341916
338168999851624	338169013284330	338169016556624
338169019434249	338169029967663	338169025817749

===
16683333
338164980428955	338164992601077	338164987082289
338165007992955	338165009284410	338165014185830
338165031675122	338165042651076	338165037915497
338165054741039	338165059334409	338165060839872
338165078390039	338165076017742	338165084427205
338165094791955	338165092701075	338165100819039
338165114322955	338165126067741	338165120393539
338165133725372	338165142751074	338165139696164
338165154648205	338165159434407	338165160620164
338165172949122	338165176117740	338165178721455
338165189621331	338165192801073	338165195311122
338165206170831	338165209484406	338165211815414
338165222576331	338165226167739	338165237641372
338165237799247	338165242851072	338165242905164
338165253445331	338165259534405	338165258424414
338165268227664	338165276217738	338165273110581
338165285849581	338165292901071	338165290891497
338165304604622	338165309584404	338165309369664
338165325656331	338165326267737	338165330357664
338165343813706	338165342951070	338165348692039
338165359648997	338165359634403	338165364446539
338165374876039	338165376317736	338165379840914
338165389424581	338165393001069	338165394336831
338165404154497	338165409684402	338165408879831
338165417194872	338165426367735	338165422089122
338165434624247	338165443051068	338165439538997
338165451678081	338165459734401	338165456613289
338165467653622	338165476417734	338165472506122
338165484073164	338165493101067	338165488991872
338165500427497	338165509784400	338165505301164
338165520292247	338165526467733	338165525225206
338165534201664	338165543151066	338165539055331
338165552398622	338165559834399	338165557252497
338165567359456	338165576517732	338165572204414
338165585519956	338165593201065	338165590371414
338165601066872	338165609884398	338165605956872
338165620355997	338165626567731	338165625188331
338165635031247	338165643251064	338165639852081
338165652162539	338165659934397	338165656863456
338165670217247	338165676617730	338165675060664
338165686270706	338165693301063	338165691089664
338165702292372	338165709984396	338165707121914
338165718862039	338165726667729	338165723693789
338165736611372	338165743351062	338165741436247
338165753243372	338165760034395	338165758089039
338165769160956	338165776717728	338165774223247
338165785657997	338165793401061	338165790565706
338165803678914	338165826767727	338165808523914
338165819333122	338165843451060	338165824166872
338165835831872	338165860134393	338165840671539
338165850294122	338165876817726	338165855126039
338165867488956	338165893501059	338165872320289
338165886424331	338165910184392	338165891344706
338165901560581	338165926867725	338165906399831
338165918126956	338165943551058	338165922974498
338165934597706	338165960234391	338165939473373
338165951134081	338165976917724	338165956146873
338165967909206	338165993601057	338165972877831
338165985340956	338166010284390	338165990210998
338166002191914	338166026967723	338166007032414
338166018929664	338166043651056	338166023764331
338166035882706	338166060334389	338166040719414
338166052675164	338166077017722	338166057567414
338166069302039	338166093701055	338166074117456
338166085819164	338166110384388	338166090641206
338168892556749	338168913184332	338168907050832
338168933600207	338168946550998	338168950281957
338168954554874	338168979917664	338168971103832
338168974643166	338168996600997	338168991341916
338168999851624	338169013284330	338169016556624
338169019434249	338169029967663	338169025817749
338169039562416	338169046650996	338169045115374
338169056081791	338169063334329	338169061691707
338169075941791	338169080017662	338169082084041
338169095531832	338169096700995	338169101266541
338169114648207	338169130067661	338169120207332
338169141067457	338169146750994	338169147026624
338169163024124	338169180117660	338169169251416
338169186554166	338169196800993	338169192575999
338169205297999	338169213484326	338169210967207
338169220461791	338169230167659	338169226109166
338169240705874	338169246850992	338169246912332
338169259986791	338169263534325	338169266135124
338169280384291	338169296900991	338169286672249
338169302533874	338169313584324	338169308673791
338169322031416	338169330267657	338169328175082
338169341220332	338169346950990	338169347285541
338169361809082	338169363634323	338169368290041
338169378312957	338169380317656	338169383836374
338169396387041	338169397000989	338169401917249
338169412484333	338169413684322	338169418014124
338169429985999	338169430367655	338169435525833
338169445762416	338169447050988	338169451324874
338169463597624	338169463734321	338169469128124
338169486239666	338169497100987	338169491776499
338169502912083	338169513784320	338169508395749
338169662873499	338169680617650	338169679411666
338169696262374	338169713984316	338169718878374
338169721998958	338169747350982	338169746028041
338169751030791	338169764034315	338169762956749
338169781143541	338169780717648	338169789397333
338169804349041	338169814084314	338169812534083
338169838855124	338169847450980	338169844792791
338169859322083	338169864134313	338169864852374
338169878601083	338169880817646	338169884269291
338169895564999	338169897500979	338169901674833
338169916250499	338169914184312	338169921796708
338169935338166	338169930867645	338169940890458
338169954614499	338169964234311	338169960146958
338169973043958	338169980917644	338169978624666
338169993631791	338169997600977	338169999123333
338170011870666	338170014284310	338170017359833
338170031923208	338170030967643	338170037412791
338170048298874	338170047650976	338170053853666
338170063533041	338170064334309	338170069103041
338170078836708	338170081017642	338170084493750
338170095382375	338170097700975	338170100995791
338170112654083	338170114384308	338170118209833
338170127209208	338170131067641	338170132781208
338170143548750	338170147750974	338170149142125
338170159159791	338170164434307	338170164697916
338170174895666	338170181117640	338170180577250
338170189522500	338170197800973	338170195089625
338170204111583	338170214484306	338170209731750
338170219015291	338170231167639	338170224554333
338170236210666	338170247850972	338170241727791
338170253860458	338170264534305	338170259307541

===
16683333
338169114648207	338169130067661	338169120207332
338169141067457	338169146750994	338169147026624
338169163024124	338169180117660	338169169251416
338169186554166	338169196800993	338169192575999
338169205297999	338169213484326	338169210967207
338169220461791	338169230167659	338169226109166
338169240705874	338169246850992	338169246912332
338169259986791	338169263534325	338169266135124
338169280384291	338169296900991	338169286672249
338169302533874	338169313584324	338169308673791
338169322031416	338169330267657	338169328175082
338169341220332	338169346950990	338169347285541
338169361809082	338169363634323	338169368290041
338169378312957	338169380317656	338169383836374
338169396387041	338169397000989	338169401917249
338169412484333	338169413684322	338169418014124
338169429985999	338169430367655	338169435525833
338169445762416	338169447050988	338169451324874
338169463597624	338169463734321	338169469128124
338169486239666	338169497100987	338169491776499
338169502912083	338169513784320	338169508395749
338169662873499	338169680617650	338169679411666
338169696262374	338169713984316	338169718878374
338169721998958	338169747350982	338169746028041
338169751030791	338169764034315	338169762956749
338169781143541	338169780717648	338169789397333
338169804349041	338169814084314	338169812534083
338169838855124	338169847450980	338169844792791
338169859322083	338169864134313	338169864852374
338169878601083	338169880817646	338169884269291
338169895564999	338169897500979	338169901674833
338169916250499	338169914184312	338169921796708
338169935338166	338169930867645	338169940890458
338169954614499	338169964234311	338169960146958
338169973043958	338169980917644	338169978624666
338169993631791	338169997600977	338169999123333
338170011870666	338170014284310	338170017359833
338170031923208	338170030967643	338170037412791
338170048298874	338170047650976	338170053853666
338170063533041	338170064334309	338170069103041
338170078836708	338170081017642	338170084493750
338170095382375	338170097700975	338170100995791
338170112654083	338170114384308	338170118209833
338170127209208	338170131067641	338170132781208
338170143548750	338170147750974	338170149142125
338170159159791	338170164434307	338170164697916
338170174895666	338170181117640	338170180577250
338170189522500	338170197800973	338170195089625
338170204111583	338170214484306	338170209731750
338170219015291	338170231167639	338170224554333
338170236210666	338170247850972	338170241727791
338170253860458	338170264534305	338170259307541
338170271188333	338170297900971	338170276756541
338170287797583	338170297900971	338170293295833
338170307249916	338170314584304	338170312910333
338170322183958	338170331267637	338170327640041
338170337298875	338170347950970	338170342828083
338170355147833	338170364634303	338170360663125
338170371386083	338170381317636	338170376933958
338170388868083	338170398000969	338170394415666
338170406364291	338170414684302	338170411923000
338170421445333	338170431367635	338170426918083
338170438115166	338170448050968	338170443729916
338170455067333	338170464734301	338170460626791
338170471337208	338170481417634	338170476880833
338170488656291	338170498100967	338170494215583
338170506172083	338170514784300	338170511802583
338170522715333	338170531467633	338170528312541
338170539584916	338170548150966	338170545176166
338170555218000	338170564834299	338170560727083
338170572561375	338170581517632	338170578087833
338170589443541	338170598200965	338170594931500
338170606325958	338170614884298	338170611720333
338170622860625	338170648250964	338170628345833
338170641132458	338170664934297	338170646662291
338170657011041	338170681617630	338170662508166
338170675633666	338170698300963	338170681230000
338170691002583	338170714984296	338170696626666
338170707786625	338170731667629	338170713223041
338170723768125	338170748350962	338170729275625
338170740294208	338170765034295	338170745686250
338170757878083	338170781717628	338170763413791
338170775222750	338170798400961	338170780812417
338170792181958	338170815084294	338170797745417
338170808823958	338170831767627	338170814235500
338170825256042	338170848450960	338170830757042
338170841273625	338170865134293	338170846841250
338170858612083	338170881817626	338170864144042
338170875326000	338170898500959	338170880843167
338170892275750	338170915184292	338170897797958
338170909589542	338170931867625	338170915124292
338170925538333	338170948550958	338170931039750
338170941883458	338170965234291	338170947396542
338170958501542	338170981917624	338170964026583
338170975967917	338170998600957	338170981508500
338170994036250	338171015284290	338170999523125
338171012204625	338171031967623	338171017775458
338171027247125	338171048650956	338171032713208
338171042953792	338171065334289	338171048505750
338171059841500	338171082017622	338171065335625
338171076543958	338171098700955	338171081973792
338171094188625	338171115384288	338171099730625
338171110668750	338171132067621	338171116776250
338171127801583	338171148750954	338171133387500
338171145206833	338171165434287	338171150766375
338171160371083	338171182117620	338171165695667
338171178073292	338171198800953	338171183584583
338171194121708	338171215484286	338171199645333
338171211385083	338171232167619	338171216872917
338171228167042	338171248850952	338171233660625
338171245935292	338171265534285	338171251523125
338171262607542	338171282217618	338171268151750
338171278202292	338171298900951	338171283703875
338171294751167	338171315584284	338171300253792
338171312476167	338171332267617	338171317930500
338171329354208	338171348950950	338171334915292
338171346290583	338171365634283	338171351888208
338171365414708	338171382317616	338171370949500
338171379861583	338171399000949	338171385426833
338171395479500	338171415684282	338171400995292
338171412296792	338171432367615	338171417816500
338171429656125	338171449050948	338171435270917
338171447432875	338171465734281	338171452939375
338171465234083	338171482417614	338171471956042
338171481110459	338171499100947	338171486639250
338171496556709	338171515784280	338171502053375
338171513601792	338171532467613	338171519062959

===
16683333
338170622860625	338170648250964	338170628345833
338170641132458	338170664934297	338170646662291
338170657011041	338170681617630	338170662508166
338170675633666	338170698300963	338170681230000
338170691002583	338170714984296	338170696626666
338170707786625	338170731667629	338170713223041
338170723768125	338170748350962	338170729275625
338170740294208	338170765034295	338170745686250
338170757878083	338170781717628	338170763413791
338170775222750	338170798400961	338170780812417
338170792181958	338170815084294	338170797745417
338170808823958	338170831767627	338170814235500
338170825256042	338170848450960	338170830757042
338170841273625	338170865134293	338170846841250
338170858612083	338170881817626	338170864144042
338170875326000	338170898500959	338170880843167
338170892275750	338170915184292	338170897797958
338170909589542	338170931867625	338170915124292
338170925538333	338170948550958	338170931039750
338170941883458	338170965234291	338170947396542
338170958501542	338170981917624	338170964026583
338170975967917	338170998600957	338170981508500
338170994036250	338171015284290	338170999523125
338171012204625	338171031967623	338171017775458
338171027247125	338171048650956	338171032713208
338171042953792	338171065334289	338171048505750
338171059841500	338171082017622	338171065335625
338171076543958	338171098700955	338171081973792
338171094188625	338171115384288	338171099730625
338171110668750	338171132067621	338171116776250
338171127801583	338171148750954	338171133387500
338171145206833	338171165434287	338171150766375
338171160371083	338171182117620	338171165695667
338171178073292	338171198800953	338171183584583
338171194121708	338171215484286	338171199645333
338171211385083	338171232167619	338171216872917
338171228167042	338171248850952	338171233660625
338171245935292	338171265534285	338171251523125
338171262607542	338171282217618	338171268151750
338171278202292	338171298900951	338171283703875
338171294751167	338171315584284	338171300253792
338171312476167	338171332267617	338171317930500
338171329354208	338171348950950	338171334915292
338171346290583	338171365634283	338171351888208
338171365414708	338171382317616	338171370949500
338171379861583	338171399000949	338171385426833
338171395479500	338171415684282	338171400995292
338171412296792	338171432367615	338171417816500
338171429656125	338171449050948	338171435270917
338171447432875	338171465734281	338171452939375
338171465234083	338171482417614	338171471956042
338171481110459	338171499100947	338171486639250
338171496556709	338171515784280	338171502053375
338171513601792	338171532467613	338171519062959
338171530792875	338171549150946	338171536388292
338171550201417	338171565834279	338171555830792
338171566763125	338171582517612	338171572269834
338171582147500	338171599200945	338171587649959
338171598342375	338171615884278	338171603837750
338171614662709	338171632567611	338171620057584
338171630211084	338171649250944	338171635697334
338171647846875	338171665934277	338171653420375
338171665566792	338171682617610	338171671100792
338171680622292	338171699300943	338171686133375
338171697224959	338171715984276	338171702735584
338171714775459	338171732667609	338171720327667
338171731317000	338171749350942	338171736840084
338171748674500	338171766034275	338171754177125
338171764850292	338171782717608	338171770367500
338171781514167	338171799400941	338171787024792
338171798899250	338171816084274	338171804305375
338171815623792	338171832767607	338171821118875
338171832774209	338171849450940	338171838294667
338171849596375	338171866134273	338171855139667
338171866622209	338171882817606	338171872137250
338171883923834	338171899500939	338171889452459
338171902428417	338171916184272	338171908053042
338171916899375	338171932867605	338171922444209
338171934396542	338171949550938	338171940122209
338171950116250	338171966234271	338171955643709
338171968090250	338171982917604	338171973568375
338171985963375	338171999600937	338171991519875
338172001601167	338172016284270	338172007107625
338172020257959	338172032967603	338172025768875
338172035475584	338172049650936	338172041032209
338172053604375	338172066334269	338172059185459
338172068690875	338172083017602	338172074282500
338172086239084	338172099700935	338172091795750
338172103517000	338172116384268	338172108963917
338172119977459	338172133067601	338172125538084
338172137811250	338172149750934	338172143274042
338172154996084	338172166434267	338172160588834
338172173827584	338172183117600	338172179341084
338172187886042	338172199800933	338172194386334
338172203635876	338172216484266	338172209302417
338172220587001	338172233167599	338172226172709
338172235757251	338172249850932	338172241337667
338172254214876	338172266534265	338172259748792
338172271942001	338172283217598	338172277461542
338172287517167	338172299900931	338172293176501
338172303336459	338172316584264	338172308854584
338172321604792	338172333267597	338172327053292
338172339964251	338172349950930	338172345485709
338172354871251	338172366634263	338172360420126
338172372236001	338172383317596	338172377613584
338172388065292	338172400000929	338172393561876
338172405166334	338172416684262	338172410673417
338172422269417	338172433367595	338172427780334
338172438713667	338172450050928	338172444241459
338172457848167	338172466734261	338172463375251
338172472684792	338172483417594	338172478185959
338172489113292	338172500100927	338172494613834
338172505975959	338172516784260	338172511399167
338172523360667	338172533467593	338172528862584
338172539410459	338172550150926	338172544926084
338172555953376	338172566834259	338172561494792
338172572905334	338172583517592	338172578430334
338172590836917	338172600200925	338172596370709
338172606591584	338172616884258	338172612104834
338172625349709	338172633567591	338172631184834
338172641296251	338172650250924	338172646379959
338172658011501	338172666934257	338172663547626
338172675142626	338172683617590	338172680665667
338172710996667	338172716984256	338172716115917
338172727734751	338172733667589	338172733223459
338172743239167	338172750350922	338172748912709
338172761327084	338172767034255	338172766924751

===
16683333
338171883923834	338171899500939	338171889452459
338171902428417	338171916184272	338171908053042
338171916899375	338171932867605	338171922444209
338171934396542	338171949550938	338171940122209
338171950116250	338171966234271	338171955643709
338171968090250	338171982917604	338171973568375
338171985963375	338171999600937	338171991519875
338172001601167	338172016284270	338172007107625
338172020257959	338172032967603	338172025768875
338172035475584	338172049650936	338172041032209
338172053604375	338172066334269	338172059185459
338172068690875	338172083017602	338172074282500
338172086239084	338172099700935	338172091795750
338172103517000	338172116384268	338172108963917
338172119977459	338172133067601	338172125538084
338172137811250	338172149750934	338172143274042
338172154996084	338172166434267	338172160588834
338172173827584	338172183117600	338172179341084
338172187886042	338172199800933	338172194386334
338172203635876	338172216484266	338172209302417
338172220587001	338172233167599	338172226172709
338172235757251	338172249850932	338172241337667
338172254214876	338172266534265	338172259748792
338172271942001	338172283217598	338172277461542
338172287517167	338172299900931	338172293176501
338172303336459	338172316584264	338172308854584
338172321604792	338172333267597	338172327053292
338172339964251	338172349950930	338172345485709
338172354871251	338172366634263	338172360420126
338172372236001	338172383317596	338172377613584
338172388065292	338172400000929	338172393561876
338172405166334	338172416684262	338172410673417
338172422269417	338172433367595	338172427780334
338172438713667	338172450050928	338172444241459
338172457848167	338172466734261	338172463375251
338172472684792	338172483417594	338172478185959
338172489113292	338172500100927	338172494613834
338172505975959	338172516784260	338172511399167
338172523360667	338172533467593	338172528862584
338172539410459	338172550150926	338172544926084
338172555953376	338172566834259	338172561494792
338172572905334	338172583517592	338172578430334
338172590836917	338172600200925	338172596370709
338172606591584	338172616884258	338172612104834
338172625349709	338172633567591	338172631184834
338172641296251	338172650250924	338172646379959
338172658011501	338172666934257	338172663547626
338172675142626	338172683617590	338172680665667
338172710996667	338172716984256	338172716115917
338172727734751	338172733667589	338172733223459
338172743239167	338172750350922	338172748912709
338172761327084	338172767034255	338172766924751
338172776121126	338172783717588	338172781715959
338172793782959	338172800400921	338172799437626
338172810170376	338172817084254	338172815756751
338172826289626	338172833767587	338172831912042
338172841867959	338172850450920	338172847412376
338172857617084	338172867134253	338172863188626
338172877231668	338172883817586	338172883272209
338172904169501	338172900500919	338172909617126
338172915062001	338172917184252	338172920586126
338172937387459	338172933867585	338172943303709
338172952982293	338172950550918	338172958889543
338172970971334	338172967234251	338172976940459
338172987572668	338172983917584	338172993475251
338173004496959	338173017284250	338173010419584
338173020684751	338173033967583	338173026663459
338173037735168	338173050650916	338173043675501
338173051382376	338173067334249	338173056951876
338173061234376	338173084017582	338173066870834
338173081356251	338173100700915	338173086893543
338173097274668	338173117384248	338173102872168
338173111346168	338173134067581	338173116955251
338173126552834	338173150750914	338173132198709
338173143062418	338173167434247	338173148724251
338173159452376	338173184117580	338173165017293
338173178467543	338173200800913	338173184075751
338173194968251	338173217484246	338173200589293
338173212180501	338173234167579	338173217798293
338173227456751	338173250850912	338173233043418
338173245493418	338173267534245	338173251075084
338173263710668	338173284217578	338173269308126
338173279649626	338173300900911	338173285297209
338173294401793	338173317584244	338173300034084
338173312089501	338173334267577	338173317679084
338173329654376	338173350950910	338173335256001
338173347157543	338173367634243	338173352748584
338173364980001	338173384317576	338173370569334
338173378566876	338173401000909	338173384155793
338173396231543	338173417684242	338173401812584
338173416573293	338173434367575	338173422127751
338173431179751	338173451050908	338173436849584
338173446373168	338173467734241	338173451934209
338173464154459	338173484417574	338173470659126
338173480646084	338173501100907	338173486201251
338173497647584	338173517784240	338173503320834
338173514379751	338173534467573	338173520048959
338173530286043	338173551150906	338173535872959
338173547915876	338173567834239	338173553512876
338173565130709	338173584517572	338173570706251
338173580696001	338173601200905	338173586293251
338173598356418	338173617884238	338173603939043
338173615478710	338173634567571	338173621081251
338173631048918	338173651250904	338173636700835
338173650648501	338173667934237	338173656309835
338173665789251	338173684617570	338173672736335
338173682267585	338173701300903	338173687977793
338173698667085	338173717984236	338173704222001
338173716587168	338173734667569	338173722127376
338173732454501	338173751350902	338173738020543
338173749207751	338173768034235	338173754748293
338173766830835	338173784717568	338173772440335
338173783324585	338173801400901	338173788882460
338173799185876	338173818084234	338173804788168
338173816886960	338173834767567	338173822459501
338173832252960	338173851450900	338173837620918
338173850226585	338173868134233	338173855833918
338173868055960	338173884817566	338173873655876
338173883382001	338173901500899	338173888969918
338173901461835	338173918184232	338173907139751
338173918653293	338173934867565	338173924236376
338173934690543	338173951550898	338173940229210
338173951395460	338173968234231	338173956960251
338173969383085	338173984917564	338173974963626
338173984353168	338174001600897	338173989953043
338174003095376	338174018284230	338174008597710
338174017880126	338174034967563	338174023469710

===
16683333
338173312089501	338173334267577	338173317679084
338173329654376	338173350950910	338173335256001
338173347157543	338173367634243	338173352748584
338173364980001	338173384317576	338173370569334
338173378566876	338173401000909	338173384155793
338173396231543	338173417684242	338173401812584
338173416573293	338173434367575	338173422127751
338173431179751	338173451050908	338173436849584
338173446373168	338173467734241	338173451934209
338173464154459	338173484417574	338173470659126
338173480646084	338173501100907	338173486201251
338173497647584	338173517784240	338173503320834
338173514379751	338173534467573	338173520048959
338173530286043	338173551150906	338173535872959
338173547915876	338173567834239	338173553512876
338173565130709	338173584517572	338173570706251
338173580696001	338173601200905	338173586293251
338173598356418	338173617884238	338173603939043
338173615478710	338173634567571	338173621081251
338173631048918	338173651250904	338173636700835
338173650648501	338173667934237	338173656309835
338173665789251	338173684617570	338173672736335
338173682267585	338173701300903	338173687977793
338173698667085	338173717984236	338173704222001
338173716587168	338173734667569	338173722127376
338173732454501	338173751350902	338173738020543
338173749207751	338173768034235	338173754748293
338173766830835	338173784717568	338173772440335
338173783324585	338173801400901	338173788882460
338173799185876	338173818084234	338173804788168
338173816886960	338173834767567	338173822459501
338173832252960	338173851450900	338173837620918
338173850226585	338173868134233	338173855833918
338173868055960	338173884817566	338173873655876
338173883382001	338173901500899	338173888969918
338173901461835	338173918184232	338173907139751
338173918653293	338173934867565	338173924236376
338173934690543	338173951550898	338173940229210
338173951395460	338173968234231	338173956960251
338173969383085	338173984917564	338173974963626
338173984353168	338174001600897	338173989953043
338174003095376	338174018284230	338174008597710
338174017880126	338174034967563	338174023469710
338174036994585	338174051650896	338174042530335
338174052847751	338174068334229	338174058296501
338174068454835	338174085017562	338174074041210
338174084940376	338174101700895	338174090524543
338174101840876	338174118384228	338174107419585
338174119483668	338174135067561	338174125067376
338174135679418	338174151750894	338174141266001
338174152567501	338174168434227	338174158241460
338174168819585	338174185117560	338174174473335
338174186166418	338174201800893	338174191733043
338174202396251	338174218484226	338174207943543
338174227921876	338174235167559	338174233527085
338174238775876	338174251850892	338174244390376
338174254063876	338174268534225	338174259674293
338174270314751	338174285217558	338174275850877
338174287779127	338174301900891	338174293448502
338174302937793	338174318584224	338174308535168
338174321510002	338174335267557	338174327030877
338174337148335	338174351950890	338174342739877
338174356322252	338174368634223	338174361619043
338174371528418	338174385317556	338174377127210
338174387156668	338174402000889	338174392835627
338174404275460	338174418684222	338174409805752
338174420593543	338174435367555	338174426206085
338174437843085	338174452050888	338174443436127
338174455060418	338174468734221	338174460661377
338174470853293	338174485417554	338174476477252
338174487374585	338174502100887	338174492982335
338174504655252	338174518784220	338174510275335
338174523429460	338174535467553	338174529818793
338174538852585	338174552150886	338174544538252
338174555655585	338174568834219	338174561265210
338174571692835	338174585517552	338174577367127
338174588674585	338174602200885	338174594371710
338174606281252	338174618884218	338174611868918
338174622192668	338174635567551	338174627788210
338174639718168	338174652250884	338174645342960
338174656779002	338174668934217	338174662390960
338174674542960	338174685617550	338174680207210
338174689522002	338174702300883	338174695118377
338174706765168	338174718984216	338174712378335
338174724655210	338174735667549	338174730269168
338174739917460	338174752350882	338174745475877
338174757487960	338174769034215	338174763174793
338174774518293	338174785717548	338174780147252
338174811201752	338174819084214	338174816784918
338174827898377	338174835767547	338174833480210
338174843261460	338174852450880	338174848860085
338174860126668	338174869134213	338174865755418
338174874661668	338174885817546	338174880342127
338174892439043	338174902500879	338174898060918
338174908177460	338174919184212	338174913751752
338174927573418	338174935867545	338174933183960
338174941824460	338174952550878	338174947386543
338174958861627	338174969234211	338174964528418
338174976574544	338174985917544	338174982204919
338174992299169	338175002600877	338174997893335
338175010244585	338175019284210	338175015787127
338175025989460	338175035967543	338175031530294
338175043736710	338175052650876	338175049408710
338175059657127	338175069334209	338175065254085
338175075471002	338175086017542	338175081085585
338175093676085	338175102700875	338175099334752
338175109913502	338175119384208	338175115511127
338175127773960	338175136067541	338175133388169
338175143792044	338175152750874	338175149491544
338175160451919	338175169434207	338175166072419
338175177207294	338175186117540	338175182860960
338175193821877	338175202800873	338175199473794
338175211113210	338175219484206	338175216721085
338175229789794	338175236167539	338175235376919
338175243901669	338175252850872	338175249530877
338175263794169	338175269534205	338175269402252
338175279489002	338175286217538	338175285110252
338175294346835	338175302900871	338175299952919
338175312167252	338175319584204	338175317714710
338175328453960	338175336267537	338175334076710
338175346405252	338175352950870	338175352028127
338175362430585	338175369634203	338175368057127
338175378116419	338175386317536	338175383718585
338175396569544	338175419684202	338175402098627
338175412948544	338175436367535	338175418575835
338175428757544	338175453050868	338175434420794
338175448251377	338175469734201	338175454027002

