Applications Graphics Acceleration Info:
Uptime: 338734001 Realtime: 373408112

** Graphics info for pid 16511 [com.auroratv.lab] **

Stats since: 338722276885804ns
Total frames rendered: 481
Janky frames: 49 (10.19%)
Janky frames (legacy): 392 (81.50%)
50th percentile: 26ms
90th percentile: 46ms
95th percentile: 53ms
99th percentile: 113ms
Number Missed Vsync: 8
Number High input latency: 854
Number Slow UI thread: 33
Number Slow bitmap uploads: 19
Number Slow issue draw commands: 49
Number Frame deadline missed: 49
Number Frame deadline missed (legacy): 54
HISTOGRAM: 5ms=0 6ms=0 7ms=0 8ms=0 9ms=0 10ms=0 11ms=0 12ms=0 13ms=0 14ms=0 15ms=0 16ms=4 17ms=8 18ms=8 19ms=27 20ms=18 21ms=32 22ms=36 23ms=32 24ms=29 25ms=30 26ms=26 27ms=13 28ms=14 29ms=11 30ms=14 31ms=12 32ms=27 34ms=19 36ms=11 38ms=18 40ms=13 42ms=13 44ms=14 46ms=10 48ms=11 53ms=8 57ms=4 61ms=3 65ms=1 69ms=2 73ms=2 77ms=0 81ms=2 85ms=0 89ms=0 93ms=1 97ms=1 101ms=0 105ms=0 109ms=2 113ms=2 117ms=0 121ms=0 125ms=1 129ms=0 133ms=0 150ms=2 200ms=0 250ms=0 300ms=0 350ms=0 400ms=0 450ms=0 500ms=0 550ms=0 600ms=0 650ms=0 700ms=0 750ms=0 800ms=0 850ms=0 900ms=0 950ms=0 1000ms=0 1050ms=0 1100ms=0 1150ms=0 1200ms=0 1250ms=0 1300ms=0 1350ms=0 1400ms=0 1450ms=0 1500ms=0 1550ms=0 1600ms=0 1650ms=0 1700ms=0 1750ms=0 1800ms=0 1850ms=0 1900ms=0 1950ms=0 2000ms=0 2050ms=0 2100ms=0 2150ms=0 2200ms=0 2250ms=0 2300ms=0 2350ms=0 2400ms=0 2450ms=0 2500ms=0 2550ms=0 2600ms=0 2650ms=0 2700ms=0 2750ms=0 2800ms=0 2850ms=0 2900ms=0 2950ms=0 3000ms=0 3050ms=0 3100ms=0 3150ms=0 3200ms=0 3250ms=0 3300ms=0 3350ms=0 3400ms=0 3450ms=0 3500ms=0 3550ms=0 3600ms=0 3650ms=0 3700ms=0 3750ms=0 3800ms=0 3850ms=0 3900ms=0 3950ms=0 4000ms=0 4050ms=0 4100ms=0 4150ms=0 4200ms=0 4250ms=0 4300ms=0 4350ms=0 4400ms=0 4450ms=0 4500ms=0 4550ms=0 4600ms=0 4650ms=0 4700ms=0 4750ms=0 4800ms=0 4850ms=0 4900ms=0 4950ms=0
50th gpu percentile: 6ms
90th gpu percentile: 9ms
95th gpu percentile: 12ms
99th gpu percentile: 19ms
GPU HISTOGRAM: 1ms=0 2ms=0 3ms=0 4ms=0 5ms=0 6ms=324 7ms=46 8ms=56 9ms=11 10ms=13 11ms=5 12ms=6 13ms=1 14ms=0 15ms=9 16ms=2 17ms=1 18ms=1 19ms=3 20ms=1 21ms=0 22ms=0 23ms=1 24ms=0 25ms=1 4950ms=0

Pipeline=Skia (OpenGL)
Memory policy:
  Max surface area: 2073600
  Max resource usage: 99.53MB (x48)
  Background retention: 50% (altUiHidden = true)
  GPU Context timeout: 10
Contexts: 1 (stopped = 0)
CPU Caches:
  Glyph Cache: 2.42 MB (1 entry)
  Glyph Count: 155 
Total CPU memory usage:
  2542473 bytes, 2.42 MB (0.00 bytes is purgeable)
GPU Caches:
  Image:
    Texture: 25.74 MB (123 entries)
  Other:
    Other: 1.59 MB (1 entry)
    Buffer Object: 464.00 bytes (2 entries)
    StencilAttachment: 16.00 KB (1 entry)
  Scratch:
    Texture: 3.05 MB (101 entries)
    RenderTarget: 58.00 MB (302 entries)
    Buffer Object: 78.03 KB (3 entries)
Total GPU memory usage:
  92769744 bytes, 88.47 MB (56.45 KB is purgeable)

Profile data in ms:

	com.auroratv.lab/com.auroratv.MainActivity/android.view.ViewRootImpl@1d21bee (visibility=0)
Window: com.auroratv.lab/com.auroratv.MainActivity
Stats since: 338722276884513ns
Total frames rendered: 481
Janky frames: 49 (10.19%)
Janky frames (legacy): 392 (81.50%)
50th percentile: 26ms
90th percentile: 46ms
95th percentile: 53ms
99th percentile: 113ms
Number Missed Vsync: 8
Number High input latency: 854
Number Slow UI thread: 33
Number Slow bitmap uploads: 19
Number Slow issue draw commands: 49
Number Frame deadline missed: 49
Number Frame deadline missed (legacy): 54
HISTOGRAM: 5ms=0 6ms=0 7ms=0 8ms=0 9ms=0 10ms=0 11ms=0 12ms=0 13ms=0 14ms=0 15ms=0 16ms=4 17ms=8 18ms=8 19ms=27 20ms=18 21ms=32 22ms=36 23ms=32 24ms=29 25ms=30 26ms=26 27ms=13 28ms=14 29ms=11 30ms=14 31ms=12 32ms=27 34ms=19 36ms=11 38ms=18 40ms=13 42ms=13 44ms=14 46ms=10 48ms=11 53ms=8 57ms=4 61ms=3 65ms=1 69ms=2 73ms=2 77ms=0 81ms=2 85ms=0 89ms=0 93ms=1 97ms=1 101ms=0 105ms=0 109ms=2 113ms=2 117ms=0 121ms=0 125ms=1 129ms=0 133ms=0 150ms=2 200ms=0 250ms=0 300ms=0 350ms=0 400ms=0 450ms=0 500ms=0 550ms=0 600ms=0 650ms=0 700ms=0 750ms=0 800ms=0 850ms=0 900ms=0 950ms=0 1000ms=0 1050ms=0 1100ms=0 1150ms=0 1200ms=0 1250ms=0 1300ms=0 1350ms=0 1400ms=0 1450ms=0 1500ms=0 1550ms=0 1600ms=0 1650ms=0 1700ms=0 1750ms=0 1800ms=0 1850ms=0 1900ms=0 1950ms=0 2000ms=0 2050ms=0 2100ms=0 2150ms=0 2200ms=0 2250ms=0 2300ms=0 2350ms=0 2400ms=0 2450ms=0 2500ms=0 2550ms=0 2600ms=0 2650ms=0 2700ms=0 2750ms=0 2800ms=0 2850ms=0 2900ms=0 2950ms=0 3000ms=0 3050ms=0 3100ms=0 3150ms=0 3200ms=0 3250ms=0 3300ms=0 3350ms=0 3400ms=0 3450ms=0 3500ms=0 3550ms=0 3600ms=0 3650ms=0 3700ms=0 3750ms=0 3800ms=0 3850ms=0 3900ms=0 3950ms=0 4000ms=0 4050ms=0 4100ms=0 4150ms=0 4200ms=0 4250ms=0 4300ms=0 4350ms=0 4400ms=0 4450ms=0 4500ms=0 4550ms=0 4600ms=0 4650ms=0 4700ms=0 4750ms=0 4800ms=0 4850ms=0 4900ms=0 4950ms=0
50th gpu percentile: 6ms
90th gpu percentile: 9ms
95th gpu percentile: 12ms
99th gpu percentile: 19ms
GPU HISTOGRAM: 1ms=0 2ms=0 3ms=0 4ms=0 5ms=0 6ms=324 7ms=46 8ms=56 9ms=11 10ms=13 11ms=5 12ms=6 13ms=1 14ms=0 15ms=9 16ms=2 17ms=1 18ms=1 19ms=3 20ms=1 21ms=0 22ms=0 23ms=1 24ms=0 25ms=1 4950ms=0



---PROFILEDATA---
Flags,FrameTimelineVsyncId,IntendedVsync,Vsync,InputEventId,HandleInputStart,AnimationStart,PerformTraversalsStart,DrawStart,FrameDeadline,FrameInterval,FrameStartTime,SyncQueued,SyncStart,IssueDrawCommandsStart,SwapBuffers,FrameCompleted,DequeueBufferDuration,QueueBufferDuration,GpuCompleted,SwapBuffersCompleted,DisplayPresentTime,CommandSubmissionCompleted,
0,117400347,338729832132372,338729832132372,0,338729832779766,338729832780600,338729833891475,338729834044516,338729884414789,338729832774183,16799542,338729834108183,338729845955350,338729849135600,338729861243725,338729866371683,3207208,381125,338729866371683,338729861950350,-1,338729861243725,
0,117400355,338729848931914,338729848931914,0,338729849492850,338729849493766,338729850525975,338729850783891,338729901214331,338729849486766,16799542,338729850844975,338729862283016,338729865603975,338729877873475,338729882929350,3782375,316542,338729882929350,338729878516100,-1,338729877873475,
0,117400363,338729865731456,338729865731456,0,338729866381725,338729866382850,338729867368975,338729867506850,338729918013873,338729866374058,16799542,338729867562600,338729878851058,338729881892308,338729894079350,338729899123016,4011708,300958,338729899123016,338729894693558,-1,338729894079350,
0,117400371,338729882530998,338729882530998,0,338729882867600,338729882869475,338729884110641,338729884257683,338729934813415,338729882860766,16799542,338729884324766,338729895018308,338729898053891,338729910791683,338729915931641,4682208,334750,338729915931641,338729911473308,-1,338729910791683,
0,117400379,338729899330540,338729899330540,0,338729899590808,338729899592058,338729901006016,338729901333558,338729951612957,338729899584308,16799542,338729901399891,338729911816100,338729914830933,338729927576683,338729932653725,4651292,340042,338729932653725,338729928248641,-1,338729927576683,
0,117400387,338729916130082,338729916130082,0,338729916484141,338729916485808,338729917709725,338729917859850,338729968412499,338729916476058,16799542,338729917918141,338729928579100,338729931503475,338729944456350,338729949534641,4815625,315542,338729949534641,338729945083266,-1,338729944456350,
0,117400395,338729932929624,338729932929624,0,338729933232725,338729933234308,338729934546933,338729934703475,338729985212041,338729933226766,16799542,338729934764766,338729945412891,338729948461808,338729959566808,338729964684558,4697792,354292,338729964684558,338729960249225,-1,338729959566808,
0,117400403,338729949729166,338729949729166,0,338729949997016,338729949998350,338729951148308,338729951297058,338730002011583,338729949991141,16799542,338729951355558,338729960587683,338729963511433,338729978049058,338729983171683,6410792,300084,338729983171683,338729978654600,-1,338729978049058,
0,117400411,338729966528708,338729966528708,0,338729966837058,338729966838308,338729968139350,338729968292391,338730018811125,338729966831308,16799542,338729968350725,338729978984850,338729981978891,338729993267266,338729998378933,4771750,295875,338729998378933,338729993878308,-1,338729993267266,
0,117400419,338729983328250,338729983328250,0,338729983577475,338729983578850,338729984810308,338729984966850,338730035610667,338729983572433,16799542,338729985035350,338729994205933,338729997252725,338730010030183,338730015254516,6248458,303459,338730015254516,338730010707225,-1,338730010030183,
0,117400427,338730000127792,338730000127792,0,338730000386891,338730000388391,338730001855683,338730002002016,338730052410209,338730000381641,16799542,338730002061100,338730011053933,338730014251183,338730027690767,338730033105017,6383542,394625,338730033105017,338730028441975,-1,338730027690767,
0,117400435,338730016927334,338730016927334,0,338730017246475,338730017247766,338730018365350,338730018966808,338730069209751,338730017240141,16799542,338730019038767,338730028792808,338730032158100,338730044444558,338730049588933,5271083,277583,338730049588933,338730045057975,-1,338730044444558,
0,117400443,338730033726876,338730033726876,0,338730034035767,338730034037058,338730035325808,338730035489600,338730086009293,338730034029933,16799542,338730035554392,338730045491225,338730049314600,338730062161142,338730068104933,5338250,556084,338730068104933,338730063036267,-1,338730062161142,
0,117400451,338730050526418,338730050526418,-498742554,338730051667100,338730051668392,338730054296183,338730054504642,338730102808835,338730051661017,16799542,338730054964933,338730063395308,338730066886517,338730081284183,338730086540892,3987625,344250,338730086540892,338730082314517,-1,338730081284183,
0,117400459,338730067325960,338730067325960,-763339908,338730068885850,338730068887142,338730072161308,338730072362017,338730119608377,338730068878350,16799542,338730072423600,338730082679350,338730087931975,338730095675642,338730100887058,16250,308334,338730100887058,338730096406808,-1,338730095675642,
0,117400467,338730084125502,338730084125502,0,338730088116058,338730088117142,338730091104017,338730092682267,338730136407919,338730088111308,16799542,338730092870100,338730096800517,338730100446600,338730115000642,338730120323933,4092417,572750,338730120323933,338730115907975,-1,338730115000642,
0,117400475,338730100925044,338730100925044,0,338730101183475,338730101184933,338730103088642,338730103271517,338730153207461,338730101178058,16799542,338730103351267,338730116256725,338730119540850,338730132181600,338730137722808,1863500,288625,338730137722808,338730132806933,-1,338730132181600,
0,117400483,338730117724586,338730117724586,0,338730119856892,338730119858058,338730121427017,338730121583183,338730170007003,338730119850558,16799542,338730121652225,338730133134225,338730138171642,338730149176767,338730154786433,20250,417584,338730154786433,338730149912642,-1,338730149176767,
0,117400491,338730134524128,338730134524128,0,338730138450517,338730138451642,338730139693058,338730139831183,338730186806545,338730138444392,16799542,338730139894892,338730150240975,338730153797475,338730167252808,338730172884433,1207292,290958,338730172884433,338730167876767,-1,338730167252808,
0,117400499,338730151323670,338730151323670,0,338730154131267,338730154132433,338730155677183,338730155830475,338730203606087,338730154124183,16799542,338730155902433,338730168244350,338730171499892,338730182740600,338730189144433,275583,289125,338730189144433,338730183351850,-1,338730182740600,
0,117400507,338730168123212,338730168123212,0,338730171939850,338730171941183,338730173463725,338730173712308,338730220405629,338730171932183,16799542,338730173811433,338730184173100,338730187327975,338730199679392,338730205353642,1467209,351375,338730205353642,338730200370100,-1,338730199679392,
0,117400515,338730184922754,338730184922754,0,338730187678433,338730187679267,338730189432642,338730189582058,338730237205171,338730187672142,16799542,338730189649017,338730200958975,338730204833517,338730215787767,338730221484933,819250,309833,338730221484933,338730216475350,-1,338730215787767,
0,117400523,338730201722296,338730201722296,0,338730205333100,338730205334308,338730206851725,338730207002725,338730254004713,338730205324433,16799542,338730207070267,338730216819267,338730219915558,338730233432183,338730239269933,2341541,582583,338730239269933,338730234332142,-1,338730233432183,
0,117400531,338730218521838,338730218521838,0,338730220598933,338730220600558,338730222529600,338730222678225,338730270804255,338730220588225,16799542,338730222747392,338730234882600,338730238328558,338730246582850,338730252036100,593500,650459,338730252036100,338730247641392,-1,338730246582850,
0,117400539,338730235321380,338730235321380,0,338730238793100,338730238794600,338730240660850,338730240911142,338730287603797,338730238784725,16799542,338730240981058,338730247974975,338730251497892,338730265046183,338730270304267,4041250,535708,338730270304267,338730265935725,-1,338730265046183,
0,117400547,338730252120922,338730252120922,0,338730252392017,338730252393392,338730254604308,338730254765517,338730304403339,338730252385683,16799542,338730254830308,338730266264517,338730269870642,338730282003308,338730287221642,2518958,524000,338730287221642,338730282900183,-1,338730282003308,
0,117400555,338730268920464,338730268920464,0,338730270158017,338730270159017,338730271606975,338730271818017,338730321202881,338730270151017,16799542,338730271904183,338730283255558,338730286932475,338730296433392,338730301751517,2258459,616375,338730301751517,338730297418642,-1,338730296433392,
0,117400563,338730285720006,338730285720006,0,338730287266225,338730287267392,338730288910017,338730289066850,338730338002423,338730287258142,16799542,338730289133058,338730297744767,338730300876767,338730314895850,338730320029433,4994125,536792,338730320029433,338730315805183,-1,338730314895850,
0,117400571,338730302519548,338730302519548,0,338730302831600,338730302833100,338730304122767,338730304272267,338730354801965,338730302808350,16799542,338730304330308,338730316171975,338730319768558,338730331835600,338730336918808,2962334,625917,338730336918808,338730332875392,-1,338730331835600,
0,117400579,338730319319090,338730319319090,0,338730319986517,338730319988017,338730321349183,338730321501725,338730371601507,338730319981267,16799542,338730321563600,338730333227225,338730336740308,338730346883933,338730351984350,2799125,394458,338730351984350,338730347615308,-1,338730346883933,
0,117400587,338730336118632,338730336118632,0,338730337231392,338730337232642,338730338592850,338730338744350,338730388401049,338730337222808,16799542,338730338809183,338730347948350,338730351242350,338730365605392,338730370757433,5081541,561500,338730370757433,338730366503433,-1,338730365605392,
0,117400595,338730352918174,338730352918174,0,338730353185558,338730353187058,338730354343725,338730354489225,338730405200591,338730353179100,16799542,338730354546975,338730366828725,338730370434850,338730388136767,338730393334517,2677125,610750,338730393334517,338730389124975,-1,338730388136767,
0,117400603,338730369717716,338730369717716,0,338730370678558,338730370679808,338730371954308,338730372131767,338730422000133,338730370672058,16799542,338730372195392,338730389465392,338730392950975,338730404853392,338730410154183,21709,294375,338730410154183,338730405477100,-1,338730404853392,
0,117400611,338730386517258,338730386517258,0,338730393286308,338730393287725,338730394764308,338730394919100,338730438799675,338730393278350,16799542,338730394980058,338730406023017,338730409450892,338730421431142,338730426662100,22417,378000,338730426662100,338730422169517,-1,338730421431142,
0,117400619,338730403316800,338730403316800,0,338730409826725,338730409827975,338730411288308,338730411477558,338730455599217,338730409818433,16799542,338730411539225,338730422582892,338730426026142,338730438091475,338730444976517,24250,317084,338730444976517,338730438832225,-1,338730438091475,
0,117400627,338730420116342,338730420116342,0,338730426392017,338730426393600,338730427888767,338730428079975,338730472398759,338730426383392,16799542,338730428145808,338730439168600,338730442714392,338730457776683,338730463112850,22584,361750,338730463112850,338730458480600,-1,338730457776683,
0,117400635,338730436915884,338730436915884,0,338730443156475,338730443157808,338730444648892,338730444823225,338730489198301,338730443148392,16799542,338730444918433,338730458822767,338730461954975,338730474848100,338730480150850,20833,297916,338730480150850,338730475475892,-1,338730474848100,
0,117400643,338730453715426,338730453715426,0,338730462465933,338730462467600,338730463934933,338730464214600,338730505997843,338730462456767,16799542,338730464278433,338730475833767,338730479235558,338730491731058,338730498697183,22833,705000,338730498697183,338730492811392,-1,338730491731058,
0,117400651,338730470514968,338730470514968,0,338730479581600,338730479583183,338730481122767,338730481398558,338730522797385,338730479573808,16799542,338730481469600,338730493139725,338730496280683,338730510621225,338730515970517,20000,698167,338730515970517,338730511718683,-1,338730510621225,
0,117400659,338730487314510,338730487314510,0,338730496877933,338730496879433,338730498402767,338730498569433,338730539596927,338730496866475,16799542,338730498638225,338730512169767,338730515663142,338730530113433,338730535501225,25375,790500,338730535501225,338730531263808,-1,338730530113433,
0,117400667,338730504114052,338730504114052,0,338730516177308,338730516178600,338730517861142,338730518041350,338730556396469,338730516168767,16799542,338730518111517,338730531609017,338730535227767,338730550658100,338730555997392,21917,380625,338730555997392,338730551349767,-1,338730550658100,
0,117400675,338730520913594,338730520913594,0,338730535698475,338730535699767,338730537542767,338730537872183,338730573196011,338730535689308,16799542,338730537948642,338730551707392,338730555060975,338730568274475,338730574363475,39333,301250,338730574363475,338730568887017,-1,338730568274475,
0,117400683,338730537713136,338730554512678,-662821922,338730555644308,338730555645642,338730557312100,338730557481392,338730606795095,338730555630017,16799542,338730557548308,338730569286475,338730572715683,338730590423433,338730596525475,20333,577833,338730596525475,338730591558100,-1,338730590423433,
0,117400692,338730571312220,338730571312220,0,338730575077225,338730575079017,338730578066350,338730578275058,338730623594637,338730575069308,16799542,338730578891350,338730591975392,338730595295267,338730614257808,338730619724808,41750,311792,338730619724808,338730614963517,-1,338730614257808,
0,117400708,338730604911304,338730604911304,-407799419,338730605305142,338730605306808,338730610335392,338730610634350,338730640394179,338730605298017,16799542,338730610820558,338730615360725,338730618798600,338730636846683,338730642447642,23875,341583,338730642447642,338730637528767,-1,338730636846683,
0,117400716,338730621710846,338730621710846,0,338730622004308,338730622005683,338730626678767,338730627977142,338730673993263,338730621997725,16799542,338730628194767,338730638153725,338730641565058,338730660814225,338730666464933,21125,326917,338730666464933,338730661463142,-1,338730660814225,
0,117400724,338730638510388,338730638510388,0,338730641860225,338730641861225,338730643305475,338730643478892,338730690792805,338730641854308,16799542,338730643545600,338730661786433,338730665076767,338730681788017,338730687664892,19542,319625,338730687664892,338730682467933,-1,338730681788017,
0,117400732,338730655309930,338730655309930,0,338730665410892,338730665412517,338730666780558,338730667010475,338730707592347,338730665403933,16799542,338730667079267,338730682823892,338730686037225,338730708247225,338730714465267,20542,328792,338730714465267,338730708948350,-1,338730708247225,
0,117400740,338730672109472,338730672109472,0,338730686378017,338730686380017,338730688293933,338730688476725,338730741191431,338730686371767,16799542,338730688878933,338730709272183,338730712727850,338730730491642,338730736570142,21167,581583,338730736570142,338730731388142,-1,338730730491642,
0,117400748,338730688909014,338730705708556,0,338730713087350,338730713088892,338730714848225,338730715024642,338730757990973,338730713072558,16799542,338730715094600,338730731715392,338730735084100,338730752178934,338730758586267,22750,433291,338730758586267,338730752921934,-1,338730752178934,
0,117400756,338730722508098,338730722508098,0,338730735584850,338730735586142,338730737326725,338730737525559,338730791590057,338730735575517,16799542,338730737601684,338730753253017,338730756562100,338730772912434,338730779538475,20292,355750,338730779538475,338730773719142,-1,338730772912434,
0,117400764,338730739307640,338730756107182,0,338730757077059,338730757078642,338730759255934,338730759426684,338730808389599,338730757061059,16799542,338730759504309,338730774068892,338730778125975,338730793127934,338730799166267,20958,306250,338730799166267,338730793783392,-1,338730793127934,
0,117400773,338730772906724,338730772906724,0,338730778451392,338730778452559,338730780803475,338730780967975,338730825189141,338730778443767,16799542,338730781031017,338730794113309,338730797116142,338730812425600,338730818436434,20000,356542,338730818436434,338730813127475,-1,338730812425600,
0,117400781,338730789706266,338730789706266,0,338730797571684,338730797573100,338730798864225,338730799085392,338730841988683,338730797563142,16799542,338730799197350,338730813492850,338730816515017,338730831851767,338730837821642,19417,373584,338730837821642,338730832638434,-1,338730831851767,
0,117400789,338730806505808,338730806505808,0,338730816912684,338730816913725,338730818359975,338730818554725,338730858788225,338730816906517,16799542,338730818617642,338730832964392,338730836123100,338730851266767,338730857223100,19125,343416,338730857223100,338730851980725,-1,338730851266767,
0,117400797,338730823305350,338730823305350,0,338730836467600,338730836469184,338730838068600,338730838241684,338730875587767,338730836459934,16799542,338730838308934,338730852360725,338730855431225,338730870370475,338730876331850,19541,337291,338730876331850,338730871027350,-1,338730870370475,
0,117400805,338730840104892,338730840104892,0,338730856167642,338730856169017,338730857403725,338730857553600,338730909186851,338730856160392,16799542,338730857612434,338730871352142,338730874754184,338730890234142,338730896115225,19916,303625,338730896115225,338730890896600,-1,338730890234142,
0,117400813,338730856904434,338730873703976,0,338730875263642,338730875264850,338730877115684,338730877262725,338730925986393,338730875248267,16799542,338730877319350,338730891289309,338730894674059,338730907371267,338730913274725,18958,399375,338730913274725,338730908160392,-1,338730907371267,
0,117400822,338730890503518,338730890503518,0,338730895107809,338730895108934,338730896350767,338730896518309,338730942785935,338730895100059,16799542,338730896979392,338730908492100,338730911625975,338730926962975,338730932841392,18125,276625,338730932841392,338730927585475,-1,338730926962975,
0,117400830,338730907303060,338730907303060,0,338730912196517,338730912198184,338730913420142,338730913573267,338730959585477,338730912171559,16799542,338730913633059,338730928025225,338730931100267,338730946605934,338730952525975,22500,298417,338730952525975,338730947239934,-1,338730946605934,
0,117400838,338730924102602,338730924102602,0,338730931421267,338730931422392,338730932780142,338730932935392,338730976385019,338730931415267,16799542,338730932997975,338730947602934,338730951029850,338730965694267,338730972279725,22750,343792,338730972279725,338730966412184,-1,338730965694267,
0,117400846,338730940902144,338730940902144,0,338730951386225,338730951387559,338730952985392,338730953138725,338730993184561,338730951378475,16799542,338730953196517,338730966870684,338730970316309,338730987869642,338730995055517,21958,384750,338730995055517,338730988692059,-1,338730987869642,
0,117400854,338730957701686,338730957701686,0,338730970693934,338730970694934,338730972464225,338730972625809,338731026783645,338730970687434,16799542,338730972685434,338730989114934,338730992696892,338731008359434,338731014351017,20000,325542,338731014351017,338731009073684,-1,338731008359434,
0,117400862,338730974501228,338730991300770,0,338730993054975,338730993056475,338730994790684,338730994936309,338731043583187,338730993041767,16799542,338730994993850,338731009425350,338731012767100,338731028674017,338731035512684,36208,306375,338731035512684,338731029352892,-1,338731028674017,
0,117400871,338731008100312,338731008100312,0,338731013250017,338731013251267,338731014551642,338731014725100,338731060382729,338731013240684,16799542,338731014785892,338731029721767,338731033062100,338731050781267,338731057542642,25125,376417,338731057542642,338731051555309,-1,338731050781267,
0,117400879,338731024899854,338731024899854,0,338731033548517,338731033549767,338731035243184,338731035395809,338731077182271,338731033539350,16799542,338731035454642,338731051940559,338731055422767,338731069260892,338731075158559,26542,401042,338731075158559,338731070010142,-1,338731069260892,
0,117400887,338731041699396,338731041699396,0,338731055755850,338731055757142,338731057833850,338731057992934,338731093981813,338731055749600,16799542,338731058055309,338731070339142,338731073435559,338731089573225,338731097742975,17666,358250,338731097742975,338731090269100,-1,338731089573225,
0,117400895,338731058498938,338731058498938,-166027789,338731073870517,338731073872059,338731075785809,338731075933392,338731127580897,338731073863100,16799542,338731075993225,338731090596309,338731093620100,338731109801017,338731115696517,19291,317291,338731115696517,338731110488309,-1,338731109801017,
0,117400903,338731075298480,338731092098022,0,338731096223559,338731096225059,338731098156684,338731098356350,338731144380439,338731096210225,16799542,338731099146600,338731110981017,338731114383225,338731133952267,338731139810934,21291,328459,338731139810934,338731134656975,-1,338731133952267,
0,117400920,338731125697106,338731125697106,-907913135,338731126016184,338731126017725,338731130124809,338731130301892,338731161179981,338731126009642,16799542,338731130384225,338731135095142,338731138462767,338731157605892,338731169350350,23667,308875,338731169350350,338731158247975,-1,338731157605892,
0,117400928,338731142496648,338731142496648,0,338731142798434,338731142799892,338731145377809,338731147297059,338731194779065,338731142792600,16799542,338731147497767,338731158865142,338731162317350,338731181000059,338731192548309,19583,307792,338731192548309,338731181782309,-1,338731181000059,
0,117400936,338731159296190,338731159296190,0,338731162605267,338731162606684,338731164353850,338731164510767,338731211578607,338731162599934,16799542,338731164591975,338731182130475,338731185213434,338731203874975,338731215452934,18792,326166,338731215452934,338731204545850,-1,338731203874975,
0,117400944,338731176095732,338731176095732,0,338731185519850,338731185520934,338731187552350,338731187729850,338731245177691,338731185513684,16799542,338731187809684,338731204950684,338731208000017,338731227814267,338731239168100,35125,640042,338731239168100,338731228888517,-1,338731227814267,
0,117400952,338731192895274,338731192895274,0,338731208430975,338731208432309,338731210079184,338731210264642,338731261977233,338731208423559,16799542,338731210377642,338731229277100,338731232460809,338731252310392,338731263537434,21375,303334,338731263537434,338731253013184,-1,338731252310392,
0,117400960,338731209694816,338731226494358,0,338731232783892,338731232785017,338731234274434,338731234533350,338731295576317,338731232770725,16799542,338731234633225,338731253345392,338731256471809,338731276787225,338731287808684,19875,284875,338731287808684,338731277614809,-1,338731276787225,
0,117400969,338731243293900,338731243293900,0,338731257077517,338731257078934,338731258470559,338731258648100,338731312375859,338731257068684,16799542,338731258762142,338731277946725,338731281335392,338731302002642,338731312569892,21625,364000,338731312569892,338731302718142,-1,338731302002642,
0,117400977,338731260093442,338731276892984,0,338731281891850,338731281893642,338731283700559,338731283862392,338731345974943,338731281877809,16799542,338731283947684,338731303059934,338731306101725,338731321007934,338731330646267,20333,296125,338731330646267,338731321663684,-1,338731321007934,
0,117400986,338731293692526,338731293692526,0,338731306441559,338731306442934,338731307794350,338731308162934,338731362774485,338731306435017,16799542,338731308245267,338731322005059,338731325036684,338731343951142,338731353651600,5833250,315084,338731353651600,338731344762267,-1,338731343951142,
0,117400994,338731310492068,338731310492068,0,338731325456350,338731325457642,338731326866392,338731327058475,338731379574027,338731325450475,16799542,338731327145642,338731345116767,338731348551184,338731364692350,338731374240892,21167,276542,338731374240892,338731365324100,-1,338731364692350,
0,117401002,338731327291610,338731344091152,0,338731348896017,338731348897017,338731350234350,338731350390684,338731396373569,338731348882184,16799542,338731350461767,338731365658392,338731368664434,338731385403267,338731394929767,19916,381833,338731394929767,338731386126767,-1,338731385403267,
0,117401011,338731360890694,338731360890694,0,338731369068267,338731369069684,338731370486392,338731370661684,338731413173111,338731369030684,16799542,338731370769017,338731386472725,338731389789309,338731406823850,338731414620642,19875,308792,338731414620642,338731407474017,-1,338731406823850,
0,117401019,338731377690236,338731377690236,0,338731390138184,338731390139475,338731392570475,338731392733017,338731446772195,338731390131725,16799542,338731392801517,338731407899517,338731411117642,338731428686892,338731436449684,18917,299250,338731436449684,338731429328351,-1,338731428686892,
0,117401027,338731394489778,338731411289320,0,338731411717850,338731411718892,338731413333934,338731413541434,338731463571737,338731411702850,16799542,338731413611892,338731429659392,338731433086851,338731449605726,338731457363309,20875,300584,338731457363309,338731450230726,-1,338731449605726,
0,117401036,338731428088862,338731428088862,0,338731433442226,338731433443267,338731434726934,338731434921809,338731480371279,338731433435601,16799542,338731434987017,338731450564767,338731453724809,338731471086934,338731478858267,19417,300750,338731478858267,338731471717809,-1,338731471086934,
0,117401044,338731444888404,338731444888404,0,338731454055934,338731454057059,338731455184851,338731455389976,338731497170821,338731454048517,16799542,338731455450517,338731472090101,338731475049767,338731492781517,338731500618476,21708,312875,338731500618476,338731493434309,-1,338731492781517,
0,117401052,338731461687946,338731461687946,0,338731475379726,338731475380851,338731476756226,338731476924976,338731530769905,338731475373017,16799542,338731476990392,338731493875517,338731497518059,338731511218684,338731518983684,58208,301917,338731518983684,338731511971851,-1,338731511218684,
0,117401060,338731478487488,338731495287030,0,338731497880892,338731497882476,338731499021976,338731499182351,338731547569447,338731497868726,16799542,338731499288642,338731512408017,338731516098059,338731533855267,338731541641642,18833,307125,338731541641642,338731534518226,-1,338731533855267,
0,117401069,338731512086572,338731512086572,0,338731516558101,338731516559392,338731517783809,338731517934726,338731564368989,338731516550476,16799542,338731517994267,338731534866892,338731537837726,338731551660184,338731559428101,19416,344292,338731559428101,338731552347476,-1,338731551660184,
0,117401077,338731528886114,338731528886114,0,338731538332684,338731538334184,338731539532476,338731539680017,338731581168531,338731538323976,16799542,338731539740309,338731552680934,338731555947559,338731574565184,338731582408267,22416,369333,338731582408267,338731575319309,-1,338731574565184,
0,117401085,338731545685656,338731545685656,0,338731556364726,338731556365976,338731557780309,338731558030351,338731614767615,338731556357059,16799542,338731558102309,338731575706851,338731578951767,338731598240226,338731606367934,18875,510625,338731606367934,338731599243559,-1,338731598240226,
0,117401093,338731562485198,338731562485198,0,338731579259726,338731579261392,338731584679684,338731584848267,338731631567157,338731579252392,16799542,338731584907809,338731599749476,338731602798059,338731621272476,338731629107726,23042,344834,338731629107726,338731621980851,-1,338731621272476,
0,117401102,338731596084282,338731596084282,0,338731603015059,338731603015934,338731604448517,338731604605101,338731648366699,338731603010059,16799542,338731604668601,338731622417976,338731625698934,338731639884642,338731648954434,19166,306125,338731648954434,338731640667726,-1,338731639884642,
0,117401110,338731612883824,338731612883824,0,338731625962226,338731625963559,338731627210934,338731627358184,338731681965783,338731625955434,16799542,338731627417809,338731641001851,338731644205059,338731666350351,338731674144767,18667,435416,338731674144767,338731667184392,-1,338731666350351,
0,117401118,338731629683366,338731629683366,0,338731644389476,338731644391017,338731672217309,338731672421684,338731698765325,338731644383184,16799542,338731675744809,338731676130726,338731679326767,338731692404017,338731698236226,20250,311833,338731698236226,338731693063476,-1,338731692404017,
0,117401127,338731663282450,338731680081992,0,338731680222767,338731680224642,338731681310892,338731681497517,338731715564867,338731680155434,16799542,338731681820059,338731693480476,338731696578226,338731714853267,338731721228892,19917,307916,338731721228892,338731715498851,-1,338731714853267,
0,117401136,338731696881534,338731696881534,0,338731697873726,338731697874976,338731700472809,338731700659517,338731749163951,338731697865642,16799542,338731700893059,338731715833017,338731718694101,338731732754559,338731739341059,19833,269541,338731739341059,338731733574142,-1,338731732754559,
0,117401144,338731713681076,338731713681076,0,338731718895351,338731718896767,338731719845142,338731720055684,338731765963493,338731718889976,16799542,338731720380517,338731734042767,338731740197059,338731756367226,338731764230434,20917,314791,338731764230434,338731757010726,-1,338731756367226,
0,117401151,338731730480618,338731730480618,0,338731740581642,338731740582851,338731741428767,338731741582392,338731782763035,338731740574351,16799542,338731741812726,338731757376934,338731760302351,338731774918601,338731782807767,20250,301667,338731782807767,338731775621017,-1,338731774918601,
0,117401159,338731747280160,338731747280160,0,338731760709017,338731760710309,338731761743642,338731761915476,338731816362119,338731760702476,16799542,338731762166017,338731775955517,338731779114767,338731792370351,338731800212976,18875,370667,338731800212976,338731793061642,-1,338731792370351,
0,117401167,338731764079702,338731764079702,0,338731779435684,338731779436934,338731780495226,338731780672934,338731833161661,338731779429559,16799542,338731780929559,338731793501726,338731796634934,338731812144434,338731820090434,18208,287875,338731820090434,338731812823101,-1,338731812144434,
0,117401175,338731780879244,338731780879244,0,338731797058601,338731797060017,338731798215059,338731798396476,338731849961203,338731797051809,16799542,338731798673892,338731813156892,338731816319309,338731833614601,338731841502934,1644500,270750,338731841502934,338731834262476,-1,338731833614601,
0,117401183,338731797678786,338731814478328,0,338731818175392,338731818177267,338731819264517,338731819438142,338731866760745,338731818160726,16799542,338731819707976,338731834815476,338731838091392,338731855013267,338731862839434,22292,302625,338731862839434,338731855612351,-1,338731855013267,
0,117401192,338731831277870,338731831277870,0,338731838542142,338731838543184,338731839511059,338731839676559,338731883560287,338731838534476,16799542,338731839916517,338731856050892,338731859150517,338731875518642,338731883434767,19166,427042,338731883434767,338731876265559,-1,338731875518642,
0,117401200,338731848077412,338731848077412,0,338731859533226,338731859534267,338731860533226,338731860703976,338731900359829,338731859525601,16799542,338731860946059,338731876614726,338731879781934,338731894801976,338731902768809,21125,325958,338731902768809,338731895583392,-1,338731894801976,
0,117401208,338731864876954,338731864876954,0,338731880161351,338731880162809,338731881086601,338731881265434,338731933958913,338731880154684,16799542,338731881515767,338731895934851,338731899257101,338731915486809,338731923414559,18833,316625,338731923414559,338731916105059,-1,338731915486809,
0,117401216,338731881676496,338731898476038,0,338731899618726,338731899619934,338731901157892,338731901326976,338731950758455,338731899603476,16799542,338731901575309,338731916439059,338731919824684,338731930451017,338731938279851,21208,288667,338731938279851,338731931043351,-1,338731930451017,
0,117401225,338731915275580,338731915275580,0,338731920196059,338731920197392,338731921339392,338731921503184,338731967557997,338731920189059,16799542,338731921751892,338731931388434,338731934577476,338731950211059,338731958070059,1523416,421709,338731958070059,338731950968684,-1,338731950211059,
0,117401233,338731932075122,338731932075122,0,338731934914684,338731934916017,338731935837476,338731936195642,338731984357539,338731934908976,16799542,338731936526684,338731951415601,338731954724226,338731964791434,338731972636517,22166,330750,338731972636517,338731965483476,-1,338731964791434,
0,117401241,338731948874664,338731948874664,0,338731954904642,338731954905351,338731955729101,338731955898892,338732001157081,338731954900101,16799542,338731956271059,338731965957767,338731969208434,338731976953142,338731984777892,75125,290292,338731984777892,338731977562976,-1,338731976953142,
0,117401249,338731965674206,338731965674206,0,338731969542892,338731969544767,338731970387976,338731970564851,338732017956623,338731969535767,16799542,338731970754267,338731977892351,338731980791226,338731998791101,338732006470851,5621750,426333,338732006470851,338731999580476,-1,338731998791101,
0,117401257,338731982473748,338731982473748,0,338731982776309,338731982777684,338731983514809,338731983662684,338732034756165,338731982770601,16799542,338731983687601,338731999914101,338732004254101,338732011774184,338732019406767,20500,557000,338732019406767,338732012738101,-1,338732011774184,
0,117401265,338731999273290,338731999273290,0,338732004443351,338732004444059,338732005283684,338732005477517,338732051555707,338732004438517,16799542,338732005504934,338732013083642,338732015894934,338732026999434,338732034601309,3648875,518875,338732034601309,338732027838476,-1,338732026999434,
0,117401273,338732016072832,338732016072832,0,338732016352642,338732016353601,338732017222351,338732017415059,338732068355249,338732016346934,16799542,338732017441517,338732028225767,338732030998101,338732043853892,338732051470267,5273000,543875,338732051470267,338732044753892,-1,338732043853892,
0,117401281,338732032872374,338732032872374,0,338732033128517,338732033129976,338732033802601,338732033978184,338732085154791,338732033123642,16799542,338732034003642,338732045072642,338732047886351,338732060638726,338732068234601,5169417,556917,338732068234601,338732061533517,-1,338732060638726,
0,117401289,338732049671916,338732049671916,0,338732049932142,338732049933517,338732050644851,338732050800642,338732101954333,338732049927142,16799542,338732050826392,338732061862476,338732064593184,338732077647392,338732085258934,5219667,526167,338732085258934,338732078498351,-1,338732077647392,
0,117401297,338732066471458,338732066471458,0,338732066754017,338732066755351,338732067520059,338732067660976,338732118753875,338732066748142,16799542,338732067685517,338732078808559,338732081634142,338732094248809,338732101832017,5097041,526958,338732101832017,338732095084142,-1,338732094248809,
0,117401305,338732083271000,338732083271000,0,338732083543226,338732083544476,338732084309892,338732084451392,338732135553417,338732083538142,16799542,338732084475476,338732095415309,338732098241767,338732111637267,338732119237559,5194792,545333,338732119237559,338732112494434,-1,338732111637267,
0,117401313,338732100070542,338732100070542,0,338732100371351,338732100372517,338732101000226,338732101137142,338732152352959,338732100365476,16799542,338732101161642,338732112810476,338732115560684,338732127772476,338732135383726,4900292,552333,338732135383726,338732128673934,-1,338732127772476,
0,117401321,338732116870084,338732116870084,0,338732117137684,338732117138934,338732118051934,338732118198393,338732169152501,338732117131934,16799542,338732118224768,338732128991184,338732131737768,338732147994476,338732155719726,5546042,553958,338732155719726,338732148913059,-1,338732147994476,
0,117401329,338732133669626,338732133669626,0,338732133973476,338732133974726,338732135375976,338732137127726,338732185952043,338732133968643,16799542,338732137266934,338732149233018,338732152188476,338732160135393,338732167733601,1645542,290625,338732167733601,338732160743434,-1,338732160135393,
---PROFILEDATA---


View hierarchy:

  com.auroratv.lab/com.auroratv.MainActivity/android.view.ViewRootImpl@1d21bee
  819 views, 1608.18 kB of render nodes


Total ViewRootImpl   : 1
Total attached Views : 819
Total RenderNode     : 1608.18 kB (used) / 6020.72 kB (capacity)

