Applications Graphics Acceleration Info:
Uptime: 338788483 Realtime: 373462593

** Graphics info for pid 17154 [com.auroratv.lab] **

Stats since: 338775859167413ns
Total frames rendered: 401
Janky frames: 15 (3.74%)
Janky frames (legacy): 361 (90.02%)
50th percentile: 26ms
90th percentile: 42ms
95th percentile: 57ms
99th percentile: 109ms
Number Missed Vsync: 3
Number High input latency: 770
Number Slow UI thread: 12
Number Slow bitmap uploads: 0
Number Slow issue draw commands: 15
Number Frame deadline missed: 15
Number Frame deadline missed (legacy): 17
HISTOGRAM: 5ms=0 6ms=0 7ms=0 8ms=0 9ms=0 10ms=0 11ms=0 12ms=0 13ms=0 14ms=0 15ms=0 16ms=0 17ms=0 18ms=1 19ms=2 20ms=9 21ms=3 22ms=17 23ms=16 24ms=39 25ms=48 26ms=76 27ms=31 28ms=35 29ms=19 30ms=15 31ms=16 32ms=13 34ms=9 36ms=1 38ms=2 40ms=1 42ms=9 44ms=9 46ms=2 48ms=4 53ms=3 57ms=3 61ms=0 65ms=5 69ms=2 73ms=1 77ms=0 81ms=2 85ms=1 89ms=1 93ms=0 97ms=1 101ms=0 105ms=0 109ms=2 113ms=1 117ms=0 121ms=1 125ms=0 129ms=0 133ms=1 150ms=0 200ms=0 250ms=0 300ms=0 350ms=0 400ms=0 450ms=0 500ms=0 550ms=0 600ms=0 650ms=0 700ms=0 750ms=0 800ms=0 850ms=0 900ms=0 950ms=0 1000ms=0 1050ms=0 1100ms=0 1150ms=0 1200ms=0 1250ms=0 1300ms=0 1350ms=0 1400ms=0 1450ms=0 1500ms=0 1550ms=0 1600ms=0 1650ms=0 1700ms=0 1750ms=0 1800ms=0 1850ms=0 1900ms=0 1950ms=0 2000ms=0 2050ms=0 2100ms=0 2150ms=0 2200ms=0 2250ms=0 2300ms=0 2350ms=0 2400ms=0 2450ms=0 2500ms=0 2550ms=0 2600ms=0 2650ms=0 2700ms=0 2750ms=0 2800ms=0 2850ms=0 2900ms=0 2950ms=0 3000ms=0 3050ms=0 3100ms=0 3150ms=0 3200ms=0 3250ms=0 3300ms=0 3350ms=0 3400ms=0 3450ms=0 3500ms=0 3550ms=0 3600ms=0 3650ms=0 3700ms=0 3750ms=0 3800ms=0 3850ms=0 3900ms=0 3950ms=0 4000ms=0 4050ms=0 4100ms=0 4150ms=0 4200ms=0 4250ms=0 4300ms=0 4350ms=0 4400ms=0 4450ms=0 4500ms=0 4550ms=0 4600ms=0 4650ms=0 4700ms=0 4750ms=0 4800ms=0 4850ms=0 4900ms=0 4950ms=0
50th gpu percentile: 8ms
90th gpu percentile: 11ms
95th gpu percentile: 19ms
99th gpu percentile: 4950ms
GPU HISTOGRAM: 1ms=0 2ms=0 3ms=0 4ms=0 5ms=0 6ms=1 7ms=2 8ms=286 9ms=38 10ms=11 11ms=36 12ms=0 13ms=1 14ms=0 15ms=1 16ms=0 17ms=1 18ms=2 19ms=4 20ms=0 21ms=0 22ms=0 23ms=5 24ms=0 25ms=0 4950ms=13

Pipeline=Skia (OpenGL)
Memory policy:
  Max surface area: 2073600
  Max resource usage: 99.53MB (x48)
  Background retention: 50% (altUiHidden = true)
  GPU Context timeout: 10
Contexts: 1 (stopped = 0)
CPU Caches:
  Glyph Cache: 1.86 MB (1 entry)
  Glyph Count: 90 
Total CPU memory usage:
  1947312 bytes, 1.86 MB (0.00 bytes is purgeable)
GPU Caches:
  Image:
    Texture: 14.44 MB (51 entries)
  Other:
    Other: 176.89 KB (1 entry)
    Buffer Object: 464.00 bytes (2 entries)
    StencilAttachment: 16.00 KB (1 entry)
  Scratch:
    Texture: 4.04 MB (6 entries)
    RenderTarget: 68.38 MB (274 entries)
    Buffer Object: 78.03 KB (3 entries)
Total GPU memory usage:
  91357600 bytes, 87.13 MB (132.45 KB is purgeable)

Profile data in ms:

	com.auroratv.lab/com.auroratv.MainActivity/android.view.ViewRootImpl@b90007b (visibility=0)
Window: com.auroratv.lab/com.auroratv.MainActivity
Stats since: 338775859166747ns
Total frames rendered: 401
Janky frames: 15 (3.74%)
Janky frames (legacy): 361 (90.02%)
50th percentile: 26ms
90th percentile: 42ms
95th percentile: 57ms
99th percentile: 109ms
Number Missed Vsync: 3
Number High input latency: 770
Number Slow UI thread: 12
Number Slow bitmap uploads: 0
Number Slow issue draw commands: 15
Number Frame deadline missed: 15
Number Frame deadline missed (legacy): 17
HISTOGRAM: 5ms=0 6ms=0 7ms=0 8ms=0 9ms=0 10ms=0 11ms=0 12ms=0 13ms=0 14ms=0 15ms=0 16ms=0 17ms=0 18ms=1 19ms=2 20ms=9 21ms=3 22ms=17 23ms=16 24ms=39 25ms=48 26ms=76 27ms=31 28ms=35 29ms=19 30ms=15 31ms=16 32ms=13 34ms=9 36ms=1 38ms=2 40ms=1 42ms=9 44ms=9 46ms=2 48ms=4 53ms=3 57ms=3 61ms=0 65ms=5 69ms=2 73ms=1 77ms=0 81ms=2 85ms=1 89ms=1 93ms=0 97ms=1 101ms=0 105ms=0 109ms=2 113ms=1 117ms=0 121ms=1 125ms=0 129ms=0 133ms=1 150ms=0 200ms=0 250ms=0 300ms=0 350ms=0 400ms=0 450ms=0 500ms=0 550ms=0 600ms=0 650ms=0 700ms=0 750ms=0 800ms=0 850ms=0 900ms=0 950ms=0 1000ms=0 1050ms=0 1100ms=0 1150ms=0 1200ms=0 1250ms=0 1300ms=0 1350ms=0 1400ms=0 1450ms=0 1500ms=0 1550ms=0 1600ms=0 1650ms=0 1700ms=0 1750ms=0 1800ms=0 1850ms=0 1900ms=0 1950ms=0 2000ms=0 2050ms=0 2100ms=0 2150ms=0 2200ms=0 2250ms=0 2300ms=0 2350ms=0 2400ms=0 2450ms=0 2500ms=0 2550ms=0 2600ms=0 2650ms=0 2700ms=0 2750ms=0 2800ms=0 2850ms=0 2900ms=0 2950ms=0 3000ms=0 3050ms=0 3100ms=0 3150ms=0 3200ms=0 3250ms=0 3300ms=0 3350ms=0 3400ms=0 3450ms=0 3500ms=0 3550ms=0 3600ms=0 3650ms=0 3700ms=0 3750ms=0 3800ms=0 3850ms=0 3900ms=0 3950ms=0 4000ms=0 4050ms=0 4100ms=0 4150ms=0 4200ms=0 4250ms=0 4300ms=0 4350ms=0 4400ms=0 4450ms=0 4500ms=0 4550ms=0 4600ms=0 4650ms=0 4700ms=0 4750ms=0 4800ms=0 4850ms=0 4900ms=0 4950ms=0
50th gpu percentile: 8ms
90th gpu percentile: 11ms
95th gpu percentile: 19ms
99th gpu percentile: 4950ms
GPU HISTOGRAM: 1ms=0 2ms=0 3ms=0 4ms=0 5ms=0 6ms=1 7ms=2 8ms=286 9ms=38 10ms=11 11ms=36 12ms=0 13ms=1 14ms=0 15ms=1 16ms=0 17ms=1 18ms=2 19ms=4 20ms=0 21ms=0 22ms=0 23ms=5 24ms=0 25ms=0 4950ms=13



---PROFILEDATA---
Flags,FrameTimelineVsyncId,IntendedVsync,Vsync,InputEventId,HandleInputStart,AnimationStart,PerformTraversalsStart,DrawStart,FrameDeadline,FrameInterval,FrameStartTime,SyncQueued,SyncStart,IssueDrawCommandsStart,SwapBuffers,FrameCompleted,DequeueBufferDuration,QueueBufferDuration,GpuCompleted,SwapBuffersCompleted,DisplayPresentTime,CommandSubmissionCompleted,
0,117423291,338782585822009,338782585822009,0,338782586068042,338782586069458,338782587333458,338782587510333,338782638105684,338782586063000,16800171,338782587547708,338782596415458,338782597774208,338782612926667,338782622676083,8363167,578583,338782622676083,338782613861167,-1,338782612926667,
0,117423299,338782602622180,338782602622180,0,338782602907792,338782602908833,338782609662917,338782609928917,338782654905855,338782602902708,16800171,338782609987625,338782614055792,338782615422125,338782628994000,338782638054917,7448292,573917,338782638054917,338782629930208,-1,338782628994000,
0,117423307,338782619422351,338782619422351,0,338782619741167,338782619742333,338782621555333,338782621714750,338782671706026,338782619735667,16800171,338782621873833,338782630126792,338782631537000,338782645664917,338782654370333,8164375,573334,338782654370333,338782646610500,-1,338782645664917,
0,117423315,338782636222522,338782636222522,0,338782636513958,338782636515208,338782638507583,338782638671083,338782688506197,338782636508458,16800171,338782638740250,338782646801375,338782648242875,338782665251708,338782673583792,8369458,335708,338782673583792,338782665997542,-1,338782665251708,
0,117423323,338782653022693,338782653022693,0,338782653341583,338782653343083,338782655666833,338782655853917,338782705306368,338782653335042,16800171,338782655923583,338782666220958,338782667736292,338782682055958,338782690144375,5707334,367625,338782690144375,338782682803667,-1,338782682055958,
0,117423331,338782669822864,338782669822864,0,338782670117375,338782670118625,338782672544250,338782672806750,338782722106539,338782670111000,16800171,338782672880000,338782682999583,338782684576042,338782698490208,338782706287083,5644708,316625,338782706287083,338782699156708,-1,338782698490208,
0,117423339,338782686623035,338782686623035,0,338782686913875,338782686915083,338782689282375,338782689555125,338782738906710,338782686907542,16800171,338782689628500,338782699416125,338782700961208,338782715756667,338782723569833,5985500,585834,338782723569833,338782716851875,-1,338782715756667,
0,117423347,338782703423206,338782703423206,0,338782703722417,338782703723917,338782705325958,338782706927542,338782755706881,338782703717208,16800171,338782707005542,338782717053042,338782718712875,338782731366708,338782739481500,5107875,608917,338782739481500,338782732328958,-1,338782731366708,
0,117423355,338782720223377,338782720223377,0,338782720518833,338782720520125,338782722085125,338782723797750,338782772507052,338782720512750,16800171,338782723878667,338782732518458,338782733936667,338782746653333,338782754386167,6661916,389750,338782754386167,338782747379083,-1,338782746653333,
0,117423363,338782737023548,338782737023548,0,338782737311083,338782737312333,338782740734250,338782740944583,338782789307223,338782737305917,16800171,338782741015667,338782747566292,338782749058792,338782762896083,338782770624625,8159000,306500,338782770624625,338782763526792,-1,338782762896083,
0,117423371,338782753823719,338782753823719,0,338782754101792,338782754102833,338782759314667,338782759493875,338782806107394,338782754096750,16800171,338782760268083,338782763720083,338782765124833,338782779708167,338782787471042,8886917,321250,338782787471042,338782780418333,-1,338782779708167,
0,117423379,338782770623890,338782770623890,0,338782770881333,338782770882583,338782777967833,338782778149875,338782822907565,338782770876125,16800171,338782778224958,338782780617833,338782781997458,338782795828625,338782803560500,8902417,283917,338782803560500,338782796489667,-1,338782795828625,
0,117423387,338782787424061,338782787424061,0,338782787817833,338782787819292,338782790840167,338782791004583,338782839707736,338782787789417,16800171,338782791129292,338782796681292,338782797992917,338782812589250,338782820291208,9654458,286375,338782820291208,338782813228333,-1,338782812589250,
0,117423395,338782804224232,338782804224232,0,338782804492083,338782804493792,338782806284333,338782806467083,338782856507907,338782804486792,16800171,338782806527625,338782813416750,338782814814833,338782829399708,338782837120375,9662958,286875,338782837120375,338782829999875,-1,338782829399708,
0,117423403,338782821024403,338782821024403,0,338782821280917,338782821282542,338782822853542,338782823118667,338782873308078,338782821275542,16800171,338782823178500,338782830189583,338782831499792,338782846196875,338782853939875,9729125,290667,338782853939875,338782846804875,-1,338782846196875,
0,117423411,338782837824574,338782837824574,0,338782838079917,338782838081208,338782839691375,338782839962875,338782890108249,338782838074375,16800171,338782840050875,338782846992500,338782848355083,338782863308833,338782871029708,9784959,446042,338782871029708,338782864110958,-1,338782863308833,
0,117423419,338782854624745,338782854624745,0,338782854887458,338782854888667,338782857065500,338782857281083,338782906908420,338782854882500,16800171,338782857347208,338782864303042,338782865792458,338782882619000,338782890417500,9319959,360000,338782890417500,338782883513000,-1,338782882619000,
0,117423427,338782871424916,338782871424916,0,338782871723917,338782871725542,338782881591958,338782881786208,338782923708591,338782871718333,16800171,338782881947083,338782883740792,338782885582417,338782897112125,338782904811292,6150208,306500,338782904811292,338782897756875,-1,338782897112125,
0,117423435,338782888225087,338782888225087,0,338782888509000,338782888510542,338782889254000,338782889430333,338782940508762,338782888502667,16800171,338782889472208,338782897950250,338782899135250,338782914915958,338782922692667,9527709,331000,338782922692667,338782915675000,-1,338782914915958,
0,117423443,338782905025258,338782905025258,0,338782905341333,338782905342833,338782906150792,338782906325875,338782957308933,338782905334875,16800171,338782906371000,338782915883500,338782917372792,338782931855167,338782939608208,8194458,328666,338782939608208,338782932590333,-1,338782931855167,
0,117423451,338782921825429,338782921825429,0,338782922150625,338782922152458,338782923008417,338782923192125,338782974109104,338782922143750,16800171,338782923238167,338782932798958,338782934074292,338782949539292,338782957282625,8405708,374333,338782957282625,338782950336625,-1,338782949539292,
0,117423459,338782938625600,338782938625600,0,338782938926083,338782938927333,338782939771333,338782939949167,338782990909275,338782938919708,16800171,338782939993792,338782950573667,338782951944750,338782965255792,338782972996208,7065917,349208,338782972996208,338782965991583,-1,338782965255792,
0,117423467,338782955425771,338782955425771,0,338782955717375,338782955718958,338782956619208,338782956794250,338783007709446,338782955711167,16800171,338782956839167,338782966229583,338782967587000,338782983079708,338782990817500,8647917,348791,338782990817500,338782983819542,-1,338782983079708,
0,117423475,338782972225942,338782972225942,0,338782972599750,338782972601292,338782973522917,338782973729500,338783024509617,338782972591667,16800171,338782973780458,338782984080042,338782985432542,338783000817583,338783008564375,7539542,685708,338783008564375,338783001925333,-1,338783000817583,
0,117423483,338782989026113,338782989026113,0,338782989346625,338782989348125,338782990586625,338782990768583,338783041309788,338782989339750,16800171,338782990818250,338783002143042,338783003505500,338783016102250,338783023842750,6209500,630584,338783023842750,338783017121625,-1,338783016102250,
0,117423491,338783005826284,338783005826284,0,338783006177375,338783006178708,338783006990375,338783007177667,338783058109959,338783006170375,16800171,338783007224042,338783017338708,338783018690875,338783034658292,338783042411917,7843084,363792,338783042411917,338783035443250,-1,338783034658292,
0,117423499,338783022626455,338783022626455,0,338783022966625,338783022968292,338783023908000,338783024154000,338783074910130,338783022958708,16800171,338783024204292,338783035667792,338783037279917,338783051248917,338783059068625,5909209,738250,338783059068625,338783052514708,-1,338783051248917,
0,117423507,338783039426626,338783039426626,0,338783039719083,338783039720500,338783040563167,338783040747500,338783091710301,338783039712750,16800171,338783040796167,338783052828833,338783054422042,338783068474042,338783076239375,5921000,724042,338783076239375,338783069634000,-1,338783068474042,
0,117423515,338783056226797,338783056226797,0,338783056565875,338783056567375,338783057452792,338783057657250,338783108510472,338783056558042,16800171,338783057708958,338783069869458,338783071394750,338783084336833,338783092098625,5623875,717625,338783092098625,338783085480167,-1,338783084336833,
0,117423523,338783073026968,338783073026968,0,338783073348458,338783073349958,338783074151917,338783074341500,338783125310643,338783073341208,16800171,338783074389125,338783085716750,338783087223542,338783101768333,338783109683042,6759458,349291,338783109683042,338783102511667,-1,338783101768333,
0,117423531,338783089827139,338783089827139,0,338783090164875,338783090166542,338783091048875,338783091252917,338783142110814,338783090157917,16800171,338783091303458,338783102734167,338783104134458,338783117777250,338783125598167,6381417,677542,338783125598167,338783118876458,-1,338783117777250,
0,117423539,338783106627310,338783106627310,0,338783106942333,338783106943833,338783108059333,338783108258750,338783158910985,338783106935083,16800171,338783108308750,338783119112375,338783120629958,338783133506292,338783141213125,6464125,324625,338783141213125,338783134193292,-1,338783133506292,
0,117423739,338783577032098,338783577032098,-42151093,338783577300375,338783577302042,338783637165584,338783638850000,338783595715431,338783577295209,16800171,338783658318125,338783658503917,338783661330042,338783667284834,338783689773709,21834,630125,338783689773709,338783668248167,-1,338783667284834,
0,117423746,338783627432611,338783661032953,0,338783661796000,338783661797792,338783663936792,338783664175500,338783713316628,338783661782584,16800171,338783664250042,338783668427459,338783669763500,338783676433042,338783717604875,20125,13107000,338783717604875,338783689942875,-1,338783676433042,
0,117423753,338783677833124,338783677833124,0,338783678079334,338783678080542,338783683421167,338783683608459,338783746916970,338783678073959,16800171,338783684389334,338783690124625,338783691538750,338783711243542,338783747723750,6500833,6133042,338783747723750,338783717700959,-1,338783711243542,
0,117423761,338783694633295,338783694633295,0,338783694915167,338783694916292,338783697912959,338783698123500,338783780517312,338783694910084,16800171,338783698198792,338783717965792,338783719324417,338783741243792,338783779132875,12190916,6244084,338783779132875,338783747825417,-1,338783741243792,
0,117423769,338783711433466,338783711433466,0,338783719504417,338783719505292,338783721093917,338783721231125,338783797317483,338783719499334,16800171,338783721291084,338783748034875,338783749389250,338783774610417,338783810232334,15758000,4229083,338783810232334,338783779222334,-1,338783774610417,
0,117423777,338783728233637,338783745033808,0,338783749663542,338783749664709,338783751145459,338783751281917,338783830917825,338783749653209,16800171,338783751341625,338783779415459,338783780835584,338783791256000,338783824700084,1261333,18913708,338783824700084,338783810451292,-1,338783791256000,
0,117423786,338783761833979,338783778634150,0,338783781186125,338783781187209,338783783365792,338783783512375,338783847717996,338783781172209,16800171,338783783577709,338783810643834,338783812254417,338783824831584,338783835621042,3403167,396833,338783835621042,338783825560375,-1,338783824831584,
0,117423795,338783795434321,338783812234492,0,338783812722334,338783812723500,338783815507667,338783815692209,338783864518167,338783812710250,16800171,338783815766709,338783825744542,338783827197625,338783840418792,338783850834001,5299375,649041,338783850834001,338783841422167,-1,338783840418792,
0,117423804,338783829034663,338783829034663,0,338783829281292,338783829282959,338783830887709,338783832408417,338783881318338,338783829276209,16800171,338783832489875,338783841620167,338783843287250,338783860607917,338783870795126,6268209,685375,338783870795126,338783861639751,-1,338783860607917,
0,117423812,338783845834834,338783845834834,0,338783846125376,338783846126834,338783850700209,338783850874709,338783898118509,338783846118751,16800171,338783850948209,338783861872001,338783863611501,338783876868584,338783887072042,3013625,402959,338783887072042,338783877719251,-1,338783876868584,
0,117423820,338783862635005,338783862635005,0,338783863897209,338783863898251,338783869444751,338783869628126,338783914918680,338783863891209,16800171,338783869700667,338783877930126,338783879698292,338783892875667,338783900904501,3400292,321958,338783900904501,338783893628917,-1,338783892875667,
0,117423828,338783879435176,338783879435176,0,338783880102417,338783880103709,338783884373209,338783885982042,338783931718851,338783880094584,16800171,338783886154959,338783893842584,338783895448501,338783907348709,338783915224251,4568709,378583,338783915224251,338783908115876,-1,338783907348709,
0,117423836,338783896235347,338783896235347,0,338783896511876,338783896513251,338783897849417,338783898003709,338783948519022,338783896506376,16800171,338783898060167,338783908343126,338783909828209,338783922999626,338783930862292,6874500,323459,338783930862292,338783923674459,-1,338783922999626,
0,117423844,338783913035518,338783913035518,0,338783913297001,338783913298292,338783914469334,338783914622084,338783965319193,338783913291417,16800171,338783914678334,338783923881917,338783925392626,338783943406251,338783951253209,8169875,598583,338783951253209,338783944386917,-1,338783943406251,
0,117423852,338783929835689,338783929835689,0,338783930131792,338783930133167,338783931515292,338783931684376,338783982119364,338783930125751,16800171,338783931748084,338783944591167,338783946144084,338783959528417,338783967395334,4205083,669834,338783967395334,338783960544959,-1,338783959528417,
0,117423860,338783946635860,338783946635860,0,338783946899001,338783946900209,338783948617251,338783948791626,338783998919535,338783946893667,16800171,338783948857626,338783960746251,338783962287376,338783976479167,338783984386001,4632708,370000,338783984386001,338783977311917,-1,338783976479167,
0,117423868,338783963436031,338783963436031,0,338783963697667,338783963698792,338783965002209,338783965157917,338784015719706,338783963692209,16800171,338783965216001,338783977535209,338783979252251,338783991021459,338783998899917,4763083,350042,338783998899917,338783991750584,-1,338783991021459,
0,117423876,338783980236202,338783980236202,0,338783980519709,338783980520959,338783981860917,338783982038626,338784032519877,338783980513709,16800171,338783982102626,338783991969709,338783993560334,338784008365251,338784016305292,7364583,351334,338784016305292,338784009098167,-1,338784008365251,
0,117423884,338783997036373,338783997036373,0,338783997370792,338783997372376,338783998828292,338783999076334,338784049320048,338783997364334,16800171,338783999146584,338784009319584,338784010834084,338784028526584,338784036386626,7029958,349667,338784036386626,338784029216917,-1,338784028526584,
0,117423892,338784013836544,338784013836544,0,338784014127626,338784014128917,338784015665834,338784015845917,338784066120219,338784014121792,16800171,338784015910709,338784029440709,338784031123584,338784042765959,338784050630417,3159292,608166,338784050630417,338784043744042,-1,338784042765959,
0,117423900,338784030636715,338784030636715,0,338784031316251,338784031317167,338784034159084,338784034373792,338784082920390,338784031310417,16800171,338784034446209,338784044080001,338784045586376,338784058986792,338784066890584,5309209,582917,338784066890584,338784060092376,-1,338784058986792,
0,117423908,338784047436886,338784047436886,0,338784047704334,338784047705501,338784048906584,338784049058792,338784099720561,338784047698459,16800171,338784049114584,338784060309459,338784061819042,338784075706584,338784083635501,6469959,619334,338784083635501,338784076842667,-1,338784075706584,
0,117423916,338784064237057,338784064237057,0,338784064517667,338784064518959,338784065787792,338784065957792,338784116520732,338784064511542,16800171,338784066018501,338784077072084,338784078640626,338784091575709,338784099447251,6072666,717000,338784099447251,338784092663626,-1,338784091575709,
0,117423924,338784081037228,338784081037228,0,338784081322417,338784081323751,338784082597751,338784082761334,338784133320903,338784081316292,16800171,338784082820167,338784092877584,338784094375876,338784111937667,338784119831959,7262958,493458,338784119831959,338784112800001,-1,338784111937667,
0,117423932,338784097837399,338784097837399,0,338784098159584,338784098161459,338784099967292,338784100190709,338784150121074,338784098152126,16800171,338784100259834,338784113020251,338784114518626,338784128748126,338784136681751,3998833,335125,338784136681751,338784129459417,-1,338784128748126,
0,117423940,338784114637570,338784114637570,0,338784114955792,338784114957459,338784116856209,338784117062834,338784166921245,338784114949667,16800171,338784117134001,338784129676084,338784131398501,338784143979209,338784151953876,3924959,337958,338784151953876,338784144733751,-1,338784143979209,
0,117423948,338784131437741,338784131437741,0,338784131759376,338784131761251,338784134002042,338784134211042,338784183721416,338784131752792,16800171,338784134287334,338784144956001,338784146580792,338784159569084,338784167593001,5490125,372292,338784167593001,338784160337626,-1,338784159569084,
0,117423956,338784148237912,338784148237912,0,338784148570084,338784148571376,338784150428042,338784150742459,338784200521587,338784148562334,16800171,338784150815959,338784160558209,338784162293417,338784175921292,338784183933167,6504208,332083,338784183933167,338784176661376,-1,338784175921292,
0,117423964,338784165038083,338784165038083,0,338784165343167,338784165344917,338784167389709,338784167583751,338784217321758,338784165336001,16800171,338784167657876,338784176880209,338784178536542,338784193105834,338784201042001,7136750,583750,338784201042001,338784194080251,-1,338784193105834,
0,117423972,338784181838254,338784181838254,0,338784182162292,338784182163792,338784185366709,338784185555209,338784234121929,338784182155334,16800171,338784185628042,338784194372209,338784195864209,338784210207042,338784218142792,6781666,353375,338784218142792,338784210959709,-1,338784210207042,
0,117423980,338784198638425,338784198638425,0,338784198990042,338784198991917,338784201301251,338784201494459,338784250922100,338784198983876,16800171,338784201549792,338784211198042,338784212732292,338784225197626,338784233039001,6222500,300250,338784233039001,338784225830251,-1,338784225197626,
0,117423988,338784215438596,338784215438596,0,338784215710042,338784215711292,338784216633417,338784216806334,338784267722271,338784215704167,16800171,338784216841751,338784226026209,338784227407209,338784243483792,338784251354792,8627875,432791,338784251354792,338784244319292,-1,338784243483792,
0,117423996,338784232238767,338784232238767,0,338784232510792,338784232511959,338784233579542,338784233734334,338784284522442,338784232504542,16800171,338784233769751,338784244550751,338784246049126,338784259330542,338784267183417,6586708,355500,338784267183417,338784260100834,-1,338784259330542,
0,117424004,338784249038938,338784249038938,0,338784249307042,338784249308417,338784250198876,338784250350709,338784301322613,338784249301251,16800171,338784250385417,338784260323917,338784261838084,338784277922709,338784285861834,7799625,369375,338784285861834,338784278686167,-1,338784277922709,
0,117424012,338784265839109,338784265839109,0,338784266151501,338784266153084,338784267165542,338784267364667,338784318122784,338784266144667,16800171,338784267406542,338784279016834,338784280749209,338784295586834,338784303510709,5776375,368000,338784303510709,338784296476001,-1,338784295586834,
0,117424020,338784282639280,338784282639280,0,338784282941251,338784282942584,338784283936584,338784284407292,338784334922955,338784282934667,16800171,338784284503417,338784296711667,338784298538209,338784311409709,338784319277334,4636708,405167,338784319277334,338784312216959,-1,338784311409709,
0,117424028,338784299439451,338784299439451,0,338784299737876,338784299739292,338784300790709,338784300964042,338784351723126,338784299730917,16800171,338784301002792,338784312540792,338784314249042,338784329660126,338784337634376,6137125,422375,338784337634376,338784330501792,-1,338784329660126,
0,117424036,338784316239622,338784316239622,0,338784316538417,338784316539792,338784317558251,338784317731876,338784368523297,338784316531542,16800171,338784317771292,338784330772959,338784332661209,338784344245209,338784352172042,4340250,536375,338784352172042,338784345115542,-1,338784344245209,
0,117424044,338784333039793,338784333039793,0,338784333365292,338784333367001,338784334629167,338784334818209,338784385323468,338784333358126,16800171,338784334858376,338784345307209,338784346665709,338784359352251,338784367226084,6796000,325083,338784367226084,338784360151251,-1,338784359352251,
0,117424052,338784349839964,338784349839964,0,338784350225542,338784350227167,338784351197501,338784351363792,338784402123639,338784350218376,16800171,338784351403209,338784360357126,338784361735584,338784377189709,338784385052917,8472208,654250,338784385052917,338784378259501,-1,338784377189709,
0,117424060,338784366640135,338784366640135,0,338784366964167,338784366965334,338784367903376,338784368087209,338784418923810,338784366958501,16800171,338784368133001,338784378472459,338784379917626,338784393473751,338784401388709,7240166,510792,338784401388709,338784395529792,-1,338784393473751,
0,117424068,338784383440306,338784383440306,0,338784383826792,338784383828042,338784384980667,338784385184709,338784435723981,338784383820417,16800171,338784385223501,338784395719167,338784397262251,338784410527292,338784421146292,6604750,434167,338784421146292,338784411314251,-1,338784410527292,
0,117424076,338784400240477,338784400240477,-90241346,338784400526501,338784400528167,338784401729751,338784401940334,338784452524152,338784400518751,16800171,338784401981001,338784411518751,338784413010626,338784428248251,338784436240626,7932417,370458,338784436240626,338784428990167,-1,338784428248251,
0,117424084,338784417040648,338784417040648,-791014016,338784417385584,338784417387042,338784422657251,338784422828209,338784469324323,338784417379334,16800171,338784423371876,338784429190459,338784430881876,338784443647126,338784451534292,6625541,498125,338784451534292,338784444494209,-1,338784443647126,
0,117424092,338784433840819,338784433840819,0,338784434136459,338784434138126,338784435330001,338784435505167,338784486124494,338784434131376,16800171,338784435541959,338784444690251,338784446058876,338784461818751,338784471575417,8250167,330750,338784471575417,338784462498959,-1,338784461818751,
0,117424100,338784450640990,338784450640990,0,338784450900834,338784450902417,338784453767292,338784454169209,338784502924665,338784450895126,16800171,338784454208709,338784462680209,338784464287334,338784478158126,338784487327834,6764125,612416,338784487327834,338784479206417,-1,338784478158126,
0,117424108,338784467441161,338784467441161,0,338784467728084,338784467729542,338784474413251,338784474561084,338784519724836,338784467723001,16800171,338784474647501,338784479470001,338784480927334,338784493466834,338784501942459,6892167,342666,338784501942459,338784494166501,-1,338784493466834,
0,117424116,338784484241332,338784484241332,0,338784484524751,338784484526292,338784487423209,338784487689834,338784536525007,338784484519917,16800171,338784487768001,338784494374001,338784495821001,338784513072584,338784521334709,8838417,298625,338784521334709,338784513758501,-1,338784513072584,
0,117424124,338784501041503,338784501041503,0,338784501336376,338784501337792,338784503953376,338784504149959,338784553325178,338784501330626,16800171,338784504221084,338784513956334,338784515456334,338784528842334,338784536861001,5916417,325042,338784536861001,338784529515376,-1,338784528842334,
0,117424132,338784517841674,338784517841674,0,338784518131751,338784518133376,338784520120709,338784520286126,338784570125349,338784518126084,16800171,338784520409584,338784529751709,338784531157376,338784547641126,338784555444168,7096791,357833,338784555444168,338784548366043,-1,338784547641126,
0,117424140,338784534641845,338784534641845,0,338784534975667,338784534977251,338784540225459,338784540462417,338784586925520,338784534969709,16800171,338784540606459,338784548731626,338784550320459,338784563794043,338784571578126,4770917,316667,338784571578126,338784564634793,-1,338784563794043,
0,117424148,338784551442016,338784551442016,0,338784551816543,338784551818168,338784554584876,338784554801209,338784603725691,338784551808918,16800171,338784554888001,338784564842459,338784566419209,338784579389834,338784587232751,5398708,355750,338784587232751,338784580114251,-1,338784579389834,
0,117424156,338784568242187,338784568242187,0,338784568553084,338784568554709,338784571043501,338784571244251,338784620525862,338784568546501,16800171,338784571466709,338784580321876,338784581772459,338784595224751,338784603014918,6894125,322000,338784603014918,338784595931918,-1,338784595224751,
0,117424164,338784585042358,338784585042358,0,338784585391876,338784585393709,338784587973126,338784588181918,338784637326033,338784585385251,16800171,338784588250459,338784596199876,338784597637251,338784611799793,338784619610168,7861708,308292,338784619610168,338784612531543,-1,338784611799793,
0,117424172,338784601842529,338784601842529,0,338784602131376,338784602132793,338784604241334,338784604409459,338784654126204,338784602126001,16800171,338784604477084,338784612761168,338784614244959,338784627992168,338784635809209,7860000,301750,338784635809209,338784628707834,-1,338784627992168,
0,117424180,338784618642700,338784618642700,0,338784618921251,338784618922626,338784622689709,338784622866751,338784670926375,338784618916168,16800171,338784623512959,338784628897918,338784630375543,338784645191959,338784652979918,8608500,344750,338784652979918,338784645877376,-1,338784645191959,
0,117424188,338784635442871,338784635442871,0,338784635687959,338784635689293,338784641158459,338784641330084,338784687726546,338784635683001,16800171,338784641397751,338784646074001,338784647539334,338784660977709,338784668705584,8100875,282417,338784668705584,338784661572959,-1,338784660977709,
0,117424196,338784652243042,338784652243042,0,338784652527126,338784652528418,338784654593168,338784654743084,338784704526717,338784652521709,16800171,338784654799043,338784661760459,338784663176501,338784677650918,338784685430751,9214166,310625,338784685430751,338784678363418,-1,338784677650918,
0,117424204,338784669043213,338784669043213,0,338784669292459,338784669293584,338784670596168,338784670744959,338784721326888,338784669287418,16800171,338784670795584,338784678573334,338784679942959,338784694372543,338784702089418,9278625,314833,338784702089418,338784695017584,-1,338784694372543,
0,117424212,338784685843384,338784685843384,0,338784686096584,338784686097751,338784687199168,338784687341668,338784738127059,338784686091543,16800171,338784687388793,338784695208126,338784696601459,338784713811251,338784722761918,9828042,347875,338784722761918,338784714621251,-1,338784713811251,
0,117424220,338784702643555,338784702643555,0,338784702896584,338784702897626,338784704755918,338784704944293,338784754927230,338784702891334,16800171,338784705011959,338784714948001,338784716588418,338784728238043,338784735953376,6341083,299958,338784735953376,338784728874626,-1,338784728238043,
0,117424228,338784719443726,338784719443726,0,338784719722501,338784719723543,338784721524459,338784721829334,338784771727401,338784719717459,16800171,338784721878793,338784729073376,338784730382959,338784745764709,338784753468084,9369583,294125,338784753468084,338784746392709,-1,338784745764709,
0,117424236,338784736243897,338784736243897,0,338784736557918,338784736559251,338784744121751,338784744345709,338784788527572,338784736552293,16800171,338784744469459,338784746623334,338784748170001,338784761893834,338784769634959,8362417,291250,338784769634959,338784762505584,-1,338784761893834,
0,117424244,338784753044068,338784753044068,0,338784753349418,338784753350876,338784754138876,338784754293001,338784805327743,338784753344209,16800171,338784754332376,338784762686751,338784763974418,338784778527834,338784786209043,9345167,286958,338784786209043,338784779142418,-1,338784778527834,
0,117424252,338784769844239,338784769844239,0,338784770124334,338784770125584,338784770785334,338784770950209,338784822127914,338784770119043,16800171,338784770991626,338784779323543,338784780567501,338784795297751,338784803070501,9490791,305125,338784803070501,338784795970834,-1,338784795297751,
0,117424260,338784786644410,338784786644410,0,338784786924418,338784786925834,338784787543751,338784787686209,338784838928085,338784786919334,16800171,338784787725959,338784796237376,338784797403043,338784812185543,338784819957084,9457167,309459,338784819957084,338784812917043,-1,338784812185543,
0,117424268,338784803444581,338784803444581,0,338784803746793,338784803748251,338784804641668,338784804783251,338784855728256,338784803741084,16800171,338784804822459,338784813148334,338784814451251,338784829241418,338784837032918,9270334,384750,338784837032918,338784829972376,-1,338784829241418,
0,117424276,338784820244752,338784820244752,0,338784820536168,338784820537418,338784821204126,338784821350918,338784872528427,338784820531001,16800171,338784821393543,338784830136501,338784831326043,338784845783376,338784853520834,9204583,315042,338784853520834,338784846495418,-1,338784845783376,
0,117424284,338784837044923,338784837044923,0,338784837321168,338784837322876,338784837942584,338784838089709,338784889328598,338784837316126,16800171,338784838129251,338784846665209,338784847831084,338784863069626,338784870801043,9612833,311250,338784870801043,338784863720084,-1,338784863069626,
0,117424292,338784853845094,338784853845094,0,338784854116543,338784854118168,338784865840459,338784866015043,338784906128769,338784854111418,16800171,338784869116293,338784869285126,338784870694084,338784879297001,338784885042668,3536875,711750,338784885042668,338784880377334,-1,338784879297001,
0,117424300,338784870645265,338784870645265,0,338784871030001,338784871031501,338784871890543,338784872127251,338784922928940,338784871024043,16800171,338784872384251,338784880566709,338784881852959,338784904094376,338784910424126,8942083,717083,338784910424126,338784905251793,-1,338784904094376,
0,117424308,338784887445436,338784887445436,0,338784887854334,338784887855501,338784888810501,338784888993251,338784939729111,338784887848293,16800171,338784889200126,338784905450168,338784906855626,338784920085876,338784926435501,961791,629625,338784926435501,338784921046334,-1,338784920085876,
0,117424316,338784904245607,338784904245607,0,338784907069793,338784907071334,338784908200376,338784908414959,338784956529282,338784907063084,16800171,338784908770459,338784921329876,338784927690084,338784941072626,338784948896584,20750,307833,338784948896584,338784941898126,-1,338784941072626,
0,117424324,338784921045778,338784921045778,0,338784928192584,338784928194001,338784929192751,338784929450043,338784973329453,338784928035126,16800171,338784929711001,338784942070418,338784943328459,338784953574459,338784961379043,19209,328000,338784961379043,338784954248834,-1,338784953574459,
0,117424332,338784937845949,338784937845949,0,338784943625876,338784943627334,338784944801501,338784944983376,338784990129624,338784943618501,16800171,338784945344209,338784954433209,338784955956084,338784967893334,338784975802126,2167458,320541,338784975802126,338784968587626,-1,338784967893334,
0,117424340,338784954646120,338784954646120,0,338784956272001,338784956273584,338784957343668,338784957517459,338785006929795,338784956265959,16800171,338784957785293,338784969013001,338784970219001,338784986201001,338784993989793,4818959,336833,338784993989793,338784986867418,-1,338784986201001,
0,117424348,338784971446291,338784971446291,0,338784971728418,338784971729959,338784972883793,338784973045293,338785023729966,338784971722918,16800171,338784973308501,338784987058793,338784988399543,338784996844626,338785004655918,3278458,304583,338785004655918,338784997465709,-1,338784996844626,
0,117424356,338784988246462,338784988246462,0,338784988663709,338784988664876,338784990103251,338784991587876,338785040530137,338784988658876,16800171,338784991910834,338784997652918,338784998935959,338785018870751,338785026656584,9579208,323000,338785026656584,338785019513209,-1,338785018870751,
0,117424364,338785005046633,338785005046633,0,338785005345251,338785005346543,338785006022584,338785006173168,338785057330308,338785005339334,16800171,338785006400876,338785019805251,338785021111334,338785031055209,338785038859126,4353000,509375,338785038859126,338785032050376,-1,338785031055209,
0,117424372,338785021846804,338785021846804,0,338785022103834,338785022105084,338785022731459,338785022882834,338785074130479,338785022097751,16800171,338785023115918,338785032243459,338785033436418,338785048600543,338785056401209,8837209,588667,338785056401209,338785049572751,-1,338785048600543,
0,117424380,338785038646975,338785038646975,0,338785038916959,338785038918334,338785039583251,338785039731376,338785090930650,338785038911876,16800171,338785039956918,338785049787584,338785051063084,338785064528168,338785072438501,7753208,630667,338785072438501,338785065585501,-1,338785064528168,
0,117424388,338785055447146,338785055447146,0,338785055719959,338785055721084,338785056445834,338785056606168,338785107730821,338785055714418,16800171,338785056836751,338785065786168,338785067005168,338785081239918,338785089047918,8623333,672042,338785089047918,338785082254084,-1,338785081239918,
0,117424396,338785072247317,338785072247317,0,338785072522959,338785072524168,338785073171501,338785073321751,338785124530992,338785072517376,16800171,338785073549334,338785082445668,338785083725834,338785099208793,338785107025709,8844166,748375,338785107025709,338785100348084,-1,338785099208793,
0,117424404,338785089047488,338785089047488,0,338785089376126,338785089377543,338785089985876,338785090137043,338785141331163,338785089369834,16800171,338785090415751,338785100577209,338785101981668,338785115425543,338785123259293,7436125,671125,338785123259293,338785116464251,-1,338785115425543,
0,117424412,338785105847659,338785105847659,0,338785106139876,338785106141168,338785106883751,338785107045043,338785158131334,338785106133584,16800171,338785107296334,338785116686251,338785117956459,338785132587209,338785140397001,8253250,570208,338785140397001,338785133564084,-1,338785132587209,
0,117424420,338785122647830,338785122647830,0,338785122962668,338785122964334,338785123761668,338785123929168,338785174931505,338785122955959,16800171,338785124273626,338785133762876,338785135067751,338785149847459,338785157669709,8317584,354000,338785157669709,338785150571126,-1,338785149847459,
0,117424428,338785139448001,338785139448001,0,338785139789584,338785139790876,338785140848543,338785141024501,338785191731676,338785139783001,16800171,338785141288709,338785150790918,338785152181876,338785167124668,338785174958501,7881292,349542,338785174958501,338785167849251,-1,338785167124668,
0,117424436,338785156248172,338785156248172,0,338785156602084,338785156604043,338785156900543,338785157095001,338785208531847,338785156595251,16800171,338785157300543,338785168140001,338785169588084,338785183808209,338785191398084,7200750,349208,338785191398084,338785184571334,-1,338785183808209,
---PROFILEDATA---


View hierarchy:

  com.auroratv.lab/com.auroratv.MainActivity/android.view.ViewRootImpl@b90007b
  334 views, 648.75 kB of render nodes


Total ViewRootImpl   : 1
Total attached Views : 334
Total RenderNode     : 648.75 kB (used) / 2457.44 kB (capacity)

