16683333
0	0	0
0	0	0
0	0	0
0	0	0
0	0	0
0	0	0
0	0	0
0	0	0
0	0	0
0	0	0
0	0	0
0	0	0
0	0	0
0	0	0
0	0	0
0	0	0
0	0	0
0	0	0
0	0	0
0	0	0
0	0	0
0	0	0
0	0	0
0	0	0
0	0	0
0	0	0
0	0	0
0	0	0
0	0	0
0	0	0
0	0	0
0	0	0
0	0	0
0	0	0
0	0	0
0	0	0
0	0	0
0	0	0
0	0	0
0	0	0
0	0	0
0	0	0
0	0	0
0	0	0
0	0	0
0	0	0
0	0	0
0	0	0
0	0	0
0	0	0
0	0	0
0	0	0
0	0	0
0	0	0
0	0	0
0	0	0
0	0	0
0	0	0
0	0	0
0	0	0
0	0	0
0	0	0
0	0	0
0	0	0
0	0	0
0	0	0
0	0	0
0	0	0
0	0	0
0	0	0
0	0	0
0	0	0
0	0	0
0	0	0
0	0	0
0	0	0
0	0	0
0	0	0
0	0	0
0	0	0
0	0	0
0	0	0
0	0	0
0	0	0
0	0	0
0	0	0
0	0	0
0	0	0
0	0	0
0	0	0
0	0	0
0	0	0
0	0	0
0	0	0
0	0	0
0	0	0
0	0	0
0	0	0
0	0	0
0	0	0
0	0	0
0	0	0
0	0	0
0	0	0
0	0	0
0	0	0
0	0	0
0	0	0
0	0	0
0	0	0
0	0	0
0	0	0
0	0	0
0	0	0
0	0	0
0	0	0
0	0	0
0	0	0
0	0	0
0	0	0
0	0	0
0	0	0
0	0	0
0	0	0
0	0	0
0	0	0
0	0	0

===
16683333
0	0	0
0	0	0
0	0	0
0	0	0
0	0	0
0	0	0
0	0	0
0	0	0
0	0	0
0	0	0
0	0	0
0	0	0
0	0	0
0	0	0
0	0	0
0	0	0
0	0	0
0	0	0
0	0	0
0	0	0
0	0	0
0	0	0
0	0	0
0	0	0
0	0	0
0	0	0
0	0	0
0	0	0
0	0	0
0	0	0
0	0	0
0	0	0
0	0	0
0	0	0
0	0	0
0	0	0
0	0	0
0	0	0
0	0	0
0	0	0
0	0	0
0	0	0
0	0	0
0	0	0
0	0	0
0	0	0
0	0	0
0	0	0
0	0	0
0	0	0
0	0	0
0	0	0
0	0	0
0	0	0
0	0	0
0	0	0
0	0	0
0	0	0
0	0	0
0	0	0
0	0	0
0	0	0
0	0	0
0	0	0
0	0	0
0	0	0
0	0	0
0	0	0
0	0	0
0	0	0
0	0	0
0	0	0
0	0	0
0	0	0
0	0	0
0	0	0
0	0	0
0	0	0
0	0	0
0	0	0
0	0	0
0	0	0
0	0	0
0	0	0
0	0	0
0	0	0
0	0	0
0	0	0
0	0	0
0	0	0
0	0	0
0	0	0
0	0	0
0	0	0
0	0	0
0	0	0
0	0	0
0	0	0
0	0	0
0	0	0
0	0	0
0	0	0
0	0	0
337654696447462	337654704259777	337654712746295
337654726103920	337654737626443	337654744375712
337654750041712	337654754309776	337654768311462
337654774354629	337654787676442	337654792689670
337654795103379	337654821043108	337654814845545
337654814570420	337654837726441	337654823126962
337654834598337	337654854409774	337654842164962
337654851682795	337654871093107	337654859249795
337654863783379	337654887776440	337654871458004
337654878577170	337654904459773	337654886091212
337654898786504	337654921143106	337654906445212
337654914083712	337654937826439	337654921662962
337654931228754	337654954509772	337654938823504
337654948791462	337654971193105	337654956390796
337654965838296	337654987876438	337654973419296
337654978829004	337655004559771	337654986394837
337654995208712	337655021243104	337655002778837
337655012453337	337655037926437	337655020044046
337655029986962	337655054609770	337655037312421
337655368443962	337655388276430	337655390463587
337655429141879	337655455009762	337655452782712
337655460191212	337655488376428	337655484152129
337655488388962	337655505059761	337655501930587
337655515976629	337655521743094	337655525317129

===
16683333
0	0	0
0	0	0
0	0	0
0	0	0
0	0	0
0	0	0
0	0	0
0	0	0
0	0	0
0	0	0
0	0	0
0	0	0
0	0	0
0	0	0
0	0	0
0	0	0
0	0	0
0	0	0
0	0	0
0	0	0
0	0	0
0	0	0
0	0	0
0	0	0
0	0	0
0	0	0
0	0	0
0	0	0
0	0	0
0	0	0
0	0	0
0	0	0
0	0	0
0	0	0
0	0	0
0	0	0
0	0	0
0	0	0
0	0	0
0	0	0
0	0	0
0	0	0
0	0	0
0	0	0
0	0	0
0	0	0
0	0	0
0	0	0
0	0	0
0	0	0
337654696447462	337654704259777	337654712746295
337654726103920	337654737626443	337654744375712
337654750041712	337654754309776	337654768311462
337654774354629	337654787676442	337654792689670
337654795103379	337654821043108	337654814845545
337654814570420	337654837726441	337654823126962
337654834598337	337654854409774	337654842164962
337654851682795	337654871093107	337654859249795
337654863783379	337654887776440	337654871458004
337654878577170	337654904459773	337654886091212
337654898786504	337654921143106	337654906445212
337654914083712	337654937826439	337654921662962
337654931228754	337654954509772	337654938823504
337654948791462	337654971193105	337654956390796
337654965838296	337654987876438	337654973419296
337654978829004	337655004559771	337654986394837
337654995208712	337655021243104	337655002778837
337655012453337	337655037926437	337655020044046
337655029986962	337655054609770	337655037312421
337655368443962	337655388276430	337655390463587
337655429141879	337655455009762	337655452782712
337655460191212	337655488376428	337655484152129
337655488388962	337655505059761	337655501930587
337655515976629	337655521743094	337655525317129
337655541374087	337655555109760	337655550979837
337655565868462	337655571793093	337655575853296
337655586859338	337655605159759	337655596379671
337655602503963	337655621843092	337655612105046
337655624346463	337655638526425	337655633821921
337655646328588	337655655209758	337655655972046
337655662727754	337655671893091	337655672394796
337655679992296	337655688576424	337655691157213
337655700364754	337655721943090	337655710625879
337655716651963	337655738626423	337655722121838
337655741987963	337655755309756	337655747439088
337655759796588	337655771993089	337655765239046
337655779806296	337655788676422	337655785379046
337655798018338	337655805359755	337655803492629
337655814846879	337655822043088	337655821377504
337655831514046	337655838726421	337655836984963
337655851285171	337655855409754	337655856802171
337655874505838	337655888776420	337655879973713
337655888491171	337655905459753	337655893999713
337655927843046	337655938826419	337655933926088
337655952698963	337655955509752	337655958944421
337655973394379	337655988876418	337655979494004
337655994108796	337656005559751	337655999990463
337656015938338	337656022243084	337656021878713
337656034635796	337656038926417	337656040136338
337656053979838	337656055609750	337656059428046
337656070929046	337656072293083	337656076174379
337656088946296	337656088976416	337656094078379
337656236072671	337656239126413	337656241240296
337656254544254	337656255809746	337656259552463
337656278888671	337656289176412	337656287360921
337656296858130	337656305859745	337656305298630
337656314554421	337656322543078	337656322927046
337656333451796	337656339226411	337656342072796
337656349257463	337656355909744	337656357773921
337656368402838	337656372593077	337656373486630
337656386228921	337656389276410	337656391183713
337656412429796	337656422643076	337656417729838
337656426216713	337656439326409	337656431604088
337656447110671	337656456009742	337656452583546
337656464748796	337656472693075	337656470124005
337656479906380	337656489376408	337656485459005
337656496120005	337656506059741	337656501294713
337656512175296	337656522743074	337656517461171
337656541726838	337656539426407	337656546890880
337656556320963	337656556109740	337656561332546
337656569584796	337656572793073	337656574628463
337656580562338	337656589476406	337656585528546
337656595402921	337656606159739	337656600242088
337656614620213	337656622843072	337656619304838
337656630306088	337656639526405	337656635003255
337656646177255	337656656209738	337656650974921
337656776420046	337656772993069	337656782871546

===
16683333
337654931228754	337654954509772	337654938823504
337654948791462	337654971193105	337654956390796
337654965838296	337654987876438	337654973419296
337654978829004	337655004559771	337654986394837
337654995208712	337655021243104	337655002778837
337655012453337	337655037926437	337655020044046
337655029986962	337655054609770	337655037312421
337655368443962	337655388276430	337655390463587
337655429141879	337655455009762	337655452782712
337655460191212	337655488376428	337655484152129
337655488388962	337655505059761	337655501930587
337655515976629	337655521743094	337655525317129
337655541374087	337655555109760	337655550979837
337655565868462	337655571793093	337655575853296
337655586859338	337655605159759	337655596379671
337655602503963	337655621843092	337655612105046
337655624346463	337655638526425	337655633821921
337655646328588	337655655209758	337655655972046
337655662727754	337655671893091	337655672394796
337655679992296	337655688576424	337655691157213
337655700364754	337655721943090	337655710625879
337655716651963	337655738626423	337655722121838
337655741987963	337655755309756	337655747439088
337655759796588	337655771993089	337655765239046
337655779806296	337655788676422	337655785379046
337655798018338	337655805359755	337655803492629
337655814846879	337655822043088	337655821377504
337655831514046	337655838726421	337655836984963
337655851285171	337655855409754	337655856802171
337655874505838	337655888776420	337655879973713
337655888491171	337655905459753	337655893999713
337655927843046	337655938826419	337655933926088
337655952698963	337655955509752	337655958944421
337655973394379	337655988876418	337655979494004
337655994108796	337656005559751	337655999990463
337656015938338	337656022243084	337656021878713
337656034635796	337656038926417	337656040136338
337656053979838	337656055609750	337656059428046
337656070929046	337656072293083	337656076174379
337656088946296	337656088976416	337656094078379
337656236072671	337656239126413	337656241240296
337656254544254	337656255809746	337656259552463
337656278888671	337656289176412	337656287360921
337656296858130	337656305859745	337656305298630
337656314554421	337656322543078	337656322927046
337656333451796	337656339226411	337656342072796
337656349257463	337656355909744	337656357773921
337656368402838	337656372593077	337656373486630
337656386228921	337656389276410	337656391183713
337656412429796	337656422643076	337656417729838
337656426216713	337656439326409	337656431604088
337656447110671	337656456009742	337656452583546
337656464748796	337656472693075	337656470124005
337656479906380	337656489376408	337656485459005
337656496120005	337656506059741	337656501294713
337656512175296	337656522743074	337656517461171
337656541726838	337656539426407	337656546890880
337656556320963	337656556109740	337656561332546
337656569584796	337656572793073	337656574628463
337656580562338	337656589476406	337656585528546
337656595402921	337656606159739	337656600242088
337656614620213	337656622843072	337656619304838
337656630306088	337656639526405	337656635003255
337656646177255	337656656209738	337656650974921
337656776420046	337656772993069	337656782871546
337656791298588	337656806359735	337656805811005
337656828361963	337656839726401	337656842519213
337656841713630	337656856409734	337656858189921
337656865003171	337656873093067	337656879333838
337656882120296	337656889776400	337656888366630
337656897490796	337656906459733	337656902379671
337656920752088	337656923143066	337656925958671
337656937286588	337656939826399	337656942668921
337656953611255	337656956509732	337656959090921
337656968887338	337656973193065	337656974409130
337656986319588	337656989876398	337656991697213
337657005853630	337657006559731	337657009414963
337657020753380	337657023243064	337657026017338
337657034834755	337657039926397	337657040067838
337657050708380	337657056609730	337657055865880
337657068476213	337657073293063	337657073507172
337657093358963	337657089976396	337657098331797
337657110918297	337657106659729	337657115865380
337657128607005	337657123343062	337657133647380
337657143443547	337657140026395	337657148378380
337657165165588	337657156709728	337657169976422
337657178397213	337657173393061	337657183225213
337657276845713	337657290176392	337657281671505
337657288684588	337657306859725	337657293573130
337657312126463	337657323543058	337657317006922
337657325531880	337657340226391	337657331853880
337657338563297	337657356909724	337657344675755
337657352939672	337657373593057	337657359037880
337657365942088	337657390276390	337657372064963
337657385179297	337657406959723	337657391211672
337657402930255	337657423643056	337657409039130
337657426665755	337657440326389	337657432293922
337657444332838	337657457009722	337657449745547
337657460949797	337657473693055	337657466472088
337657477577797	337657490376388	337657483065338
337657493241547	337657507059721	337657498563963
337657509020963	337657523743054	337657514380963
337657525473047	337657540426387	337657530691963
337657541650088	337657557109720	337657546889172
337657555571547	337657573793053	337657560632047
337657571698880	337657590476386	337657576793880
337657598457172	337657607159719	337657603488088
337657615275755	337657623843052	337657620254047
337657632064505	337657640526385	337657636887088
337657649612672	337657657209718	337657654426588
337657665824297	337657673893051	337657670714255
337657680399089	337657690576384	337657685279797
337657790624672	337657807359715	337657796773922
337657803475880	337657824043048	337657809700589
337657825963130	337657840726381	337657831656922
337657842511672	337657857409714	337657848684422
337657858982797	337657874093047	337657864266922
337657875122464	337657890776380	337657879906547
337657890513672	337657907459713	337657895297339
337657916563755	337657924143046	337657921941255
337657928635547	337657940826379	337657933994505
337657946938380	337657957509712	337657952251130
337657961654172	337657974193045	337657967121505
337657975202672	337657990876378	337657980569630
337657991718422	337658007559711	337657997277589
337658007286839	337658024243044	337658012575422
337658030626297	337658040926377	337658035962297

===
16683333
337656630306088	337656639526405	337656635003255
337656646177255	337656656209738	337656650974921
337656776420046	337656772993069	337656782871546
337656791298588	337656806359735	337656805811005
337656828361963	337656839726401	337656842519213
337656841713630	337656856409734	337656858189921
337656865003171	337656873093067	337656879333838
337656882120296	337656889776400	337656888366630
337656897490796	337656906459733	337656902379671
337656920752088	337656923143066	337656925958671
337656937286588	337656939826399	337656942668921
337656953611255	337656956509732	337656959090921
337656968887338	337656973193065	337656974409130
337656986319588	337656989876398	337656991697213
337657005853630	337657006559731	337657009414963
337657020753380	337657023243064	337657026017338
337657034834755	337657039926397	337657040067838
337657050708380	337657056609730	337657055865880
337657068476213	337657073293063	337657073507172
337657093358963	337657089976396	337657098331797
337657110918297	337657106659729	337657115865380
337657128607005	337657123343062	337657133647380
337657143443547	337657140026395	337657148378380
337657165165588	337657156709728	337657169976422
337657178397213	337657173393061	337657183225213
337657276845713	337657290176392	337657281671505
337657288684588	337657306859725	337657293573130
337657312126463	337657323543058	337657317006922
337657325531880	337657340226391	337657331853880
337657338563297	337657356909724	337657344675755
337657352939672	337657373593057	337657359037880
337657365942088	337657390276390	337657372064963
337657385179297	337657406959723	337657391211672
337657402930255	337657423643056	337657409039130
337657426665755	337657440326389	337657432293922
337657444332838	337657457009722	337657449745547
337657460949797	337657473693055	337657466472088
337657477577797	337657490376388	337657483065338
337657493241547	337657507059721	337657498563963
337657509020963	337657523743054	337657514380963
337657525473047	337657540426387	337657530691963
337657541650088	337657557109720	337657546889172
337657555571547	337657573793053	337657560632047
337657571698880	337657590476386	337657576793880
337657598457172	337657607159719	337657603488088
337657615275755	337657623843052	337657620254047
337657632064505	337657640526385	337657636887088
337657649612672	337657657209718	337657654426588
337657665824297	337657673893051	337657670714255
337657680399089	337657690576384	337657685279797
337657790624672	337657807359715	337657796773922
337657803475880	337657824043048	337657809700589
337657825963130	337657840726381	337657831656922
337657842511672	337657857409714	337657848684422
337657858982797	337657874093047	337657864266922
337657875122464	337657890776380	337657879906547
337657890513672	337657907459713	337657895297339
337657916563755	337657924143046	337657921941255
337657928635547	337657940826379	337657933994505
337657946938380	337657957509712	337657952251130
337657961654172	337657974193045	337657967121505
337657975202672	337657990876378	337657980569630
337657991718422	337658007559711	337657997277589
337658007286839	337658024243044	337658012575422
337658030626297	337658040926377	337658035962297
337658045948714	337658057609710	337658051085589
337658062610380	337658074293043	337658067652380
337658076088047	337658090976376	337658081235464
337658100775380	337658107659709	337658105733422
337658120619255	337658124343042	337658126357505
337658134360839	337658141026375	337658139193672
337658149696339	337658157709708	337658154510255
337658168667964	337658174393041	337658173439922
337658191279755	337658191076374	337658196082922
337658321185589	337658341226371	337658335562214
337658333980464	337658357909704	337658349498297
337658358786589	337658374593037	337658373626964
337658375679922	337658391276370	337658386209506
337658390234839	337658407959703	337658395048089
337658407706006	337658424643036	337658412477964
337658428815506	337658441326369	337658434265089
337658452542297	337658458009702	337658457763672
337658469061339	337658474693035	337658474476672
337658483893714	337658491376368	337658489345839
337658498167672	337658508059701	337658503694422
337658514782839	337658524743034	337658520075297
337658533051547	337658541426367	337658538131964
337658548540131	337658558109700	337658553777172
337658565348589	337658574793033	337658570624714
337658579747589	337658591476366	337658584728631
337658596070006	337658608159699	337658601068214
337658612617006	337658624843032	337658617577547
337658628377922	337658641526365	337658633366172
337658655894881	337658658209698	337658660839506
337658675361547	337658674893031	337658680265131
337658691044714	337658691576364	337658695926422
337658707954464	337658708259697	337658712821672
337658731317839	337658741626363	337658736275297
337658746527506	337658758309696	337658751319339
337658763393339	337658774993029	337658768756047
337658853466339	337658858409694	337658858213506
337658869075381	337658875093027	337658873935756
337658892281047	337658891776360	337658896905381
337658906893339	337658908459693	337658911655464
337658922732672	337658925143026	337658927500006
337658938762381	337658941826359	337658943790256
337658950039547	337658958509692	337658954993214
337658965611631	337658975193025	337658970884381
337658982672756	337658991876358	337658988268881
337658997736506	337659008559691	337659003206547
337659015842881	337659025243024	337659021331881
337659032649131	337659041926357	337659037997631
337659047461797	337659058609690	337659052710422
337659066799172	337659075293023	337659071934797
337659081084631	337659091976356	337659086349589
337659096543673	337659108659689	337659101501589
337659112756381	337659125343022	337659117834964
337659129582131	337659142026355	337659134538589
337659147921339	337659158709688	337659152828839
337659163880756	337659175393021	337659169017464
337659180111756	337659192076354	337659185198048
337659198669131	337659208759687	337659203621048
337659215720381	337659225443020	337659220598714
337659235654673	337659242126353	337659240537339
337659252165631	337659258809686	337659256947339
337659265185923	337659275493019	337659270023173
337659285755506	337659292176352	337659290553881

===
16683333
337658120619255	337658124343042	337658126357505
337658134360839	337658141026375	337658139193672
337658149696339	337658157709708	337658154510255
337658168667964	337658174393041	337658173439922
337658191279755	337658191076374	337658196082922
337658321185589	337658341226371	337658335562214
337658333980464	337658357909704	337658349498297
337658358786589	337658374593037	337658373626964
337658375679922	337658391276370	337658386209506
337658390234839	337658407959703	337658395048089
337658407706006	337658424643036	337658412477964
337658428815506	337658441326369	337658434265089
337658452542297	337658458009702	337658457763672
337658469061339	337658474693035	337658474476672
337658483893714	337658491376368	337658489345839
337658498167672	337658508059701	337658503694422
337658514782839	337658524743034	337658520075297
337658533051547	337658541426367	337658538131964
337658548540131	337658558109700	337658553777172
337658565348589	337658574793033	337658570624714
337658579747589	337658591476366	337658584728631
337658596070006	337658608159699	337658601068214
337658612617006	337658624843032	337658617577547
337658628377922	337658641526365	337658633366172
337658655894881	337658658209698	337658660839506
337658675361547	337658674893031	337658680265131
337658691044714	337658691576364	337658695926422
337658707954464	337658708259697	337658712821672
337658731317839	337658741626363	337658736275297
337658746527506	337658758309696	337658751319339
337658763393339	337658774993029	337658768756047
337658853466339	337658858409694	337658858213506
337658869075381	337658875093027	337658873935756
337658892281047	337658891776360	337658896905381
337658906893339	337658908459693	337658911655464
337658922732672	337658925143026	337658927500006
337658938762381	337658941826359	337658943790256
337658950039547	337658958509692	337658954993214
337658965611631	337658975193025	337658970884381
337658982672756	337658991876358	337658988268881
337658997736506	337659008559691	337659003206547
337659015842881	337659025243024	337659021331881
337659032649131	337659041926357	337659037997631
337659047461797	337659058609690	337659052710422
337659066799172	337659075293023	337659071934797
337659081084631	337659091976356	337659086349589
337659096543673	337659108659689	337659101501589
337659112756381	337659125343022	337659117834964
337659129582131	337659142026355	337659134538589
337659147921339	337659158709688	337659152828839
337659163880756	337659175393021	337659169017464
337659180111756	337659192076354	337659185198048
337659198669131	337659208759687	337659203621048
337659215720381	337659225443020	337659220598714
337659235654673	337659242126353	337659240537339
337659252165631	337659258809686	337659256947339
337659265185923	337659275493019	337659270023173
337659285755506	337659292176352	337659290553881
337659305621756	337659308859685	337659310553673
337659411405256	337659408959683	337659416175756
337659423318089	337659425643016	337659428219964
337659447695923	337659459009682	337659457803464
337659462828631	337659475693015	337659472873006
337659484238881	337659492376348	337659494417423
337659501732673	337659509059681	337659511862048
337659518841839	337659525743014	337659528969048
337659535296589	337659542426347	337659542703756
337659549861631	337659559109680	337659554591173
337659568124631	337659575793013	337659572800381
337659584737423	337659609159679	337659589512881
337659601236506	337659625843012	337659605992714
337659618431131	337659642526345	337659623207381
337659635005173	337659659209678	337659639735214
337659652833589	337659675893011	337659657547381
337659669765964	337659692576344	337659674491839
337659685201714	337659709259677	337659689939214
337659702090756	337659725943010	337659706811756
337659717138339	337659742626343	337659721868714
337659737258589	337659759309676	337659742078923
337659752485131	337659775993009	337659757340214
337659768609381	337659792676342	337659773371423
337659786006881	337659809359675	337659790757548
337659803604215	337659826043008	337659808343465
337659818868756	337659842726341	337659823658923
337659847782423	337659859409674	337659852685173
337659864654715	337659876093007	337659869771256
337659879854256	337659892776340	337659885045465
337659893599090	337659909459673	337659898936090
337659908607590	337659926143006	337659913802465
337659924903631	337659942826339	337659930163131
337659943791215	337659959509672	337659949118381
337659959969215	337659976193005	337659965392923
337659976136256	337659992876338	337659980930173
337659993357215	337660009559671	337659998225756
337660009263923	337660026243004	337660014115715
337660023804381	337660042926337	337660028618673
337660041064881	337660059609670	337660045791590
337660058452840	337660076293003	337660063186006
337660074914881	337660092976336	337660079644881
337660091569131	337660109659669	337660096332965
337660109917923	337660126343002	337660114587173
337660126435256	337660143026335	337660131150340
337660146648465	337660159709668	337660151339173
337660162847215	337660176393001	337660167644881
337660176225590	337660193076334	337660180964715
337660191899381	337660209759667	337660196647881
337660209802881	337660226443000	337660214811006
337660233144256	337660243126333	337660237888215
337660245440173	337660259809666	337660250302590
337660261277840	337660276492999	337660266130256
337660280589215	337660293176332	337660285405465
337660296474756	337660309859665	337660301244340
337660313294923	337660326542998	337660318037798
337660328527173	337660343226331	337660333360423
337660347984215	337660359909664	337660352944340
337660366666256	337660376592997	337660371787631
337660382209048	337660393276330	337660387354756
337660397844048	337660409959663	337660402977090
337660413340215	337660426642996	337660418568840
337660429968090	337660443326329	337660435215798
337660447670340	337660460009662	337660452992256
337660466697881	337660476692995	337660472143340
337660480892507	337660493376328	337660485922507
337660497772798	337660510059661	337660502655632
337660514617757	337660526742994	337660519560007
337660529113423	337660543426327	337660533930882
337660545156840	337660560109660	337660549675090

===
16683333
337659669765964	337659692576344	337659674491839
337659685201714	337659709259677	337659689939214
337659702090756	337659725943010	337659706811756
337659717138339	337659742626343	337659721868714
337659737258589	337659759309676	337659742078923
337659752485131	337659775993009	337659757340214
337659768609381	337659792676342	337659773371423
337659786006881	337659809359675	337659790757548
337659803604215	337659826043008	337659808343465
337659818868756	337659842726341	337659823658923
337659847782423	337659859409674	337659852685173
337659864654715	337659876093007	337659869771256
337659879854256	337659892776340	337659885045465
337659893599090	337659909459673	337659898936090
337659908607590	337659926143006	337659913802465
337659924903631	337659942826339	337659930163131
337659943791215	337659959509672	337659949118381
337659959969215	337659976193005	337659965392923
337659976136256	337659992876338	337659980930173
337659993357215	337660009559671	337659998225756
337660009263923	337660026243004	337660014115715
337660023804381	337660042926337	337660028618673
337660041064881	337660059609670	337660045791590
337660058452840	337660076293003	337660063186006
337660074914881	337660092976336	337660079644881
337660091569131	337660109659669	337660096332965
337660109917923	337660126343002	337660114587173
337660126435256	337660143026335	337660131150340
337660146648465	337660159709668	337660151339173
337660162847215	337660176393001	337660167644881
337660176225590	337660193076334	337660180964715
337660191899381	337660209759667	337660196647881
337660209802881	337660226443000	337660214811006
337660233144256	337660243126333	337660237888215
337660245440173	337660259809666	337660250302590
337660261277840	337660276492999	337660266130256
337660280589215	337660293176332	337660285405465
337660296474756	337660309859665	337660301244340
337660313294923	337660326542998	337660318037798
337660328527173	337660343226331	337660333360423
337660347984215	337660359909664	337660352944340
337660366666256	337660376592997	337660371787631
337660382209048	337660393276330	337660387354756
337660397844048	337660409959663	337660402977090
337660413340215	337660426642996	337660418568840
337660429968090	337660443326329	337660435215798
337660447670340	337660460009662	337660452992256
337660466697881	337660476692995	337660472143340
337660480892507	337660493376328	337660485922507
337660497772798	337660510059661	337660502655632
337660514617757	337660526742994	337660519560007
337660529113423	337660543426327	337660533930882
337660545156840	337660560109660	337660549675090
337660562396048	337660576792993	337660567281257
337660580541257	337660593476326	337660585250923
337660599519507	337660610159659	337660604280632
337660614000382	337660626842992	337660618696798
337660629297465	337660643526325	337660634006298
337660644940382	337660660209658	337660649642215
337660663762507	337660676892991	337660668467673
337660679469632	337660693576324	337660684186298
337660695769673	337660710259657	337660700542298
337660713376590	337660726942990	337660718144590
337660732413132	337660743626323	337660737258173
337660749875715	337660760309656	337660754660840
337660766126965	337660776992989	337660770941632
337660785257507	337660793676322	337660790007923
337660798491882	337660810359655	337660803276340
337660819354298	337660827042988	337660824268173
337660835346298	337660843726321	337660840454382
337660851677215	337660860409654	337660856859257
337660867032048	337660877092987	337660872283923
337660884776923	337660893776320	337660889984048
337660901086090	337660910459653	337660906433340
337660918600590	337660927142986	337660923781673
337660933186673	337660943826319	337660938617798
337660950795673	337660960509652	337660955734840
337660967561757	337660977192985	337660972473757
337660983899882	337660993876318	337660988701298
337660999373923	337661010559651	337661004405090
337661016070423	337661027242984	337661020825340
337661033065298	337661043926317	337661037858257
337661049773007	337661060609650	337661054431632
337661066224840	337661077292983	337661070981715
337661083159632	337661093976316	337661087910923
337661099782548	337661110659649	337661104477048
337661116351423	337661127342982	337661120849298
337661133305673	337661144026315	337661138070673
337661150203382	337661160709648	337661155009923
337661166862423	337661177392981	337661171580965
337661183652465	337661194076314	337661188495757
337661199392465	337661210759647	337661204474757
337661216098674	337661227442980	337661220851507
337661237644132	337661244126313	337661242407965
337661253892674	337661260809646	337661258647215
337661268759799	337661277492979	337661273637090
337661292476174	337661294176312	337661297333924
337661310227257	337661310859645	337661315334132
337661326377882	337661327542978	337661331560882
337661342296382	337661344226311	337661347533799
337661356668215	337661360909644	337661361872840
337661370694049	337661377592977	337661375963299
337661386399632	337661394276310	337661391775549
337661405828882	337661410959643	337661411221549
337661419261257	337661427642976	337661424228090
337661435647424	337661444326309	337661440512340
337661454958757	337661461009642	337661459810090
337661469917590	337661477692975	337661474705549
337661483855299	337661494376308	337661488512007
337661501080549	337661511059641	337661505808257
337661518135507	337661527742974	337661522765674
337661535742757	337661544426307	337661540438799
337661552337715	337661561109640	337661556972840
337661567840215	337661577792973	337661572446757
337661584778215	337661594476306	337661589504632
337661600580507	337661611159639	337661605309799
337661619657590	337661627842972	337661624405090
337661637690757	337661644526305	337661642638090
337661653802549	337661661209638	337661658477507
337661671086215	337661677892971	337661675915049
337661686329799	337661694576304	337661691088132
337661706321632	337661711259637	337661710935132
337661722681799	337661727942970	337661727500007
337661739802215	337661744626303	337661744567174
337661758017382	337661761309636	337661762974840
337661780403965	337661777992969	337661785511924
337661797086215	337661794676302	337661802295090

===
16683333
337660867032048	337660877092987	337660872283923
337660884776923	337660893776320	337660889984048
337660901086090	337660910459653	337660906433340
337660918600590	337660927142986	337660923781673
337660933186673	337660943826319	337660938617798
337660950795673	337660960509652	337660955734840
337660967561757	337660977192985	337660972473757
337660983899882	337660993876318	337660988701298
337660999373923	337661010559651	337661004405090
337661016070423	337661027242984	337661020825340
337661033065298	337661043926317	337661037858257
337661049773007	337661060609650	337661054431632
337661066224840	337661077292983	337661070981715
337661083159632	337661093976316	337661087910923
337661099782548	337661110659649	337661104477048
337661116351423	337661127342982	337661120849298
337661133305673	337661144026315	337661138070673
337661150203382	337661160709648	337661155009923
337661166862423	337661177392981	337661171580965
337661183652465	337661194076314	337661188495757
337661199392465	337661210759647	337661204474757
337661216098674	337661227442980	337661220851507
337661237644132	337661244126313	337661242407965
337661253892674	337661260809646	337661258647215
337661268759799	337661277492979	337661273637090
337661292476174	337661294176312	337661297333924
337661310227257	337661310859645	337661315334132
337661326377882	337661327542978	337661331560882
337661342296382	337661344226311	337661347533799
337661356668215	337661360909644	337661361872840
337661370694049	337661377592977	337661375963299
337661386399632	337661394276310	337661391775549
337661405828882	337661410959643	337661411221549
337661419261257	337661427642976	337661424228090
337661435647424	337661444326309	337661440512340
337661454958757	337661461009642	337661459810090
337661469917590	337661477692975	337661474705549
337661483855299	337661494376308	337661488512007
337661501080549	337661511059641	337661505808257
337661518135507	337661527742974	337661522765674
337661535742757	337661544426307	337661540438799
337661552337715	337661561109640	337661556972840
337661567840215	337661577792973	337661572446757
337661584778215	337661594476306	337661589504632
337661600580507	337661611159639	337661605309799
337661619657590	337661627842972	337661624405090
337661637690757	337661644526305	337661642638090
337661653802549	337661661209638	337661658477507
337661671086215	337661677892971	337661675915049
337661686329799	337661694576304	337661691088132
337661706321632	337661711259637	337661710935132
337661722681799	337661727942970	337661727500007
337661739802215	337661744626303	337661744567174
337661758017382	337661761309636	337661762974840
337661780403965	337661777992969	337661785511924
337661797086215	337661794676302	337661802295090
337661814062590	337661811359635	337661819291299
337661830079715	337661828042968	337661835330882
337661847168465	337661844726301	337661852392049
337661863470215	337661861409634	337661868782215
337661879291757	337661878092967	337661884678007
337661892510091	337661894776300	337661897448382
337661905667716	337661911459633	337661910744257
337661924276341	337661928142966	337661929031007
337661939521924	337661944826299	337661944326132
337661957044591	337661961509632	337661961809299
337661972353591	337661978192965	337661977084716
337661988277132	337662011559631	337661992993216
337662004568757	337662028242964	337662009327007
337662021288299	337662044926297	337662025985507
337662041179549	337662061609630	337662045954007
337662057128674	337662078292963	337662061851882
337662072163132	337662094976296	337662076846424
337662089044132	337662111659629	337662093784049
337662105550257	337662128342962	337662110291841
337662131163507	337662145026295	337662135923799
337662145935757	337662161709628	337662150765007
337662159209966	337662178392961	337662164073591
337662174615591	337662195076294	337662179389299
337662191262424	337662211759627	337662196116674
337662208041132	337662228442960	337662212771424
337662226494757	337662245126293	337662231437091
337662245089841	337662261809626	337662250198549
337662261673924	337662278492959	337662266783549
337662273938466	337662295176292	337662279235007
337662290503799	337662311859625	337662295708632
337662306633216	337662328542958	337662311939091
337662325466799	337662345226291	337662330858799
337662341657299	337662361909624	337662347085591
337662358176466	337662378592957	337662363125549
337662376426716	337662395276290	337662381662716
337662392148216	337662411959623	337662397016966
337662408729549	337662428642956	337662413525049
337662424857882	337662445326289	337662429667466
337662441529174	337662462009622	337662446223507
337662458639174	337662478692955	337662463368049
337662475128674	337662495376288	337662479895882
337662498575091	337662512059621	337662503393257
337662514274216	337662528742954	337662519118674
337662530337716	337662545426287	337662535260799
337662547219049	337662562109620	337662551958257
337662563931632	337662578792953	337662568771091
337662580311133	337662595476286	337662585206966
337662596792883	337662612159619	337662601597424
337662615787008	337662628842952	337662620695466
337662635497216	337662645526285	337662640407633
337662654531091	337662662209618	337662659449008
337662672340174	337662678892951	337662677262841
337662685449049	337662695576284	337662690340549
337662710894466	337662712259617	337662716106258
337662730568383	337662745626283	337662736037133
337662753810133	337662762309616	337662759936383
337662776581216	337662778992949	337662782392383
337662795953383	337662812359615	337662801800549
337662814807216	337662829042948	337662820892674
337662833553883	337662845726281	337662839754049
337662854057633	337662862409614	337662859602091
337662873988633	337662879092947	337662879625216
337662892374633	337662895776280	337662897993174
337662910243633	337662912459613	337662915808674
337662927582091	337662929142946	337662933108716
337662945102133	337662945826279	337662951056383
337662962988883	337662979192945	337662968491466
337662980403424	337662995876278	337662985907924
337663000303091	337663012559611	337663005755841
337663018030008	337663029242944	337663023530299
337663036316383	337663045926277	337663041839383

===
16683333
337661905667716	337661911459633	337661910744257
337661924276341	337661928142966	337661929031007
337661939521924	337661944826299	337661944326132
337661957044591	337661961509632	337661961809299
337661972353591	337661978192965	337661977084716
337661988277132	337662011559631	337661992993216
337662004568757	337662028242964	337662009327007
337662021288299	337662044926297	337662025985507
337662041179549	337662061609630	337662045954007
337662057128674	337662078292963	337662061851882
337662072163132	337662094976296	337662076846424
337662089044132	337662111659629	337662093784049
337662105550257	337662128342962	337662110291841
337662131163507	337662145026295	337662135923799
337662145935757	337662161709628	337662150765007
337662159209966	337662178392961	337662164073591
337662174615591	337662195076294	337662179389299
337662191262424	337662211759627	337662196116674
337662208041132	337662228442960	337662212771424
337662226494757	337662245126293	337662231437091
337662245089841	337662261809626	337662250198549
337662261673924	337662278492959	337662266783549
337662273938466	337662295176292	337662279235007
337662290503799	337662311859625	337662295708632
337662306633216	337662328542958	337662311939091
337662325466799	337662345226291	337662330858799
337662341657299	337662361909624	337662347085591
337662358176466	337662378592957	337662363125549
337662376426716	337662395276290	337662381662716
337662392148216	337662411959623	337662397016966
337662408729549	337662428642956	337662413525049
337662424857882	337662445326289	337662429667466
337662441529174	337662462009622	337662446223507
337662458639174	337662478692955	337662463368049
337662475128674	337662495376288	337662479895882
337662498575091	337662512059621	337662503393257
337662514274216	337662528742954	337662519118674
337662530337716	337662545426287	337662535260799
337662547219049	337662562109620	337662551958257
337662563931632	337662578792953	337662568771091
337662580311133	337662595476286	337662585206966
337662596792883	337662612159619	337662601597424
337662615787008	337662628842952	337662620695466
337662635497216	337662645526285	337662640407633
337662654531091	337662662209618	337662659449008
337662672340174	337662678892951	337662677262841
337662685449049	337662695576284	337662690340549
337662710894466	337662712259617	337662716106258
337662730568383	337662745626283	337662736037133
337662753810133	337662762309616	337662759936383
337662776581216	337662778992949	337662782392383
337662795953383	337662812359615	337662801800549
337662814807216	337662829042948	337662820892674
337662833553883	337662845726281	337662839754049
337662854057633	337662862409614	337662859602091
337662873988633	337662879092947	337662879625216
337662892374633	337662895776280	337662897993174
337662910243633	337662912459613	337662915808674
337662927582091	337662929142946	337662933108716
337662945102133	337662945826279	337662951056383
337662962988883	337662979192945	337662968491466
337662980403424	337662995876278	337662985907924
337663000303091	337663012559611	337663005755841
337663018030008	337663029242944	337663023530299
337663036316383	337663045926277	337663041839383
337663056629799	337663062609610	337663062929716
337663074473674	337663079292943	337663079977383
337663099050883	337663112659609	337663104567716
337663119054883	337663129342942	337663124571883
337663139251091	337663146026275	337663144710341
337663160684341	337663162709608	337663166148841
337663175302966	337663179392941	337663180808633
337663202584466	337663212759607	337663213849341
337663231209174	337663246126273	337663242363258
337663257321341	337663262809606	337663268376300
337663282643341	337663296176272	337663293336091
337663302487508	337663312859605	337663313015591
337663326737841	337663329542938	337663336125883
337663347971175	337663362909604	337663357081466
337663368450800	337663379592937	337663377684008
337663389315258	337663396276270	337663398482716
337663410162425	337663412959603	337663419284216
337663429809758	337663429642936	337663437319716
337663446671300	337663446326269	337663454075716
337663465628383	337663479692935	337663472976300
337663485449216	337663496376268	337663492729341
337663505512425	337663513059601	337663512891050
337663522026341	337663529742934	337663529392425
337663541737758	337663546426267	337663549180508
337663559460175	337663563109600	337663566914133
337663581093341	337663579792933	337663588469383
337663602173883	337663613159599	337663609621841
337663625454258	337663629842932	337663632899341
337663648850133	337663646526265	337663656173216
337663672291800	337663679892931	337663679575508
337663695944758	337663696576264	337663703365925
337663717786591	337663729942930	337663725170466
337663737864175	337663746626263	337663745315716
337663759074925	337663763309596	337663766523883
337663781686716	337663779992929	337663789141383
337663803287966	337663813359595	337663810764383
337663824080550	337663830042928	337663831569050
337663845683466	337663846726261	337663854228216
337663868881591	337663880092927	337663876225841
337663888241383	337663896776260	337663895486050
337663920074800	337663930142926	337663927460966
337663936721175	337663946826259	337663944115175
337663955715216	337663963509592	337663961211425
337663981980550	337663980192925	337663987983883
337664001600383	337663996876258	337664007592258
337664021194050	337664030242924	337664027234467
337664040591550	337664046926257	337664048074800
337664057693967	337664063609590	337664065165467
337664073990175	337664080292923	337664081468592
337664091959967	337664096976256	337664099259592
337664107875258	337664113659589	337664115338092
337664124141758	337664130342922	337664131517217
337664140745717	337664147026255	337664148207758
337664157157050	337664163709588	337664164637758
337664179437967	337664180392921	337664186721008
337664193446092	337664197076254	337664200900217
337664207853050	337664213759587	337664215344425
337664223930258	337664230442920	337664231396550
337664241390175	337664247126253	337664248854133
337664253210425	337664263809586	337664260670092
337664269777425	337664280492919	337664277230050
337664290011258	337664297176252	337664297132508

===
16683333
337661905667716	337661911459633	337661910744257
337661924276341	337661928142966	337661929031007
337661939521924	337661944826299	337661944326132
337661957044591	337661961509632	337661961809299
337661972353591	337661978192965	337661977084716
337661988277132	337662011559631	337661992993216
337662004568757	337662028242964	337662009327007
337662021288299	337662044926297	337662025985507
337662041179549	337662061609630	337662045954007
337662057128674	337662078292963	337662061851882
337662072163132	337662094976296	337662076846424
337662089044132	337662111659629	337662093784049
337662105550257	337662128342962	337662110291841
337662131163507	337662145026295	337662135923799
337662145935757	337662161709628	337662150765007
337662159209966	337662178392961	337662164073591
337662174615591	337662195076294	337662179389299
337662191262424	337662211759627	337662196116674
337662208041132	337662228442960	337662212771424
337662226494757	337662245126293	337662231437091
337662245089841	337662261809626	337662250198549
337662261673924	337662278492959	337662266783549
337662273938466	337662295176292	337662279235007
337662290503799	337662311859625	337662295708632
337662306633216	337662328542958	337662311939091
337662325466799	337662345226291	337662330858799
337662341657299	337662361909624	337662347085591
337662358176466	337662378592957	337662363125549
337662376426716	337662395276290	337662381662716
337662392148216	337662411959623	337662397016966
337662408729549	337662428642956	337662413525049
337662424857882	337662445326289	337662429667466
337662441529174	337662462009622	337662446223507
337662458639174	337662478692955	337662463368049
337662475128674	337662495376288	337662479895882
337662498575091	337662512059621	337662503393257
337662514274216	337662528742954	337662519118674
337662530337716	337662545426287	337662535260799
337662547219049	337662562109620	337662551958257
337662563931632	337662578792953	337662568771091
337662580311133	337662595476286	337662585206966
337662596792883	337662612159619	337662601597424
337662615787008	337662628842952	337662620695466
337662635497216	337662645526285	337662640407633
337662654531091	337662662209618	337662659449008
337662672340174	337662678892951	337662677262841
337662685449049	337662695576284	337662690340549
337662710894466	337662712259617	337662716106258
337662730568383	337662745626283	337662736037133
337662753810133	337662762309616	337662759936383
337662776581216	337662778992949	337662782392383
337662795953383	337662812359615	337662801800549
337662814807216	337662829042948	337662820892674
337662833553883	337662845726281	337662839754049
337662854057633	337662862409614	337662859602091
337662873988633	337662879092947	337662879625216
337662892374633	337662895776280	337662897993174
337662910243633	337662912459613	337662915808674
337662927582091	337662929142946	337662933108716
337662945102133	337662945826279	337662951056383
337662962988883	337662979192945	337662968491466
337662980403424	337662995876278	337662985907924
337663000303091	337663012559611	337663005755841
337663018030008	337663029242944	337663023530299
337663036316383	337663045926277	337663041839383
337663056629799	337663062609610	337663062929716
337663074473674	337663079292943	337663079977383
337663099050883	337663112659609	337663104567716
337663119054883	337663129342942	337663124571883
337663139251091	337663146026275	337663144710341
337663160684341	337663162709608	337663166148841
337663175302966	337663179392941	337663180808633
337663202584466	337663212759607	337663213849341
337663231209174	337663246126273	337663242363258
337663257321341	337663262809606	337663268376300
337663282643341	337663296176272	337663293336091
337663302487508	337663312859605	337663313015591
337663326737841	337663329542938	337663336125883
337663347971175	337663362909604	337663357081466
337663368450800	337663379592937	337663377684008
337663389315258	337663396276270	337663398482716
337663410162425	337663412959603	337663419284216
337663429809758	337663429642936	337663437319716
337663446671300	337663446326269	337663454075716
337663465628383	337663479692935	337663472976300
337663485449216	337663496376268	337663492729341
337663505512425	337663513059601	337663512891050
337663522026341	337663529742934	337663529392425
337663541737758	337663546426267	337663549180508
337663559460175	337663563109600	337663566914133
337663581093341	337663579792933	337663588469383
337663602173883	337663613159599	337663609621841
337663625454258	337663629842932	337663632899341
337663648850133	337663646526265	337663656173216
337663672291800	337663679892931	337663679575508
337663695944758	337663696576264	337663703365925
337663717786591	337663729942930	337663725170466
337663737864175	337663746626263	337663745315716
337663759074925	337663763309596	337663766523883
337663781686716	337663779992929	337663789141383
337663803287966	337663813359595	337663810764383
337663824080550	337663830042928	337663831569050
337663845683466	337663846726261	337663854228216
337663868881591	337663880092927	337663876225841
337663888241383	337663896776260	337663895486050
337663920074800	337663930142926	337663927460966
337663936721175	337663946826259	337663944115175
337663955715216	337663963509592	337663961211425
337663981980550	337663980192925	337663987983883
337664001600383	337663996876258	337664007592258
337664021194050	337664030242924	337664027234467
337664040591550	337664046926257	337664048074800
337664057693967	337664063609590	337664065165467
337664073990175	337664080292923	337664081468592
337664091959967	337664096976256	337664099259592
337664107875258	337664113659589	337664115338092
337664124141758	337664130342922	337664131517217
337664140745717	337664147026255	337664148207758
337664157157050	337664163709588	337664164637758
337664179437967	337664180392921	337664186721008
337664193446092	337664197076254	337664200900217
337664207853050	337664213759587	337664215344425
337664223930258	337664230442920	337664231396550
337664241390175	337664247126253	337664248854133
337664253210425	337664263809586	337664260670092
337664269777425	337664280492919	337664277230050
337664290011258	337664297176252	337664297132508

