16683333
0	0	0
0	0	0
0	0	0
0	0	0
0	0	0
0	0	0
0	0	0
0	0	0
0	0	0
0	0	0
0	0	0
0	0	0
0	0	0
0	0	0
0	0	0
0	0	0
0	0	0
0	0	0
0	0	0
0	0	0
0	0	0
0	0	0
0	0	0
0	0	0
0	0	0
0	0	0
0	0	0
0	0	0
0	0	0
0	0	0
0	0	0
0	0	0
0	0	0
0	0	0
0	0	0
0	0	0
0	0	0
0	0	0
0	0	0
0	0	0
0	0	0
0	0	0
0	0	0
0	0	0
0	0	0
0	0	0
0	0	0
0	0	0
0	0	0
0	0	0
0	0	0
0	0	0
0	0	0
0	0	0
0	0	0
0	0	0
0	0	0
0	0	0
0	0	0
0	0	0
0	0	0
0	0	0
0	0	0
0	0	0
0	0	0
0	0	0
0	0	0
0	0	0
0	0	0
0	0	0
0	0	0
0	0	0
0	0	0
0	0	0
0	0	0
0	0	0
0	0	0
0	0	0
0	0	0
0	0	0
0	0	0
0	0	0
0	0	0
0	0	0
0	0	0
0	0	0
0	0	0
0	0	0
0	0	0
0	0	0
0	0	0
0	0	0
0	0	0
0	0	0
0	0	0
0	0	0
0	0	0
0	0	0
0	0	0
0	0	0
0	0	0
0	0	0
0	0	0
0	0	0
0	0	0
0	0	0
0	0	0
0	0	0
0	0	0
0	0	0
0	0	0
0	0	0
0	0	0
0	0	0
0	0	0
0	0	0
0	0	0
0	0	0
0	0	0
0	0	0
0	0	0
0	0	0
0	0	0
0	0	0
0	0	0
0	0	0
0	0	0

===
16683333
0	0	0
0	0	0
0	0	0
0	0	0
0	0	0
0	0	0
0	0	0
0	0	0
0	0	0
0	0	0
0	0	0
0	0	0
0	0	0
0	0	0
0	0	0
0	0	0
0	0	0
0	0	0
0	0	0
0	0	0
0	0	0
0	0	0
0	0	0
0	0	0
0	0	0
0	0	0
0	0	0
0	0	0
0	0	0
0	0	0
0	0	0
0	0	0
0	0	0
0	0	0
0	0	0
0	0	0
0	0	0
0	0	0
0	0	0
0	0	0
0	0	0
0	0	0
0	0	0
0	0	0
0	0	0
0	0	0
0	0	0
0	0	0
0	0	0
0	0	0
0	0	0
0	0	0
0	0	0
0	0	0
0	0	0
0	0	0
0	0	0
0	0	0
0	0	0
0	0	0
0	0	0
0	0	0
0	0	0
0	0	0
0	0	0
0	0	0
0	0	0
0	0	0
0	0	0
0	0	0
0	0	0
0	0	0
0	0	0
0	0	0
0	0	0
0	0	0
0	0	0
0	0	0
0	0	0
0	0	0
0	0	0
0	0	0
0	0	0
0	0	0
0	0	0
0	0	0
0	0	0
0	0	0
0	0	0
0	0	0
0	0	0
0	0	0
0	0	0
0	0	0
0	0	0
0	0	0
0	0	0
0	0	0
0	0	0
0	0	0
0	0	0
0	0	0
338775856668747	338775877356558	338775872939747
338775889149372	338775910723224	338775907626538
338775913048538	338775927406557	338775931369538
338775936694080	338775960773223	338775955076538
338775958745538	338775977456556	338775975588247
338775989322247	338775994139889	338775996893038
338776000130413	338776010823222	338776007767372
338776012737747	338776027506555	338776020335122
338776032725872	338776044189888	338776040526080
338776044854580	338776060873221	338776052509038
338776065330080	338776077556554	338776072945330
338776081334872	338776094239887	338776088945538
338776098773038	338776110923220	338776106357372
338776112541997	338776127606553	338776120127455
338776129899330	338776144289886	338776137480205
338776143484663	338776160973219	338776151066330
338776160270205	338776177656552	338776167845580
338776177460955	338776194339885	338776184931330
338776194031747	338776211023218	338776201374497
338776787692122	338776811623206	338776809822830
338776810863789	338776828306539	338776839027164
338776842278455	338776844989872	338776856137372
338776859978206	338776861673205	338776869895247
338776874447706	338776878356538	338776884533997
338776890829997	338776895039871	338776900918831

===
16683333
0	0	0
0	0	0
0	0	0
0	0	0
0	0	0
0	0	0
0	0	0
0	0	0
0	0	0
0	0	0
0	0	0
0	0	0
0	0	0
0	0	0
0	0	0
0	0	0
0	0	0
0	0	0
0	0	0
0	0	0
0	0	0
0	0	0
0	0	0
0	0	0
0	0	0
0	0	0
0	0	0
0	0	0
0	0	0
0	0	0
0	0	0
0	0	0
0	0	0
0	0	0
0	0	0
338775856668747	338775877356558	338775872939747
338775889149372	338775910723224	338775907626538
338775913048538	338775927406557	338775931369538
338775936694080	338775960773223	338775955076538
338775958745538	338775977456556	338775975588247
338775989322247	338775994139889	338775996893038
338776000130413	338776010823222	338776007767372
338776012737747	338776027506555	338776020335122
338776032725872	338776044189888	338776040526080
338776044854580	338776060873221	338776052509038
338776065330080	338776077556554	338776072945330
338776081334872	338776094239887	338776088945538
338776098773038	338776110923220	338776106357372
338776112541997	338776127606553	338776120127455
338776129899330	338776144289886	338776137480205
338776143484663	338776160973219	338776151066330
338776160270205	338776177656552	338776167845580
338776177460955	338776194339885	338776184931330
338776194031747	338776211023218	338776201374497
338776787692122	338776811623206	338776809822830
338776810863789	338776828306539	338776839027164
338776842278455	338776844989872	338776856137372
338776859978206	338776861673205	338776869895247
338776874447706	338776878356538	338776884533997
338776890829997	338776895039871	338776900918831
338776908429956	338776911723204	338776918593456
338776929732997	338776928406537	338776939895539
338776943589706	338776945089870	338776953628497
338776957201956	338776961773203	338776967218706
338776973116581	338776978456536	338776983083956
338776991422747	338776995139869	338777001222372
338777014105122	338777011823202	338777021606997
338777025444372	338777028506535	338777032942831
338777041456497	338777045189868	338777048992164
338777055243872	338777061873201	338777062832039
338777074917539	338777095239867	338777082475206
338777088396664	338777111923200	338777095947247
338777108738914	338777128606533	338777116240456
338777121999372	338777145289866	338777129509456
338777138548456	338777161973199	338777146066914
338777155408372	338777178656532	338777162914872
338777172743039	338777195339865	338777180279164
338777189853997	338777212023198	338777197371164
338777206480914	338777228706531	338777213866664
338777223524164	338777245389864	338777231037039
338777239839664	338777262073197	338777247433122
338777257104581	338777278756530	338777264608081
338777273585414	338777295439863	338777281104414
338777290711914	338777312123196	338777298240622
338777305582081	338777328806529	338777313172122
338777322352414	338777345489862	338777329848789
338777337474997	338777362173195	338777344998747
338777354444622	338777378856528	338777361875247
338777371277414	338777395539861	338777378861706
338777388874039	338777412223194	338777396355622
338777405008664	338777428906527	338777412420997
338777421171997	338777445589860	338777428708872
338777438533664	338777462273193	338777445970414
338777455309206	338777478956526	338777462848622
338777476412789	338777495639859	338777485557247
338777493602247	338777512323192	338777502387331
338777508804664	338777529006525	338777516905456
338777529292331	338777545689858	338777537221664
338777546254956	338777562373191	338777553931456
338777563539539	338777579056524	338777571075956
338777578446664	338777595739857	338777585911581
338777594403623	338777612423190	338777601844539
338777610658164	338777629106523	338777618089248
338777627144623	338777645789856	338777634646664
338777643484873	338777662473189	338777650898373
338777661165748	338777679156522	338777668559123
338777676601039	338777695839855	338777683989998
338777693122414	338777712523188	338777700565206
338777709815581	338777729206521	338777717179414
338777727717456	338777745889854	338777735128956
338777743449539	338777762573187	338777750810081
338777760757039	338777779256520	338777768115123
338777778900623	338777795939853	338777786289456
338777800666164	338777812623186	338777808068289
338777815130123	338777829306519	338777822455248
338777830941914	338777845989852	338777838532039
338777850405081	338777862673185	338777857768289
338777866649206	338777879356518	338777874269831
338777882072206	338777896039851	338777889590456
338777896442873	338777912723184	338777903849331
338777911495748	338777929406517	338777919107206
338777931595331	338777946089850	338777938883039
338777945927706	338777962773183	338777953270081
338777963065539	338777979456516	338777970416039
338777979840498	338777996139849	338777987171039
338777995350873	338778012823182	338778002823831
338778009858498	338778029506515	338778017233456

===
16683333
338776874447706	338776878356538	338776884533997
338776890829997	338776895039871	338776900918831
338776908429956	338776911723204	338776918593456
338776929732997	338776928406537	338776939895539
338776943589706	338776945089870	338776953628497
338776957201956	338776961773203	338776967218706
338776973116581	338776978456536	338776983083956
338776991422747	338776995139869	338777001222372
338777014105122	338777011823202	338777021606997
338777025444372	338777028506535	338777032942831
338777041456497	338777045189868	338777048992164
338777055243872	338777061873201	338777062832039
338777074917539	338777095239867	338777082475206
338777088396664	338777111923200	338777095947247
338777108738914	338777128606533	338777116240456
338777121999372	338777145289866	338777129509456
338777138548456	338777161973199	338777146066914
338777155408372	338777178656532	338777162914872
338777172743039	338777195339865	338777180279164
338777189853997	338777212023198	338777197371164
338777206480914	338777228706531	338777213866664
338777223524164	338777245389864	338777231037039
338777239839664	338777262073197	338777247433122
338777257104581	338777278756530	338777264608081
338777273585414	338777295439863	338777281104414
338777290711914	338777312123196	338777298240622
338777305582081	338777328806529	338777313172122
338777322352414	338777345489862	338777329848789
338777337474997	338777362173195	338777344998747
338777354444622	338777378856528	338777361875247
338777371277414	338777395539861	338777378861706
338777388874039	338777412223194	338777396355622
338777405008664	338777428906527	338777412420997
338777421171997	338777445589860	338777428708872
338777438533664	338777462273193	338777445970414
338777455309206	338777478956526	338777462848622
338777476412789	338777495639859	338777485557247
338777493602247	338777512323192	338777502387331
338777508804664	338777529006525	338777516905456
338777529292331	338777545689858	338777537221664
338777546254956	338777562373191	338777553931456
338777563539539	338777579056524	338777571075956
338777578446664	338777595739857	338777585911581
338777594403623	338777612423190	338777601844539
338777610658164	338777629106523	338777618089248
338777627144623	338777645789856	338777634646664
338777643484873	338777662473189	338777650898373
338777661165748	338777679156522	338777668559123
338777676601039	338777695839855	338777683989998
338777693122414	338777712523188	338777700565206
338777709815581	338777729206521	338777717179414
338777727717456	338777745889854	338777735128956
338777743449539	338777762573187	338777750810081
338777760757039	338777779256520	338777768115123
338777778900623	338777795939853	338777786289456
338777800666164	338777812623186	338777808068289
338777815130123	338777829306519	338777822455248
338777830941914	338777845989852	338777838532039
338777850405081	338777862673185	338777857768289
338777866649206	338777879356518	338777874269831
338777882072206	338777896039851	338777889590456
338777896442873	338777912723184	338777903849331
338777911495748	338777929406517	338777919107206
338777931595331	338777946089850	338777938883039
338777945927706	338777962773183	338777953270081
338777963065539	338777979456516	338777970416039
338777979840498	338777996139849	338777987171039
338777995350873	338778012823182	338778002823831
338778009858498	338778029506515	338778017233456
338778389468831	338778413223174	338778411552123
338778399271415	338778446589840	338778438935915
338778429541081	338778463273173	338778466740915
338778466363290	338778479956506	338778483324248
338778482145581	338778496639839	338778493772831
338778499456040	338778513323172	338778509421206
338778516490998	338778530006505	338778526565706
338778533290331	338778546689838	338778543395831
338778549935540	338778563373171	338778559997456
338778566602123	338778580056504	338778576568706
338778583870206	338778596739837	338778593800915
338778601249873	338778613423170	338778611181998
338778616939831	338778630106503	338778626760623
338778631438206	338778646789836	338778638937790
338778647494040	338778663473169	338778654990331
338778664890248	338778680156502	338778672352248
338778682820581	338778696839835	338778690317915
338778697768915	338778713523168	338778705263665
338778714876790	338778730206501	338778722417373
338778732573206	338778746889834	338778740075165
338778748639206	338778763573167	338778756137498
338778765804790	338778780256500	338778773308081
338778783212498	338778796939833	338778790718040
338778800634415	338778813623166	338778808186040
338778817127165	338778830306499	338778824623165
338778833904665	338778846989832	338778841421165
338778852668373	338778863673165	338778860164206
338778867863081	338778880356498	338778875470123
338778885667623	338778897039831	338778893153873
338778901105206	338778913723164	338778908640873
338778918194248	338778930406497	338778925685206
338778934348040	338778947089830	338778941952415
338778951226165	338778963773163	338778958747123
338778968449332	338778980456496	338778975902082
338778984997957	338778997139829	338778992457248
338779003217790	338779013823162	338779010760290
338779017772748	338779030506495	338779025347790
338779034425998	338779047189828	338779041969498
338779051087957	338779063873161	338779058653873
338779067203873	338779080556494	338779074699915
338779090234415	338779097239827	338779097749957
338779100979915	338779113923160	338779108538040
338779118376582	338779130606493	338779127768123
338779134997998	338779147289826	338779143704540
338779152479498	338779163973159	338779160607623
338779170673998	338779180656492	338779178644498
338779187378998	338779197339825	338779194952373
338779208305123	338779214023158	338779215749040
338779225121457	338779230706491	338779232547873
338779236827790	338779247389824	338779244235998
338779252270415	338779264073157	338779259657415
338779269621248	338779280756490	338779277027165
338779290378165	338779297439823	338779297841207
338779307310332	338779314123156	338779314728623
338779319024707	338779330806489	338779326407415
338779335816707	338779347489822	338779343187748
338779352305332	338779364173155	338779359660373
338779374725582	338779380856488	338779382126248

===
16683333
338777594403623	338777612423190	338777601844539
338777610658164	338777629106523	338777618089248
338777627144623	338777645789856	338777634646664
338777643484873	338777662473189	338777650898373
338777661165748	338777679156522	338777668559123
338777676601039	338777695839855	338777683989998
338777693122414	338777712523188	338777700565206
338777709815581	338777729206521	338777717179414
338777727717456	338777745889854	338777735128956
338777743449539	338777762573187	338777750810081
338777760757039	338777779256520	338777768115123
338777778900623	338777795939853	338777786289456
338777800666164	338777812623186	338777808068289
338777815130123	338777829306519	338777822455248
338777830941914	338777845989852	338777838532039
338777850405081	338777862673185	338777857768289
338777866649206	338777879356518	338777874269831
338777882072206	338777896039851	338777889590456
338777896442873	338777912723184	338777903849331
338777911495748	338777929406517	338777919107206
338777931595331	338777946089850	338777938883039
338777945927706	338777962773183	338777953270081
338777963065539	338777979456516	338777970416039
338777979840498	338777996139849	338777987171039
338777995350873	338778012823182	338778002823831
338778009858498	338778029506515	338778017233456
338778389468831	338778413223174	338778411552123
338778399271415	338778446589840	338778438935915
338778429541081	338778463273173	338778466740915
338778466363290	338778479956506	338778483324248
338778482145581	338778496639839	338778493772831
338778499456040	338778513323172	338778509421206
338778516490998	338778530006505	338778526565706
338778533290331	338778546689838	338778543395831
338778549935540	338778563373171	338778559997456
338778566602123	338778580056504	338778576568706
338778583870206	338778596739837	338778593800915
338778601249873	338778613423170	338778611181998
338778616939831	338778630106503	338778626760623
338778631438206	338778646789836	338778638937790
338778647494040	338778663473169	338778654990331
338778664890248	338778680156502	338778672352248
338778682820581	338778696839835	338778690317915
338778697768915	338778713523168	338778705263665
338778714876790	338778730206501	338778722417373
338778732573206	338778746889834	338778740075165
338778748639206	338778763573167	338778756137498
338778765804790	338778780256500	338778773308081
338778783212498	338778796939833	338778790718040
338778800634415	338778813623166	338778808186040
338778817127165	338778830306499	338778824623165
338778833904665	338778846989832	338778841421165
338778852668373	338778863673165	338778860164206
338778867863081	338778880356498	338778875470123
338778885667623	338778897039831	338778893153873
338778901105206	338778913723164	338778908640873
338778918194248	338778930406497	338778925685206
338778934348040	338778947089830	338778941952415
338778951226165	338778963773163	338778958747123
338778968449332	338778980456496	338778975902082
338778984997957	338778997139829	338778992457248
338779003217790	338779013823162	338779010760290
338779017772748	338779030506495	338779025347790
338779034425998	338779047189828	338779041969498
338779051087957	338779063873161	338779058653873
338779067203873	338779080556494	338779074699915
338779090234415	338779097239827	338779097749957
338779100979915	338779113923160	338779108538040
338779118376582	338779130606493	338779127768123
338779134997998	338779147289826	338779143704540
338779152479498	338779163973159	338779160607623
338779170673998	338779180656492	338779178644498
338779187378998	338779197339825	338779194952373
338779208305123	338779214023158	338779215749040
338779225121457	338779230706491	338779232547873
338779236827790	338779247389824	338779244235998
338779252270415	338779264073157	338779259657415
338779269621248	338779280756490	338779277027165
338779290378165	338779297439823	338779297841207
338779307310332	338779314123156	338779314728623
338779319024707	338779330806489	338779326407415
338779335816707	338779347489822	338779343187748
338779352305332	338779364173155	338779359660373
338779374725582	338779380856488	338779382126248
338779391758415	338779397539821	338779399225248
338779403919832	338779414223154	338779411300998
338779420582207	338779430906487	338779427843832
338779436701665	338779447589820	338779444077207
338779457572957	338779464273153	338779464840582
338779474549582	338779497639819	338779481878665
338779487041290	338779514323152	338779494364415
338779505011623	338779531006485	338779512325832
338779522981498	338779547689818	338779530325748
338779542661290	338779564373151	338779549936332
338779560889998	338779581056484	338779568208207
338779571927373	338779597739817	338779579270582
338779589351957	338779614423150	338779596677332
338779606053248	338779631106483	338779613516498
338779627618790	338779647789816	338779635039165
338779639466707	338779664473149	338779646889498
338779655979749	338779681156482	338779663376499
338780177437374	338780198339805	338780199527082
338780187950540	338780231706471	338780227805540
338780211133082	338780248389804	338780237893040
338780245347874	338780265073137	338780255339207
338780265997624	338780281756470	338780276043582
338780284252040	338780298439803	338780294349874
338780297381749	338780315123136	338780307529499
338780313064749	338780331806469	338780323224499
338780331770790	338780348489802	338780341806374
338780349425082	338780365173135	338780359369416
338780364949457	338780381856468	338780374751791
338780381440124	338780398539801	338780388943332
338780394959124	338780415223134	338780402466249
338780415383332	338780431906467	338780422889374
338780432560999	338780448589800	338780440075791
338780445250332	338780465273133	338780452855624
338780462350041	338780481956466	338780469906207
338780480153916	338780498639799	338780487627041
338780495387499	338780515323132	338780502878874
338780516754749	338780532006465	338780524294999
338780530457166	338780548689798	338780537848582
338780546297957	338780565373131	338780553941207
338780564058624	338780582056464	338780571592249
338780581841291	338780598739797	338780589384749
338780602948041	338780615423130	338780610443499
338780614627499	338780632106463	338780622208916

===
16683333
338778765804790	338778780256500	338778773308081
338778783212498	338778796939833	338778790718040
338778800634415	338778813623166	338778808186040
338778817127165	338778830306499	338778824623165
338778833904665	338778846989832	338778841421165
338778852668373	338778863673165	338778860164206
338778867863081	338778880356498	338778875470123
338778885667623	338778897039831	338778893153873
338778901105206	338778913723164	338778908640873
338778918194248	338778930406497	338778925685206
338778934348040	338778947089830	338778941952415
338778951226165	338778963773163	338778958747123
338778968449332	338778980456496	338778975902082
338778984997957	338778997139829	338778992457248
338779003217790	338779013823162	338779010760290
338779017772748	338779030506495	338779025347790
338779034425998	338779047189828	338779041969498
338779051087957	338779063873161	338779058653873
338779067203873	338779080556494	338779074699915
338779090234415	338779097239827	338779097749957
338779100979915	338779113923160	338779108538040
338779118376582	338779130606493	338779127768123
338779134997998	338779147289826	338779143704540
338779152479498	338779163973159	338779160607623
338779170673998	338779180656492	338779178644498
338779187378998	338779197339825	338779194952373
338779208305123	338779214023158	338779215749040
338779225121457	338779230706491	338779232547873
338779236827790	338779247389824	338779244235998
338779252270415	338779264073157	338779259657415
338779269621248	338779280756490	338779277027165
338779290378165	338779297439823	338779297841207
338779307310332	338779314123156	338779314728623
338779319024707	338779330806489	338779326407415
338779335816707	338779347489822	338779343187748
338779352305332	338779364173155	338779359660373
338779374725582	338779380856488	338779382126248
338779391758415	338779397539821	338779399225248
338779403919832	338779414223154	338779411300998
338779420582207	338779430906487	338779427843832
338779436701665	338779447589820	338779444077207
338779457572957	338779464273153	338779464840582
338779474549582	338779497639819	338779481878665
338779487041290	338779514323152	338779494364415
338779505011623	338779531006485	338779512325832
338779522981498	338779547689818	338779530325748
338779542661290	338779564373151	338779549936332
338779560889998	338779581056484	338779568208207
338779571927373	338779597739817	338779579270582
338779589351957	338779614423150	338779596677332
338779606053248	338779631106483	338779613516498
338779627618790	338779647789816	338779635039165
338779639466707	338779664473149	338779646889498
338779655979749	338779681156482	338779663376499
338780177437374	338780198339805	338780199527082
338780187950540	338780231706471	338780227805540
338780211133082	338780248389804	338780237893040
338780245347874	338780265073137	338780255339207
338780265997624	338780281756470	338780276043582
338780284252040	338780298439803	338780294349874
338780297381749	338780315123136	338780307529499
338780313064749	338780331806469	338780323224499
338780331770790	338780348489802	338780341806374
338780349425082	338780365173135	338780359369416
338780364949457	338780381856468	338780374751791
338780381440124	338780398539801	338780388943332
338780394959124	338780415223134	338780402466249
338780415383332	338780431906467	338780422889374
338780432560999	338780448589800	338780440075791
338780445250332	338780465273133	338780452855624
338780462350041	338780481956466	338780469906207
338780480153916	338780498639799	338780487627041
338780495387499	338780515323132	338780502878874
338780516754749	338780532006465	338780524294999
338780530457166	338780548689798	338780537848582
338780546297957	338780565373131	338780553941207
338780564058624	338780582056464	338780571592249
338780581841291	338780598739797	338780589384749
338780602948041	338780615423130	338780610443499
338780614627499	338780632106463	338780622208916
338780633030041	338780648789796	338780640627624
338780648110582	338780665473129	338780655564082
338780666306332	338780682156462	338780674598499
338780685286624	338780698839795	338780692743416
338780698317332	338780715523128	338780705728749
338780715133707	338780732206461	338780722559749
338780731874332	338780748889794	338780739307957
338780749638207	338780765573127	338780757162832
338780766666874	338780782256460	338780774217624
338780781872457	338780798939793	338780789768582
338780798612749	338780815623126	338780806172207
338780815823207	338780832306459	338780823318832
338780831436166	338780848989792	338780838926749
338780849025666	338780865673125	338780856512124
338780865451332	338780882356458	338780872940166
338780882954124	338780899039791	338780892396999
338780899942707	338780915723124	338780908682916
338780919060416	338780932406457	338780927392749
338780938020416	338780949089790	338780945888124
338780951510666	338780965773123	338780959178582
338780967919749	338780982456456	338780976362957
338780984661582	338780999139789	338780993134207
338781001696541	338781015823122	338781009107916
338781020463124	338781032506455	338781027855541
338781032960124	338781049189788	338781040407707
338781050300333	338781065873121	338781057573916
338781066575833	338781082556454	338781074020874
338781083028291	338781099239787	338781090465249
338781102783041	338781115923120	338781110176249
338781116704624	338781132606453	338781124084499
338781133417541	338781149289786	338781140795166
338781151287916	338781165973119	338781158462999
338781168540041	338781182656452	338781175916166
338781188930666	338781199339785	338781196184999
338781201263291	338781216023118	338781208489833
338781219650833	338781232706451	338781228402374
338781235092874	338781249389784	338781242486791
338781252981541	338781266073117	338781260307333
338781275357041	338781282756450	338781282579208
338781287413958	338781299439783	338781294722583
338781302624708	338781316123116	338781309981333
338781320959791	338781332806449	338781328339208
338781336684749	338781349489782	338781344034624
338781358676833	338781366173115	338781366000083
338781372241249	338781382856448	338781379581374
338781388187374	338781399539781	338781395448958
338781405060333	338781416223114	338781412366416

===
16683333
338780495387499	338780515323132	338780502878874
338780516754749	338780532006465	338780524294999
338780530457166	338780548689798	338780537848582
338780546297957	338780565373131	338780553941207
338780564058624	338780582056464	338780571592249
338780581841291	338780598739797	338780589384749
338780602948041	338780615423130	338780610443499
338780614627499	338780632106463	338780622208916
338780633030041	338780648789796	338780640627624
338780648110582	338780665473129	338780655564082
338780666306332	338780682156462	338780674598499
338780685286624	338780698839795	338780692743416
338780698317332	338780715523128	338780705728749
338780715133707	338780732206461	338780722559749
338780731874332	338780748889794	338780739307957
338780749638207	338780765573127	338780757162832
338780766666874	338780782256460	338780774217624
338780781872457	338780798939793	338780789768582
338780798612749	338780815623126	338780806172207
338780815823207	338780832306459	338780823318832
338780831436166	338780848989792	338780838926749
338780849025666	338780865673125	338780856512124
338780865451332	338780882356458	338780872940166
338780882954124	338780899039791	338780892396999
338780899942707	338780915723124	338780908682916
338780919060416	338780932406457	338780927392749
338780938020416	338780949089790	338780945888124
338780951510666	338780965773123	338780959178582
338780967919749	338780982456456	338780976362957
338780984661582	338780999139789	338780993134207
338781001696541	338781015823122	338781009107916
338781020463124	338781032506455	338781027855541
338781032960124	338781049189788	338781040407707
338781050300333	338781065873121	338781057573916
338781066575833	338781082556454	338781074020874
338781083028291	338781099239787	338781090465249
338781102783041	338781115923120	338781110176249
338781116704624	338781132606453	338781124084499
338781133417541	338781149289786	338781140795166
338781151287916	338781165973119	338781158462999
338781168540041	338781182656452	338781175916166
338781188930666	338781199339785	338781196184999
338781201263291	338781216023118	338781208489833
338781219650833	338781232706451	338781228402374
338781235092874	338781249389784	338781242486791
338781252981541	338781266073117	338781260307333
338781275357041	338781282756450	338781282579208
338781287413958	338781299439783	338781294722583
338781302624708	338781316123116	338781309981333
338781320959791	338781332806449	338781328339208
338781336684749	338781349489782	338781344034624
338781358676833	338781366173115	338781366000083
338781372241249	338781382856448	338781379581374
338781388187374	338781399539781	338781395448958
338781405060333	338781416223114	338781412366416
338781883147625	338781916723104	338781905317958
338781894936750	338781933406437	338781932438666
338781924433916	338781966773103	338781960290583
338781941014875	338782000139769	338781985927750
338781977814625	338782016823102	338781996391708
338782008182208	338782033506435	338782018145375
338782024761000	338782050189768	338782034910416
338782043737000	338782066873101	338782053757083
338782061919041	338782083556434	338782071934125
338782077019458	338782100239767	338782086975041
338782092981791	338782116923100	338782102877125
338782111746708	338782133606433	338782119240916
338782126392416	338782150289766	338782133878125
338782143943375	338782166973099	338782151445291
338782159359833	338782183656432	338782166878083
338782177527583	338782200339765	338782185024541
338782199514416	338782217023098	338782207027541
338782211348666	338782233706431	338782218835333
338782228254041	338782250389764	338782235736500
338782244383500	338782267073097	338782251880750
338782261629916	338782283756430	338782269144500
338782283774333	338782300439763	338782291282375
338782294952750	338782317123096	338782302447333
338782310947208	338782333806429	338782318445750
338782329040625	338782350489762	338782336508000
338782345196041	338782367173095	338782352831916
338782367689708	338782383856428	338782375146083
338782378721083	338782400539761	338782385943375
338782395408541	338782417223094	338782402802083
338782411998500	338782433906427	338782419511250
338782428930875	338782450589760	338782436383500
338782445638083	338782467273093	338782453046875
338782464850625	338782483956426	338782472306042
338782479115542	338782500639759	338782486571625
338782498739583	338782517323092	338782506234250
338782513872125	338782534006425	338782521355667
338782529853792	338782550689758	338782537243375
338782546608625	338782567373091	338782554109542
338782562514542	338782584056424	338782570093917
338782580353125	338782600739757	338782587832958
338782595608333	338782617423090	338782603089542
338782613298875	338782634106423	338782622676083
338782629362833	338782650789756	338782638054917
338782646049708	338782667473089	338782654370333
338782665612708	338782684156422	338782673583792
338782682423875	338782700839755	338782690144375
338782698853750	338782717523088	338782706287083
338782716273167	338782734206421	338782723569833
338782731732417	338782750889754	338782739481500
338782746999583	338782767573087	338782754386167
338782763233625	338782784256420	338782770624625
338782780104625	338782800939753	338782787471042
338782796224583	338782817623086	338782803560500
338782812960042	338782834306419	338782820291208
338782829734250	338782850989752	338782837120375
338782846535458	338782867673085	338782853939875
338782863677000	338782884356418	338782871029708
338782883171750	338782901039751	338782890417500
338782897467625	338782917723084	338782904811292
338782915362542	338782934406417	338782922692667
338782932280083	338782951089750	338782939608208
338782949976958	338782967773083	338782957282625
338782965659167	338782984456416	338782972996208
338782983489042	338783001139749	338782990817500
338783001256667	338783017823082	338783008564375
338783016504333	338783034506415	338783023842750
338783035087792	338783051189748	338783042411917
338783051789083	338783067873081	338783059068625
338783068916125	338783084556414	338783076239375
338783084768917	338783101239747	338783092098625
338783102182125	338783117923080	338783109683042
338783118207083	338783134606413	338783125598167

===
16683333
338781168540041	338781182656452	338781175916166
338781188930666	338781199339785	338781196184999
338781201263291	338781216023118	338781208489833
338781219650833	338781232706451	338781228402374
338781235092874	338781249389784	338781242486791
338781252981541	338781266073117	338781260307333
338781275357041	338781282756450	338781282579208
338781287413958	338781299439783	338781294722583
338781302624708	338781316123116	338781309981333
338781320959791	338781332806449	338781328339208
338781336684749	338781349489782	338781344034624
338781358676833	338781366173115	338781366000083
338781372241249	338781382856448	338781379581374
338781388187374	338781399539781	338781395448958
338781405060333	338781416223114	338781412366416
338781883147625	338781916723104	338781905317958
338781894936750	338781933406437	338781932438666
338781924433916	338781966773103	338781960290583
338781941014875	338782000139769	338781985927750
338781977814625	338782016823102	338781996391708
338782008182208	338782033506435	338782018145375
338782024761000	338782050189768	338782034910416
338782043737000	338782066873101	338782053757083
338782061919041	338782083556434	338782071934125
338782077019458	338782100239767	338782086975041
338782092981791	338782116923100	338782102877125
338782111746708	338782133606433	338782119240916
338782126392416	338782150289766	338782133878125
338782143943375	338782166973099	338782151445291
338782159359833	338782183656432	338782166878083
338782177527583	338782200339765	338782185024541
338782199514416	338782217023098	338782207027541
338782211348666	338782233706431	338782218835333
338782228254041	338782250389764	338782235736500
338782244383500	338782267073097	338782251880750
338782261629916	338782283756430	338782269144500
338782283774333	338782300439763	338782291282375
338782294952750	338782317123096	338782302447333
338782310947208	338782333806429	338782318445750
338782329040625	338782350489762	338782336508000
338782345196041	338782367173095	338782352831916
338782367689708	338782383856428	338782375146083
338782378721083	338782400539761	338782385943375
338782395408541	338782417223094	338782402802083
338782411998500	338782433906427	338782419511250
338782428930875	338782450589760	338782436383500
338782445638083	338782467273093	338782453046875
338782464850625	338782483956426	338782472306042
338782479115542	338782500639759	338782486571625
338782498739583	338782517323092	338782506234250
338782513872125	338782534006425	338782521355667
338782529853792	338782550689758	338782537243375
338782546608625	338782567373091	338782554109542
338782562514542	338782584056424	338782570093917
338782580353125	338782600739757	338782587832958
338782595608333	338782617423090	338782603089542
338782613298875	338782634106423	338782622676083
338782629362833	338782650789756	338782638054917
338782646049708	338782667473089	338782654370333
338782665612708	338782684156422	338782673583792
338782682423875	338782700839755	338782690144375
338782698853750	338782717523088	338782706287083
338782716273167	338782734206421	338782723569833
338782731732417	338782750889754	338782739481500
338782746999583	338782767573087	338782754386167
338782763233625	338782784256420	338782770624625
338782780104625	338782800939753	338782787471042
338782796224583	338782817623086	338782803560500
338782812960042	338782834306419	338782820291208
338782829734250	338782850989752	338782837120375
338782846535458	338782867673085	338782853939875
338782863677000	338782884356418	338782871029708
338782883171750	338782901039751	338782890417500
338782897467625	338782917723084	338782904811292
338782915362542	338782934406417	338782922692667
338782932280083	338782951089750	338782939608208
338782949976958	338782967773083	338782957282625
338782965659167	338782984456416	338782972996208
338782983489042	338783001139749	338782990817500
338783001256667	338783017823082	338783008564375
338783016504333	338783034506415	338783023842750
338783035087792	338783051189748	338783042411917
338783051789083	338783067873081	338783059068625
338783068916125	338783084556414	338783076239375
338783084768917	338783101239747	338783092098625
338783102182125	338783117923080	338783109683042
338783118207083	338783134606413	338783125598167
338783133878292	338783151289746	338783141213125
338783667648042	338783685156402	338783689773709
338783676830292	338783718523068	338783717604875
338783711703042	338783751889734	338783747723750
338783741596542	338783768573067	338783779132875
338783775014959	338783801939733	338783810232334
338783791632334	338783818623066	338783824700084
338783825290750	338783835306399	338783835621042
338783840856209	338783851989732	338783850834001
338783860974959	338783868673065	338783870795126
338783877296251	338783885356398	338783887072042
338783893314667	338783902039731	338783900904501
338783907745584	338783918723064	338783915224251
338783923361917	338783935406397	338783930862292
338783943736251	338783952089730	338783951253209
338783959888126	338783968773063	338783967395334
338783976950126	338783985456396	338783984386001
338783991411792	338784002139729	338783998899917
338784008757167	338784018823062	338784016305292
338784028888376	338784035506395	338784036386626
338784043153376	338784052189728	338784050630417
338784059468542	338784068873061	338784066890584
338784076148709	338784085556394	338784083635501
338784091961459	338784102239727	338784099447251
338784112321126	338784118923060	338784119831959
338784129144292	338784135606393	338784136681751
338784144408292	338784152289726	338784151953876
338784159983584	338784168973059	338784167593001
338784176348876	338784185656392	338784183933167
338784193506376	338784202339725	338784201042001
338784210614709	338784219023058	338784218142792
338784225550917	338784235706391	338784233039001
338784243897501	338784269073057	338784251354792
338784259723167	338784285756390	338784267183417
338784278332042	338784302439723	338784285861834
338784296120876	338784319123056	338784303510709
338784311818459	338784335806389	338784319277334
338784330082042	338784352489722	338784337634376
338784344592542	338784369173055	338784352172042
338784359705709	338784385856388	338784367226084

===
16683333
338782498739583	338782517323092	338782506234250
338782513872125	338782534006425	338782521355667
338782529853792	338782550689758	338782537243375
338782546608625	338782567373091	338782554109542
338782562514542	338782584056424	338782570093917
338782580353125	338782600739757	338782587832958
338782595608333	338782617423090	338782603089542
338782613298875	338782634106423	338782622676083
338782629362833	338782650789756	338782638054917
338782646049708	338782667473089	338782654370333
338782665612708	338782684156422	338782673583792
338782682423875	338782700839755	338782690144375
338782698853750	338782717523088	338782706287083
338782716273167	338782734206421	338782723569833
338782731732417	338782750889754	338782739481500
338782746999583	338782767573087	338782754386167
338782763233625	338782784256420	338782770624625
338782780104625	338782800939753	338782787471042
338782796224583	338782817623086	338782803560500
338782812960042	338782834306419	338782820291208
338782829734250	338782850989752	338782837120375
338782846535458	338782867673085	338782853939875
338782863677000	338782884356418	338782871029708
338782883171750	338782901039751	338782890417500
338782897467625	338782917723084	338782904811292
338782915362542	338782934406417	338782922692667
338782932280083	338782951089750	338782939608208
338782949976958	338782967773083	338782957282625
338782965659167	338782984456416	338782972996208
338782983489042	338783001139749	338782990817500
338783001256667	338783017823082	338783008564375
338783016504333	338783034506415	338783023842750
338783035087792	338783051189748	338783042411917
338783051789083	338783067873081	338783059068625
338783068916125	338783084556414	338783076239375
338783084768917	338783101239747	338783092098625
338783102182125	338783117923080	338783109683042
338783118207083	338783134606413	338783125598167
338783133878292	338783151289746	338783141213125
338783667648042	338783685156402	338783689773709
338783676830292	338783718523068	338783717604875
338783711703042	338783751889734	338783747723750
338783741596542	338783768573067	338783779132875
338783775014959	338783801939733	338783810232334
338783791632334	338783818623066	338783824700084
338783825290750	338783835306399	338783835621042
338783840856209	338783851989732	338783850834001
338783860974959	338783868673065	338783870795126
338783877296251	338783885356398	338783887072042
338783893314667	338783902039731	338783900904501
338783907745584	338783918723064	338783915224251
338783923361917	338783935406397	338783930862292
338783943736251	338783952089730	338783951253209
338783959888126	338783968773063	338783967395334
338783976950126	338783985456396	338783984386001
338783991411792	338784002139729	338783998899917
338784008757167	338784018823062	338784016305292
338784028888376	338784035506395	338784036386626
338784043153376	338784052189728	338784050630417
338784059468542	338784068873061	338784066890584
338784076148709	338784085556394	338784083635501
338784091961459	338784102239727	338784099447251
338784112321126	338784118923060	338784119831959
338784129144292	338784135606393	338784136681751
338784144408292	338784152289726	338784151953876
338784159983584	338784168973059	338784167593001
338784176348876	338784185656392	338784183933167
338784193506376	338784202339725	338784201042001
338784210614709	338784219023058	338784218142792
338784225550917	338784235706391	338784233039001
338784243897501	338784269073057	338784251354792
338784259723167	338784285756390	338784267183417
338784278332042	338784302439723	338784285861834
338784296120876	338784319123056	338784303510709
338784311818459	338784335806389	338784319277334
338784330082042	338784352489722	338784337634376
338784344592542	338784369173055	338784352172042
338784359705709	338784385856388	338784367226084
338784377602834	338784402539721	338784385052917
338784395050792	338784419223054	338784401388709
338784410909042	338784435906387	338784421146292
338784428646834	338784452589720	338784436240626
338784444193167	338784469273053	338784451534292
338784462208376	338784485956386	338784471575417
338784478698459	338784502639719	338784487327834
338784493859959	338784519323052	338784501942459
338784513398626	338784536006385	338784521334709
338784529205001	338784552689718	338784536861001
338784548043084	338784569373051	338784555444168
338784564242543	338784586056384	338784571578126
338784579759543	338784602739717	338784587232751
338784595614918	338784619423050	338784603014918
338784612226084	338784636106383	338784619610168
338784628423043	338784652789716	338784635809209
338784645545001	338784669473049	338784652979918
338784661311793	338784686156382	338784668705584
338784678069668	338784702839715	338784685430751
338784694739209	338784719523048	338784702089418
338784714285959	338784736206381	338784722761918
338784728587709	338784752889714	338784735953376
338784746115251	338784769573047	338784753468084
338784762233126	338784786256380	338784769634959
338784778873626	338784802939713	338784786209043
338784795695376	338784819623046	338784803070501
338784812548501	338784836306379	338784819957084
338784829643584	338784852989712	338784837032918
338784846196626	338784869673045	338784853520834
338784863428418	338784886356378	338784870801043
338784879654584	338784903039711	338784885042668
338784904700709	338784919723044	338784910424126
338784920462168	338784936406377	338784926435501
338784941617584	338784953089710	338784948896584
338784953936126	338784969773043	338784961379043
338784968287959	338784986456376	338784975802126
338784986581709	338785003139709	338784993989793
338784997178168	338785019823042	338785004655918
338785019203584	338785036506375	338785026656584
338785031712043	338785053189708	338785038859126
338785048956834	338785069873041	338785056401209
338785064912459	338785086556374	338785072438501
338785081585376	338785103239707	338785089047918
338785099626126	338785119923040	338785107025709
338785115802626	338785136606373	338785123259293
338785133008334	338785153289706	338785140397001
338785150228876	338785169973039	338785157669709
338785167510084	338785186656372	338785174958501
338785184233834	338785203339705	338785191398084

===
16683333
338782498739583	338782517323092	338782506234250
338782513872125	338782534006425	338782521355667
338782529853792	338782550689758	338782537243375
338782546608625	338782567373091	338782554109542
338782562514542	338782584056424	338782570093917
338782580353125	338782600739757	338782587832958
338782595608333	338782617423090	338782603089542
338782613298875	338782634106423	338782622676083
338782629362833	338782650789756	338782638054917
338782646049708	338782667473089	338782654370333
338782665612708	338782684156422	338782673583792
338782682423875	338782700839755	338782690144375
338782698853750	338782717523088	338782706287083
338782716273167	338782734206421	338782723569833
338782731732417	338782750889754	338782739481500
338782746999583	338782767573087	338782754386167
338782763233625	338782784256420	338782770624625
338782780104625	338782800939753	338782787471042
338782796224583	338782817623086	338782803560500
338782812960042	338782834306419	338782820291208
338782829734250	338782850989752	338782837120375
338782846535458	338782867673085	338782853939875
338782863677000	338782884356418	338782871029708
338782883171750	338782901039751	338782890417500
338782897467625	338782917723084	338782904811292
338782915362542	338782934406417	338782922692667
338782932280083	338782951089750	338782939608208
338782949976958	338782967773083	338782957282625
338782965659167	338782984456416	338782972996208
338782983489042	338783001139749	338782990817500
338783001256667	338783017823082	338783008564375
338783016504333	338783034506415	338783023842750
338783035087792	338783051189748	338783042411917
338783051789083	338783067873081	338783059068625
338783068916125	338783084556414	338783076239375
338783084768917	338783101239747	338783092098625
338783102182125	338783117923080	338783109683042
338783118207083	338783134606413	338783125598167
338783133878292	338783151289746	338783141213125
338783667648042	338783685156402	338783689773709
338783676830292	338783718523068	338783717604875
338783711703042	338783751889734	338783747723750
338783741596542	338783768573067	338783779132875
338783775014959	338783801939733	338783810232334
338783791632334	338783818623066	338783824700084
338783825290750	338783835306399	338783835621042
338783840856209	338783851989732	338783850834001
338783860974959	338783868673065	338783870795126
338783877296251	338783885356398	338783887072042
338783893314667	338783902039731	338783900904501
338783907745584	338783918723064	338783915224251
338783923361917	338783935406397	338783930862292
338783943736251	338783952089730	338783951253209
338783959888126	338783968773063	338783967395334
338783976950126	338783985456396	338783984386001
338783991411792	338784002139729	338783998899917
338784008757167	338784018823062	338784016305292
338784028888376	338784035506395	338784036386626
338784043153376	338784052189728	338784050630417
338784059468542	338784068873061	338784066890584
338784076148709	338784085556394	338784083635501
338784091961459	338784102239727	338784099447251
338784112321126	338784118923060	338784119831959
338784129144292	338784135606393	338784136681751
338784144408292	338784152289726	338784151953876
338784159983584	338784168973059	338784167593001
338784176348876	338784185656392	338784183933167
338784193506376	338784202339725	338784201042001
338784210614709	338784219023058	338784218142792
338784225550917	338784235706391	338784233039001
338784243897501	338784269073057	338784251354792
338784259723167	338784285756390	338784267183417
338784278332042	338784302439723	338784285861834
338784296120876	338784319123056	338784303510709
338784311818459	338784335806389	338784319277334
338784330082042	338784352489722	338784337634376
338784344592542	338784369173055	338784352172042
338784359705709	338784385856388	338784367226084
338784377602834	338784402539721	338784385052917
338784395050792	338784419223054	338784401388709
338784410909042	338784435906387	338784421146292
338784428646834	338784452589720	338784436240626
338784444193167	338784469273053	338784451534292
338784462208376	338784485956386	338784471575417
338784478698459	338784502639719	338784487327834
338784493859959	338784519323052	338784501942459
338784513398626	338784536006385	338784521334709
338784529205001	338784552689718	338784536861001
338784548043084	338784569373051	338784555444168
338784564242543	338784586056384	338784571578126
338784579759543	338784602739717	338784587232751
338784595614918	338784619423050	338784603014918
338784612226084	338784636106383	338784619610168
338784628423043	338784652789716	338784635809209
338784645545001	338784669473049	338784652979918
338784661311793	338784686156382	338784668705584
338784678069668	338784702839715	338784685430751
338784694739209	338784719523048	338784702089418
338784714285959	338784736206381	338784722761918
338784728587709	338784752889714	338784735953376
338784746115251	338784769573047	338784753468084
338784762233126	338784786256380	338784769634959
338784778873626	338784802939713	338784786209043
338784795695376	338784819623046	338784803070501
338784812548501	338784836306379	338784819957084
338784829643584	338784852989712	338784837032918
338784846196626	338784869673045	338784853520834
338784863428418	338784886356378	338784870801043
338784879654584	338784903039711	338784885042668
338784904700709	338784919723044	338784910424126
338784920462168	338784936406377	338784926435501
338784941617584	338784953089710	338784948896584
338784953936126	338784969773043	338784961379043
338784968287959	338784986456376	338784975802126
338784986581709	338785003139709	338784993989793
338784997178168	338785019823042	338785004655918
338785019203584	338785036506375	338785026656584
338785031712043	338785053189708	338785038859126
338785048956834	338785069873041	338785056401209
338785064912459	338785086556374	338785072438501
338785081585376	338785103239707	338785089047918
338785099626126	338785119923040	338785107025709
338785115802626	338785136606373	338785123259293
338785133008334	338785153289706	338785140397001
338785150228876	338785169973039	338785157669709
338785167510084	338785186656372	338785174958501
338785184233834	338785203339705	338785191398084

