16683333
0	0	0
0	0	0
0	0	0
0	0	0
0	0	0
0	0	0
0	0	0
0	0	0
0	0	0
0	0	0
0	0	0
0	0	0
0	0	0
0	0	0
0	0	0
0	0	0
0	0	0
0	0	0
0	0	0
0	0	0
0	0	0
0	0	0
0	0	0
0	0	0
0	0	0
0	0	0
0	0	0
0	0	0
0	0	0
0	0	0
0	0	0
0	0	0
0	0	0
0	0	0
0	0	0
0	0	0
0	0	0
0	0	0
0	0	0
0	0	0
0	0	0
0	0	0
0	0	0
0	0	0
0	0	0
0	0	0
0	0	0
0	0	0
0	0	0
0	0	0
0	0	0
0	0	0
0	0	0
0	0	0
0	0	0
0	0	0
0	0	0
0	0	0
0	0	0
0	0	0
0	0	0
0	0	0
0	0	0
0	0	0
0	0	0
0	0	0
0	0	0
0	0	0
0	0	0
0	0	0
0	0	0
0	0	0
0	0	0
0	0	0
0	0	0
0	0	0
0	0	0
0	0	0
0	0	0
0	0	0
0	0	0
0	0	0
0	0	0
0	0	0
0	0	0
0	0	0
0	0	0
0	0	0
0	0	0
0	0	0
0	0	0
0	0	0
0	0	0
0	0	0
0	0	0
0	0	0
0	0	0
0	0	0
0	0	0
0	0	0
0	0	0
0	0	0
0	0	0
0	0	0
0	0	0
0	0	0
0	0	0
0	0	0
0	0	0
0	0	0
0	0	0
337134950688964	337134972216367	337134968939756
337134973379548	337134988899700	337134991521839
337134996707339	337135005583033	337135005310048
337135012682048	337135022266366	337135018838506
337135032277048	337135038949699	337135039877006
337135048647131	337135055633032	337135056202964
337135062526089	337135072316365	337135069983506
337135074085839	337135088999698	337135081605381
337135091814714	337135105683031	337135099387381
337135104067048	337135122366364	337135111576089
337135124372923	337135139049697	337135131967131
337135140935714	337135155733030	337135148474548
337135157803923	337135172416363	337135165409381
337135175032673	337135189099696	337135182580589
337135191580214	337135205783029	337135199150214
337135205293923	337135222466362	337135212919298

===
16683333
0	0	0
0	0	0
0	0	0
0	0	0
0	0	0
0	0	0
0	0	0
0	0	0
0	0	0
0	0	0
0	0	0
0	0	0
0	0	0
0	0	0
0	0	0
0	0	0
0	0	0
0	0	0
0	0	0
0	0	0
0	0	0
0	0	0
0	0	0
0	0	0
0	0	0
0	0	0
0	0	0
0	0	0
0	0	0
0	0	0
0	0	0
0	0	0
0	0	0
0	0	0
0	0	0
0	0	0
0	0	0
0	0	0
0	0	0
0	0	0
0	0	0
0	0	0
0	0	0
0	0	0
0	0	0
0	0	0
0	0	0
0	0	0
0	0	0
0	0	0
0	0	0
0	0	0
0	0	0
0	0	0
0	0	0
0	0	0
0	0	0
0	0	0
0	0	0
0	0	0
0	0	0
0	0	0
0	0	0
0	0	0
0	0	0
0	0	0
0	0	0
0	0	0
0	0	0
0	0	0
0	0	0
0	0	0
0	0	0
0	0	0
0	0	0
0	0	0
0	0	0
0	0	0
0	0	0
0	0	0
0	0	0
0	0	0
0	0	0
0	0	0
0	0	0
0	0	0
0	0	0
0	0	0
0	0	0
0	0	0
0	0	0
0	0	0
0	0	0
0	0	0
0	0	0
0	0	0
0	0	0
0	0	0
0	0	0
0	0	0
0	0	0
0	0	0
0	0	0
0	0	0
0	0	0
0	0	0
337134950688964	337134972216367	337134968939756
337134973379548	337134988899700	337134991521839
337134996707339	337135005583033	337135005310048
337135012682048	337135022266366	337135018838506
337135032277048	337135038949699	337135039877006
337135048647131	337135055633032	337135056202964
337135062526089	337135072316365	337135069983506
337135074085839	337135088999698	337135081605381
337135091814714	337135105683031	337135099387381
337135104067048	337135122366364	337135111576089
337135124372923	337135139049697	337135131967131
337135140935714	337135155733030	337135148474548
337135157803923	337135172416363	337135165409381
337135175032673	337135189099696	337135182580589
337135191580214	337135205783029	337135199150214
337135205293923	337135222466362	337135212919298
337135222878423	337135239149695	337135230481839
337135238766631	337135255833028	337135247475298
337135256425089	337135272516361	337135263976839
337135272127714	337135289199694	337135279380881
337136451067632	337136473716337	337136472833465

===
16683333
0	0	0
0	0	0
0	0	0
0	0	0
0	0	0
0	0	0
0	0	0
0	0	0
0	0	0
0	0	0
0	0	0
0	0	0
0	0	0
0	0	0
0	0	0
0	0	0
0	0	0
0	0	0
0	0	0
0	0	0
0	0	0
0	0	0
0	0	0
0	0	0
0	0	0
0	0	0
0	0	0
0	0	0
0	0	0
0	0	0
0	0	0
0	0	0
0	0	0
0	0	0
337134950688964	337134972216367	337134968939756
337134973379548	337134988899700	337134991521839
337134996707339	337135005583033	337135005310048
337135012682048	337135022266366	337135018838506
337135032277048	337135038949699	337135039877006
337135048647131	337135055633032	337135056202964
337135062526089	337135072316365	337135069983506
337135074085839	337135088999698	337135081605381
337135091814714	337135105683031	337135099387381
337135104067048	337135122366364	337135111576089
337135124372923	337135139049697	337135131967131
337135140935714	337135155733030	337135148474548
337135157803923	337135172416363	337135165409381
337135175032673	337135189099696	337135182580589
337135191580214	337135205783029	337135199150214
337135205293923	337135222466362	337135212919298
337135222878423	337135239149695	337135230481839
337135238766631	337135255833028	337135247475298
337135256425089	337135272516361	337135263976839
337135272127714	337135289199694	337135279380881
337136451067632	337136473716337	337136472833465
337136476171798	337136507083003	337136504196132
337136499415465	337136540449669	337136534432173
337136530167423	337136557133002	337136546687132
337136556784840	337136573816335	337136566640215
337136574263215	337136590499668	337136584302257
337136592232715	337136607183001	337136602226798
337136606191715	337136623866334	337136616155923
337136622774757	337136640549667	337136632729798
337136640205673	337136657233000	337136649992257
337136660963007	337136673916333	337136670837673
337136684941215	337136690599666	337136692395048
337136697975007	337136707282999	337136705461382
337136710411423	337136723966332	337136717874923
337136722561507	337136740649665	337136730024715
337136737145132	337136757332998	337136744701173
337136755318048	337136774016331	337136762766673
337136771100173	337136790699664	337136778555590
337136788261507	337136807382997	337136795699757
337136805030132	337136824066330	337136812468340
337136821825923	337136840749663	337136829263007
337136839195298	337136857432996	337136846461173
337136854788798	337136874116329	337136862253173
337136872055298	337136890799662	337136879514965
337136892334007	337136907482995	337136899852882
337136905722049	337136924166328	337136913065174
337136926112090	337136940849661	337136933630882
337136939157049	337136957532994	337136946612632
337136956750424	337136974216327	337136967233090
337136971402090	337136990899660	337136978828132
337136988296632	337137007582993	337136995748799
337137003431590	337137024266326	337137010857507
337137019933715	337137040949659	337137027342799
337137037902340	337137057632992	337137045317090
337137053900882	337137074316325	337137061395257
337137070805965	337137090999658	337137078090424
337137087307715	337137107682991	337137094726007
337137105353215	337137124366324	337137112799799
337137123970632	337137141049657	337137131429840
337137139289882	337137157732990	337137146766549
337137162808215	337137174416323	337137170549840
337137176836674	337137191099656	337137184615465
337137192980174	337137207782989	337137200763299
337137209633340	337137224466322	337137217441174
337137226653549	337137241149655	337137234440674
337137243236382	337137257832988	337137251110882
337137260253132	337137274516321	337137268061882
337137274927715	337137291199654	337137282528965
337137291326882	337137307882987	337137298793174
337137309390840	337137324566320	337137316846174
337137322564132	337137341249653	337137330002132
337137338756257	337137357932986	337137346248549
337137355645132	337137374616319	337137363069299
337137374924465	337137391299652	337137382386215
337137389327549	337137407982985	337137396736215
337137406147674	337137424666318	337137413607507
337137423434299	337137441349651	337137430893549
337137440730424	337137458032984	337137448151590
337137460922174	337137474716317	337137468302715
337137475291465	337137491399650	337137482739382
337137490308840	337137508082983	337137497752882
337137507443132	337137524766316	337137514887799
337137524966965	337137541449649	337137532483882
337137543331007	337137558132982	337137550773340
337137558194715	337137574816315	337137565644549
337137575500257	337137591499648	337137582925757
337137591734549	337137608182981	337137599169216
337137610278174	337137624866314	337137617743966
337137627195632	337137641549647	337137635151716
337137642608882	337137658232980	337137650177466
337137659728299	337137674916313	337137667292174
337137676931341	337137691599646	337137685480716
337137693675549	337137708282979	337137701120632

===
16683333
0	0	0
0	0	0
0	0	0
0	0	0
0	0	0
0	0	0
0	0	0
0	0	0
0	0	0
337134950688964	337134972216367	337134968939756
337134973379548	337134988899700	337134991521839
337134996707339	337135005583033	337135005310048
337135012682048	337135022266366	337135018838506
337135032277048	337135038949699	337135039877006
337135048647131	337135055633032	337135056202964
337135062526089	337135072316365	337135069983506
337135074085839	337135088999698	337135081605381
337135091814714	337135105683031	337135099387381
337135104067048	337135122366364	337135111576089
337135124372923	337135139049697	337135131967131
337135140935714	337135155733030	337135148474548
337135157803923	337135172416363	337135165409381
337135175032673	337135189099696	337135182580589
337135191580214	337135205783029	337135199150214
337135205293923	337135222466362	337135212919298
337135222878423	337135239149695	337135230481839
337135238766631	337135255833028	337135247475298
337135256425089	337135272516361	337135263976839
337135272127714	337135289199694	337135279380881
337136451067632	337136473716337	337136472833465
337136476171798	337136507083003	337136504196132
337136499415465	337136540449669	337136534432173
337136530167423	337136557133002	337136546687132
337136556784840	337136573816335	337136566640215
337136574263215	337136590499668	337136584302257
337136592232715	337136607183001	337136602226798
337136606191715	337136623866334	337136616155923
337136622774757	337136640549667	337136632729798
337136640205673	337136657233000	337136649992257
337136660963007	337136673916333	337136670837673
337136684941215	337136690599666	337136692395048
337136697975007	337136707282999	337136705461382
337136710411423	337136723966332	337136717874923
337136722561507	337136740649665	337136730024715
337136737145132	337136757332998	337136744701173
337136755318048	337136774016331	337136762766673
337136771100173	337136790699664	337136778555590
337136788261507	337136807382997	337136795699757
337136805030132	337136824066330	337136812468340
337136821825923	337136840749663	337136829263007
337136839195298	337136857432996	337136846461173
337136854788798	337136874116329	337136862253173
337136872055298	337136890799662	337136879514965
337136892334007	337136907482995	337136899852882
337136905722049	337136924166328	337136913065174
337136926112090	337136940849661	337136933630882
337136939157049	337136957532994	337136946612632
337136956750424	337136974216327	337136967233090
337136971402090	337136990899660	337136978828132
337136988296632	337137007582993	337136995748799
337137003431590	337137024266326	337137010857507
337137019933715	337137040949659	337137027342799
337137037902340	337137057632992	337137045317090
337137053900882	337137074316325	337137061395257
337137070805965	337137090999658	337137078090424
337137087307715	337137107682991	337137094726007
337137105353215	337137124366324	337137112799799
337137123970632	337137141049657	337137131429840
337137139289882	337137157732990	337137146766549
337137162808215	337137174416323	337137170549840
337137176836674	337137191099656	337137184615465
337137192980174	337137207782989	337137200763299
337137209633340	337137224466322	337137217441174
337137226653549	337137241149655	337137234440674
337137243236382	337137257832988	337137251110882
337137260253132	337137274516321	337137268061882
337137274927715	337137291199654	337137282528965
337137291326882	337137307882987	337137298793174
337137309390840	337137324566320	337137316846174
337137322564132	337137341249653	337137330002132
337137338756257	337137357932986	337137346248549
337137355645132	337137374616319	337137363069299
337137374924465	337137391299652	337137382386215
337137389327549	337137407982985	337137396736215
337137406147674	337137424666318	337137413607507
337137423434299	337137441349651	337137430893549
337137440730424	337137458032984	337137448151590
337137460922174	337137474716317	337137468302715
337137475291465	337137491399650	337137482739382
337137490308840	337137508082983	337137497752882
337137507443132	337137524766316	337137514887799
337137524966965	337137541449649	337137532483882
337137543331007	337137558132982	337137550773340
337137558194715	337137574816315	337137565644549
337137575500257	337137591499648	337137582925757
337137591734549	337137608182981	337137599169216
337137610278174	337137624866314	337137617743966
337137627195632	337137641549647	337137635151716
337137642608882	337137658232980	337137650177466
337137659728299	337137674916313	337137667292174
337137676931341	337137691599646	337137685480716
337137693675549	337137708282979	337137701120632
337137711051299	337137724966312	337137718511757
337137726652591	337137741649645	337137735024966
337137744490882	337137758332978	337137752130341
337137760778757	337137775016311	337137768227007
337137777021841	337137791699644	337137784093174
337137981966257	337137991899640	337138003024632
337138227394924	337138242149635	337138248603049
337138369939508	337138375616299	337138377137049
337138380130008	337138392299632	337138391413341
337138395191508	337138408982965	337138406532299
337138411803549	337138425666298	337138423185966
337138428854341	337138442349631	337138441635341
337138446966924	337138459032964	337138458257841
337138462965883	337138475716297	337138474180716
337138480302466	337138492399630	337138491555424
337138496430841	337138509082963	337138500112924
337138513401841	337138525766296	337138516711258
337138530281549	337138542449629	337138533953591
337138547819216	337138559132962	337138551395133
337138563915008	337138592499628	337138567594674
337138580344924	337138609182961	337138584087008
337138598760133	337138625866294	337138602533633
337138613328174	337138642549627	337138617018049
337138630571758	337138659232960	337138634170758
337138648101341	337138675916293	337138651798633

===
16683333
337136451067632	337136473716337	337136472833465
337136476171798	337136507083003	337136504196132
337136499415465	337136540449669	337136534432173
337136530167423	337136557133002	337136546687132
337136556784840	337136573816335	337136566640215
337136574263215	337136590499668	337136584302257
337136592232715	337136607183001	337136602226798
337136606191715	337136623866334	337136616155923
337136622774757	337136640549667	337136632729798
337136640205673	337136657233000	337136649992257
337136660963007	337136673916333	337136670837673
337136684941215	337136690599666	337136692395048
337136697975007	337136707282999	337136705461382
337136710411423	337136723966332	337136717874923
337136722561507	337136740649665	337136730024715
337136737145132	337136757332998	337136744701173
337136755318048	337136774016331	337136762766673
337136771100173	337136790699664	337136778555590
337136788261507	337136807382997	337136795699757
337136805030132	337136824066330	337136812468340
337136821825923	337136840749663	337136829263007
337136839195298	337136857432996	337136846461173
337136854788798	337136874116329	337136862253173
337136872055298	337136890799662	337136879514965
337136892334007	337136907482995	337136899852882
337136905722049	337136924166328	337136913065174
337136926112090	337136940849661	337136933630882
337136939157049	337136957532994	337136946612632
337136956750424	337136974216327	337136967233090
337136971402090	337136990899660	337136978828132
337136988296632	337137007582993	337136995748799
337137003431590	337137024266326	337137010857507
337137019933715	337137040949659	337137027342799
337137037902340	337137057632992	337137045317090
337137053900882	337137074316325	337137061395257
337137070805965	337137090999658	337137078090424
337137087307715	337137107682991	337137094726007
337137105353215	337137124366324	337137112799799
337137123970632	337137141049657	337137131429840
337137139289882	337137157732990	337137146766549
337137162808215	337137174416323	337137170549840
337137176836674	337137191099656	337137184615465
337137192980174	337137207782989	337137200763299
337137209633340	337137224466322	337137217441174
337137226653549	337137241149655	337137234440674
337137243236382	337137257832988	337137251110882
337137260253132	337137274516321	337137268061882
337137274927715	337137291199654	337137282528965
337137291326882	337137307882987	337137298793174
337137309390840	337137324566320	337137316846174
337137322564132	337137341249653	337137330002132
337137338756257	337137357932986	337137346248549
337137355645132	337137374616319	337137363069299
337137374924465	337137391299652	337137382386215
337137389327549	337137407982985	337137396736215
337137406147674	337137424666318	337137413607507
337137423434299	337137441349651	337137430893549
337137440730424	337137458032984	337137448151590
337137460922174	337137474716317	337137468302715
337137475291465	337137491399650	337137482739382
337137490308840	337137508082983	337137497752882
337137507443132	337137524766316	337137514887799
337137524966965	337137541449649	337137532483882
337137543331007	337137558132982	337137550773340
337137558194715	337137574816315	337137565644549
337137575500257	337137591499648	337137582925757
337137591734549	337137608182981	337137599169216
337137610278174	337137624866314	337137617743966
337137627195632	337137641549647	337137635151716
337137642608882	337137658232980	337137650177466
337137659728299	337137674916313	337137667292174
337137676931341	337137691599646	337137685480716
337137693675549	337137708282979	337137701120632
337137711051299	337137724966312	337137718511757
337137726652591	337137741649645	337137735024966
337137744490882	337137758332978	337137752130341
337137760778757	337137775016311	337137768227007
337137777021841	337137791699644	337137784093174
337137981966257	337137991899640	337138003024632
337138227394924	337138242149635	337138248603049
337138369939508	337138375616299	337138377137049
337138380130008	337138392299632	337138391413341
337138395191508	337138408982965	337138406532299
337138411803549	337138425666298	337138423185966
337138428854341	337138442349631	337138441635341
337138446966924	337138459032964	337138458257841
337138462965883	337138475716297	337138474180716
337138480302466	337138492399630	337138491555424
337138496430841	337138509082963	337138500112924
337138513401841	337138525766296	337138516711258
337138530281549	337138542449629	337138533953591
337138547819216	337138559132962	337138551395133
337138563915008	337138592499628	337138567594674
337138580344924	337138609182961	337138584087008
337138598760133	337138625866294	337138602533633
337138613328174	337138642549627	337138617018049
337138630571758	337138659232960	337138634170758
337138648101341	337138675916293	337138651798633
337139342519050	337139359932946	337139351940175
337139355611341	337139376616279	337139365015466
337139411056633	337139426666278	337139428505591
337139430533341	337139460032944	337139448976466
337139441158341	337139476716277	337139457760716
337139474660633	337139493399610	337139480630258
337139490246341	337139510082943	337139495037341
337139506416716	337139526766276	337139511081050
337139523461383	337139543449609	337139528162633
337139541456883	337139560132942	337139546115175
337139558179133	337139576816275	337139562853633
337139575129633	337139593499608	337139579787591
337139594003383	337139610182941	337139598657050
337139609518675	337139626866274	337139614166008
337139626293466	337139643549607	337139630949883
337139643859383	337139660232940	337139648503966
337139661259591	337139676916273	337139665902091
337139678656342	337139693599606	337139683269050
337139696285383	337139710282939	337139700808217
337139710954592	337139726966272	337139715587675
337139729142425	337139743649605	337139733781842
337139743849300	337139760332938	337139748505217
337139762187675	337139777016271	337139766816592
337139777646550	337139793699604	337139782361217
337139793364383	337139810382937	337139798014925
337139811756592	337139827066270	337139817399925
337139827028383	337139843749603	337139831696217
337139845471717	337139860432936	337139850144675
337139863119550	337139877116269	337139867754467

===
16683333
337137507443132	337137524766316	337137514887799
337137524966965	337137541449649	337137532483882
337137543331007	337137558132982	337137550773340
337137558194715	337137574816315	337137565644549
337137575500257	337137591499648	337137582925757
337137591734549	337137608182981	337137599169216
337137610278174	337137624866314	337137617743966
337137627195632	337137641549647	337137635151716
337137642608882	337137658232980	337137650177466
337137659728299	337137674916313	337137667292174
337137676931341	337137691599646	337137685480716
337137693675549	337137708282979	337137701120632
337137711051299	337137724966312	337137718511757
337137726652591	337137741649645	337137735024966
337137744490882	337137758332978	337137752130341
337137760778757	337137775016311	337137768227007
337137777021841	337137791699644	337137784093174
337137981966257	337137991899640	337138003024632
337138227394924	337138242149635	337138248603049
337138369939508	337138375616299	337138377137049
337138380130008	337138392299632	337138391413341
337138395191508	337138408982965	337138406532299
337138411803549	337138425666298	337138423185966
337138428854341	337138442349631	337138441635341
337138446966924	337138459032964	337138458257841
337138462965883	337138475716297	337138474180716
337138480302466	337138492399630	337138491555424
337138496430841	337138509082963	337138500112924
337138513401841	337138525766296	337138516711258
337138530281549	337138542449629	337138533953591
337138547819216	337138559132962	337138551395133
337138563915008	337138592499628	337138567594674
337138580344924	337138609182961	337138584087008
337138598760133	337138625866294	337138602533633
337138613328174	337138642549627	337138617018049
337138630571758	337138659232960	337138634170758
337138648101341	337138675916293	337138651798633
337139342519050	337139359932946	337139351940175
337139355611341	337139376616279	337139365015466
337139411056633	337139426666278	337139428505591
337139430533341	337139460032944	337139448976466
337139441158341	337139476716277	337139457760716
337139474660633	337139493399610	337139480630258
337139490246341	337139510082943	337139495037341
337139506416716	337139526766276	337139511081050
337139523461383	337139543449609	337139528162633
337139541456883	337139560132942	337139546115175
337139558179133	337139576816275	337139562853633
337139575129633	337139593499608	337139579787591
337139594003383	337139610182941	337139598657050
337139609518675	337139626866274	337139614166008
337139626293466	337139643549607	337139630949883
337139643859383	337139660232940	337139648503966
337139661259591	337139676916273	337139665902091
337139678656342	337139693599606	337139683269050
337139696285383	337139710282939	337139700808217
337139710954592	337139726966272	337139715587675
337139729142425	337139743649605	337139733781842
337139743849300	337139760332938	337139748505217
337139762187675	337139777016271	337139766816592
337139777646550	337139793699604	337139782361217
337139793364383	337139810382937	337139798014925
337139811756592	337139827066270	337139817399925
337139827028383	337139843749603	337139831696217
337139845471717	337139860432936	337139850144675
337139863119550	337139877116269	337139867754467
337140276418008	337140294199594	337140290419758
337140294658175	337140310882927	337140308643425
337140312673883	337140327566260	337140326637258
337140330180675	337140344249593	337140344179175
337140348446800	337140360932926	337140362464175
337140367970717	337140377616259	337140381974925
337140381274675	337140394299592	337140395790509
337140397041342	337140410982925	337140406579592
337140414837509	337140427666258	337140419532342
337140430519509	337140444349591	337140435124925
337140446630842	337140461032924	337140451270092
337140464068717	337140477716257	337140468872300
337140482285925	337140494399590	337140486985634
337140499679800	337140511082923	337140504280717
337140515920842	337140527766256	337140520630884
337140531646675	337140544449589	337140536258259
337140548389134	337140561132922	337140552878592
337140696847967	337140694599586	337140704836550
337140733122342	337140744649585	337140748638050
337140750595759	337140761332918	337140767407967
337140766469009	337140778016251	337140784321342
337140783379925	337140794699584	337140801288509
337140800198384	337140811382917	337140818009384
337140817152175	337140828066250	337140834753134
337140835454092	337140844749583	337140844860592
337140849970300	337140861432916	337140855090634
337140864722509	337140878116249	337140869397717
337140881968800	337140894799582	337140886643634
337140898728300	337140911482915	337140903398300
337140916911800	337140928166248	337140921585675
337140931616425	337140944849581	337140936290634
337140948762092	337140961532914	337140953431384
337140965460759	337140978216247	337140970127592
337140982226425	337141011582913	337140986902759
337141001411675	337141028266246	337141006106009
337141018100259	337141044949579	337141022755467
337141033310884	337141061632912	337141037973759
337141050513509	337141078316245	337141055308384
337141067820925	337141094999578	337141072537717
337141087054801	337141111682911	337141091904509
337141103709551	337141128366244	337141108837884
337141121753801	337141145049577	337141126930384
337141139720426	337141161732910	337141144899467
337141156466467	337141178416243	337141161619092
337141170759801	337141195099576	337141175947842
337141187550259	337141211782909	337141192743259
337141203667967	337141228466242	337141208888092
337141222876759	337141245149575	337141228161592
337141238591801	337141261832908	337141243359884
337141252155176	337141278516241	337141256924051
337141269342342	337141295199574	337141274107051
337141285429051	337141311882907	337141290214134
337141303541342	337141328566240	337141308328384
337141320657384	337141345249573	337141325427967
337141335133342	337141361932906	337141339883509
337141351816342	337141378616239	337141356574051
337141368784842	337141395299572	337141373543342
337141390744051	337141411982905	337141395452092
337141405864259	337141428666238	337141410831634
337141420209509	337141445349571	337141424933634
337141437037551	337141462032904	337141441784801

===
16683333
337140294658175	337140310882927	337140308643425
337140312673883	337140327566260	337140326637258
337140330180675	337140344249593	337140344179175
337140348446800	337140360932926	337140362464175
337140367970717	337140377616259	337140381974925
337140381274675	337140394299592	337140395790509
337140397041342	337140410982925	337140406579592
337140414837509	337140427666258	337140419532342
337140430519509	337140444349591	337140435124925
337140446630842	337140461032924	337140451270092
337140464068717	337140477716257	337140468872300
337140482285925	337140494399590	337140486985634
337140499679800	337140511082923	337140504280717
337140515920842	337140527766256	337140520630884
337140531646675	337140544449589	337140536258259
337140548389134	337140561132922	337140552878592
337140696847967	337140694599586	337140704836550
337140733122342	337140744649585	337140748638050
337140750595759	337140761332918	337140767407967
337140766469009	337140778016251	337140784321342
337140783379925	337140794699584	337140801288509
337140800198384	337140811382917	337140818009384
337140817152175	337140828066250	337140834753134
337140835454092	337140844749583	337140844860592
337140849970300	337140861432916	337140855090634
337140864722509	337140878116249	337140869397717
337140881968800	337140894799582	337140886643634
337140898728300	337140911482915	337140903398300
337140916911800	337140928166248	337140921585675
337140931616425	337140944849581	337140936290634
337140948762092	337140961532914	337140953431384
337140965460759	337140978216247	337140970127592
337140982226425	337141011582913	337140986902759
337141001411675	337141028266246	337141006106009
337141018100259	337141044949579	337141022755467
337141033310884	337141061632912	337141037973759
337141050513509	337141078316245	337141055308384
337141067820925	337141094999578	337141072537717
337141087054801	337141111682911	337141091904509
337141103709551	337141128366244	337141108837884
337141121753801	337141145049577	337141126930384
337141139720426	337141161732910	337141144899467
337141156466467	337141178416243	337141161619092
337141170759801	337141195099576	337141175947842
337141187550259	337141211782909	337141192743259
337141203667967	337141228466242	337141208888092
337141222876759	337141245149575	337141228161592
337141238591801	337141261832908	337141243359884
337141252155176	337141278516241	337141256924051
337141269342342	337141295199574	337141274107051
337141285429051	337141311882907	337141290214134
337141303541342	337141328566240	337141308328384
337141320657384	337141345249573	337141325427967
337141335133342	337141361932906	337141339883509
337141351816342	337141378616239	337141356574051
337141368784842	337141395299572	337141373543342
337141390744051	337141411982905	337141395452092
337141405864259	337141428666238	337141410831634
337141420209509	337141445349571	337141424933634
337141437037551	337141462032904	337141441784801
337141488356842	337141495399570	337141492924967
337141505616967	337141512082903	337141510006926
337141520781384	337141528766236	337141525458842
337141535724342	337141545449569	337141540553676
337141584250551	337141595499568	337141589503051
337141592935634	337141612182901	337141597726634
337141612400759	337141628866234	337141617558759
337141625696634	337141645549567	337141630641717
337141641322717	337141662232900	337141646230342
337141657179384	337141678916233	337141661998134
337141677974717	337141695599566	337141682889259
337141690220551	337141712282899	337141695055134
337141709694467	337141728966232	337141714583134
337141722319217	337141745649565	337141727254551
337141805682551	337141812382897	337141810512884
337141842035718	337141862432896	337141851090134
337141855888718	337141879116229	337141864893551
337141874487051	337141895799562	337141883571593
337141890242426	337141912482895	337141899276759
337141907139593	337141929166228	337141916110134
337141927395593	337141945849561	337141932627718
337141940585884	337141962532894	337141945817343
337141957446051	337141979216227	337141962666593
337141973982593	337141995899560	337141978771259
337141991282384	337142012582893	337141996174634
337142010092593	337142029266226	337142014858384
337142024511676	337142045949559	337142029279593
337142041247426	337142062632892	337142046012426
337142058047093	337142079316225	337142062822259
337142074835759	337142095999558	337142079544509
337142094024593	337142112682891	337142098798468
337142108241009	337142129366224	337142112998093
337142128731593	337142146049557	337142133470718
337142143148093	337142162732890	337142147917593
337142159913634	337142179416223	337142164678384
337142196276801	337142196099556	337142201338801
337142203565509	337142212782889	337142208464843
337142218345384	337142229466222	337142223500884
337142230742093	337142246149555	337142235906343
337142246344926	337142262832888	337142251508801
337142262436259	337142279516221	337142267650426
337142278580134	337142296199554	337142283732551
337142295664259	337142312882887	337142300848884
337142310643259	337142329566220	337142315868009
337142327492468	337142346249553	337142332721384
337142344406134	337142362932886	337142349194593
337142360896676	337142379616219	337142365713134
337142377529259	337142396299552	337142382377759
337142393833134	337142412982885	337142398608759
337142410535218	337142429666218	337142415361926
337142427296801	337142446349551	337142432050384
337142443937426	337142463032884	337142448692801
337142460415884	337142479716217	337142465175509
337142477824468	337142496399550	337142482522093
337142496039551	337142513082883	337142500601968
337142513389593	337142529766216	337142518127093
337142530157426	337142546449549	337142534920093
337142545581510	337142563132882	337142550349926
337142562201593	337142579816215	337142566979218
337142582907676	337142596499548	337142587661010
337142618213801	337142613182881	337142623071843
337142626025510	337142629866214	337142630883176
337142631470218	337142646549547	337142636297926
337142647011218	337142663232880	337142651841885
337142666293260	337142679916213	337142671087968
337142712525718	337142713282879	337142717404176
337142719350468	337142729966212	337142724186968

===
16683333
337141592935634	337141612182901	337141597726634
337141612400759	337141628866234	337141617558759
337141625696634	337141645549567	337141630641717
337141641322717	337141662232900	337141646230342
337141657179384	337141678916233	337141661998134
337141677974717	337141695599566	337141682889259
337141690220551	337141712282899	337141695055134
337141709694467	337141728966232	337141714583134
337141722319217	337141745649565	337141727254551
337141805682551	337141812382897	337141810512884
337141842035718	337141862432896	337141851090134
337141855888718	337141879116229	337141864893551
337141874487051	337141895799562	337141883571593
337141890242426	337141912482895	337141899276759
337141907139593	337141929166228	337141916110134
337141927395593	337141945849561	337141932627718
337141940585884	337141962532894	337141945817343
337141957446051	337141979216227	337141962666593
337141973982593	337141995899560	337141978771259
337141991282384	337142012582893	337141996174634
337142010092593	337142029266226	337142014858384
337142024511676	337142045949559	337142029279593
337142041247426	337142062632892	337142046012426
337142058047093	337142079316225	337142062822259
337142074835759	337142095999558	337142079544509
337142094024593	337142112682891	337142098798468
337142108241009	337142129366224	337142112998093
337142128731593	337142146049557	337142133470718
337142143148093	337142162732890	337142147917593
337142159913634	337142179416223	337142164678384
337142196276801	337142196099556	337142201338801
337142203565509	337142212782889	337142208464843
337142218345384	337142229466222	337142223500884
337142230742093	337142246149555	337142235906343
337142246344926	337142262832888	337142251508801
337142262436259	337142279516221	337142267650426
337142278580134	337142296199554	337142283732551
337142295664259	337142312882887	337142300848884
337142310643259	337142329566220	337142315868009
337142327492468	337142346249553	337142332721384
337142344406134	337142362932886	337142349194593
337142360896676	337142379616219	337142365713134
337142377529259	337142396299552	337142382377759
337142393833134	337142412982885	337142398608759
337142410535218	337142429666218	337142415361926
337142427296801	337142446349551	337142432050384
337142443937426	337142463032884	337142448692801
337142460415884	337142479716217	337142465175509
337142477824468	337142496399550	337142482522093
337142496039551	337142513082883	337142500601968
337142513389593	337142529766216	337142518127093
337142530157426	337142546449549	337142534920093
337142545581510	337142563132882	337142550349926
337142562201593	337142579816215	337142566979218
337142582907676	337142596499548	337142587661010
337142618213801	337142613182881	337142623071843
337142626025510	337142629866214	337142630883176
337142631470218	337142646549547	337142636297926
337142647011218	337142663232880	337142651841885
337142666293260	337142679916213	337142671087968
337142712525718	337142713282879	337142717404176
337142719350468	337142729966212	337142724186968
337142740253426	337142746649545	337142744954926
337142757183385	337142763332878	337142762065760
337142771787135	337142780016211	337142776700593
337142782510093	337142796699544	337142787407260
337142798431635	337142813382877	337142803250885
337142814067635	337142830066210	337142818903051
337142830724718	337142846749543	337142835579885
337142847633051	337142863432876	337142852422593
337142948707301	337142946849541	337142953545510
337142981082010	337142980216207	337142986388635
337143001501426	337143013582873	337143012890093
337143015967760	337143030266206	337143027338593
337143033466051	337143046949539	337143044842426
337143049971885	337143063632872	337143061184010
337143066373885	337143080316205	337143077639385
337143085860885	337143096999538	337143096604010
337143100474426	337143113682871	337143105737301
337143117081510	337143130366204	337143121857926
337143133475885	337143147049537	337143138262426
337143150949135	337143163732870	337143155777718
337143166736010	337143180416203	337143171470218
337143183599468	337143197099536	337143188403010
337143200349343	337143213782869	337143205137093
337143217362885	337143230466202	337143222180427
337143233836635	337143247149535	337143238624385
337143250811718	337143263832868	337143255595052
337143269032010	337143280516201	337143273810260
337143285232010	337143297199534	337143290033927
337143302378885	337143313882867	337143307135968
337143330202927	337143330566200	337143335195510
337143340617677	337143347249533	337143345553135
337143358956302	337143363932866	337143364173635
337143371813718	337143397299532	337143376961760
337143388078593	337143413982865	337143393230760
337143405096218	337143430666198	337143410313968
337143419935302	337143447349531	337143425186385
337143439742343	337143464032864	337143444970468
337143456239427	337143480716197	337143461433843
337143474194927	337143497399530	337143479486718
337143488208343	337143514082863	337143492875385
337143504931760	337143530766196	337143509722552
337143520385552	337143547449529	337143525169093
337143537324385	337143564132862	337143542065968
337143552647468	337143580816195	337143557463760
337143569811218	337143597499528	337143574574302
337143586061593	337143614182861	337143590818677
337143603014927	337143630866194	337143607766343
337143619649468	337143647549527	337143624426885
337143639675718	337143664232860	337143644371802
337143656469760	337143680916193	337143661306927
337143671437635	337143697599526	337143676258635
337143687584343	337143714282859	337143693008218
337143709035468	337143730966192	337143713827677
337143752121302	337143764332858	337143756894260
337143760819427	337143781016191	337143765394593
337143780910343	337143797699524	337143786019593
337143794452052	337143814382857	337143799802552
337143850585927	337143864432856	337143855956218
337143861417010	337143881116189	337143866120385
337143880641510	337143897799522	337143886332052
337143895666802	337143914482855	337143900633260
337143909102219	337143931166188	337143913955260
337143923059552	337143947849521	337143927889344
337143939795927	337143964532854	337143944599969
337143956273677	337143981216187	337143961101844

===
16683333
337142712525718	337142713282879	337142717404176
337142719350468	337142729966212	337142724186968
337142740253426	337142746649545	337142744954926
337142757183385	337142763332878	337142762065760
337142771787135	337142780016211	337142776700593
337142782510093	337142796699544	337142787407260
337142798431635	337142813382877	337142803250885
337142814067635	337142830066210	337142818903051
337142830724718	337142846749543	337142835579885
337142847633051	337142863432876	337142852422593
337142948707301	337142946849541	337142953545510
337142981082010	337142980216207	337142986388635
337143001501426	337143013582873	337143012890093
337143015967760	337143030266206	337143027338593
337143033466051	337143046949539	337143044842426
337143049971885	337143063632872	337143061184010
337143066373885	337143080316205	337143077639385
337143085860885	337143096999538	337143096604010
337143100474426	337143113682871	337143105737301
337143117081510	337143130366204	337143121857926
337143133475885	337143147049537	337143138262426
337143150949135	337143163732870	337143155777718
337143166736010	337143180416203	337143171470218
337143183599468	337143197099536	337143188403010
337143200349343	337143213782869	337143205137093
337143217362885	337143230466202	337143222180427
337143233836635	337143247149535	337143238624385
337143250811718	337143263832868	337143255595052
337143269032010	337143280516201	337143273810260
337143285232010	337143297199534	337143290033927
337143302378885	337143313882867	337143307135968
337143330202927	337143330566200	337143335195510
337143340617677	337143347249533	337143345553135
337143358956302	337143363932866	337143364173635
337143371813718	337143397299532	337143376961760
337143388078593	337143413982865	337143393230760
337143405096218	337143430666198	337143410313968
337143419935302	337143447349531	337143425186385
337143439742343	337143464032864	337143444970468
337143456239427	337143480716197	337143461433843
337143474194927	337143497399530	337143479486718
337143488208343	337143514082863	337143492875385
337143504931760	337143530766196	337143509722552
337143520385552	337143547449529	337143525169093
337143537324385	337143564132862	337143542065968
337143552647468	337143580816195	337143557463760
337143569811218	337143597499528	337143574574302
337143586061593	337143614182861	337143590818677
337143603014927	337143630866194	337143607766343
337143619649468	337143647549527	337143624426885
337143639675718	337143664232860	337143644371802
337143656469760	337143680916193	337143661306927
337143671437635	337143697599526	337143676258635
337143687584343	337143714282859	337143693008218
337143709035468	337143730966192	337143713827677
337143752121302	337143764332858	337143756894260
337143760819427	337143781016191	337143765394593
337143780910343	337143797699524	337143786019593
337143794452052	337143814382857	337143799802552
337143850585927	337143864432856	337143855956218
337143861417010	337143881116189	337143866120385
337143880641510	337143897799522	337143886332052
337143895666802	337143914482855	337143900633260
337143909102219	337143931166188	337143913955260
337143923059552	337143947849521	337143927889344
337143939795927	337143964532854	337143944599969
337143956273677	337143981216187	337143961101844
337143973029719	337143997899520	337143977866427
337144073609385	337144097999518	337144088095760
337144107317469	337144131366184	337144123226302
337144123916010	337144148049517	337144139866469
337144141710302	337144164732850	337144157625302
337144158492760	337144181416183	337144174406552
337144175226260	337144198099516	337144183820385
337144191883885	337144214782849	337144197104260
337144208814885	337144231466182	337144214040510
337144225357635	337144248149515	337144230597719
337144242183135	337144264832848	337144246963719
337144259541594	337144281516181	337144264318344
337144276339094	337144298199514	337144281152802
337144292383969	337144314882847	337144297160094
337144309116677	337144331566180	337144313894177
337144325867302	337144348249513	337144330638760
337144342946469	337144364932846	337144347727344
337144359622219	337144381616179	337144364398510
337144378145969	337144398299512	337144382895802
337144394981344	337144414982845	337144399618594
337144410447302	337144431666178	337144415341344
337144427332219	337144448349511	337144432120260
337144457824302	337144465032844	337144462745885
337144467411552	337144481716177	337144472262302
337144477932052	337144498399510	337144483136135
337144494701344	337144515082843	337144499863427
337144512217760	337144531766176	337144517405802
337144527851094	337144548449509	337144533087010
337144544660385	337144565132842	337144549846052
337144561596844	337144581816175	337144566792135
337144578766969	337144598499508	337144583980677
337144595595219	337144615182841	337144600861386
337144612589469	337144631866174	337144617344302
337144628911052	337144648549507	337144633763719
337144645859011	337144665232840	337144650669427
337144661661302	337144681916173	337144666417344
337144678001552	337144698599506	337144682823594
337144694891511	337144715282839	337144699661844
337144711703136	337144731966172	337144716467302
337144728738011	337144748649505	337144733499136
337144745479136	337144765332838	337144750208261
337144764188469	337144782016171	337144768903844
337144780455802	337144798699504	337144784960636
337144796865552	337144815382837	337144801727511
337144841766427	337144848749503	337144846429844
337144849736469	337144865432836	337144854413302
337144864153427	337144882116169	337144869080469
337144881013594	337144898799502	337144886368886
337144897358094	337144915482835	337144902798094
337144929259844	337144932166168	337144934619011
337144938134011	337144948849501	337144942922177
337144954171969	337144965532834	337144959070261
337144968650011	337144982216167	337144973559094
337144983300261	337144998899500	337144988194177
337145001514886	337145015582833	337145006386219
337145016145261	337145032266166	337145020922802
337145032653177	337145048949499	337145037486886
337145048565094	337145065632832	337145053423802
337145065269427	337145082316165	337145070163136
337145081892844	337145098999498	337145086710427

===
16683333
337143861417010	337143881116189	337143866120385
337143880641510	337143897799522	337143886332052
337143895666802	337143914482855	337143900633260
337143909102219	337143931166188	337143913955260
337143923059552	337143947849521	337143927889344
337143939795927	337143964532854	337143944599969
337143956273677	337143981216187	337143961101844
337143973029719	337143997899520	337143977866427
337144073609385	337144097999518	337144088095760
337144107317469	337144131366184	337144123226302
337144123916010	337144148049517	337144139866469
337144141710302	337144164732850	337144157625302
337144158492760	337144181416183	337144174406552
337144175226260	337144198099516	337144183820385
337144191883885	337144214782849	337144197104260
337144208814885	337144231466182	337144214040510
337144225357635	337144248149515	337144230597719
337144242183135	337144264832848	337144246963719
337144259541594	337144281516181	337144264318344
337144276339094	337144298199514	337144281152802
337144292383969	337144314882847	337144297160094
337144309116677	337144331566180	337144313894177
337144325867302	337144348249513	337144330638760
337144342946469	337144364932846	337144347727344
337144359622219	337144381616179	337144364398510
337144378145969	337144398299512	337144382895802
337144394981344	337144414982845	337144399618594
337144410447302	337144431666178	337144415341344
337144427332219	337144448349511	337144432120260
337144457824302	337144465032844	337144462745885
337144467411552	337144481716177	337144472262302
337144477932052	337144498399510	337144483136135
337144494701344	337144515082843	337144499863427
337144512217760	337144531766176	337144517405802
337144527851094	337144548449509	337144533087010
337144544660385	337144565132842	337144549846052
337144561596844	337144581816175	337144566792135
337144578766969	337144598499508	337144583980677
337144595595219	337144615182841	337144600861386
337144612589469	337144631866174	337144617344302
337144628911052	337144648549507	337144633763719
337144645859011	337144665232840	337144650669427
337144661661302	337144681916173	337144666417344
337144678001552	337144698599506	337144682823594
337144694891511	337144715282839	337144699661844
337144711703136	337144731966172	337144716467302
337144728738011	337144748649505	337144733499136
337144745479136	337144765332838	337144750208261
337144764188469	337144782016171	337144768903844
337144780455802	337144798699504	337144784960636
337144796865552	337144815382837	337144801727511
337144841766427	337144848749503	337144846429844
337144849736469	337144865432836	337144854413302
337144864153427	337144882116169	337144869080469
337144881013594	337144898799502	337144886368886
337144897358094	337144915482835	337144902798094
337144929259844	337144932166168	337144934619011
337144938134011	337144948849501	337144942922177
337144954171969	337144965532834	337144959070261
337144968650011	337144982216167	337144973559094
337144983300261	337144998899500	337144988194177
337145001514886	337145015582833	337145006386219
337145016145261	337145032266166	337145020922802
337145032653177	337145048949499	337145037486886
337145048565094	337145065632832	337145053423802
337145065269427	337145082316165	337145070163136
337145081892844	337145098999498	337145086710427
337145453177761	337145466032824	337145467651511
337145470481553	337145482716157	337145484951386
337145486471594	337145499399490	337145502657886
337145502391844	337145516082823	337145518439219
337145522172678	337145532766156	337145538450344
337145537572636	337145549449489	337145554241594
337145553742469	337145566132822	337145564227178
337145574766594	337145582816155	337145579723761
337145589318053	337145599499488	337145594652761
337145607642636	337145616182821	337145613507053
337145622276553	337145632866154	337145627641511
337145641591719	337145649549487	337145647035011
337145657054553	337145666232820	337145662500344
337145674012928	337145682916153	337145679318344
337145696349969	337145699599486	337145701666511
337145708060636	337145716282819	337145713314469
337145723697553	337145732966152	337145729529803
337145740643136	337145766332818	337145745952011
337145757739136	337145783016151	337145763141136
337145774939261	337145799699484	337145780313261
337145789853428	337145816382817	337145795156886
337145807641303	337145833066150	337145812949303
337145826684511	337145849749483	337145831972178
337145842610969	337145866432816	337145848499928
337145855240303	337145883116149	337145860609178
337145873269969	337145899799482	337145878720428
337145889819094	337145916482815	337145895200678
337145907152053	337145933166148	337145912510844
337145924725386	337145949849481	337145930051344
337145941581261	337145966532814	337145946920428
337145958166844	337145983216147	337145964031303
337145973048428	337145999899480	337145978309928
337145992223886	337146016582813	337145997551095
337146006649178	337146033266146	337146012059553
337146023345636	337146049949479	337146028601803
337146042116011	337146066632812	337146047415386
337146058869220	337146083316145	337146064168928
337146073669553	337146099999478	337146078976678
337146090499928	337146116682811	337146095342261
337146107949303	337146133366144	337146112791011
337146123718345	337146150049477	337146128557761
337146140556803	337146166732810	337146145414595
337146157516345	337146183416143	337146162531803
337146174379845	337146200099476	337146179293136
337146191124511	337146216782809	337146195925095
337146209216553	337146233466142	337146214017845
337146228299345	337146250149475	337146233183803
337146244913678	337146266832808	337146249668136
337146261281886	337146283516141	337146265917011
337146278588761	337146300199474	337146283350053
337146294993345	337146316882807	337146299735511
337146313110470	337146333566140	337146317991386
337146329197636	337146350249473	337146334041470
337146345938761	337146366932806	337146350600761
337146362140220	337146383616139	337146366931261
337146378860053	337146400299472	337146383737303
337146398107261	337146416982805	337146402833970
337146412870553	337146433666138	337146417660428
337146429511595	337146450349471	337146434300803
337146447505720	337146467032804	337146452361720

===
16683333
337144467411552	337144481716177	337144472262302
337144477932052	337144498399510	337144483136135
337144494701344	337144515082843	337144499863427
337144512217760	337144531766176	337144517405802
337144527851094	337144548449509	337144533087010
337144544660385	337144565132842	337144549846052
337144561596844	337144581816175	337144566792135
337144578766969	337144598499508	337144583980677
337144595595219	337144615182841	337144600861386
337144612589469	337144631866174	337144617344302
337144628911052	337144648549507	337144633763719
337144645859011	337144665232840	337144650669427
337144661661302	337144681916173	337144666417344
337144678001552	337144698599506	337144682823594
337144694891511	337144715282839	337144699661844
337144711703136	337144731966172	337144716467302
337144728738011	337144748649505	337144733499136
337144745479136	337144765332838	337144750208261
337144764188469	337144782016171	337144768903844
337144780455802	337144798699504	337144784960636
337144796865552	337144815382837	337144801727511
337144841766427	337144848749503	337144846429844
337144849736469	337144865432836	337144854413302
337144864153427	337144882116169	337144869080469
337144881013594	337144898799502	337144886368886
337144897358094	337144915482835	337144902798094
337144929259844	337144932166168	337144934619011
337144938134011	337144948849501	337144942922177
337144954171969	337144965532834	337144959070261
337144968650011	337144982216167	337144973559094
337144983300261	337144998899500	337144988194177
337145001514886	337145015582833	337145006386219
337145016145261	337145032266166	337145020922802
337145032653177	337145048949499	337145037486886
337145048565094	337145065632832	337145053423802
337145065269427	337145082316165	337145070163136
337145081892844	337145098999498	337145086710427
337145453177761	337145466032824	337145467651511
337145470481553	337145482716157	337145484951386
337145486471594	337145499399490	337145502657886
337145502391844	337145516082823	337145518439219
337145522172678	337145532766156	337145538450344
337145537572636	337145549449489	337145554241594
337145553742469	337145566132822	337145564227178
337145574766594	337145582816155	337145579723761
337145589318053	337145599499488	337145594652761
337145607642636	337145616182821	337145613507053
337145622276553	337145632866154	337145627641511
337145641591719	337145649549487	337145647035011
337145657054553	337145666232820	337145662500344
337145674012928	337145682916153	337145679318344
337145696349969	337145699599486	337145701666511
337145708060636	337145716282819	337145713314469
337145723697553	337145732966152	337145729529803
337145740643136	337145766332818	337145745952011
337145757739136	337145783016151	337145763141136
337145774939261	337145799699484	337145780313261
337145789853428	337145816382817	337145795156886
337145807641303	337145833066150	337145812949303
337145826684511	337145849749483	337145831972178
337145842610969	337145866432816	337145848499928
337145855240303	337145883116149	337145860609178
337145873269969	337145899799482	337145878720428
337145889819094	337145916482815	337145895200678
337145907152053	337145933166148	337145912510844
337145924725386	337145949849481	337145930051344
337145941581261	337145966532814	337145946920428
337145958166844	337145983216147	337145964031303
337145973048428	337145999899480	337145978309928
337145992223886	337146016582813	337145997551095
337146006649178	337146033266146	337146012059553
337146023345636	337146049949479	337146028601803
337146042116011	337146066632812	337146047415386
337146058869220	337146083316145	337146064168928
337146073669553	337146099999478	337146078976678
337146090499928	337146116682811	337146095342261
337146107949303	337146133366144	337146112791011
337146123718345	337146150049477	337146128557761
337146140556803	337146166732810	337146145414595
337146157516345	337146183416143	337146162531803
337146174379845	337146200099476	337146179293136
337146191124511	337146216782809	337146195925095
337146209216553	337146233466142	337146214017845
337146228299345	337146250149475	337146233183803
337146244913678	337146266832808	337146249668136
337146261281886	337146283516141	337146265917011
337146278588761	337146300199474	337146283350053
337146294993345	337146316882807	337146299735511
337146313110470	337146333566140	337146317991386
337146329197636	337146350249473	337146334041470
337146345938761	337146366932806	337146350600761
337146362140220	337146383616139	337146366931261
337146378860053	337146400299472	337146383737303
337146398107261	337146416982805	337146402833970
337146412870553	337146433666138	337146417660428
337146429511595	337146450349471	337146434300803
337146447505720	337146467032804	337146452361720
337146814538595	337146834066130	337146828995512
337146937406387	337146950849461	337146951977928
337146945519053	337146967532794	337146966300137
337146991610720	337147034266126	337147029870928
337147004900512	337147050949459	337147043185262
337147054129345	337147067632792	337147062078428
337147073267095	337147084316125	337147084594595
337147094112137	337147100999458	337147099878637
337147105687720	337147117682791	337147113091095
337147120196137	337147134366124	337147127461678
337147136559678	337147151049457	337147143874928
337147153613887	337147167732790	337147160929178
337147169313762	337147184416123	337147176623178
337147187637887	337147201099456	337147194916803
337147204806762	337147217782789	337147212116470
337147221705095	337147234466122	337147228931678
337147236314678	337147251149455	337147243679220
337147252864012	337147267832788	337147260156803
337147269762345	337147284516121	337147277076678
337147288919220	337147301199454	337147296256387
337147303628387	337147317882787	337147310936845
337147320054387	337147334566120	337147327369887
337147337507345	337147351249453	337147345788678
337147353808345	337147367932786	337147361121678
337147370275512	337147384616119	337147377573887
337147387467137	337147401299452	337147394818595
337147405452554	337147417982785	337147412748262
337147422761095	337147434666118	337147430048762
337147438567179	337147451349451	337147445866470
337147455146220	337147468032784	337147462437845

===
16683333
337144467411552	337144481716177	337144472262302
337144477932052	337144498399510	337144483136135
337144494701344	337144515082843	337144499863427
337144512217760	337144531766176	337144517405802
337144527851094	337144548449509	337144533087010
337144544660385	337144565132842	337144549846052
337144561596844	337144581816175	337144566792135
337144578766969	337144598499508	337144583980677
337144595595219	337144615182841	337144600861386
337144612589469	337144631866174	337144617344302
337144628911052	337144648549507	337144633763719
337144645859011	337144665232840	337144650669427
337144661661302	337144681916173	337144666417344
337144678001552	337144698599506	337144682823594
337144694891511	337144715282839	337144699661844
337144711703136	337144731966172	337144716467302
337144728738011	337144748649505	337144733499136
337144745479136	337144765332838	337144750208261
337144764188469	337144782016171	337144768903844
337144780455802	337144798699504	337144784960636
337144796865552	337144815382837	337144801727511
337144841766427	337144848749503	337144846429844
337144849736469	337144865432836	337144854413302
337144864153427	337144882116169	337144869080469
337144881013594	337144898799502	337144886368886
337144897358094	337144915482835	337144902798094
337144929259844	337144932166168	337144934619011
337144938134011	337144948849501	337144942922177
337144954171969	337144965532834	337144959070261
337144968650011	337144982216167	337144973559094
337144983300261	337144998899500	337144988194177
337145001514886	337145015582833	337145006386219
337145016145261	337145032266166	337145020922802
337145032653177	337145048949499	337145037486886
337145048565094	337145065632832	337145053423802
337145065269427	337145082316165	337145070163136
337145081892844	337145098999498	337145086710427
337145453177761	337145466032824	337145467651511
337145470481553	337145482716157	337145484951386
337145486471594	337145499399490	337145502657886
337145502391844	337145516082823	337145518439219
337145522172678	337145532766156	337145538450344
337145537572636	337145549449489	337145554241594
337145553742469	337145566132822	337145564227178
337145574766594	337145582816155	337145579723761
337145589318053	337145599499488	337145594652761
337145607642636	337145616182821	337145613507053
337145622276553	337145632866154	337145627641511
337145641591719	337145649549487	337145647035011
337145657054553	337145666232820	337145662500344
337145674012928	337145682916153	337145679318344
337145696349969	337145699599486	337145701666511
337145708060636	337145716282819	337145713314469
337145723697553	337145732966152	337145729529803
337145740643136	337145766332818	337145745952011
337145757739136	337145783016151	337145763141136
337145774939261	337145799699484	337145780313261
337145789853428	337145816382817	337145795156886
337145807641303	337145833066150	337145812949303
337145826684511	337145849749483	337145831972178
337145842610969	337145866432816	337145848499928
337145855240303	337145883116149	337145860609178
337145873269969	337145899799482	337145878720428
337145889819094	337145916482815	337145895200678
337145907152053	337145933166148	337145912510844
337145924725386	337145949849481	337145930051344
337145941581261	337145966532814	337145946920428
337145958166844	337145983216147	337145964031303
337145973048428	337145999899480	337145978309928
337145992223886	337146016582813	337145997551095
337146006649178	337146033266146	337146012059553
337146023345636	337146049949479	337146028601803
337146042116011	337146066632812	337146047415386
337146058869220	337146083316145	337146064168928
337146073669553	337146099999478	337146078976678
337146090499928	337146116682811	337146095342261
337146107949303	337146133366144	337146112791011
337146123718345	337146150049477	337146128557761
337146140556803	337146166732810	337146145414595
337146157516345	337146183416143	337146162531803
337146174379845	337146200099476	337146179293136
337146191124511	337146216782809	337146195925095
337146209216553	337146233466142	337146214017845
337146228299345	337146250149475	337146233183803
337146244913678	337146266832808	337146249668136
337146261281886	337146283516141	337146265917011
337146278588761	337146300199474	337146283350053
337146294993345	337146316882807	337146299735511
337146313110470	337146333566140	337146317991386
337146329197636	337146350249473	337146334041470
337146345938761	337146366932806	337146350600761
337146362140220	337146383616139	337146366931261
337146378860053	337146400299472	337146383737303
337146398107261	337146416982805	337146402833970
337146412870553	337146433666138	337146417660428
337146429511595	337146450349471	337146434300803
337146447505720	337146467032804	337146452361720
337146814538595	337146834066130	337146828995512
337146937406387	337146950849461	337146951977928
337146945519053	337146967532794	337146966300137
337146991610720	337147034266126	337147029870928
337147004900512	337147050949459	337147043185262
337147054129345	337147067632792	337147062078428
337147073267095	337147084316125	337147084594595
337147094112137	337147100999458	337147099878637
337147105687720	337147117682791	337147113091095
337147120196137	337147134366124	337147127461678
337147136559678	337147151049457	337147143874928
337147153613887	337147167732790	337147160929178
337147169313762	337147184416123	337147176623178
337147187637887	337147201099456	337147194916803
337147204806762	337147217782789	337147212116470
337147221705095	337147234466122	337147228931678
337147236314678	337147251149455	337147243679220
337147252864012	337147267832788	337147260156803
337147269762345	337147284516121	337147277076678
337147288919220	337147301199454	337147296256387
337147303628387	337147317882787	337147310936845
337147320054387	337147334566120	337147327369887
337147337507345	337147351249453	337147345788678
337147353808345	337147367932786	337147361121678
337147370275512	337147384616119	337147377573887
337147387467137	337147401299452	337147394818595
337147405452554	337147417982785	337147412748262
337147422761095	337147434666118	337147430048762
337147438567179	337147451349451	337147445866470
337147455146220	337147468032784	337147462437845

