Applications Graphics Acceleration Info:
Uptime: 337695568 Realtime: 372369679

** Graphics info for pid 2804 [com.auroratv.lab] **

Stats since: 337680203653766ns
Total frames rendered: 497
Janky frames: 26 (5.23%)
Janky frames (legacy): 224 (45.07%)
50th percentile: 22ms
90th percentile: 36ms
95th percentile: 48ms
99th percentile: 150ms
Number Missed Vsync: 4
Number High input latency: 734
Number Slow UI thread: 17
Number Slow bitmap uploads: 4
Number Slow issue draw commands: 22
Number Frame deadline missed: 26
Number Frame deadline missed (legacy): 25
HISTOGRAM: 5ms=0 6ms=0 7ms=0 8ms=0 9ms=0 10ms=0 11ms=23 12ms=49 13ms=55 14ms=30 15ms=28 16ms=24 17ms=12 18ms=8 19ms=5 20ms=4 21ms=8 22ms=15 23ms=18 24ms=28 25ms=35 26ms=32 27ms=21 28ms=10 29ms=5 30ms=6 31ms=6 32ms=10 34ms=13 36ms=10 38ms=6 40ms=2 42ms=3 44ms=3 46ms=2 48ms=3 53ms=5 57ms=0 61ms=1 65ms=4 69ms=1 73ms=0 77ms=1 81ms=1 85ms=2 89ms=0 93ms=0 97ms=1 101ms=0 105ms=0 109ms=0 113ms=0 117ms=0 121ms=1 125ms=0 129ms=0 133ms=0 150ms=3 200ms=0 250ms=1 300ms=0 350ms=1 400ms=0 450ms=0 500ms=0 550ms=0 600ms=0 650ms=0 700ms=1 750ms=0 800ms=0 850ms=0 900ms=0 950ms=0 1000ms=0 1050ms=0 1100ms=0 1150ms=0 1200ms=0 1250ms=0 1300ms=0 1350ms=0 1400ms=0 1450ms=0 1500ms=0 1550ms=0 1600ms=0 1650ms=0 1700ms=0 1750ms=0 1800ms=0 1850ms=0 1900ms=0 1950ms=0 2000ms=0 2050ms=0 2100ms=0 2150ms=0 2200ms=0 2250ms=0 2300ms=0 2350ms=0 2400ms=0 2450ms=0 2500ms=0 2550ms=0 2600ms=0 2650ms=0 2700ms=0 2750ms=0 2800ms=0 2850ms=0 2900ms=0 2950ms=0 3000ms=0 3050ms=0 3100ms=0 3150ms=0 3200ms=0 3250ms=0 3300ms=0 3350ms=0 3400ms=0 3450ms=0 3500ms=0 3550ms=0 3600ms=0 3650ms=0 3700ms=0 3750ms=0 3800ms=0 3850ms=0 3900ms=0 3950ms=0 4000ms=0 4050ms=0 4100ms=0 4150ms=0 4200ms=0 4250ms=0 4300ms=0 4350ms=0 4400ms=0 4450ms=0 4500ms=0 4550ms=0 4600ms=0 4650ms=0 4700ms=0 4750ms=0 4800ms=0 4850ms=0 4900ms=0 4950ms=0
50th gpu percentile: 6ms
90th gpu percentile: 12ms
95th gpu percentile: 17ms
99th gpu percentile: 4950ms
GPU HISTOGRAM: 1ms=0 2ms=0 3ms=0 4ms=0 5ms=14 6ms=266 7ms=20 8ms=102 9ms=25 10ms=6 11ms=5 12ms=11 13ms=1 14ms=1 15ms=13 16ms=3 17ms=9 18ms=3 19ms=5 20ms=0 21ms=0 22ms=3 23ms=3 24ms=2 25ms=0 4950ms=5

Pipeline=Skia (OpenGL)
Memory policy:
  Max surface area: 2073600
  Max resource usage: 99.53MB (x48)
  Background retention: 50% (altUiHidden = true)
  GPU Context timeout: 10
Contexts: 1 (stopped = 0)
CPU Caches:
  Glyph Cache: 1.76 MB (1 entry)
  Glyph Count: 114 
Total CPU memory usage:
  1848528 bytes, 1.76 MB (0.00 bytes is purgeable)
GPU Caches:
  Image:
    Texture: 14.44 MB (51 entries)
  Other:
    Other: 26.29 KB (1 entry)
    Buffer Object: 464.00 bytes (2 entries)
    StencilAttachment: 16.00 KB (1 entry)
  Scratch:
    Texture: 2.04 MB (5 entries)
    RenderTarget: 62.98 MB (157 entries)
    Buffer Object: 78.03 KB (3 entries)
Total GPU memory usage:
  83445552 bytes, 79.58 MB (8.11 MB is purgeable)

Profile data in ms:

	com.auroratv.lab/com.auroratv.MainActivity/android.view.ViewRootImpl@fb4a4aa (visibility=0)
Window: com.auroratv.lab/com.auroratv.MainActivity
Stats since: 337680203652558ns
Total frames rendered: 497
Janky frames: 26 (5.23%)
Janky frames (legacy): 224 (45.07%)
50th percentile: 22ms
90th percentile: 36ms
95th percentile: 48ms
99th percentile: 150ms
Number Missed Vsync: 4
Number High input latency: 734
Number Slow UI thread: 17
Number Slow bitmap uploads: 4
Number Slow issue draw commands: 22
Number Frame deadline missed: 26
Number Frame deadline missed (legacy): 25
HISTOGRAM: 5ms=0 6ms=0 7ms=0 8ms=0 9ms=0 10ms=0 11ms=23 12ms=49 13ms=55 14ms=30 15ms=28 16ms=24 17ms=12 18ms=8 19ms=5 20ms=4 21ms=8 22ms=15 23ms=18 24ms=28 25ms=35 26ms=32 27ms=21 28ms=10 29ms=5 30ms=6 31ms=6 32ms=10 34ms=13 36ms=10 38ms=6 40ms=2 42ms=3 44ms=3 46ms=2 48ms=3 53ms=5 57ms=0 61ms=1 65ms=4 69ms=1 73ms=0 77ms=1 81ms=1 85ms=2 89ms=0 93ms=0 97ms=1 101ms=0 105ms=0 109ms=0 113ms=0 117ms=0 121ms=1 125ms=0 129ms=0 133ms=0 150ms=3 200ms=0 250ms=1 300ms=0 350ms=1 400ms=0 450ms=0 500ms=0 550ms=0 600ms=0 650ms=0 700ms=1 750ms=0 800ms=0 850ms=0 900ms=0 950ms=0 1000ms=0 1050ms=0 1100ms=0 1150ms=0 1200ms=0 1250ms=0 1300ms=0 1350ms=0 1400ms=0 1450ms=0 1500ms=0 1550ms=0 1600ms=0 1650ms=0 1700ms=0 1750ms=0 1800ms=0 1850ms=0 1900ms=0 1950ms=0 2000ms=0 2050ms=0 2100ms=0 2150ms=0 2200ms=0 2250ms=0 2300ms=0 2350ms=0 2400ms=0 2450ms=0 2500ms=0 2550ms=0 2600ms=0 2650ms=0 2700ms=0 2750ms=0 2800ms=0 2850ms=0 2900ms=0 2950ms=0 3000ms=0 3050ms=0 3100ms=0 3150ms=0 3200ms=0 3250ms=0 3300ms=0 3350ms=0 3400ms=0 3450ms=0 3500ms=0 3550ms=0 3600ms=0 3650ms=0 3700ms=0 3750ms=0 3800ms=0 3850ms=0 3900ms=0 3950ms=0 4000ms=0 4050ms=0 4100ms=0 4150ms=0 4200ms=0 4250ms=0 4300ms=0 4350ms=0 4400ms=0 4450ms=0 4500ms=0 4550ms=0 4600ms=0 4650ms=0 4700ms=0 4750ms=0 4800ms=0 4850ms=0 4900ms=0 4950ms=0
50th gpu percentile: 6ms
90th gpu percentile: 12ms
95th gpu percentile: 17ms
99th gpu percentile: 4950ms
GPU HISTOGRAM: 1ms=0 2ms=0 3ms=0 4ms=0 5ms=14 6ms=266 7ms=20 8ms=102 9ms=25 10ms=6 11ms=5 12ms=11 13ms=1 14ms=1 15ms=13 16ms=3 17ms=9 18ms=3 19ms=5 20ms=0 21ms=0 22ms=3 23ms=3 24ms=2 25ms=0 4950ms=5



---PROFILEDATA---
Flags,FrameTimelineVsyncId,IntendedVsync,Vsync,InputEventId,HandleInputStart,AnimationStart,PerformTraversalsStart,DrawStart,FrameDeadline,FrameInterval,FrameStartTime,SyncQueued,SyncStart,IssueDrawCommandsStart,SwapBuffers,FrameCompleted,DequeueBufferDuration,QueueBufferDuration,GpuCompleted,SwapBuffersCompleted,DisplayPresentTime,CommandSubmissionCompleted,
0,116946139,337689577342667,337689577342667,0,337689577622104,337689577623354,337689579505145,337689579651979,337689612826000,337689577615520,16800000,337689580937437,337689581387437,337689582090145,337689586061937,337689591383645,20416,296917,337689591383645,337689586867937,-1,337689586061937,
0,116946147,337689594142667,337689594142667,0,337689594430687,337689594431895,337689595798145,337689595936520,337689629626000,337689594424687,16800000,337689596210854,337689596305395,337689596996520,337689601045645,337689606114187,780834,293500,337689606114187,337689601639729,-1,337689601045645,
0,116946155,337689610942667,337689610942667,0,337689611211437,337689611212687,337689612352395,337689612482854,337689646426000,337689611205687,16800000,337689612631645,337689612718020,337689613482687,337689617627854,337689622723520,877583,293416,337689622723520,337689618219562,-1,337689617627854,
0,116946163,337689627742667,337689627742667,0,337689628046062,337689628047312,337689628871312,337689629065979,337689663226000,337689628038895,16800000,337689629224645,337689629310062,337689630018479,337689634437229,337689639489895,1110875,289041,337689639489895,337689635023895,-1,337689634437229,
0,116946171,337689644542667,337689644542667,0,337689644846062,337689644847687,337689645899770,337689646038395,337689680026000,337689644840437,16800000,337689646158562,337689646281854,337689646987020,337689651196895,337689656246770,1050750,289375,337689656246770,337689651786145,-1,337689651196895,
0,116946179,337689661342667,337689661342667,0,337689661611145,337689661612645,337689662414145,337689662581812,337689696826000,337689661605812,16800000,337689662623479,337689662716145,337689663413895,337689667923270,337689673054520,1353584,287625,337689673054520,337689668581520,-1,337689667923270,
0,116946187,337689678142667,337689678142667,0,337689678407937,337689678409562,337689679345770,337689679520687,337689713626000,337689678402604,16800000,337689679564520,337689679659770,337689680356312,337689684763770,337689689836104,1163250,291458,337689689836104,337689685364354,-1,337689684763770,
0,116946195,337689694942667,337689694942667,0,337689695352062,337689695354020,337689696729062,337689696931895,337689730426000,337689695343812,16800000,337689696991729,337689697155770,337689698054854,337689703230229,337689708333520,1177709,313125,337689708333520,337689703893770,-1,337689703230229,
0,116946203,337689711742667,337689711742667,0,337689712172854,337689712174312,337689713366812,337689713555895,337689747226000,337689712164937,16800000,337689713613229,337689713848937,337689714737187,337689719878062,337689724998479,1007417,312959,337689724998479,337689720566437,-1,337689719878062,
0,116946211,337689728542667,337689728542667,0,337689728896145,337689728897520,337689729952895,337689730112645,337689764026000,337689728889187,16800000,337689730222062,337689730334729,337689731191270,337689736176354,337689741324729,1115625,279583,337689741324729,337689736779145,-1,337689736176354,
0,116946219,337689745342667,337689745342667,-626054352,337689745770312,337689745771562,337689746846437,337689747025104,337689780826000,337689745764437,16800000,337689748365854,337689748460395,337689749305395,337689752630020,337689757776187,19500,305375,337689757776187,337689753249145,-1,337689752630020,
0,116946227,337689762142667,337689762142667,0,337689762428854,337689762430062,337689763317270,337689763490437,337689797626000,337689762422729,16800000,337689788722770,337689789082104,337689790006645,337689794289062,337689799483604,23666,362667,337689799483604,337689795048187,-1,337689794289062,
0,116946235,337689778942667,337689778942667,0,337689790997562,337689790998770,337689795960770,337689796197229,337689831226000,337689790989437,16800000,337689800385604,337689800508395,337689801359354,337689804688395,337689809623895,20292,314959,337689809623895,337689805349687,-1,337689804688395,
0,116946243,337689795742667,337689795742667,0,337689805803770,337689805805354,337689807095687,337689807300312,337689848026000,337689805794437,16800000,337689809936062,337689810036729,337689812685395,337689820338270,337689825835145,3447333,334417,337689825835145,337689821192687,-1,337689820338270,
0,116946251,337689812542667,337689812542667,0,337689816744520,337689816745812,337689817938645,337689818081812,337689864826000,337689816735479,16800000,337689821040479,337689821327020,337689823724229,337689837410104,337689843236104,9294834,359250,337689843236104,337689838144437,-1,337689837410104,
0,116946259,337689829342667,337689829342667,0,337689829654604,337689829655812,337689830700895,337689830855104,337689881626000,337689829648687,16800000,337689858436021,337689858585229,337689859784021,337689864497312,337689870372521,24583,704834,337689870372521,337689865586187,-1,337689864497312,
0,116946267,337689846142667,337689846142667,0,337689860272021,337689860273187,337689863784562,337689863957312,337689898426000,337689860264896,16800000,337689866264312,337689866901479,337689867946479,337689872547354,337689878005271,22750,441916,337689878005271,337689873387604,-1,337689872547354,
0,116946275,337689862942667,337689862942667,0,337689874432562,337689874433937,337689875876562,337689876115854,337689915226000,337689874422062,16800000,337689881568437,337689881849646,337689885668104,337689890092812,337689895674062,22958,315667,337689895674062,337689890772521,-1,337689890092812,
0,116946283,337689879742667,337689879742667,0,337689887040562,337689887041771,337689890087812,337689890433187,337689932026000,337689887031229,16800000,337689893557104,337689893712146,337689896269229,337689905819437,337689911353646,4173750,578375,337689911353646,337689906866437,-1,337689905819437,
0,116946291,337689896542667,337689896542667,0,337689899154146,337689899155437,337689902328187,337689902492646,337689948826000,337689899144979,16800000,337689904810229,337689907018729,337689909865896,337689920996937,337689926241479,6962625,331208,337689926241479,337689921682896,-1,337689920996937,
0,116946299,337689913342667,337689913342667,0,337689913622479,337689913623646,337689913952396,337689914140354,337689965626000,337689913616896,16800000,337689915763479,337689921836437,337689923186771,337689938328604,337689943572021,10515958,319167,337689943572021,337689939001771,-1,337689938328604,
0,116946307,337689930142667,337689930142667,0,337689930446062,337689930447354,337689933127562,337689933284104,337689982426000,337689930440187,16800000,337689935456521,337689939161312,337689940656229,337689954831854,337689960070021,9958875,290750,337689960070021,337689955505521,-1,337689954831854,
0,116946315,337689946942667,337689946942667,0,337689947218437,337689947219604,337689948771062,337689948919479,337689999226000,337689947212729,16800000,337689951572812,337689955658937,337689956613937,337689971628062,337689976890396,10851542,313958,337689976890396,337689972260812,-1,337689971628062,
0,116946323,337689963742667,337689963742667,0,337689964068146,337689964069521,337689964694062,337689964850521,337690016026000,337689964061354,16800000,337689965915479,337689972412896,337689973285479,337689988193271,337689993423521,10906250,315875,337689993423521,337689988833062,-1,337689988193271,
0,116946331,337689980542667,337689980542667,0,337689980848146,337689980849437,337689981584687,337689981742979,337690032826000,337689980841437,16800000,337689981931604,337689988983396,337689989748896,337690004713104,337690009855729,11035708,304792,337690009855729,337690005360646,-1,337690004713104,
0,116946339,337689997342667,337689997342667,0,337689997614729,337689997615979,337689998105896,337689998277187,337690049626000,337689997608937,16800000,337689998495687,337690005501396,337690006338771,337690021408937,337690026550646,11115042,308291,337690026550646,337690022022396,-1,337690021408937,
0,116946347,337690014142667,337690014142667,0,337690014410812,337690014412062,337690014658187,337690014797271,337690066426000,337690014404937,16800000,337690014904521,337690022165354,337690023022479,337690037944521,337690043060104,11202834,310917,337690043060104,337690038593937,-1,337690037944521,
0,116946498,337690366942667,337690366942667,-426203087,337690367265646,337690367267187,337690367643312,337690367838979,337690385626000,337690367258604,16800000,337690368407979,337690368571271,337690369475604,337690374653729,337690389510562,25291,344334,337690389510562,337690375413729,-1,337690374653729,
0,116946513,337690400542667,337690400542667,0,337690400847979,337690400849187,337690401961896,337690402108687,337690419226000,337690400841521,16800000,337690402335687,337690402566271,337690403417271,337690407863562,337690424293312,20000,675625,337690424293312,337690408906354,-1,337690407863562,
0,116946521,337690417342667,337690417342667,0,337690417636604,337690417637771,337690418713521,337690418865604,337690452826000,337690417630354,16800000,337690419121062,337690419313062,337690420206187,337690424295729,337690440692021,18000,545583,337690440692021,337690425219979,-1,337690424295729,
0,116946529,337690434142667,337690434142667,0,337690434476521,337690434477812,337690435513396,337690435663312,337690469626000,337690434469687,16800000,337690435843437,337690435952479,337690436992604,337690441718437,337690458098479,632167,543959,337690458098479,337690442565771,-1,337690441718437,
0,116946537,337690450942667,337690450942667,0,337690451248896,337690451250062,337690452382146,337690452543104,337690486426000,337690451242479,16800000,337690452850521,337690453016146,337690453877354,337690459240104,337690475728562,586791,748208,337690475728562,337690460345271,-1,337690459240104,
0,116946545,337690467742667,337690467742667,0,337690468107062,337690468108271,337690469435271,337690469820146,337690503226000,337690468100479,16800000,337690470042104,337690470146479,337690471145479,337690475878396,337690493360021,95833,665917,337690493360021,337690476983979,-1,337690475878396,
0,116946553,337690484542667,337690484542667,-40889621,337690484823771,337690484825521,337690486209521,337690486815896,337690520026000,337690484817771,16800000,337690487297812,337690487405479,337690488317604,337690493128937,337690508908521,53042,304458,337690508908521,337690493815021,-1,337690493128937,
0,116946561,337690501342667,337690501342667,-978623103,337690501649187,337690501650354,337690506008312,337690506212271,337690536826000,337690501642896,16800000,337690506487104,337690506594354,337690507490646,337690514535854,337690520271396,22708,326584,337690520271396,337690515274687,-1,337690514535854,
0,116946569,337690518142667,337690518142667,0,337690518495854,337690518497312,337690521708021,337690521927396,337690553626000,337690518489021,16800000,337690522151437,337690522243521,337690523100521,337690530864313,337690537026604,19667,547291,337690537026604,337690531732813,-1,337690530864313,
0,116946577,337690534942667,337690534942667,0,337690535209563,337690535210938,337690537627938,337690537779646,337690570426000,337690535203271,16800000,337690537994021,337690538153896,337690538965271,337690545806896,337690551501313,18500,290750,337690551501313,337690546432938,-1,337690545806896,
0,116946585,337690551742667,337690551742667,0,337690552055146,337690552056688,337690553775021,337690553928729,337690587226000,337690552048313,16800000,337690554181896,337690554285521,337690555158604,337690562397104,337690568147813,89458,292000,337690568147813,337690563006979,-1,337690562397104,
0,116946593,337690568542667,337690568542667,0,337690568841896,337690568843229,337690571305063,337690571459104,337690604026000,337690568834896,16800000,337690571900438,337690572300979,337690573231563,337690580253521,337690585964979,21500,332125,337690585964979,337690580925979,-1,337690580253521,
0,116946601,337690585342667,337690585342667,0,337690585650646,337690585651979,337690587072688,337690587371563,337690620826000,337690585644438,16800000,337690587593979,337690587702063,337690588816521,337690596394771,337690602091479,236375,648458,337690602091479,337690597407021,-1,337690596394771,
0,116946609,337690602142667,337690602142667,0,337690602421854,337690602423146,337690604380021,337690604608979,337690637626000,337690602415104,16800000,337690604876438,337690605050688,337690605955729,337690614228479,337690620039146,18875,324708,337690620039146,337690614944979,-1,337690614228479,
0,116946617,337690618942667,337690618942667,-425041272,337690619296146,337690619297438,337690621459354,337690621651021,337690654426000,337690619289563,16800000,337690623042563,337690623156229,337690624044979,337690631116604,337690636824563,21125,596083,337690636824563,337690632113479,-1,337690631116604,
0,116946625,337690635742667,337690635742667,0,337690636139729,337690636141021,337690640737271,337690640928479,337690671226000,337690636133604,16800000,337690641164771,337690641265063,337690642036771,337690648488438,337690654110938,19958,292000,337690654110938,337690649083729,-1,337690648488438,
0,116946633,337690652542667,337690652542667,0,337690652832396,337690652833771,337690656339979,337690656502271,337690688026000,337690652826396,16800000,337690656690063,337690656779229,337690657616229,337690663986021,337690669706813,19750,296834,337690669706813,337690664616604,-1,337690663986021,
0,116946641,337690669342667,337690669342667,0,337690669652146,337690669653438,337690671351021,337690671509104,337690704826000,337690669646188,16800000,337690671650229,337690671797188,337690672818188,337690679882854,337690685617271,31917,296208,337690685617271,337690680543063,-1,337690679882854,
0,116946649,337690686142667,337690686142667,0,337690686570521,337690686571896,337690689312729,337690689641354,337690721626000,337690686562063,16800000,337690689714729,337690689912313,337690690707188,337690697580813,337690703341563,20417,298875,337690703341563,337690698251854,-1,337690697580813,
0,116946657,337690702942667,337690702942667,0,337690703249563,337690703250896,337690704616188,337690704775271,337690738426000,337690703243021,16800000,337690704830896,337690704985063,337690705893521,337690712871979,337690718574813,599375,302875,337690718574813,337690713508354,-1,337690712871979,
0,116946665,337690719742667,337690719742667,0,337690720062104,337690720063979,337690722009188,337690722179021,337690755226000,337690720055188,16800000,337690722240813,337690722450646,337690723761521,337690732976813,337690738684146,21917,626625,337690738684146,337690734005563,-1,337690732976813,
0,116946673,337690736542667,337690736542667,-1071201173,337690736888438,337690736889896,337690739202813,337690739380521,337690772026000,337690736881729,16800000,337690739855979,337690740163563,337690741119063,337690748520521,337690754661313,20583,301792,337690754661313,337690749605479,-1,337690748520521,
0,116946681,337690753342667,337690753342667,0,337690753651854,337690753653271,337690758201229,337690758365604,337690788826000,337690753645688,16800000,337690758416354,337690758572271,337690759341563,337690766991396,337690772599021,20250,286666,337690772599021,337690767714688,-1,337690766991396,
0,116946689,337690770142667,337690770142667,0,337690770424313,337690770425563,337690774062729,337690774201896,337690805626000,337690770418521,16800000,337690774257688,337690774379979,337690775159104,337690783653521,337690789813271,21500,340959,337690789813271,337690784313313,-1,337690783653521,
0,116946697,337690786942667,337690786942667,0,337690787224813,337690787226229,337690789161021,337690789442313,337690822426000,337690787218604,16800000,337690789505813,337690789640688,337690790509313,337690794979604,337690800687854,16084,287625,337690800687854,337690795578729,-1,337690794979604,
0,116946705,337690803742667,337690803742667,0,337690804102813,337690804104313,337690806202563,337690806360313,337690839226000,337690804095521,16800000,337690806425271,337690806563146,337690807582438,337690811924938,337690817770271,23042,333750,337690817770271,337690812711229,-1,337690811924938,
0,116946713,337690820542667,337690820542667,0,337690820894854,337690820896021,337690822915646,337690823076313,337690856026000,337690820888021,16800000,337690823139729,337690823304271,337690824367646,337690829125438,337690834895438,18542,317458,337690834895438,337690829786688,-1,337690829125438,
0,116946721,337690837342667,337690837342667,0,337690837697729,337690837699271,337690839213688,337690839393021,337690872826000,337690837691438,16800000,337690839523854,337690839704813,337690841424063,337690846472104,337690852129146,20625,411500,337690852129146,337690847259938,-1,337690846472104,
0,116946729,337690854142667,337690854142667,-174580458,337690854447896,337690854449021,337690856172104,337690856354521,337690889626000,337690854441354,16800000,337690856686271,337690856901146,337690857875938,337690862878896,337690868536396,338208,318625,337690868536396,337690863539771,-1,337690862878896,
0,116946737,337690870942667,337690870942667,0,337690871233521,337690871234771,337690875929771,337690876127521,337690906426000,337690871226188,16800000,337690876184313,337690876324271,337690877144188,337690881432563,337690887088146,20959,577000,337690887088146,337690882343063,-1,337690881432563,
0,116946745,337690887742667,337690887742667,0,337690888053979,337690888055646,337690890711021,337690890980979,337690923226000,337690888047271,16800000,337690891050521,337690891220063,337690892110896,337690897661646,337690903816854,18833,729333,337690903816854,337690898753688,-1,337690897661646,
0,116946753,337690904542667,337690904542667,0,337690904811938,337690904813396,337690906886813,337690907033229,337690940026000,337690904806063,16800000,337690907230438,337690907369354,337690908319896,337690914416688,337690920104229,18417,285125,337690920104229,337690915014854,-1,337690914416688,
0,116946761,337690921342667,337690921342667,0,337690921613188,337690921614354,337690923277396,337690923430813,337690956826000,337690921607104,16800000,337690923491354,337690923632396,337690924885229,337690931387771,337690937079021,16958,305375,337690937079021,337690932118688,-1,337690931387771,
0,116946769,337690938142667,337690938142667,0,337690938399104,337690938400354,337690940270188,337690940417688,337690973626000,337690938392729,16800000,337690940474938,337690940620896,337690941534521,337690947819688,337690953502354,75208,339875,337690953502354,337690948562854,-1,337690947819688,
0,116946777,337690954942667,337690954942667,0,337690955226313,337690955227563,337690957996979,337690958156479,337690990426000,337690955220271,16800000,337690958214604,337690958370896,337690959217938,337690963409896,337690969012521,19166,285834,337690969012521,337690963999521,-1,337690963409896,
0,116946785,337690971742667,337690971742667,0,337690972340063,337690972341229,337690973641771,337690973792646,337691007226000,337690972334229,16800000,337690973846604,337690973970979,337690974897104,337690981149021,337690986739979,222125,324458,337690986739979,337690981804021,-1,337690981149021,
0,116946793,337690988542667,337690988542667,0,337690988804271,337690988805563,337690991395479,337690991554688,337691024026000,337690988798188,16800000,337690991613646,337690991746188,337690992734188,337690998910063,337691004586188,19583,293250,337691004586188,337690999552396,-1,337690998910063,
0,116946801,337691005342667,337691005342667,0,337691005641854,337691005643188,337691007358063,337691007702521,337691040826000,337691005636438,16800000,337691007789979,337691007932938,337691008969104,337691016224604,337691021835313,16875,371042,337691021835313,337691016929979,-1,337691016224604,
0,116946809,337691022142667,337691022142667,0,337691022427438,337691022428854,337691024445271,337691024597729,337691057626000,337691022421229,16800000,337691024657521,337691024794938,337691025846104,337691030417771,337691035608521,20416,304666,337691035608521,337691031046271,-1,337691030417771,
0,116946817,337691038942667,337691038942667,0,337691039226521,337691039227813,337691040793229,337691041364354,337691074426000,337691039221063,16800000,337691041430479,337691041576063,337691042537271,337691046616563,337691051775104,71708,319375,337691051775104,337691047274688,-1,337691046616563,
0,116946825,337691055742667,337691055742667,0,337691056043646,337691056045063,337691058226188,337691058374146,337691091226000,337691056037146,16800000,337691058422771,337691058563396,337691059432813,337691063263188,337691068416729,22084,350708,337691068416729,337691063919354,-1,337691063263188,
0,116946833,337691072542667,337691072542667,0,337691072822813,337691072824146,337691073961563,337691074102229,337691108026000,337691072816604,16800000,337691074206438,337691074386521,337691075418188,337691080073604,337691085221271,502458,305334,337691085221271,337691080693313,-1,337691080073604,
0,116946841,337691089342667,337691089342667,0,337691089634854,337691089636104,337691090806354,337691090953021,337691124826000,337691089629271,16800000,337691090997938,337691091119896,337691092184354,337691096783146,337691101923354,559375,361208,337691101923354,337691097457271,-1,337691096783146,
0,116946849,337691106142667,337691106142667,0,337691106423479,337691106424646,337691107495354,337691107636896,337691141626000,337691106417854,16800000,337691107799771,337691107939229,337691108758438,337691113623563,337691118770146,722334,288666,337691118770146,337691114245021,-1,337691113623563,
0,116946857,337691122942667,337691122942667,0,337691123214146,337691123215354,337691124398229,337691124540188,337691158426000,337691123207938,16800000,337691124586271,337691124704104,337691125561896,337691130328229,337691135450104,733375,296292,337691135450104,337691130928813,-1,337691130328229,
0,116946865,337691139742667,337691139742667,0,337691140049229,337691140050354,337691141392271,337691141572021,337691175226000,337691140043021,16800000,337691141624896,337691141764229,337691142826354,337691149442479,337691154661729,826209,806208,337691154661729,337691150694271,-1,337691149442479,
0,116946873,337691156542667,337691156542667,0,337691156881063,337691156882729,337691159531604,337691159718396,337691192026000,337691156873521,16800000,337691159778563,337691160068563,337691161220646,337691166211563,337691171374813,22875,350250,337691171374813,337691166939271,-1,337691166211563,
0,116946881,337691173342667,337691173342667,0,337691173724896,337691173726688,337691175017896,337691175188271,337691208826000,337691173717354,16800000,337691175241271,337691176959438,337691177904854,337691182999188,337691188268521,23250,652416,337691188268521,337691184086146,-1,337691182999188,
0,116946889,337691190142667,337691190142667,0,337691190536438,337691190538146,337691192101104,337691192303771,337691225626000,337691190527813,16800000,337691192362563,337691192542979,337691193706938,337691200517688,337691205772813,364375,349250,337691205772813,337691201332688,-1,337691200517688,
0,116946897,337691206942667,337691206942667,0,337691207307604,337691207309229,337691209023771,337691209452229,337691242426000,337691207300104,16800000,337691209515021,337691209709146,337691210875854,337691216293854,337691221538271,19833,424375,337691221538271,337691217088563,-1,337691216293854,
0,116946905,337691223742667,337691223742667,0,337691224077646,337691224079146,337691225481813,337691225649563,337691259226000,337691224070854,16800000,337691225703896,337691225844813,337691226791896,337691231762063,337691236918355,505125,602625,337691236918355,337691232758855,-1,337691231762063,
0,116946913,337691240542667,337691240542667,0,337691240876730,337691240878271,337691242052855,337691242293938,337691276026000,337691240868855,16800000,337691242351396,337691242559688,337691243471355,337691248732438,337691253954605,876041,562792,337691253954605,337691249622355,-1,337691248732438,
0,116946921,337691257342667,337691257342667,0,337691257665230,337691257666563,337691259056855,337691259219813,337691292826000,337691257658146,16800000,337691259275563,337691259434313,337691260447938,337691265828396,337691271084355,530708,392417,337691271084355,337691266634021,-1,337691265828396,
0,116946929,337691274142667,337691274142667,0,337691274466605,337691274468230,337691277758605,337691277944188,337691309626000,337691274458938,16800000,337691278001771,337691278128563,337691278857563,337691283070563,337691288224271,19250,312042,337691288224271,337691283695313,-1,337691283070563,
0,116946937,337691290942667,337691290942667,0,337691291219521,337691291220771,337691292210396,337691292358438,337691326426000,337691291213855,16800000,337691292406980,337691292519230,337691293678188,337691298868605,337691304034938,680083,456916,337691304034938,337691299652688,-1,337691298868605,
0,116946945,337691307742667,337691307742667,0,337691308100563,337691308102271,337691309287563,337691309451271,337691343226000,337691308093021,16800000,337691309566980,337691309716855,337691310635188,337691316175105,337691321339480,703417,347416,337691321339480,337691316871813,-1,337691316175105,
0,116946953,337691324542667,337691324542667,0,337691324867188,337691324868438,337691325899771,337691326047230,337691360026000,337691324860938,16800000,337691326098021,337691326215188,337691327399438,337691334406230,337691339686521,1135875,763125,337691339686521,337691335612188,-1,337691334406230,
0,116946961,337691341342667,337691341342667,0,337691341697146,337691341699063,337691342862146,337691343048313,337691376826000,337691341689188,16800000,337691343104063,337691343244271,337691344362938,337691354101730,337691359323438,1001167,727333,337691359323438,337691355271771,-1,337691354101730,
0,116946969,337691358142667,337691358142667,0,337691358509646,337691358511771,337691360127188,337691360331980,337691393626000,337691358500896,16800000,337691360393730,337691360556688,337691361584271,337691367926021,337691373177813,639500,696458,337691373177813,337691369087980,-1,337691367926021,
0,116946977,337691374942667,337691374942667,0,337691375368313,337691375370438,337691377613396,337691377863605,337691410426000,337691375359355,16800000,337691377935146,337691378114105,337691379481480,337691385909605,337691391135896,25750,688125,337691391135896,337691387034188,-1,337691385909605,
0,116947183,337691862142667,337691862142667,-78003323,337691862449313,337691862450563,337691880812771,337691880972980,337691880826000,337691862443313,16800000,337691884896105,337691885043938,337691886343105,337691890630105,337691905442480,22125,591875,337691905442480,337691891687855,-1,337691890630105,
0,116947190,337691878942667,337691929342667,0,337691936712272,337691936713397,337691938775272,337691939644897,337691931226000,337691936697688,16800000,337691972438813,337691972561563,337692005449563,337692010763813,337692025564522,25666,326333,337692025564522,337692011448313,-1,337692010763813,
0,116947199,337691946142667,337691996542667,0,337692007091272,337692007092938,337692010716522,337692010916230,337692048826000,337692007077188,16800000,337692012752105,337692012968938,337692015035397,337692018939063,337692032151688,20334,6386791,337692032151688,337692025683605,-1,337692018939063,
0,116947206,337692013342667,337692013342667,0,337692015844397,337692015845688,337692016940855,337692017117355,337692065626000,337692015836522,16800000,337692019729480,337692025912188,337692028132855,337692065544105,337692074053897,5658125,297625,337692074053897,337692066145980,-1,337692065544105,
0,116947214,337692030142667,337692030142667,0,337692030424188,337692030425730,337692031409397,337692031580647,337692099226000,337692030418313,16800000,337692033073980,337692066436105,337692068517980,337692080600313,337692088100480,19500,286334,337692088100480,337692081607897,-1,337692080600313,
0,116947222,337692046942667,337692063742667,0,337692068875355,337692068876438,337692069955230,337692070152022,337692116026000,337692068863438,16800000,337692071625397,337692081850480,337692083918938,337692094774022,337692103444522,314958,540083,337692103444522,337692095610980,-1,337692094774022,
0,116947230,337692080542667,337692080542667,0,337692084411980,337692084413522,337692085480188,337692085670605,337692132826000,337692084403938,16800000,337692090549938,337692095847313,337692098189938,337692111400647,337692123351772,2937792,544875,337692123351772,337692112185647,-1,337692111400647,
0,116947238,337692097342667,337692097342667,0,337692098794772,337692098795813,337692099708022,337692099880397,337692149626000,337692098786438,16800000,337692100184772,337692112364647,337692113584563,337692126219522,337692133954813,4267209,291791,337692133954813,337692126842605,-1,337692126219522,
0,116947246,337692114142667,337692114142667,0,337692118267522,337692118268855,337692119204438,337692119433605,337692166426000,337692118259188,16800000,337692119609897,337692127033397,337692128275647,337692144048022,337692151843397,6281208,357125,337692151843397,337692144779897,-1,337692144048022,
0,116947254,337692130942667,337692130942667,0,337692131249938,337692131251313,337692132842522,337692133018272,337692183226000,337692131243272,16800000,337692133066313,337692145069022,337692146531230,337692163753230,337692171510313,5423375,594083,337692171510313,337692164784605,-1,337692163753230,
0,116947262,337692147742667,337692147742667,0,337692148082605,337692148084230,337692149109397,337692149305980,337692200026000,337692148076230,16800000,337692149359022,337692165024730,337692166241230,337692178519313,337692186305730,1974500,293708,337692186305730,337692179258313,-1,337692178519313,
0,116947270,337692164542667,337692164542667,0,337692166511188,337692166512605,337692170145022,337692170395855,337692216826000,337692166503688,16800000,337692170463272,337692179467563,337692180792147,337692194117480,337692201914438,4248708,642542,337692201914438,337692195130230,-1,337692194117480,
0,116947278,337692181342667,337692181342667,0,337692181697563,337692181699688,337692182497480,337692182693105,337692233626000,337692181690022,16800000,337692182740188,337692195320230,337692196773147,337692212235480,337692219959730,5327250,553875,337692219959730,337692213193522,-1,337692212235480,
0,116947286,337692198142667,337692198142667,0,337692198481230,337692198482980,337692199423438,337692199653605,337692250426000,337692198473105,16800000,337692199705897,337692213393522,337692214668397,337692227458563,337692235174063,3732583,595375,337692235174063,337692228400938,-1,337692227458563,
0,116947294,337692214942667,337692214942667,0,337692215228063,337692215229938,337692216071522,337692216265897,337692267226000,337692215222522,16800000,337692216312605,337692228591855,337692229759272,337692245066813,337692252830897,5627375,547375,337692252830897,337692246014563,-1,337692245066813,
0,116947302,337692231742667,337692231742667,0,337692232117480,337692232119522,337692232997522,337692233178355,337692284026000,337692232109897,16800000,337692233223480,337692246307772,337692247637688,337692262318438,337692270234105,4380625,589083,337692270234105,337692263357980,-1,337692262318438,
0,116947310,337692248542667,337692248542667,0,337692248848063,337692248849730,337692249666980,337692249836313,337692300826000,337692248841438,16800000,337692249881313,337692263554105,337692264895647,337692279305230,337692287091730,4257833,634125,337692287091730,337692280315813,-1,337692279305230,
0,116947318,337692265342667,337692265342667,0,337692265677063,337692265678647,337692266406313,337692266595855,337692317626000,337692265670480,16800000,337692266638480,337692280514480,337692281755813,337692295745188,337692303478980,4123833,586083,337692303478980,337692296731605,-1,337692295745188,
0,116947326,337692282142667,337692282142667,0,337692282619105,337692282619938,337692285662772,337692285916022,337692334426000,337692282614397,16800000,337692285962397,337692296936230,337692298149272,337692310931480,337692318629647,4408250,568084,337692318629647,337692311834605,-1,337692310931480,
0,116947334,337692298942667,337692298942667,0,337692299246022,337692299247397,337692300125147,337692300282647,337692351226000,337692299239730,16800000,337692300323605,337692312051230,337692313283480,337692328171022,337692335883772,6274375,601042,337692335883772,337692329129563,-1,337692328171022,
0,116947342,337692315742667,337692315742667,0,337692316191855,337692316193480,337692316803938,337692316950688,337692368026000,337692316185522,16800000,337692316991188,337692329314480,337692330476730,337692345135938,337692352913272,5651042,301041,337692352913272,337692345847688,-1,337692345135938,
0,116947350,337692332542667,337692332542667,0,337692333210897,337692333212063,337692333880563,337692334028397,337692384826000,337692333203522,16800000,337692334069647,337692346037897,337692347324813,337692361116188,337692369473147,5510250,379666,337692369473147,337692361827980,-1,337692361116188,
0,116947358,337692349342667,337692349342667,0,337692349697980,337692349699522,337692350329480,337692350519855,337692401626000,337692349691605,16800000,337692350558855,337692362014605,337692363261063,337692378610272,337692386394563,6390500,294000,337692386394563,337692379683480,-1,337692378610272,
0,116947366,337692366142667,337692366142667,0,337692366471188,337692366472563,337692367099397,337692367244688,337692418426000,337692366465647,16800000,337692367283355,337692379874647,337692381192188,337692395211272,337692402999980,5639292,576125,337692402999980,337692396131938,-1,337692395211272,
0,116947374,337692382942667,337692382942667,0,337692383256063,337692383257313,337692384146355,337692384312480,337692435226000,337692383249480,16800000,337692384354480,337692396315022,337692398673022,337692413138563,337692420976647,4793666,407500,337692420976647,337692413923647,-1,337692413138563,
0,116947382,337692399742667,337692399742667,0,337692400066188,337692400067272,337692400787563,337692400938063,337692452026000,337692400060105,16800000,337692400978772,337692414111188,337692415391355,337692429408688,337692437144563,4679917,315250,337692437144563,337692430077438,-1,337692429408688,
0,116947390,337692416542667,337692416542667,0,337692416827105,337692416828188,337692417503022,337692417657772,337692468826000,337692416821938,16800000,337692417703147,337692430263772,337692431508813,337692445303688,337692453119813,5298625,302584,337692453119813,337692445959855,-1,337692445303688,
0,116947398,337692433342667,337692433342667,0,337692433614522,337692433615772,337692438013063,337692438155980,337692485626000,337692433609147,16800000,337692438239397,337692446166730,337692447558313,337692467403480,337692475216147,6400708,402542,337692475216147,337692468143022,-1,337692467403480,
0,116947406,337692450142667,337692450142667,0,337692450654397,337692450655897,337692451245397,337692451385397,337692502426000,337692450648147,16800000,337692451424022,337692468326730,337692469442688,337692480552605,337692488376688,2841667,384709,337692488376688,337692481532522,-1,337692480552605,
0,116947414,337692466942667,337692466942667,0,337692469614938,337692469615563,337692470347105,337692470488772,337692519226000,337692469610063,16800000,337692470531855,337692481733355,337692483045105,337692495431022,337692503121397,4285042,306958,337692503121397,337692496087480,-1,337692495431022,
0,116947422,337692483742667,337692483742667,0,337692484094897,337692484096147,337692484743022,337692484892313,337692536026000,337692484088730,16800000,337692484932230,337692496271647,337692497408105,337692511577397,337692519436647,6751834,337250,337692519436647,337692512229230,-1,337692511577397,
0,116947430,337692500542667,337692500542667,0,337692500818938,337692500820188,337692501589272,337692501733730,337692552826000,337692500812397,16800000,337692501774605,337692512412438,337692513587105,337692528867688,337692536583105,7298875,321917,337692536583105,337692529544147,-1,337692528867688,
8,116947438,337692517342667,337692517342667,0,337692517629272,337692517630563,337692518607563,337692518741147,337692536026000,337692517622938,16800000,337692518777480,337692529733855,337689564505729,337689568132729,337689573316354,19166,313792,337689573316354,337689568838562,-1,337689568132729,
---PROFILEDATA---


View hierarchy:

  com.auroratv.lab/com.auroratv.MainActivity/android.view.ViewRootImpl@fb4a4aa
  334 views, 648.75 kB of render nodes


Total ViewRootImpl   : 1
Total attached Views : 334
Total RenderNode     : 648.75 kB (used) / 2457.44 kB (capacity)

