16683333
0	0	0
0	0	0
0	0	0
0	0	0
0	0	0
0	0	0
0	0	0
0	0	0
0	0	0
0	0	0
0	0	0
0	0	0
0	0	0
0	0	0
0	0	0
0	0	0
0	0	0
0	0	0
0	0	0
0	0	0
0	0	0
0	0	0
0	0	0
0	0	0
0	0	0
0	0	0
0	0	0
0	0	0
0	0	0
0	0	0
0	0	0
0	0	0
0	0	0
0	0	0
0	0	0
0	0	0
0	0	0
0	0	0
0	0	0
0	0	0
0	0	0
0	0	0
0	0	0
0	0	0
0	0	0
0	0	0
0	0	0
0	0	0
0	0	0
0	0	0
0	0	0
0	0	0
0	0	0
0	0	0
0	0	0
0	0	0
0	0	0
0	0	0
0	0	0
0	0	0
0	0	0
0	0	0
0	0	0
0	0	0
0	0	0
0	0	0
0	0	0
0	0	0
0	0	0
0	0	0
0	0	0
0	0	0
0	0	0
0	0	0
0	0	0
0	0	0
0	0	0
0	0	0
0	0	0
0	0	0
0	0	0
0	0	0
0	0	0
0	0	0
0	0	0
0	0	0
0	0	0
0	0	0
0	0	0
0	0	0
0	0	0
0	0	0
0	0	0
0	0	0
0	0	0
0	0	0
0	0	0
0	0	0
0	0	0
0	0	0
0	0	0
0	0	0
0	0	0
0	0	0
0	0	0
0	0	0
0	0	0
0	0	0
0	0	0
0	0	0
0	0	0
0	0	0
0	0	0
0	0	0
0	0	0
0	0	0
0	0	0
0	0	0
0	0	0
0	0	0
0	0	0
0	0	0
0	0	0
0	0	0
0	0	0
0	0	0
0	0	0

===
16683333
0	0	0
0	0	0
0	0	0
0	0	0
0	0	0
0	0	0
0	0	0
0	0	0
0	0	0
0	0	0
0	0	0
0	0	0
0	0	0
0	0	0
0	0	0
0	0	0
0	0	0
0	0	0
0	0	0
0	0	0
0	0	0
0	0	0
0	0	0
0	0	0
0	0	0
0	0	0
0	0	0
0	0	0
0	0	0
0	0	0
0	0	0
0	0	0
0	0	0
0	0	0
0	0	0
0	0	0
0	0	0
0	0	0
0	0	0
0	0	0
0	0	0
0	0	0
0	0	0
0	0	0
0	0	0
0	0	0
0	0	0
0	0	0
0	0	0
0	0	0
0	0	0
0	0	0
0	0	0
0	0	0
0	0	0
0	0	0
0	0	0
0	0	0
0	0	0
0	0	0
0	0	0
0	0	0
0	0	0
0	0	0
0	0	0
0	0	0
0	0	0
0	0	0
0	0	0
0	0	0
0	0	0
0	0	0
0	0	0
0	0	0
0	0	0
0	0	0
0	0	0
0	0	0
0	0	0
0	0	0
0	0	0
0	0	0
0	0	0
0	0	0
0	0	0
0	0	0
0	0	0
0	0	0
0	0	0
0	0	0
0	0	0
0	0	0
0	0	0
0	0	0
0	0	0
0	0	0
0	0	0
0	0	0
0	0	0
0	0	0
0	0	0
0	0	0
0	0	0
0	0	0
0	0	0
337680309828183	337680329859265	337680326172516
337680337176224	337680346542598	337680355483391
337680375966891	337680396592597	337680394361099
337680399493516	337680413275930	337680405667474
337680430953933	337680429959263	337680438487391
337680446375058	337680446642596	337680453929308
337680461013683	337680463325929	337680468566641
337680472711891	337680480009262	337680480319349
337680482205141	337680496692595	337680489818641
337680500974724	337680513375928	337680508654224
337680517975266	337680530059261	337680525615849
337680534562558	337680546742594	337680542151308
337680550734891	337680563425927	337680558336641
337680568751224	337680580109260	337680576401766
337680582175183	337680596792593	337680589781974
337680598615974	337680613475926	337680606261433
337680615583558	337680630159259	337680623161683
337680631877724	337680646842592	337680639263766
337681107644933	337681130659249	337681129796933
337681129247933	337681147342582	337681158072308
337681161952933	337681180709248	337681190558850
337681183727641	337681214075914	337681223229225

===
16683333
0	0	0
0	0	0
0	0	0
0	0	0
0	0	0
0	0	0
0	0	0
0	0	0
0	0	0
0	0	0
0	0	0
0	0	0
0	0	0
0	0	0
0	0	0
0	0	0
0	0	0
0	0	0
0	0	0
0	0	0
0	0	0
0	0	0
0	0	0
0	0	0
0	0	0
0	0	0
0	0	0
0	0	0
0	0	0
0	0	0
0	0	0
337680309828183	337680329859265	337680326172516
337680337176224	337680346542598	337680355483391
337680375966891	337680396592597	337680394361099
337680399493516	337680413275930	337680405667474
337680430953933	337680429959263	337680438487391
337680446375058	337680446642596	337680453929308
337680461013683	337680463325929	337680468566641
337680472711891	337680480009262	337680480319349
337680482205141	337680496692595	337680489818641
337680500974724	337680513375928	337680508654224
337680517975266	337680530059261	337680525615849
337680534562558	337680546742594	337680542151308
337680550734891	337680563425927	337680558336641
337680568751224	337680580109260	337680576401766
337680582175183	337680596792593	337680589781974
337680598615974	337680613475926	337680606261433
337680615583558	337680630159259	337680623161683
337680631877724	337680646842592	337680639263766
337681107644933	337681130659249	337681129796933
337681129247933	337681147342582	337681158072308
337681161952933	337681180709248	337681190558850
337681183727641	337681214075914	337681223229225
337681210931475	337681247442580	337681245714975
337681246306475	337681264125913	337681257050016
337681266378016	337681280809246	337681276592350
337681281074808	337681297492579	337681291053308
337681295972266	337681314175912	337681305877766
337681311227100	337681330859245	337681321018308
337681334390808	337681347542578	337681341891808
337681346192350	337681364225911	337681353602933
337681359342933	337681380909244	337681366876058
337681375832308	337681397592577	337681383354391
337681392751391	337681414275910	337681400278683
337681409511391	337681430959243	337681417029350
337681426353808	337681447642576	337681433891433
337681443017058	337681464325909	337681450528100
337681459098933	337681481009242	337681466497642
337681475890600	337681497692575	337681483396892
337681493124683	337681514375908	337681500650225
337681510106350	337681531059241	337681517631100
337681526539600	337681547742574	337681534044350
337681543254392	337681564425907	337681550766558
337681560622017	337681581109240	337681568073892
337681576597308	337681597792573	337681584173142
337681593563142	337681614475906	337681601127100
337681611456683	337681631159239	337681618969350
337681626045475	337681647842572	337681633563892
337681643208642	337681664525905	337681650812142
337681660163642	337681681209238	337681667606725
337681674089350	337681697892571	337681681584142
337681691322058	337681714575904	337681698801558
337681708627975	337681731259237	337681716101392
337681726662600	337681747942570	337681734087433
337681741648017	337681764625903	337681749134933
337681758722642	337681781309236	337681766184933
337681776871850	337681797992569	337681784378975
337681793368267	337681814675902	337681800843892
337681810288142	337681831359235	337681818964267
337681826677808	337681848042568	337681834132392
337681842429683	337681864725901	337681849924225
337681861076892	337681881409234	337681870987642
337681877526350	337681898092567	337681885089642
337681895234517	337681914775900	337681902726850
337681910615058	337681931459233	337681918170225
337681931742933	337681948142566	337681939620558
337681949048225	337681964825899	337681956914517
337681966058725	337681981509232	337681973838100
337681982579225	337681998192565	337681990441892
337682000089850	337682014875898	337682007934433
337682015181183	337682031559231	337682023056225
337682032134475	337682048242564	337682039964142
337682046873392	337682064925897	337682054592100
337682063783975	337682081609230	337682071307267
337682078885183	337682098292563	337682086369350
337682094773392	337682114975896	337682102350517
337682110958600	337682131659229	337682118526767
337682127684975	337682148342562	337682135241142
337682144753600	337682165025895	337682152274142
337682162043809	337682181709228	337682169561142
337682178851600	337682198392561	337682186446100
337682196921517	337682215075894	337682204435309
337682212953559	337682231759227	337682220514767
337682230722684	337682248442560	337682238213517
337682246952975	337682265125893	337682254394142
337682262607184	337682281809226	337682270114475
337682279328475	337682298492559	337682286861559
337682298424934	337682315175892	337682305906475
337682313659684	337682331859225	337682321258434
337682330933392	337682348542558	337682338487267
337682348593017	337682365225891	337682356127559
337682366198725	337682381909224	337682373450975
337682382090142	337682398592557	337682389929809
337682399861892	337682415275890	337682407405225
337682415989434	337682431959223	337682423499309
337682433942975	337682448642556	337682441448767
337682450106475	337682465325889	337682457591559

===
16683333
0	0	0
0	0	0
0	0	0
0	0	0
0	0	0
0	0	0
337680309828183	337680329859265	337680326172516
337680337176224	337680346542598	337680355483391
337680375966891	337680396592597	337680394361099
337680399493516	337680413275930	337680405667474
337680430953933	337680429959263	337680438487391
337680446375058	337680446642596	337680453929308
337680461013683	337680463325929	337680468566641
337680472711891	337680480009262	337680480319349
337680482205141	337680496692595	337680489818641
337680500974724	337680513375928	337680508654224
337680517975266	337680530059261	337680525615849
337680534562558	337680546742594	337680542151308
337680550734891	337680563425927	337680558336641
337680568751224	337680580109260	337680576401766
337680582175183	337680596792593	337680589781974
337680598615974	337680613475926	337680606261433
337680615583558	337680630159259	337680623161683
337680631877724	337680646842592	337680639263766
337681107644933	337681130659249	337681129796933
337681129247933	337681147342582	337681158072308
337681161952933	337681180709248	337681190558850
337681183727641	337681214075914	337681223229225
337681210931475	337681247442580	337681245714975
337681246306475	337681264125913	337681257050016
337681266378016	337681280809246	337681276592350
337681281074808	337681297492579	337681291053308
337681295972266	337681314175912	337681305877766
337681311227100	337681330859245	337681321018308
337681334390808	337681347542578	337681341891808
337681346192350	337681364225911	337681353602933
337681359342933	337681380909244	337681366876058
337681375832308	337681397592577	337681383354391
337681392751391	337681414275910	337681400278683
337681409511391	337681430959243	337681417029350
337681426353808	337681447642576	337681433891433
337681443017058	337681464325909	337681450528100
337681459098933	337681481009242	337681466497642
337681475890600	337681497692575	337681483396892
337681493124683	337681514375908	337681500650225
337681510106350	337681531059241	337681517631100
337681526539600	337681547742574	337681534044350
337681543254392	337681564425907	337681550766558
337681560622017	337681581109240	337681568073892
337681576597308	337681597792573	337681584173142
337681593563142	337681614475906	337681601127100
337681611456683	337681631159239	337681618969350
337681626045475	337681647842572	337681633563892
337681643208642	337681664525905	337681650812142
337681660163642	337681681209238	337681667606725
337681674089350	337681697892571	337681681584142
337681691322058	337681714575904	337681698801558
337681708627975	337681731259237	337681716101392
337681726662600	337681747942570	337681734087433
337681741648017	337681764625903	337681749134933
337681758722642	337681781309236	337681766184933
337681776871850	337681797992569	337681784378975
337681793368267	337681814675902	337681800843892
337681810288142	337681831359235	337681818964267
337681826677808	337681848042568	337681834132392
337681842429683	337681864725901	337681849924225
337681861076892	337681881409234	337681870987642
337681877526350	337681898092567	337681885089642
337681895234517	337681914775900	337681902726850
337681910615058	337681931459233	337681918170225
337681931742933	337681948142566	337681939620558
337681949048225	337681964825899	337681956914517
337681966058725	337681981509232	337681973838100
337681982579225	337681998192565	337681990441892
337682000089850	337682014875898	337682007934433
337682015181183	337682031559231	337682023056225
337682032134475	337682048242564	337682039964142
337682046873392	337682064925897	337682054592100
337682063783975	337682081609230	337682071307267
337682078885183	337682098292563	337682086369350
337682094773392	337682114975896	337682102350517
337682110958600	337682131659229	337682118526767
337682127684975	337682148342562	337682135241142
337682144753600	337682165025895	337682152274142
337682162043809	337682181709228	337682169561142
337682178851600	337682198392561	337682186446100
337682196921517	337682215075894	337682204435309
337682212953559	337682231759227	337682220514767
337682230722684	337682248442560	337682238213517
337682246952975	337682265125893	337682254394142
337682262607184	337682281809226	337682270114475
337682279328475	337682298492559	337682286861559
337682298424934	337682315175892	337682305906475
337682313659684	337682331859225	337682321258434
337682330933392	337682348542558	337682338487267
337682348593017	337682365225891	337682356127559
337682366198725	337682381909224	337682373450975
337682382090142	337682398592557	337682389929809
337682399861892	337682415275890	337682407405225
337682415989434	337682431959223	337682423499309
337682433942975	337682448642556	337682441448767
337682450106475	337682465325889	337682457591559
337682467157017	337682482009222	337682474636350
337682482230809	337682498692555	337682491149309
337682499374184	337682515375888	337682507257600
337682517594934	337682532059221	337682525104142
337682532609517	337682548742554	337682540199559
337682548483642	337682565425887	337682557224100
337682564481059	337682582109220	337682572659767
337682582861225	337682598792553	337682590408309
337682599834225	337682615475886	337682607424350
337682615231559	337682632159219	337682622356559
337682818955642	337682832359215	337682840322850
337683055461309	337683065925877	337683076728976
337683216212017	337683232759207	337683238016601
337683226681101	337683249442540	337683249791726
337683251218434	337683266125873	337683262551892
337683267938517	337683282809206	337683279227726
337683284893684	337683299492539	337683297083726
337683302347309	337683316175872	337683313489601
337683318731642	337683332859205	337683330054476
337683336181142	337683349542538	337683347326684
337683352420517	337683366225871	337683358965101
337683369768351	337683382909204	337683373432892
337683385636101	337683399592537	337683389432934
337683402658976	337683416275870	337683406453017
337683420562976	337683432959203	337683424374267

===
16683333
337681246306475	337681264125913	337681257050016
337681266378016	337681280809246	337681276592350
337681281074808	337681297492579	337681291053308
337681295972266	337681314175912	337681305877766
337681311227100	337681330859245	337681321018308
337681334390808	337681347542578	337681341891808
337681346192350	337681364225911	337681353602933
337681359342933	337681380909244	337681366876058
337681375832308	337681397592577	337681383354391
337681392751391	337681414275910	337681400278683
337681409511391	337681430959243	337681417029350
337681426353808	337681447642576	337681433891433
337681443017058	337681464325909	337681450528100
337681459098933	337681481009242	337681466497642
337681475890600	337681497692575	337681483396892
337681493124683	337681514375908	337681500650225
337681510106350	337681531059241	337681517631100
337681526539600	337681547742574	337681534044350
337681543254392	337681564425907	337681550766558
337681560622017	337681581109240	337681568073892
337681576597308	337681597792573	337681584173142
337681593563142	337681614475906	337681601127100
337681611456683	337681631159239	337681618969350
337681626045475	337681647842572	337681633563892
337681643208642	337681664525905	337681650812142
337681660163642	337681681209238	337681667606725
337681674089350	337681697892571	337681681584142
337681691322058	337681714575904	337681698801558
337681708627975	337681731259237	337681716101392
337681726662600	337681747942570	337681734087433
337681741648017	337681764625903	337681749134933
337681758722642	337681781309236	337681766184933
337681776871850	337681797992569	337681784378975
337681793368267	337681814675902	337681800843892
337681810288142	337681831359235	337681818964267
337681826677808	337681848042568	337681834132392
337681842429683	337681864725901	337681849924225
337681861076892	337681881409234	337681870987642
337681877526350	337681898092567	337681885089642
337681895234517	337681914775900	337681902726850
337681910615058	337681931459233	337681918170225
337681931742933	337681948142566	337681939620558
337681949048225	337681964825899	337681956914517
337681966058725	337681981509232	337681973838100
337681982579225	337681998192565	337681990441892
337682000089850	337682014875898	337682007934433
337682015181183	337682031559231	337682023056225
337682032134475	337682048242564	337682039964142
337682046873392	337682064925897	337682054592100
337682063783975	337682081609230	337682071307267
337682078885183	337682098292563	337682086369350
337682094773392	337682114975896	337682102350517
337682110958600	337682131659229	337682118526767
337682127684975	337682148342562	337682135241142
337682144753600	337682165025895	337682152274142
337682162043809	337682181709228	337682169561142
337682178851600	337682198392561	337682186446100
337682196921517	337682215075894	337682204435309
337682212953559	337682231759227	337682220514767
337682230722684	337682248442560	337682238213517
337682246952975	337682265125893	337682254394142
337682262607184	337682281809226	337682270114475
337682279328475	337682298492559	337682286861559
337682298424934	337682315175892	337682305906475
337682313659684	337682331859225	337682321258434
337682330933392	337682348542558	337682338487267
337682348593017	337682365225891	337682356127559
337682366198725	337682381909224	337682373450975
337682382090142	337682398592557	337682389929809
337682399861892	337682415275890	337682407405225
337682415989434	337682431959223	337682423499309
337682433942975	337682448642556	337682441448767
337682450106475	337682465325889	337682457591559
337682467157017	337682482009222	337682474636350
337682482230809	337682498692555	337682491149309
337682499374184	337682515375888	337682507257600
337682517594934	337682532059221	337682525104142
337682532609517	337682548742554	337682540199559
337682548483642	337682565425887	337682557224100
337682564481059	337682582109220	337682572659767
337682582861225	337682598792553	337682590408309
337682599834225	337682615475886	337682607424350
337682615231559	337682632159219	337682622356559
337682818955642	337682832359215	337682840322850
337683055461309	337683065925877	337683076728976
337683216212017	337683232759207	337683238016601
337683226681101	337683249442540	337683249791726
337683251218434	337683266125873	337683262551892
337683267938517	337683282809206	337683279227726
337683284893684	337683299492539	337683297083726
337683302347309	337683316175872	337683313489601
337683318731642	337683332859205	337683330054476
337683336181142	337683349542538	337683347326684
337683352420517	337683366225871	337683358965101
337683369768351	337683382909204	337683373432892
337683385636101	337683399592537	337683389432934
337683402658976	337683416275870	337683406453017
337683420562976	337683432959203	337683424374267
337684155158434	337684167025855	337684164463684
337684166289434	337684183709188	337684175597226
337684219181976	337684233759187	337684236394559
337684239695685	337684267125853	337684257466143
337684250289976	337684283809186	337684276620560
337684279996351	337684300492519	337684297789060
337684294621601	337684317175852	337684310118101
337684311515226	337684333859185	337684316181726
337684328279893	337684350542518	337684332941393
337684346268268	337684367225851	337684350922643
337684363761226	337684383909184	337684368409685
337684380863060	337684400592517	337684385511976
337684399024185	337684417275850	337684403656810
337684414567518	337684433959183	337684419217101
337684433136060	337684450642516	337684437763060
337684449748726	337684467325849	337684454276893
337684467652226	337684484009182	337684472270726
337684485310143	337684500692515	337684490010476
337684501092310	337684517375848	337684507518810
337684517344518	337684534059181	337684521957643
337684535128185	337684550742514	337684539752560
337684549411976	337684567425847	337684554025060
337684568400685	337684584109180	337684573060810
337684582619893	337684600792513	337684587254935
337684599966976	337684617475846	337684604666310
337684616100018	337684634159179	337684620756476
337684633401560	337684650842512	337684638015560
337684650537560	337684667525845	337684655267643
337684667418726	337684684209178	337684671979310

===
16683333
337682046873392	337682064925897	337682054592100
337682063783975	337682081609230	337682071307267
337682078885183	337682098292563	337682086369350
337682094773392	337682114975896	337682102350517
337682110958600	337682131659229	337682118526767
337682127684975	337682148342562	337682135241142
337682144753600	337682165025895	337682152274142
337682162043809	337682181709228	337682169561142
337682178851600	337682198392561	337682186446100
337682196921517	337682215075894	337682204435309
337682212953559	337682231759227	337682220514767
337682230722684	337682248442560	337682238213517
337682246952975	337682265125893	337682254394142
337682262607184	337682281809226	337682270114475
337682279328475	337682298492559	337682286861559
337682298424934	337682315175892	337682305906475
337682313659684	337682331859225	337682321258434
337682330933392	337682348542558	337682338487267
337682348593017	337682365225891	337682356127559
337682366198725	337682381909224	337682373450975
337682382090142	337682398592557	337682389929809
337682399861892	337682415275890	337682407405225
337682415989434	337682431959223	337682423499309
337682433942975	337682448642556	337682441448767
337682450106475	337682465325889	337682457591559
337682467157017	337682482009222	337682474636350
337682482230809	337682498692555	337682491149309
337682499374184	337682515375888	337682507257600
337682517594934	337682532059221	337682525104142
337682532609517	337682548742554	337682540199559
337682548483642	337682565425887	337682557224100
337682564481059	337682582109220	337682572659767
337682582861225	337682598792553	337682590408309
337682599834225	337682615475886	337682607424350
337682615231559	337682632159219	337682622356559
337682818955642	337682832359215	337682840322850
337683055461309	337683065925877	337683076728976
337683216212017	337683232759207	337683238016601
337683226681101	337683249442540	337683249791726
337683251218434	337683266125873	337683262551892
337683267938517	337683282809206	337683279227726
337683284893684	337683299492539	337683297083726
337683302347309	337683316175872	337683313489601
337683318731642	337683332859205	337683330054476
337683336181142	337683349542538	337683347326684
337683352420517	337683366225871	337683358965101
337683369768351	337683382909204	337683373432892
337683385636101	337683399592537	337683389432934
337683402658976	337683416275870	337683406453017
337683420562976	337683432959203	337683424374267
337684155158434	337684167025855	337684164463684
337684166289434	337684183709188	337684175597226
337684219181976	337684233759187	337684236394559
337684239695685	337684267125853	337684257466143
337684250289976	337684283809186	337684276620560
337684279996351	337684300492519	337684297789060
337684294621601	337684317175852	337684310118101
337684311515226	337684333859185	337684316181726
337684328279893	337684350542518	337684332941393
337684346268268	337684367225851	337684350922643
337684363761226	337684383909184	337684368409685
337684380863060	337684400592517	337684385511976
337684399024185	337684417275850	337684403656810
337684414567518	337684433959183	337684419217101
337684433136060	337684450642516	337684437763060
337684449748726	337684467325849	337684454276893
337684467652226	337684484009182	337684472270726
337684485310143	337684500692515	337684490010476
337684501092310	337684517375848	337684507518810
337684517344518	337684534059181	337684521957643
337684535128185	337684550742514	337684539752560
337684549411976	337684567425847	337684554025060
337684568400685	337684584109180	337684573060810
337684582619893	337684600792513	337684587254935
337684599966976	337684617475846	337684604666310
337684616100018	337684634159179	337684620756476
337684633401560	337684650842512	337684638015560
337684650537560	337684667525845	337684655267643
337684667418726	337684684209178	337684671979310
337685049630810	337685067925837	337685063545768
337685066739727	337685084609170	337685080687768
337685085490852	337685101292503	337685099525310
337685103635685	337685117975836	337685117623643
337685120593143	337685134659169	337685134518852
337685135511893	337685151342502	337685149529852
337685152148060	337685168025835	337685166107643
337685169807268	337685184709168	337685174417852
337685185372227	337685201392501	337685189934518
337685202989227	337685218075834	337685207535185
337685219553768	337685234759167	337685224152393
337685237686310	337685251442500	337685242378852
337685254362602	337685268125833	337685258950560
337685270174393	337685284809166	337685274837893
337685286300935	337685301492499	337685290928143
337685303397768	337685318175832	337685308169227
337685321591852	337685334859165	337685326203435
337685670433935	337685685209158	337685684503810
337685708821977	337685718575824	337685724346394
337685725168810	337685735259157	337685743313269
337685740510602	337685751942490	337685762003685
337685756241227	337685768625823	337685779201477
337685773561227	337685785309156	337685795894685
337685791566060	337685801992489	337685805260060
337685807977810	337685818675822	337685813069102
337685824928935	337685835359155	337685830034977
337685838392102	337685852042488	337685843049810
337685855057310	337685868725821	337685859704102
337685875374060	337685885409154	337685880070185
337685890743727	337685902092487	337685895406060
337685907627185	337685918775820	337685912274685
337685922332977	337685935459153	337685926971185
337685938839769	337685952142486	337685943558019
337685958045894	337685985509152	337685962692852
337685974289685	337685985509152	337685979039560
337685993973144	337686002192485	337685998681810
337686007058769	337686035559151	337686011664727
337686025819310	337686052242484	337686030583894
337686047235852	337686068925817	337686051973894
337686060717560	337686085609150	337686065562810
337686077829227	337686102292483	337686082886102
337686093477727	337686118975816	337686098613977
337686111611560	337686135659149	337686116801685
337686128187519	337686152342482	337686133359352
337686144477477	337686169025815	337686149659852
337686160785727	337686185709148	337686165953852
337686178143227	337686202392481	337686183328227
337686195320435	337686219075814	337686200531977

===
16683333
337684485310143	337684500692515	337684490010476
337684501092310	337684517375848	337684507518810
337684517344518	337684534059181	337684521957643
337684535128185	337684550742514	337684539752560
337684549411976	337684567425847	337684554025060
337684568400685	337684584109180	337684573060810
337684582619893	337684600792513	337684587254935
337684599966976	337684617475846	337684604666310
337684616100018	337684634159179	337684620756476
337684633401560	337684650842512	337684638015560
337684650537560	337684667525845	337684655267643
337684667418726	337684684209178	337684671979310
337685049630810	337685067925837	337685063545768
337685066739727	337685084609170	337685080687768
337685085490852	337685101292503	337685099525310
337685103635685	337685117975836	337685117623643
337685120593143	337685134659169	337685134518852
337685135511893	337685151342502	337685149529852
337685152148060	337685168025835	337685166107643
337685169807268	337685184709168	337685174417852
337685185372227	337685201392501	337685189934518
337685202989227	337685218075834	337685207535185
337685219553768	337685234759167	337685224152393
337685237686310	337685251442500	337685242378852
337685254362602	337685268125833	337685258950560
337685270174393	337685284809166	337685274837893
337685286300935	337685301492499	337685290928143
337685303397768	337685318175832	337685308169227
337685321591852	337685334859165	337685326203435
337685670433935	337685685209158	337685684503810
337685708821977	337685718575824	337685724346394
337685725168810	337685735259157	337685743313269
337685740510602	337685751942490	337685762003685
337685756241227	337685768625823	337685779201477
337685773561227	337685785309156	337685795894685
337685791566060	337685801992489	337685805260060
337685807977810	337685818675822	337685813069102
337685824928935	337685835359155	337685830034977
337685838392102	337685852042488	337685843049810
337685855057310	337685868725821	337685859704102
337685875374060	337685885409154	337685880070185
337685890743727	337685902092487	337685895406060
337685907627185	337685918775820	337685912274685
337685922332977	337685935459153	337685926971185
337685938839769	337685952142486	337685943558019
337685958045894	337685985509152	337685962692852
337685974289685	337685985509152	337685979039560
337685993973144	337686002192485	337685998681810
337686007058769	337686035559151	337686011664727
337686025819310	337686052242484	337686030583894
337686047235852	337686068925817	337686051973894
337686060717560	337686085609150	337686065562810
337686077829227	337686102292483	337686082886102
337686093477727	337686118975816	337686098613977
337686111611560	337686135659149	337686116801685
337686128187519	337686152342482	337686133359352
337686144477477	337686169025815	337686149659852
337686160785727	337686185709148	337686165953852
337686178143227	337686202392481	337686183328227
337686195320435	337686219075814	337686200531977
337686211480852	337686235759147	337686216327519
337686229270560	337686252442480	337686234104935
337686244306477	337686269125813	337686249058685
337686259454727	337686285809146	337686264155185
337686275281977	337686302492479	337686280024144
337686291784602	337686319175812	337686296503269
337686308540769	337686335859145	337686313255602
337686325254602	337686352542478	337686329959727
337686344147936	337686369225811	337686348854519
337686360147561	337686385909144	337686364774144
337686377391436	337686402592477	337686382135519
337686393858811	337686419275810	337686398573227
337686411123686	337686435959143	337686415875811
337686458418102	337686469325809	337686463135144
337686466467811	337686486009142	337686470947477
337686485356602	337686502692475	337686490843811
337686531983477	337686536059141	337686538512602
337686543113811	337686552742474	337686549070977
337686564955644	337686569425807	337686571280977
337686574327936	337686586109140	337686580628061
337686581265019	337686602792473	337686587526811
337686598451602	337686619475806	337686604663811
337686615969727	337686636159139	337686622170686
337686629684686	337686652842472	337686635895769
337686645740644	337686669525805	337686650562977
337686662141269	337686686209138	337686666953311
337686679213311	337686702892471	337686684053811
337686762554394	337686769625803	337686768718144
337686795520144	337686802992469	337686802293394
337686813695436	337686819675802	337686820472852
337686830858727	337686836359135	337686837619352
337686847109394	337686853042468	337686853876852
337686864206852	337686869725801	337686870913852
337686880281186	337686886409134	337686886952811
337686898250727	337686903092467	337686904961686
337686913946977	337686919775800	337686920615811
337686930490436	337686936459133	337686936612811
337686947548519	337686953142466	337686952538394
337686964534769	337686969825799	337686969328686
337686980416477	337686986509132	337686985128352
337686996958102	337687003192465	337687001728852
337687013853186	337687019875798	337687018564602
337687030787019	337687036559131	337687035600978
337687047564353	337687053242464	337687052319936
337687064964061	337687069925797	337687069632186
337687083268561	337687086609130	337687088103478
337687100397186	337687103292463	337687104799353
337687116956061	337687119975796	337687121728144
337687132769311	337687136659129	337687137532603
337687165344394	337687170025795	337687170150061
337687176779019	337687186709128	337687181514103
337687188774769	337687203392461	337687195186603
337687202774436	337687220075794	337687207917228
337687220039978	337687236759127	337687225187061
337687236128644	337687253442460	337687241260811
337687253873228	337687270125793	337687259029019
337687269640686	337687286809126	337687274823186
337687288428228	337687303492459	337687293683019
337687305203978	337687320175792	337687310481269
337687317976478	337687336859125	337687322735686
337687334990478	337687353542458	337687339754061
337687351271561	337687370225791	337687356046728
337687367431061	337687386909124	337687372180936
337687383663394	337687403592457	337687388416978
337687400812478	337687420275790	337687405610061
337687417264603	337687436959123	337687421997978
337687433974019	337687453642456	337687438715478

===
16683333
337686325254602	337686352542478	337686329959727
337686344147936	337686369225811	337686348854519
337686360147561	337686385909144	337686364774144
337686377391436	337686402592477	337686382135519
337686393858811	337686419275810	337686398573227
337686411123686	337686435959143	337686415875811
337686458418102	337686469325809	337686463135144
337686466467811	337686486009142	337686470947477
337686485356602	337686502692475	337686490843811
337686531983477	337686536059141	337686538512602
337686543113811	337686552742474	337686549070977
337686564955644	337686569425807	337686571280977
337686574327936	337686586109140	337686580628061
337686581265019	337686602792473	337686587526811
337686598451602	337686619475806	337686604663811
337686615969727	337686636159139	337686622170686
337686629684686	337686652842472	337686635895769
337686645740644	337686669525805	337686650562977
337686662141269	337686686209138	337686666953311
337686679213311	337686702892471	337686684053811
337686762554394	337686769625803	337686768718144
337686795520144	337686802992469	337686802293394
337686813695436	337686819675802	337686820472852
337686830858727	337686836359135	337686837619352
337686847109394	337686853042468	337686853876852
337686864206852	337686869725801	337686870913852
337686880281186	337686886409134	337686886952811
337686898250727	337686903092467	337686904961686
337686913946977	337686919775800	337686920615811
337686930490436	337686936459133	337686936612811
337686947548519	337686953142466	337686952538394
337686964534769	337686969825799	337686969328686
337686980416477	337686986509132	337686985128352
337686996958102	337687003192465	337687001728852
337687013853186	337687019875798	337687018564602
337687030787019	337687036559131	337687035600978
337687047564353	337687053242464	337687052319936
337687064964061	337687069925797	337687069632186
337687083268561	337687086609130	337687088103478
337687100397186	337687103292463	337687104799353
337687116956061	337687119975796	337687121728144
337687132769311	337687136659129	337687137532603
337687165344394	337687170025795	337687170150061
337687176779019	337687186709128	337687181514103
337687188774769	337687203392461	337687195186603
337687202774436	337687220075794	337687207917228
337687220039978	337687236759127	337687225187061
337687236128644	337687253442460	337687241260811
337687253873228	337687270125793	337687259029019
337687269640686	337687286809126	337687274823186
337687288428228	337687303492459	337687293683019
337687305203978	337687320175792	337687310481269
337687317976478	337687336859125	337687322735686
337687334990478	337687353542458	337687339754061
337687351271561	337687370225791	337687356046728
337687367431061	337687386909124	337687372180936
337687383663394	337687403592457	337687388416978
337687400812478	337687420275790	337687405610061
337687417264603	337687436959123	337687421997978
337687433974019	337687453642456	337687438715478
337687453576436	337687470325789	337687458312103
337687468478103	337687487009122	337687473213103
337687486479353	337687503692455	337687491208519
337687503445311	337687520375788	337687508235603
337687520409644	337687537059121	337687525039686
337687556418186	337687553742454	337687561201103
337687564199186	337687570425787	337687569053811
337687571553436	337687587109120	337687576410144
337687586668144	337687603792453	337687591525644
337687628808353	337687637159119	337687633715186
337687635795311	337687653842452	337687640652978
337687655237978	337687670525785	337687660203978
337687671596019	337687687209118	337687676461061
337687686906894	337687703892451	337687691748603
337687704301394	337687720575784	337687708721769
337687720875894	337687737259117	337687725707894
337687737345478	337687753942450	337687742188186
337687753958353	337687770625783	337687758775770
337687770951145	337687787309116	337687775760895
337687787559020	337687803992449	337687792383895
337687804137853	337687820675782	337687808877561
337687887795686	337687887409114	337687896973686
337687921491145	337687920775780	337687932826770
337687941893978	337687954142446	337687953295228
337687957811353	337687970825779	337687969192561
337687972308478	337687987509112	337687983679561
337687989163811	337688004192445	337687996144061
337688006175353	337688020875778	337688011373853
337688025493145	337688037559111	337688030702478
337688042738228	337688054242444	337688047983103
337688056700311	337688070925777	337688061456395
337688073888145	337688087609110	337688078564645
337688089834603	337688104292443	337688094588853
337688106789478	337688120975776	337688111543853
337688123540061	337688137659109	337688128292478
337688140361186	337688154342442	337688145107728
337688157171186	337688171025775	337688161907895
337688174223936	337688187709108	337688178969020
337688191572686	337688204392441	337688196287978
337688208200103	337688221075774	337688212908145
337688225442686	337688237759107	337688230192145
337688242293478	337688254442440	337688247062228
337688270938811	337688271125773	337688275704811
337688283026186	337688287809106	337688287891645
337688293332103	337688304492439	337688298573311
337688311938311	337688321175772	337688317063270
337688327457020	337688337859105	337688332630853
337688346379436	337688354542438	337688351577353
337688359473936	337688371225771	337688364676603
337688376537520	337688387909104	337688381714770
337688395960270	337688404592437	337688401201520
337688414376853	337688437959103	337688419657478
337688430518686	337688454642436	337688435271312
337688443256895	337688471325769	337688448041895
337688459414145	337688488009102	337688464225103
337688475920853	337688504692435	337688480672270
337688492689687	337688521375768	337688497432520
337688511419812	337688538059101	337688516155395
337688526302853	337688554742434	337688531036728
337688542859937	337688571425767	337688547569103
337688562226603	337688588109100	337688566917395
337688579858062	337688604792433	337688584630520
337688597260437	337688621475766	337688602011228
337688611234853	337688638159099	337688615964853
337688628686603	337688654842432	337688633534687
337688673450103	337688688209098	337688678287728
337688683452520	337688704892431	337688688170187

===
16683333
337687571553436	337687587109120	337687576410144
337687586668144	337687603792453	337687591525644
337687628808353	337687637159119	337687633715186
337687635795311	337687653842452	337687640652978
337687655237978	337687670525785	337687660203978
337687671596019	337687687209118	337687676461061
337687686906894	337687703892451	337687691748603
337687704301394	337687720575784	337687708721769
337687720875894	337687737259117	337687725707894
337687737345478	337687753942450	337687742188186
337687753958353	337687770625783	337687758775770
337687770951145	337687787309116	337687775760895
337687787559020	337687803992449	337687792383895
337687804137853	337687820675782	337687808877561
337687887795686	337687887409114	337687896973686
337687921491145	337687920775780	337687932826770
337687941893978	337687954142446	337687953295228
337687957811353	337687970825779	337687969192561
337687972308478	337687987509112	337687983679561
337687989163811	337688004192445	337687996144061
337688006175353	337688020875778	337688011373853
337688025493145	337688037559111	337688030702478
337688042738228	337688054242444	337688047983103
337688056700311	337688070925777	337688061456395
337688073888145	337688087609110	337688078564645
337688089834603	337688104292443	337688094588853
337688106789478	337688120975776	337688111543853
337688123540061	337688137659109	337688128292478
337688140361186	337688154342442	337688145107728
337688157171186	337688171025775	337688161907895
337688174223936	337688187709108	337688178969020
337688191572686	337688204392441	337688196287978
337688208200103	337688221075774	337688212908145
337688225442686	337688237759107	337688230192145
337688242293478	337688254442440	337688247062228
337688270938811	337688271125773	337688275704811
337688283026186	337688287809106	337688287891645
337688293332103	337688304492439	337688298573311
337688311938311	337688321175772	337688317063270
337688327457020	337688337859105	337688332630853
337688346379436	337688354542438	337688351577353
337688359473936	337688371225771	337688364676603
337688376537520	337688387909104	337688381714770
337688395960270	337688404592437	337688401201520
337688414376853	337688437959103	337688419657478
337688430518686	337688454642436	337688435271312
337688443256895	337688471325769	337688448041895
337688459414145	337688488009102	337688464225103
337688475920853	337688504692435	337688480672270
337688492689687	337688521375768	337688497432520
337688511419812	337688538059101	337688516155395
337688526302853	337688554742434	337688531036728
337688542859937	337688571425767	337688547569103
337688562226603	337688588109100	337688566917395
337688579858062	337688604792433	337688584630520
337688597260437	337688621475766	337688602011228
337688611234853	337688638159099	337688615964853
337688628686603	337688654842432	337688633534687
337688673450103	337688688209098	337688678287728
337688683452520	337688704892431	337688688170187
337688700517603	337688721575764	337688705668145
337688712137895	337688738259097	337688717398728
337688731789687	337688754942430	337688737037937
337688766423562	337688771625763	337688771618103
337688774899395	337688788309096	337688779632562
337688799826937	337688804992429	337688804649603
337688810932645	337688821675762	337688815980020
337688823555937	337688838359095	337688828309562
337688832191645	337688855042428	337688837098395
337688847664645	337688871725761	337688852540978
337688864539812	337688888409094	337688869344062
337688879348228	337688905092427	337688884154103
337688896336520	337688921775760	337688901142728
337689013601853	337689021875758	337689018370812
337689046730603	337689071925757	337689062575228
337689063839937	337689088609090	337689079847187
337689081568645	337689105292423	337689097444895
337689101461437	337689121975756	337689117305937
337689115222145	337689138659089	337689132661312
337689131703437	337689155342422	337689145494020
337689148484770	337689172025755	337689153690604
337689165511812	337689188709088	337689170716895
337689181847479	337689205392421	337689186611937
337689198917437	337689222075754	337689203646479
337689215208895	337689238759087	337689219961812
337689231849229	337689255442420	337689236608979
337689248826479	337689272125753	337689253581312
337689265782479	337689288809086	337689270505895
337689283518312	337689305492419	337689288192979
337689300033562	337689322175752	337689305030270
337689318318270	337689338859085	337689323135229
337689334201770	337689355542418	337689339029104
337689350607062	337689372225751	337689355413437
337689368091395	337689388909084	337689372858729
337689398468979	337689405592417	337689403268562
337689407077145	337689422275750	337689413010354
337689417995895	337689438959083	337689423088270
337689434703854	337689455642416	337689439840770
337689450821812	337689472325749	337689455991729
337689467648312	337689489009082	337689472830770
337689484729937	337689505692415	337689489879479
337689501805145	337689522375748	337689506981229
337689518699270	337689539059081	337689523965062
337689535448354	337689555742414	337689540706354
337689552214437	337689572425747	337689556925395
337689568539145	337689589109080	337689573316354
337689586592437	337689605792413	337689591383645
337689601362562	337689622475746	337689606114187
337689617948187	337689639159079	337689622723520
337689634754062	337689655842412	337689639489895
337689651518479	337689672525745	337689656246770
337689668314145	337689689209078	337689673054520
337689685086437	337689705892411	337689689836104
337689703580104	337689722575744	337689708333520
337689720266645	337689739259077	337689724998479
337689736510979	337689755942410	337689741324729
337689752963937	337689772625743	337689757776187
337689794678729	337689805992409	337689799483604
337689805052520	337689822675742	337689809623895
337689820889145	337689839359075	337689825835145
337689837809521	337689856042408	337689843236104
337689865140187	337689872725741	337689870372521
337689872951187	337689889409074	337689878005271
337689890460812	337689906092407	337689895674062
337689906261271	337689922775740	337689911353646
337689921362687	337689939459073	337689926241479
337689938690354	337689956142406	337689943572021

===
16683333
337688579858062	337688604792433	337688584630520
337688597260437	337688621475766	337688602011228
337688611234853	337688638159099	337688615964853
337688628686603	337688654842432	337688633534687
337688673450103	337688688209098	337688678287728
337688683452520	337688704892431	337688688170187
337688700517603	337688721575764	337688705668145
337688712137895	337688738259097	337688717398728
337688731789687	337688754942430	337688737037937
337688766423562	337688771625763	337688771618103
337688774899395	337688788309096	337688779632562
337688799826937	337688804992429	337688804649603
337688810932645	337688821675762	337688815980020
337688823555937	337688838359095	337688828309562
337688832191645	337688855042428	337688837098395
337688847664645	337688871725761	337688852540978
337688864539812	337688888409094	337688869344062
337688879348228	337688905092427	337688884154103
337688896336520	337688921775760	337688901142728
337689013601853	337689021875758	337689018370812
337689046730603	337689071925757	337689062575228
337689063839937	337689088609090	337689079847187
337689081568645	337689105292423	337689097444895
337689101461437	337689121975756	337689117305937
337689115222145	337689138659089	337689132661312
337689131703437	337689155342422	337689145494020
337689148484770	337689172025755	337689153690604
337689165511812	337689188709088	337689170716895
337689181847479	337689205392421	337689186611937
337689198917437	337689222075754	337689203646479
337689215208895	337689238759087	337689219961812
337689231849229	337689255442420	337689236608979
337689248826479	337689272125753	337689253581312
337689265782479	337689288809086	337689270505895
337689283518312	337689305492419	337689288192979
337689300033562	337689322175752	337689305030270
337689318318270	337689338859085	337689323135229
337689334201770	337689355542418	337689339029104
337689350607062	337689372225751	337689355413437
337689368091395	337689388909084	337689372858729
337689398468979	337689405592417	337689403268562
337689407077145	337689422275750	337689413010354
337689417995895	337689438959083	337689423088270
337689434703854	337689455642416	337689439840770
337689450821812	337689472325749	337689455991729
337689467648312	337689489009082	337689472830770
337689484729937	337689505692415	337689489879479
337689501805145	337689522375748	337689506981229
337689518699270	337689539059081	337689523965062
337689535448354	337689555742414	337689540706354
337689552214437	337689572425747	337689556925395
337689568539145	337689589109080	337689573316354
337689586592437	337689605792413	337689591383645
337689601362562	337689622475746	337689606114187
337689617948187	337689639159079	337689622723520
337689634754062	337689655842412	337689639489895
337689651518479	337689672525745	337689656246770
337689668314145	337689689209078	337689673054520
337689685086437	337689705892411	337689689836104
337689703580104	337689722575744	337689708333520
337689720266645	337689739259077	337689724998479
337689736510979	337689755942410	337689741324729
337689752963937	337689772625743	337689757776187
337689794678729	337689805992409	337689799483604
337689805052520	337689822675742	337689809623895
337689820889145	337689839359075	337689825835145
337689837809521	337689856042408	337689843236104
337689865140187	337689872725741	337689870372521
337689872951187	337689889409074	337689878005271
337689890460812	337689906092407	337689895674062
337689906261271	337689922775740	337689911353646
337689921362687	337689939459073	337689926241479
337689938690354	337689956142406	337689943572021
337689955234312	337689972825739	337689960070021
337689971964021	337689989509072	337689976890396
337689988557521	337690006192405	337689993423521
337690005096271	337690022875738	337690009855729
337690021752354	337690039559071	337690026550646
337690038283812	337690056242404	337690043060104
337690375111312	337690389909064	337690389510562
337690408253854	337690423275730	337690424293312
337690424703687	337690439959063	337690440692021
337690442028396	337690456642396	337690458098479
337690459682187	337690473325729	337690475728562
337690476313646	337690490009062	337690493360021
337690493519271	337690506692395	337690508908521
337690514950729	337690523375728	337690520271396
337690531203854	337690540059061	337690537026604
337690546159271	337690556742394	337690551501313
337690562736354	337690573425727	337690568147813
337690580643896	337690590109060	337690585964979
337690596752688	337690606792393	337690602091479
337690614631229	337690623475726	337690620039146
337690631475354	337690640159059	337690636824563
337690648810771	337690656842392	337690654110938
337690664344521	337690673525725	337690669706813
337690680268646	337690690209058	337690685617271
337690697971604	337690706892391	337690703341563
337690713231854	337690723575724	337690718574813
337690733389813	337690740259057	337690738684146
337690749322938	337690756942390	337690754661313
337690767445979	337690773625723	337690772599021
337690783988229	337690790309056	337690789813271
337690795313646	337690806992389	337690800687854
337690812389063	337690840359055	337690817770271
337690829486063	337690857042388	337690834895438
337690846928146	337690873725721	337690852129146
337690863233979	337690890409054	337690868536396
337690881772229	337690907092387	337690887088146
337690898030938	337690923775720	337690903816854
337690914748854	337690940459053	337690920104229
337690931745563	337690957142386	337690937079021
337690948238938	337690973825719	337690953502354
337690963735063	337690990509052	337690969012521
337690981529646	337691007192385	337690986739979
337690999274521	337691023875718	337691004586188
337691016558104	337691040559051	337691021835313
337691030761979	337691057242384	337691035608521
337691046971438	337691073925717	337691051775104
337691063624979	337691090609050	337691068416729
337691080406563	337691107292383	337691085221271
337691097117729	337691123975716	337691101923354
337691113972479	337691140659049	337691118770146
337691130652438	337691157342382	337691135450104
337691149899313	337691174025715	337691154661729
337691166602813	337691190709048	337691171374813
337691183394854	337691207392381	337691188268521

===
16683333
337689350607062	337689372225751	337689355413437
337689368091395	337689388909084	337689372858729
337689398468979	337689405592417	337689403268562
337689407077145	337689422275750	337689413010354
337689417995895	337689438959083	337689423088270
337689434703854	337689455642416	337689439840770
337689450821812	337689472325749	337689455991729
337689467648312	337689489009082	337689472830770
337689484729937	337689505692415	337689489879479
337689501805145	337689522375748	337689506981229
337689518699270	337689539059081	337689523965062
337689535448354	337689555742414	337689540706354
337689552214437	337689572425747	337689556925395
337689568539145	337689589109080	337689573316354
337689586592437	337689605792413	337689591383645
337689601362562	337689622475746	337689606114187
337689617948187	337689639159079	337689622723520
337689634754062	337689655842412	337689639489895
337689651518479	337689672525745	337689656246770
337689668314145	337689689209078	337689673054520
337689685086437	337689705892411	337689689836104
337689703580104	337689722575744	337689708333520
337689720266645	337689739259077	337689724998479
337689736510979	337689755942410	337689741324729
337689752963937	337689772625743	337689757776187
337689794678729	337689805992409	337689799483604
337689805052520	337689822675742	337689809623895
337689820889145	337689839359075	337689825835145
337689837809521	337689856042408	337689843236104
337689865140187	337689872725741	337689870372521
337689872951187	337689889409074	337689878005271
337689890460812	337689906092407	337689895674062
337689906261271	337689922775740	337689911353646
337689921362687	337689939459073	337689926241479
337689938690354	337689956142406	337689943572021
337689955234312	337689972825739	337689960070021
337689971964021	337689989509072	337689976890396
337689988557521	337690006192405	337689993423521
337690005096271	337690022875738	337690009855729
337690021752354	337690039559071	337690026550646
337690038283812	337690056242404	337690043060104
337690375111312	337690389909064	337690389510562
337690408253854	337690423275730	337690424293312
337690424703687	337690439959063	337690440692021
337690442028396	337690456642396	337690458098479
337690459682187	337690473325729	337690475728562
337690476313646	337690490009062	337690493360021
337690493519271	337690506692395	337690508908521
337690514950729	337690523375728	337690520271396
337690531203854	337690540059061	337690537026604
337690546159271	337690556742394	337690551501313
337690562736354	337690573425727	337690568147813
337690580643896	337690590109060	337690585964979
337690596752688	337690606792393	337690602091479
337690614631229	337690623475726	337690620039146
337690631475354	337690640159059	337690636824563
337690648810771	337690656842392	337690654110938
337690664344521	337690673525725	337690669706813
337690680268646	337690690209058	337690685617271
337690697971604	337690706892391	337690703341563
337690713231854	337690723575724	337690718574813
337690733389813	337690740259057	337690738684146
337690749322938	337690756942390	337690754661313
337690767445979	337690773625723	337690772599021
337690783988229	337690790309056	337690789813271
337690795313646	337690806992389	337690800687854
337690812389063	337690840359055	337690817770271
337690829486063	337690857042388	337690834895438
337690846928146	337690873725721	337690852129146
337690863233979	337690890409054	337690868536396
337690881772229	337690907092387	337690887088146
337690898030938	337690923775720	337690903816854
337690914748854	337690940459053	337690920104229
337690931745563	337690957142386	337690937079021
337690948238938	337690973825719	337690953502354
337690963735063	337690990509052	337690969012521
337690981529646	337691007192385	337690986739979
337690999274521	337691023875718	337691004586188
337691016558104	337691040559051	337691021835313
337691030761979	337691057242384	337691035608521
337691046971438	337691073925717	337691051775104
337691063624979	337691090609050	337691068416729
337691080406563	337691107292383	337691085221271
337691097117729	337691123975716	337691101923354
337691113972479	337691140659049	337691118770146
337691130652438	337691157342382	337691135450104
337691149899313	337691174025715	337691154661729
337691166602813	337691190709048	337691171374813
337691183394854	337691207392381	337691188268521
337691200995521	337691224075714	337691205772813
337691216730271	337691240759047	337691221538271
337691232192313	337691257442380	337691236918355
337691249095938	337691274125713	337691253954605
337691266273730	337691290809046	337691271084355
337691283424313	337691307492379	337691288224271
337691299232271	337691324175712	337691304034938
337691316546938	337691340859045	337691321339480
337691334851396	337691357542378	337691339686521
337691354552605	337691374225711	337691359323438
337691368402605	337691390909044	337691373177813
337691386358271	337691407592377	337691391135896
337691891107063	337691908092367	337691905442480
337692011125897	337692024875698	337692025564522
337692019283397	337692041559031	337692032151688
337692065862605	337692074925697	337692074053897
337692080911605	337692091609030	337692088100480
337692095072688	337692108292363	337692103444522
337692111647147	337692124975696	337692123351772
337692126567605	337692141659029	337692133954813
337692144434147	337692158342362	337692151843397
337692164197147	337692175025695	337692171510313
337692178971772	337692191709028	337692186305730
337692194546147	337692208392361	337692201914438
337692212670897	337692225075694	337692219959730
337692227813188	337692241759027	337692235174063
337692245470688	337692258442360	337692252830897
337692262667313	337692275125693	337692270234105
337692279680063	337692291809026	337692287091730
337692296151938	337692308492359	337692303478980
337692311269022	337692325175692	337692318629647
337692328519563	337692341859025	337692335883772
337692345560855	337692358542358	337692352913272
337692361461772	337692375225691	337692369473147
337692378959105	337692391909024	337692386394563
337692395564730	337692408592357	337692402999980
337692413531397	337692425275690	337692420976647
337692429791188	337692441959023	337692437144563

===
16683333
337689450821812	337689472325749	337689455991729
337689467648312	337689489009082	337689472830770
337689484729937	337689505692415	337689489879479
337689501805145	337689522375748	337689506981229
337689518699270	337689539059081	337689523965062
337689535448354	337689555742414	337689540706354
337689552214437	337689572425747	337689556925395
337689568539145	337689589109080	337689573316354
337689586592437	337689605792413	337689591383645
337689601362562	337689622475746	337689606114187
337689617948187	337689639159079	337689622723520
337689634754062	337689655842412	337689639489895
337689651518479	337689672525745	337689656246770
337689668314145	337689689209078	337689673054520
337689685086437	337689705892411	337689689836104
337689703580104	337689722575744	337689708333520
337689720266645	337689739259077	337689724998479
337689736510979	337689755942410	337689741324729
337689752963937	337689772625743	337689757776187
337689794678729	337689805992409	337689799483604
337689805052520	337689822675742	337689809623895
337689820889145	337689839359075	337689825835145
337689837809521	337689856042408	337689843236104
337689865140187	337689872725741	337689870372521
337689872951187	337689889409074	337689878005271
337689890460812	337689906092407	337689895674062
337689906261271	337689922775740	337689911353646
337689921362687	337689939459073	337689926241479
337689938690354	337689956142406	337689943572021
337689955234312	337689972825739	337689960070021
337689971964021	337689989509072	337689976890396
337689988557521	337690006192405	337689993423521
337690005096271	337690022875738	337690009855729
337690021752354	337690039559071	337690026550646
337690038283812	337690056242404	337690043060104
337690375111312	337690389909064	337690389510562
337690408253854	337690423275730	337690424293312
337690424703687	337690439959063	337690440692021
337690442028396	337690456642396	337690458098479
337690459682187	337690473325729	337690475728562
337690476313646	337690490009062	337690493360021
337690493519271	337690506692395	337690508908521
337690514950729	337690523375728	337690520271396
337690531203854	337690540059061	337690537026604
337690546159271	337690556742394	337690551501313
337690562736354	337690573425727	337690568147813
337690580643896	337690590109060	337690585964979
337690596752688	337690606792393	337690602091479
337690614631229	337690623475726	337690620039146
337690631475354	337690640159059	337690636824563
337690648810771	337690656842392	337690654110938
337690664344521	337690673525725	337690669706813
337690680268646	337690690209058	337690685617271
337690697971604	337690706892391	337690703341563
337690713231854	337690723575724	337690718574813
337690733389813	337690740259057	337690738684146
337690749322938	337690756942390	337690754661313
337690767445979	337690773625723	337690772599021
337690783988229	337690790309056	337690789813271
337690795313646	337690806992389	337690800687854
337690812389063	337690840359055	337690817770271
337690829486063	337690857042388	337690834895438
337690846928146	337690873725721	337690852129146
337690863233979	337690890409054	337690868536396
337690881772229	337690907092387	337690887088146
337690898030938	337690923775720	337690903816854
337690914748854	337690940459053	337690920104229
337690931745563	337690957142386	337690937079021
337690948238938	337690973825719	337690953502354
337690963735063	337690990509052	337690969012521
337690981529646	337691007192385	337690986739979
337690999274521	337691023875718	337691004586188
337691016558104	337691040559051	337691021835313
337691030761979	337691057242384	337691035608521
337691046971438	337691073925717	337691051775104
337691063624979	337691090609050	337691068416729
337691080406563	337691107292383	337691085221271
337691097117729	337691123975716	337691101923354
337691113972479	337691140659049	337691118770146
337691130652438	337691157342382	337691135450104
337691149899313	337691174025715	337691154661729
337691166602813	337691190709048	337691171374813
337691183394854	337691207392381	337691188268521
337691200995521	337691224075714	337691205772813
337691216730271	337691240759047	337691221538271
337691232192313	337691257442380	337691236918355
337691249095938	337691274125713	337691253954605
337691266273730	337691290809046	337691271084355
337691283424313	337691307492379	337691288224271
337691299232271	337691324175712	337691304034938
337691316546938	337691340859045	337691321339480
337691334851396	337691357542378	337691339686521
337691354552605	337691374225711	337691359323438
337691368402605	337691390909044	337691373177813
337691386358271	337691407592377	337691391135896
337691891107063	337691908092367	337691905442480
337692011125897	337692024875698	337692025564522
337692019283397	337692041559031	337692032151688
337692065862605	337692074925697	337692074053897
337692080911605	337692091609030	337692088100480
337692095072688	337692108292363	337692103444522
337692111647147	337692124975696	337692123351772
337692126567605	337692141659029	337692133954813
337692144434147	337692158342362	337692151843397
337692164197147	337692175025695	337692171510313
337692178971772	337692191709028	337692186305730
337692194546147	337692208392361	337692201914438
337692212670897	337692225075694	337692219959730
337692227813188	337692241759027	337692235174063
337692245470688	337692258442360	337692252830897
337692262667313	337692275125693	337692270234105
337692279680063	337692291809026	337692287091730
337692296151938	337692308492359	337692303478980
337692311269022	337692325175692	337692318629647
337692328519563	337692341859025	337692335883772
337692345560855	337692358542358	337692352913272
337692361461772	337692375225691	337692369473147
337692378959105	337692391909024	337692386394563
337692395564730	337692408592357	337692402999980
337692413531397	337692425275690	337692420976647
337692429791188	337692441959023	337692437144563
337692445675647	337692458642356	337692453119813
337692467749397	337692475325689	337692475216147
337692480904480	337692492009022	337692488376688
337692495776397	337692508692355	337692503121397
337692511927563	337692525375688	337692519436647
337692529265397	337692542059021	337692536583105

===
16683333
337689450821812	337689472325749	337689455991729
337689467648312	337689489009082	337689472830770
337689484729937	337689505692415	337689489879479
337689501805145	337689522375748	337689506981229
337689518699270	337689539059081	337689523965062
337689535448354	337689555742414	337689540706354
337689552214437	337689572425747	337689556925395
337689568539145	337689589109080	337689573316354
337689586592437	337689605792413	337689591383645
337689601362562	337689622475746	337689606114187
337689617948187	337689639159079	337689622723520
337689634754062	337689655842412	337689639489895
337689651518479	337689672525745	337689656246770
337689668314145	337689689209078	337689673054520
337689685086437	337689705892411	337689689836104
337689703580104	337689722575744	337689708333520
337689720266645	337689739259077	337689724998479
337689736510979	337689755942410	337689741324729
337689752963937	337689772625743	337689757776187
337689794678729	337689805992409	337689799483604
337689805052520	337689822675742	337689809623895
337689820889145	337689839359075	337689825835145
337689837809521	337689856042408	337689843236104
337689865140187	337689872725741	337689870372521
337689872951187	337689889409074	337689878005271
337689890460812	337689906092407	337689895674062
337689906261271	337689922775740	337689911353646
337689921362687	337689939459073	337689926241479
337689938690354	337689956142406	337689943572021
337689955234312	337689972825739	337689960070021
337689971964021	337689989509072	337689976890396
337689988557521	337690006192405	337689993423521
337690005096271	337690022875738	337690009855729
337690021752354	337690039559071	337690026550646
337690038283812	337690056242404	337690043060104
337690375111312	337690389909064	337690389510562
337690408253854	337690423275730	337690424293312
337690424703687	337690439959063	337690440692021
337690442028396	337690456642396	337690458098479
337690459682187	337690473325729	337690475728562
337690476313646	337690490009062	337690493360021
337690493519271	337690506692395	337690508908521
337690514950729	337690523375728	337690520271396
337690531203854	337690540059061	337690537026604
337690546159271	337690556742394	337690551501313
337690562736354	337690573425727	337690568147813
337690580643896	337690590109060	337690585964979
337690596752688	337690606792393	337690602091479
337690614631229	337690623475726	337690620039146
337690631475354	337690640159059	337690636824563
337690648810771	337690656842392	337690654110938
337690664344521	337690673525725	337690669706813
337690680268646	337690690209058	337690685617271
337690697971604	337690706892391	337690703341563
337690713231854	337690723575724	337690718574813
337690733389813	337690740259057	337690738684146
337690749322938	337690756942390	337690754661313
337690767445979	337690773625723	337690772599021
337690783988229	337690790309056	337690789813271
337690795313646	337690806992389	337690800687854
337690812389063	337690840359055	337690817770271
337690829486063	337690857042388	337690834895438
337690846928146	337690873725721	337690852129146
337690863233979	337690890409054	337690868536396
337690881772229	337690907092387	337690887088146
337690898030938	337690923775720	337690903816854
337690914748854	337690940459053	337690920104229
337690931745563	337690957142386	337690937079021
337690948238938	337690973825719	337690953502354
337690963735063	337690990509052	337690969012521
337690981529646	337691007192385	337690986739979
337690999274521	337691023875718	337691004586188
337691016558104	337691040559051	337691021835313
337691030761979	337691057242384	337691035608521
337691046971438	337691073925717	337691051775104
337691063624979	337691090609050	337691068416729
337691080406563	337691107292383	337691085221271
337691097117729	337691123975716	337691101923354
337691113972479	337691140659049	337691118770146
337691130652438	337691157342382	337691135450104
337691149899313	337691174025715	337691154661729
337691166602813	337691190709048	337691171374813
337691183394854	337691207392381	337691188268521
337691200995521	337691224075714	337691205772813
337691216730271	337691240759047	337691221538271
337691232192313	337691257442380	337691236918355
337691249095938	337691274125713	337691253954605
337691266273730	337691290809046	337691271084355
337691283424313	337691307492379	337691288224271
337691299232271	337691324175712	337691304034938
337691316546938	337691340859045	337691321339480
337691334851396	337691357542378	337691339686521
337691354552605	337691374225711	337691359323438
337691368402605	337691390909044	337691373177813
337691386358271	337691407592377	337691391135896
337691891107063	337691908092367	337691905442480
337692011125897	337692024875698	337692025564522
337692019283397	337692041559031	337692032151688
337692065862605	337692074925697	337692074053897
337692080911605	337692091609030	337692088100480
337692095072688	337692108292363	337692103444522
337692111647147	337692124975696	337692123351772
337692126567605	337692141659029	337692133954813
337692144434147	337692158342362	337692151843397
337692164197147	337692175025695	337692171510313
337692178971772	337692191709028	337692186305730
337692194546147	337692208392361	337692201914438
337692212670897	337692225075694	337692219959730
337692227813188	337692241759027	337692235174063
337692245470688	337692258442360	337692252830897
337692262667313	337692275125693	337692270234105
337692279680063	337692291809026	337692287091730
337692296151938	337692308492359	337692303478980
337692311269022	337692325175692	337692318629647
337692328519563	337692341859025	337692335883772
337692345560855	337692358542358	337692352913272
337692361461772	337692375225691	337692369473147
337692378959105	337692391909024	337692386394563
337692395564730	337692408592357	337692402999980
337692413531397	337692425275690	337692420976647
337692429791188	337692441959023	337692437144563
337692445675647	337692458642356	337692453119813
337692467749397	337692475325689	337692475216147
337692480904480	337692492009022	337692488376688
337692495776397	337692508692355	337692503121397
337692511927563	337692525375688	337692519436647
337692529265397	337692542059021	337692536583105

