16683333
0	0	0
0	0	0
0	0	0
0	0	0
0	0	0
0	0	0
0	0	0
0	0	0
0	0	0
0	0	0
0	0	0
0	0	0
0	0	0
0	0	0
0	0	0
0	0	0
0	0	0
0	0	0
0	0	0
0	0	0
0	0	0
0	0	0
0	0	0
0	0	0
0	0	0
0	0	0
0	0	0
0	0	0
0	0	0
0	0	0
0	0	0
0	0	0
0	0	0
0	0	0
0	0	0
0	0	0
0	0	0
0	0	0
0	0	0
0	0	0
0	0	0
0	0	0
0	0	0
0	0	0
0	0	0
0	0	0
0	0	0
0	0	0
0	0	0
0	0	0
0	0	0
0	0	0
0	0	0
0	0	0
0	0	0
0	0	0
0	0	0
0	0	0
0	0	0
0	0	0
0	0	0
0	0	0
0	0	0
0	0	0
0	0	0
0	0	0
0	0	0
0	0	0
0	0	0
0	0	0
0	0	0
0	0	0
0	0	0
0	0	0
0	0	0
0	0	0
0	0	0
0	0	0
0	0	0
0	0	0
0	0	0
0	0	0
0	0	0
0	0	0
0	0	0
0	0	0
0	0	0
0	0	0
0	0	0
0	0	0
0	0	0
0	0	0
0	0	0
0	0	0
0	0	0
0	0	0
0	0	0
0	0	0
0	0	0
0	0	0
0	0	0
0	0	0
0	0	0
0	0	0
0	0	0
0	0	0
0	0	0
0	0	0
0	0	0
0	0	0
0	0	0
0	0	0
0	0	0
0	0	0
0	0	0
0	0	0
0	0	0
0	0	0
0	0	0
0	0	0
337221189001380	337221209182569	337221196566464
337221207956505	337221225865902	337221215488630
337221218493630	337221242549235	337221225962255
337221234861005	337221259232568	337221242252214
337221251625130	337221275915901	337221259099422
337221268082630	337221292599234	337221275389380
337221286491297	337221309282567	337221293782297

===
16683333
0	0	0
0	0	0
0	0	0
0	0	0
0	0	0
0	0	0
0	0	0
0	0	0
0	0	0
0	0	0
0	0	0
0	0	0
0	0	0
0	0	0
0	0	0
0	0	0
0	0	0
0	0	0
0	0	0
0	0	0
0	0	0
0	0	0
0	0	0
0	0	0
0	0	0
0	0	0
0	0	0
0	0	0
0	0	0
0	0	0
0	0	0
0	0	0
0	0	0
0	0	0
0	0	0
0	0	0
0	0	0
0	0	0
0	0	0
0	0	0
0	0	0
0	0	0
0	0	0
0	0	0
0	0	0
0	0	0
0	0	0
0	0	0
0	0	0
0	0	0
0	0	0
0	0	0
0	0	0
0	0	0
0	0	0
0	0	0
0	0	0
0	0	0
0	0	0
0	0	0
0	0	0
0	0	0
0	0	0
0	0	0
0	0	0
0	0	0
0	0	0
0	0	0
0	0	0
0	0	0
0	0	0
0	0	0
0	0	0
0	0	0
0	0	0
0	0	0
0	0	0
0	0	0
0	0	0
0	0	0
0	0	0
0	0	0
0	0	0
0	0	0
0	0	0
0	0	0
0	0	0
0	0	0
0	0	0
0	0	0
0	0	0
0	0	0
0	0	0
0	0	0
0	0	0
0	0	0
0	0	0
0	0	0
0	0	0
0	0	0
0	0	0
0	0	0
0	0	0
0	0	0
0	0	0
0	0	0
0	0	0
0	0	0
0	0	0
0	0	0
0	0	0
0	0	0
0	0	0
0	0	0
0	0	0
0	0	0
0	0	0
0	0	0
0	0	0
0	0	0
337221189001380	337221209182569	337221196566464
337221207956505	337221225865902	337221215488630
337221218493630	337221242549235	337221225962255
337221234861005	337221259232568	337221242252214
337221251625130	337221275915901	337221259099422
337221268082630	337221292599234	337221275389380
337221286491297	337221309282567	337221293782297

===
16683333
0	0	0
0	0	0
0	0	0
0	0	0
0	0	0
0	0	0
0	0	0
0	0	0
0	0	0
0	0	0
0	0	0
0	0	0
0	0	0
0	0	0
0	0	0
0	0	0
0	0	0
0	0	0
0	0	0
0	0	0
0	0	0
0	0	0
0	0	0
0	0	0
0	0	0
0	0	0
0	0	0
0	0	0
0	0	0
0	0	0
0	0	0
0	0	0
0	0	0
0	0	0
0	0	0
0	0	0
0	0	0
0	0	0
0	0	0
0	0	0
0	0	0
0	0	0
0	0	0
0	0	0
0	0	0
0	0	0
0	0	0
0	0	0
0	0	0
0	0	0
0	0	0
0	0	0
0	0	0
0	0	0
0	0	0
0	0	0
0	0	0
0	0	0
0	0	0
0	0	0
0	0	0
0	0	0
0	0	0
0	0	0
0	0	0
0	0	0
0	0	0
0	0	0
0	0	0
0	0	0
0	0	0
0	0	0
0	0	0
0	0	0
0	0	0
0	0	0
0	0	0
0	0	0
0	0	0
0	0	0
0	0	0
0	0	0
0	0	0
0	0	0
0	0	0
0	0	0
0	0	0
0	0	0
0	0	0
0	0	0
0	0	0
0	0	0
0	0	0
0	0	0
337221189001380	337221209182569	337221196566464
337221207956505	337221225865902	337221215488630
337221218493630	337221242549235	337221225962255
337221234861005	337221259232568	337221242252214
337221251625130	337221275915901	337221259099422
337221268082630	337221292599234	337221275389380
337221286491297	337221309282567	337221293782297
337223388060340	337223411382525	337223409847340
337223430192881	337223461432524	337223447547215
337223456693465	337223478115857	337223464548673
337223486032798	337223494799190	337223494246840
337223511755131	337223528165856	337223520797256
337223538326756	337223561532522	337223549169256
337223556751631	337223578215855	337223567689465
337223582793090	337223594899188	337223593827715
337223602403132	337223611582521	337223613418298
337223621130007	337223644949187	337223632136882
337223637494298	337223661632520	337223648662298
337223664076090	337223678315853	337223675048007
337223682132923	337223694999186	337223693199965
337223700409173	337223711682519	337223710765798
337223717914340	337223728365852	337223723353090
337223735761923	337223745049185	337223741141548
337223753461798	337223761732518	337223758899507
337223771554298	337223778415851	337223777063007
337223789241132	337223795099184	337223794707507
337223808900590	337223811782517	337223814364298
337223828978798	337223845149183	337223834483548
337223847508673	337223861832516	337223852952465
337223870879215	337223878515849	337223876374715
337223885547090	337223895199182	337223891086340
337223915156132	337223928565848	337223921238590
337223939691215	337223945249181	337223945714173

===
16683333
0	0	0
0	0	0
0	0	0
0	0	0
0	0	0
0	0	0
0	0	0
0	0	0
0	0	0
0	0	0
0	0	0
0	0	0
0	0	0
0	0	0
0	0	0
0	0	0
0	0	0
0	0	0
0	0	0
0	0	0
0	0	0
0	0	0
0	0	0
0	0	0
0	0	0
0	0	0
0	0	0
0	0	0
0	0	0
0	0	0
0	0	0
0	0	0
0	0	0
0	0	0
0	0	0
0	0	0
0	0	0
0	0	0
0	0	0
0	0	0
0	0	0
0	0	0
337221189001380	337221209182569	337221196566464
337221207956505	337221225865902	337221215488630
337221218493630	337221242549235	337221225962255
337221234861005	337221259232568	337221242252214
337221251625130	337221275915901	337221259099422
337221268082630	337221292599234	337221275389380
337221286491297	337221309282567	337221293782297
337223388060340	337223411382525	337223409847340
337223430192881	337223461432524	337223447547215
337223456693465	337223478115857	337223464548673
337223486032798	337223494799190	337223494246840
337223511755131	337223528165856	337223520797256
337223538326756	337223561532522	337223549169256
337223556751631	337223578215855	337223567689465
337223582793090	337223594899188	337223593827715
337223602403132	337223611582521	337223613418298
337223621130007	337223644949187	337223632136882
337223637494298	337223661632520	337223648662298
337223664076090	337223678315853	337223675048007
337223682132923	337223694999186	337223693199965
337223700409173	337223711682519	337223710765798
337223717914340	337223728365852	337223723353090
337223735761923	337223745049185	337223741141548
337223753461798	337223761732518	337223758899507
337223771554298	337223778415851	337223777063007
337223789241132	337223795099184	337223794707507
337223808900590	337223811782517	337223814364298
337223828978798	337223845149183	337223834483548
337223847508673	337223861832516	337223852952465
337223870879215	337223878515849	337223876374715
337223885547090	337223895199182	337223891086340
337223915156132	337223928565848	337223921238590
337223939691215	337223945249181	337223945714173
337223961322090	337223978615847	337223967563923
337224082385007	337224095399178	337224100256632
337224105906840	337224128765844	337224122058923
337224129915382	337224145449177	337224145930340
337224151350340	337224162132510	337224167007715
337224171089007	337224195499176	337224184997090
337224188279757	337224212182509	337224193189048
337224216887090	337224228865842	337224221884423
337224234293548	337224245549175	337224239256298
337224250397173	337224262232508	337224255343298
337224271162257	337224278915841	337224276113215
337224287043090	337224295599174	337224291876049
337224300319590	337224312282507	337224305289090
337224318529549	337224328965840	337224325326882
337224340126049	337224345649173	337224345084965
337224358880049	337224362332506	337224363789674
337224377709257	337224379015839	337224382709382
337224388796382	337224395699172	337224393740132
337224412471090	337224412382505	337224417794965
337224429996257	337224429065838	337224434161549
337224444106299	337224445749171	337224449549632
337224459134007	337224462432504	337224464553132
337224575257174	337224579215835	337224580556840
337224588899132	337224595899168	337224593980299
337224605443799	337224612582501	337224610462965
337224616458174	337224629265834	337224622818924
337224631603757	337224645949167	337224637441340
337224648449590	337224662632500	337224654679132
337224665789674	337224679315833	337224672056007
337224682121549	337224695999166	337224688284715
337224698483882	337224712682499	337224704647715
337224715403007	337224729365832	337224721525257
337224732120882	337224746049165	337224736839382
337224749257132	337224762732498	337224754016965
337224766217132	337224779415831	337224770969007
337224782973632	337224796099164	337224787797715
337224799475840	337224812782497	337224804209215
337224817217507	337224829465830	337224821964340
337224835670507	337224846149163	337224840507674
337224853008840	337224862832496	337224857800757
337224867592799	337224879515829	337224872347757
337224881101299	337224896199162	337224885910340
337224907836965	337224912882495	337224913412924
337224928037674	337224929565828	337224933406007
337224944867090	337224946249161	337224950305174
337225078170841	337225096399158	337225094497382
337225091449257	337225113082491	337225110840841
337225118675841	337225129765824	337225133565257
337225135730507	337225146449157	337225146417591
337225153098007	337225163132490	337225158045091
337225169491007	337225179815823	337225174402132
337225185626341	337225196499156	337225190480882

===
16683333
337223753461798	337223761732518	337223758899507
337223771554298	337223778415851	337223777063007
337223789241132	337223795099184	337223794707507
337223808900590	337223811782517	337223814364298
337223828978798	337223845149183	337223834483548
337223847508673	337223861832516	337223852952465
337223870879215	337223878515849	337223876374715
337223885547090	337223895199182	337223891086340
337223915156132	337223928565848	337223921238590
337223939691215	337223945249181	337223945714173
337223961322090	337223978615847	337223967563923
337224082385007	337224095399178	337224100256632
337224105906840	337224128765844	337224122058923
337224129915382	337224145449177	337224145930340
337224151350340	337224162132510	337224167007715
337224171089007	337224195499176	337224184997090
337224188279757	337224212182509	337224193189048
337224216887090	337224228865842	337224221884423
337224234293548	337224245549175	337224239256298
337224250397173	337224262232508	337224255343298
337224271162257	337224278915841	337224276113215
337224287043090	337224295599174	337224291876049
337224300319590	337224312282507	337224305289090
337224318529549	337224328965840	337224325326882
337224340126049	337224345649173	337224345084965
337224358880049	337224362332506	337224363789674
337224377709257	337224379015839	337224382709382
337224388796382	337224395699172	337224393740132
337224412471090	337224412382505	337224417794965
337224429996257	337224429065838	337224434161549
337224444106299	337224445749171	337224449549632
337224459134007	337224462432504	337224464553132
337224575257174	337224579215835	337224580556840
337224588899132	337224595899168	337224593980299
337224605443799	337224612582501	337224610462965
337224616458174	337224629265834	337224622818924
337224631603757	337224645949167	337224637441340
337224648449590	337224662632500	337224654679132
337224665789674	337224679315833	337224672056007
337224682121549	337224695999166	337224688284715
337224698483882	337224712682499	337224704647715
337224715403007	337224729365832	337224721525257
337224732120882	337224746049165	337224736839382
337224749257132	337224762732498	337224754016965
337224766217132	337224779415831	337224770969007
337224782973632	337224796099164	337224787797715
337224799475840	337224812782497	337224804209215
337224817217507	337224829465830	337224821964340
337224835670507	337224846149163	337224840507674
337224853008840	337224862832496	337224857800757
337224867592799	337224879515829	337224872347757
337224881101299	337224896199162	337224885910340
337224907836965	337224912882495	337224913412924
337224928037674	337224929565828	337224933406007
337224944867090	337224946249161	337224950305174
337225078170841	337225096399158	337225094497382
337225091449257	337225113082491	337225110840841
337225118675841	337225129765824	337225133565257
337225135730507	337225146449157	337225146417591
337225153098007	337225163132490	337225158045091
337225169491007	337225179815823	337225174402132
337225185626341	337225196499156	337225190480882
337225204342382	337225213182489	337225209196174
337225220759091	337225229865822	337225225672674
337225237132716	337225246549155	337225241946632
337225253443549	337225263232488	337225258238341
337225270080216	337225279915821	337225274918757
337225286721924	337225296599154	337225291466091
337225301473341	337225313282487	337225306171507
337225318964716	337225329965820	337225323702591
337225335464882	337225346649153	337225340234132
337225352059841	337225363332486	337225356879007
337225371103757	337225380015819	337225376171507
337225386595716	337225396699152	337225391402966
337225408093924	337225413382485	337225413353257
337225425813632	337225430065818	337225431130507
337225441549007	337225446749151	337225447031049
337225540252382	337225546849149	337225545793424
337225553926757	337225563532482	337225558861424
337225572154299	337225580215815	337225577029466
337225588489632	337225613582481	337225594968632
337225605201341	337225630265814	337225611625591
337225620136507	337225646949147	337225626492132
337225639610841	337225663632480	337225645840007
337225656375257	337225680315813	337225662600799
337225672749924	337225696999146	337225678914133
337225689992966	337225713682479	337225694851549
337225706366216	337225730365812	337225711145508
337225723403633	337225747049145	337225728182383
337225740569883	337225763732478	337225745334716
337225758129008	337225780415811	337225762884716
337225775752633	337225797099144	337225780524174
337225791627758	337225813782477	337225796260008
337225806698216	337225830465810	337225811455174
337225827242008	337225847149143	337225831993383
337225841113258	337225863832476	337225846001883
337225858912133	337225880515809	337225863712799
337225877582716	337225897199142	337225882403799
337225891878008	337225913882475	337225896712841
337225913910883	337225930565808	337225919134424
337225930835216	337225947249141	337225936190049
337225949861633	337225963932474	337225955309758
337226038708758	337226047349139	337226044149966
337226052833341	337226064032472	337226057873383
337226070911174	337226080715805	337226075879508
337226083566216	337226097399138	337226088537299
337226095871549	337226114082471	337226100852716
337226110925841	337226130765804	337226115809591
337226127700966	337226147449137	337226132590258
337226144620508	337226164132470	337226149465049
337226161208716	337226180815803	337226166018674
337226180686883	337226197499136	337226185503966
337226194680799	337226214182469	337226199416091
337226214617508	337226230865802	337226219305133
337226228415716	337226247549135	337226233179008
337226244796424	337226264232468	337226249565674
337226261625924	337226280915801	337226266445841
337226281231466	337226297599134	337226285980466
337226295038424	337226314282467	337226299801591
337226309409508	337226330965800	337226314151383
337226328059924	337226347649133	337226332766383
337226344394591	337226364332466	337226349158424
337226364243675	337226381015799	337226369041175
337226384044800	337226397699132	337226388798133
337226398412341	337226414382465	337226402976216
337226412146008	337226431065798	337226416910300
337226431944300	337226447749131	337226436781508

===
16683333
337225270080216	337225279915821	337225274918757
337225286721924	337225296599154	337225291466091
337225301473341	337225313282487	337225306171507
337225318964716	337225329965820	337225323702591
337225335464882	337225346649153	337225340234132
337225352059841	337225363332486	337225356879007
337225371103757	337225380015819	337225376171507
337225386595716	337225396699152	337225391402966
337225408093924	337225413382485	337225413353257
337225425813632	337225430065818	337225431130507
337225441549007	337225446749151	337225447031049
337225540252382	337225546849149	337225545793424
337225553926757	337225563532482	337225558861424
337225572154299	337225580215815	337225577029466
337225588489632	337225613582481	337225594968632
337225605201341	337225630265814	337225611625591
337225620136507	337225646949147	337225626492132
337225639610841	337225663632480	337225645840007
337225656375257	337225680315813	337225662600799
337225672749924	337225696999146	337225678914133
337225689992966	337225713682479	337225694851549
337225706366216	337225730365812	337225711145508
337225723403633	337225747049145	337225728182383
337225740569883	337225763732478	337225745334716
337225758129008	337225780415811	337225762884716
337225775752633	337225797099144	337225780524174
337225791627758	337225813782477	337225796260008
337225806698216	337225830465810	337225811455174
337225827242008	337225847149143	337225831993383
337225841113258	337225863832476	337225846001883
337225858912133	337225880515809	337225863712799
337225877582716	337225897199142	337225882403799
337225891878008	337225913882475	337225896712841
337225913910883	337225930565808	337225919134424
337225930835216	337225947249141	337225936190049
337225949861633	337225963932474	337225955309758
337226038708758	337226047349139	337226044149966
337226052833341	337226064032472	337226057873383
337226070911174	337226080715805	337226075879508
337226083566216	337226097399138	337226088537299
337226095871549	337226114082471	337226100852716
337226110925841	337226130765804	337226115809591
337226127700966	337226147449137	337226132590258
337226144620508	337226164132470	337226149465049
337226161208716	337226180815803	337226166018674
337226180686883	337226197499136	337226185503966
337226194680799	337226214182469	337226199416091
337226214617508	337226230865802	337226219305133
337226228415716	337226247549135	337226233179008
337226244796424	337226264232468	337226249565674
337226261625924	337226280915801	337226266445841
337226281231466	337226297599134	337226285980466
337226295038424	337226314282467	337226299801591
337226309409508	337226330965800	337226314151383
337226328059924	337226347649133	337226332766383
337226344394591	337226364332466	337226349158424
337226364243675	337226381015799	337226369041175
337226384044800	337226397699132	337226388798133
337226398412341	337226414382465	337226402976216
337226412146008	337226431065798	337226416910300
337226431944300	337226447749131	337226436781508
337226452211675	337226464432464	337226456813383
337226477194925	337226481115797	337226482475841
337226495828758	337226497799130	337226501179300
337226513230550	337226514482463	337226518649050
337226607251258	337226614582461	337226612692425
337226620323258	337226631265794	337226625328633
337226636119258	337226647949127	337226641033841
337226648590966	337226664632460	337226653633591
337226664146258	337226681315793	337226669082883
337226681052425	337226697999126	337226685874883
337226698322091	337226714682459	337226703180175
337226714750716	337226731365792	337226719591300
337226731487341	337226748049125	337226736306425
337226748853008	337226764732458	337226753696425
337226765226966	337226781415791	337226769991550
337226782044466	337226798099124	337226786747758
337226799892800	337226814782457	337226804661050
337226815544550	337226831465790	337226820313466
337226833072258	337226848149123	337226837819175
337226850063675	337226864832456	337226854719341
337226867106008	337226881515789	337226871780383
337226883449800	337226898199122	337226888174675
337226904593300	337226914882455	337226909386341
337226922755883	337226931565788	337226927799675
337226936715300	337226948249121	337226941505550
337226955975008	337226964932454	337226965160425
337226966944716	337226981615787	337226971780550
337226994569591	337226998299120	337226999732925
337227011141550	337227014982453	337227016470341
337227026988508	337227031665786	337227032353550
337227125925383	337227131765784	337227131328050
337227139503967	337227148449117	337227144416383
337227157528050	337227165132450	337227162544425
337227171010258	337227181815783	337227176042508
337227184826175	337227198499116	337227189764092
337227201316258	337227215182449	337227206220675
337227218799175	337227231865782	337227223670175
337227235419883	337227248549115	337227240262508
337227252040050	337227265232448	337227256788217
337227268760342	337227281915781	337227273554633
337227285603883	337227298599114	337227290399425
337227302405550	337227315282447	337227307154925
337227319291800	337227331965780	337227324084675
337227335900133	337227348649113	337227340677675
337227352813175	337227365332446	337227357618633
337227369724508	337227382015779	337227374466592
337227386396425	337227398699112	337227391137467
337227403247633	337227415382445	337227407992633
337227419948133	337227432065778	337227424659175
337227436617383	337227448749111	337227441358383
337227453584758	337227465432444	337227458316800
337227468771717	337227482115777	337227473530008
337227487213050	337227498799110	337227491950467
337227503935633	337227515482443	337227508669883
337227521143717	337227532165776	337227525869925
337227537523842	337227548849109	337227542257550
337227554652092	337227565532442	337227559381467
337227571286675	337227582215775	337227576045133
337227586776592	337227598899108	337227591508758
337227604980925	337227615582441	337227609711425
337227621744717	337227632265774	337227626473300
337227637149467	337227648949107	337227641898925
337227655471717	337227665632440	337227660201383
337227670963717	337227682315773	337227675693758
337227689934758	337227698999106	337227694679050
337227706821175	337227715682439	337227711550758

===
16683333
337226748853008	337226764732458	337226753696425
337226765226966	337226781415791	337226769991550
337226782044466	337226798099124	337226786747758
337226799892800	337226814782457	337226804661050
337226815544550	337226831465790	337226820313466
337226833072258	337226848149123	337226837819175
337226850063675	337226864832456	337226854719341
337226867106008	337226881515789	337226871780383
337226883449800	337226898199122	337226888174675
337226904593300	337226914882455	337226909386341
337226922755883	337226931565788	337226927799675
337226936715300	337226948249121	337226941505550
337226955975008	337226964932454	337226965160425
337226966944716	337226981615787	337226971780550
337226994569591	337226998299120	337226999732925
337227011141550	337227014982453	337227016470341
337227026988508	337227031665786	337227032353550
337227125925383	337227131765784	337227131328050
337227139503967	337227148449117	337227144416383
337227157528050	337227165132450	337227162544425
337227171010258	337227181815783	337227176042508
337227184826175	337227198499116	337227189764092
337227201316258	337227215182449	337227206220675
337227218799175	337227231865782	337227223670175
337227235419883	337227248549115	337227240262508
337227252040050	337227265232448	337227256788217
337227268760342	337227281915781	337227273554633
337227285603883	337227298599114	337227290399425
337227302405550	337227315282447	337227307154925
337227319291800	337227331965780	337227324084675
337227335900133	337227348649113	337227340677675
337227352813175	337227365332446	337227357618633
337227369724508	337227382015779	337227374466592
337227386396425	337227398699112	337227391137467
337227403247633	337227415382445	337227407992633
337227419948133	337227432065778	337227424659175
337227436617383	337227448749111	337227441358383
337227453584758	337227465432444	337227458316800
337227468771717	337227482115777	337227473530008
337227487213050	337227498799110	337227491950467
337227503935633	337227515482443	337227508669883
337227521143717	337227532165776	337227525869925
337227537523842	337227548849109	337227542257550
337227554652092	337227565532442	337227559381467
337227571286675	337227582215775	337227576045133
337227586776592	337227598899108	337227591508758
337227604980925	337227615582441	337227609711425
337227621744717	337227632265774	337227626473300
337227637149467	337227648949107	337227641898925
337227655471717	337227665632440	337227660201383
337227670963717	337227682315773	337227675693758
337227689934758	337227698999106	337227694679050
337227706821175	337227715682439	337227711550758
337227723943675	337227732365772	337227728661342
337227739291967	337227749049105	337227744054175
337227755940883	337227765732438	337227760666592
337227776447009	337227782415771	337227781338800
337227789870592	337227799099104	337227794579134
337227805630342	337227815782437	337227810335759
337227822485300	337227832465770	337227827326800
337227839219425	337227849149103	337227843940259
337227855943800	337227865832436	337227860702175
337227876434884	337227882515769	337227881447467
337227893331300	337227899199102	337227898514467
337227909914759	337227915882435	337227915151800
337227926591342	337227932565768	337227931864800
337227943389175	337227949249101	337227948949759
337227960366342	337227965932434	337227965644550
337227977306759	337227982615767	337227982845550
337227994156009	337227999299100	337227999575884
337228009642634	337228032665766	337228014565467
337228025852092	337228049349099	337228030718009
337228042626217	337228066032432	337228047637175
337228059530092	337228082715765	337228064255800
337228076143134	337228099399098	337228081238384
337228093010717	337228116082431	337228097710967
337228109859925	337228132765764	337228114555884
337228127013425	337228149449097	337228131710967
337228144747675	337228166132430	337228149452009
337228159977759	337228182815763	337228164686217
337228179880050	337228199499096	337228184656884
337228194408925	337228216182429	337228199138800
337228210779717	337228232865762	337228215519967
337228226835134	337228249549095	337228231590592
337228243757467	337228266232428	337228248540925
337228260697259	337228282915761	337228265431842
337228278301300	337228299599094	337228283136509
337228296225967	337228316282427	337228301572092
337228312615675	337228332965760	337228317277009
337228328349925	337228349649093	337228333155550
337228345492842	337228366332426	337228350355675
337228359949134	337228383015759	337228364778092
337228380854550	337228399699092	337228385723425
337228397090842	337228416382425	337228402067800
337228414080467	337228433065758	337228419280259
337228430571134	337228449749091	337228435875217
337228447180842	337228466432424	337228452465134
337228464511551	337228483115757	337228469825801
337228481665301	337228499799090	337228487123884
337228498347551	337228516482423	337228503789592
337228513257801	337228533165756	337228518170884
337228530024342	337228549849089	337228534868634
337228547121384	337228566532422	337228551995259
337228563561926	337228583215755	337228568423259
337228580479176	337228599899088	337228585231467
337228597904051	337228616582421	337228602672884
337228614096092	337228633265754	337228618809759
337228632424842	337228649949087	337228637101759
337228650699551	337228666632420	337228655438592
337228664999259	337228683315753	337228669704009
337228684170009	337228699999086	337228688882717
337228698298092	337228716682419	337228703052717
337228714997884	337228733365752	337228719737301
337228735071801	337228750049085	337228739856342
337228748250134	337228766732418	337228752882509
337228765154134	337228783415751	337228770234592
337228782265884	337228800099084	337228787090384
337228797412967	337228816782417	337228802325509
337228813821801	337228833465750	337228818558717
337228830940842	337228850149083	337228835694384
337228846977884	337228866832416	337228851755009
337228867446759	337228883515749	337228872396592
337228884735009	337228900199082	337228889846884
337228901428217	337228916882415	337228906613592
337228918874801	337228933565748	337228924125676
337228933889342	337228950249081	337228939135801
337228950441634	337228966932414	337228955696051

===
16683333
337228076143134	337228099399098	337228081238384
337228093010717	337228116082431	337228097710967
337228109859925	337228132765764	337228114555884
337228127013425	337228149449097	337228131710967
337228144747675	337228166132430	337228149452009
337228159977759	337228182815763	337228164686217
337228179880050	337228199499096	337228184656884
337228194408925	337228216182429	337228199138800
337228210779717	337228232865762	337228215519967
337228226835134	337228249549095	337228231590592
337228243757467	337228266232428	337228248540925
337228260697259	337228282915761	337228265431842
337228278301300	337228299599094	337228283136509
337228296225967	337228316282427	337228301572092
337228312615675	337228332965760	337228317277009
337228328349925	337228349649093	337228333155550
337228345492842	337228366332426	337228350355675
337228359949134	337228383015759	337228364778092
337228380854550	337228399699092	337228385723425
337228397090842	337228416382425	337228402067800
337228414080467	337228433065758	337228419280259
337228430571134	337228449749091	337228435875217
337228447180842	337228466432424	337228452465134
337228464511551	337228483115757	337228469825801
337228481665301	337228499799090	337228487123884
337228498347551	337228516482423	337228503789592
337228513257801	337228533165756	337228518170884
337228530024342	337228549849089	337228534868634
337228547121384	337228566532422	337228551995259
337228563561926	337228583215755	337228568423259
337228580479176	337228599899088	337228585231467
337228597904051	337228616582421	337228602672884
337228614096092	337228633265754	337228618809759
337228632424842	337228649949087	337228637101759
337228650699551	337228666632420	337228655438592
337228664999259	337228683315753	337228669704009
337228684170009	337228699999086	337228688882717
337228698298092	337228716682419	337228703052717
337228714997884	337228733365752	337228719737301
337228735071801	337228750049085	337228739856342
337228748250134	337228766732418	337228752882509
337228765154134	337228783415751	337228770234592
337228782265884	337228800099084	337228787090384
337228797412967	337228816782417	337228802325509
337228813821801	337228833465750	337228818558717
337228830940842	337228850149083	337228835694384
337228846977884	337228866832416	337228851755009
337228867446759	337228883515749	337228872396592
337228884735009	337228900199082	337228889846884
337228901428217	337228916882415	337228906613592
337228918874801	337228933565748	337228924125676
337228933889342	337228950249081	337228939135801
337228950441634	337228966932414	337228955696051
337228969485842	337228983615747	337228974800301
337228991580134	337229000299080	337228997068801
337229005190509	337229016982413	337229010646634
337229019560717	337229033665746	337229024398967
337229033301842	337229050349079	337229038130301
337229050549467	337229067032412	337229055351092
337229067265634	337229083715745	337229072042342
337229084918301	337229100399078	337229089593967
337229101335842	337229117082411	337229106071467
337229118061259	337229133765744	337229122827176
337229134575092	337229150449077	337229139319134
337229151172926	337229167132410	337229155842467
337229170736051	337229183815743	337229175722259
337229185258884	337229200499076	337229190000468
337229202245301	337229217182409	337229207014801
337229218415759	337229233865742	337229223140718
337229235389884	337229250549075	337229240162551
337229249964926	337229267232408	337229254662884
337229267341884	337229283915741	337229272208593
337229284670676	337229300599074	337229289428218
337229303292134	337229317282407	337229308064509
337229317309926	337229333965740	337229322145718
337229334362218	337229350649073	337229339138384
337229350797509	337229367332406	337229355595968
337229367998968	337229384015739	337229372945093
337229387127843	337229400699072	337229392233259
337229402890551	337229417382405	337229408067884
337229419221968	337229434065738	337229424449843
337229434403301	337229450749071	337229439610509
337229451225051	337229467432404	337229456473134
337229471477051	337229484115737	337229476790259
337229487936009	337229500799070	337229493329426
337229502515759	337229517482403	337229507433301
337229519253468	337229534165736	337229524220218
337229535790884	337229550849069	337229540636343
337229554694343	337229567532402	337229559511551
337229569449676	337229584215735	337229574204509
337229586419259	337229600899068	337229591118343
337229603253218	337229617582401	337229607943259
337229620111009	337229634265734	337229624906384
337229637756384	337229650949067	337229642451676
337229652937634	337229667632400	337229657644801
337229670031968	337229684315733	337229674747093
337229686998343	337229700999066	337229691727509
337229704474759	337229717682399	337229709214968
337229723687176	337229734365732	337229728410468
337229738147426	337229751049065	337229742868718
337229754012426	337229767732398	337229758715509
337229771051468	337229784415731	337229775802843
337229787817718	337229801099064	337229792574968
337229806000384	337229817782397	337229810751301
337229823208051	337229834465730	337229828090384
337229838827843	337229851149063	337229843580843
337229855165884	337229867832396	337229860167676
337229871359051	337229884515729	337229876462010
337229891264676	337229901199062	337229896436510
337229904833676	337229917882395	337229910059926
337229921560260	337229934565728	337229926829968
337229938444051	337229951249061	337229943721926
337229955581885	337229967932394	337229960941385
337229975396260	337229984615727	337229980805843
337229989170593	337230001299060	337229994142551
337230005983593	337230017982393	337230010852510
337230024158385	337230034665726	337230028961260
337230039301551	337230051349059	337230044080010
337230057836926	337230068032392	337230062563135
337230073103843	337230084715725	337230077803843
337230090122968	337230101399058	337230094814885
337230107098885	337230118082391	337230111720218
337230123226010	337230134765724	337230127921426
337230141680676	337230151449057	337230146414093
337230157633468	337230168132390	337230162334010
337230173934218	337230184815723	337230178670593
337230191064426	337230201499056	337230195746510

===
16683333
337229202245301	337229217182409	337229207014801
337229218415759	337229233865742	337229223140718
337229235389884	337229250549075	337229240162551
337229249964926	337229267232408	337229254662884
337229267341884	337229283915741	337229272208593
337229284670676	337229300599074	337229289428218
337229303292134	337229317282407	337229308064509
337229317309926	337229333965740	337229322145718
337229334362218	337229350649073	337229339138384
337229350797509	337229367332406	337229355595968
337229367998968	337229384015739	337229372945093
337229387127843	337229400699072	337229392233259
337229402890551	337229417382405	337229408067884
337229419221968	337229434065738	337229424449843
337229434403301	337229450749071	337229439610509
337229451225051	337229467432404	337229456473134
337229471477051	337229484115737	337229476790259
337229487936009	337229500799070	337229493329426
337229502515759	337229517482403	337229507433301
337229519253468	337229534165736	337229524220218
337229535790884	337229550849069	337229540636343
337229554694343	337229567532402	337229559511551
337229569449676	337229584215735	337229574204509
337229586419259	337229600899068	337229591118343
337229603253218	337229617582401	337229607943259
337229620111009	337229634265734	337229624906384
337229637756384	337229650949067	337229642451676
337229652937634	337229667632400	337229657644801
337229670031968	337229684315733	337229674747093
337229686998343	337229700999066	337229691727509
337229704474759	337229717682399	337229709214968
337229723687176	337229734365732	337229728410468
337229738147426	337229751049065	337229742868718
337229754012426	337229767732398	337229758715509
337229771051468	337229784415731	337229775802843
337229787817718	337229801099064	337229792574968
337229806000384	337229817782397	337229810751301
337229823208051	337229834465730	337229828090384
337229838827843	337229851149063	337229843580843
337229855165884	337229867832396	337229860167676
337229871359051	337229884515729	337229876462010
337229891264676	337229901199062	337229896436510
337229904833676	337229917882395	337229910059926
337229921560260	337229934565728	337229926829968
337229938444051	337229951249061	337229943721926
337229955581885	337229967932394	337229960941385
337229975396260	337229984615727	337229980805843
337229989170593	337230001299060	337229994142551
337230005983593	337230017982393	337230010852510
337230024158385	337230034665726	337230028961260
337230039301551	337230051349059	337230044080010
337230057836926	337230068032392	337230062563135
337230073103843	337230084715725	337230077803843
337230090122968	337230101399058	337230094814885
337230107098885	337230118082391	337230111720218
337230123226010	337230134765724	337230127921426
337230141680676	337230151449057	337230146414093
337230157633468	337230168132390	337230162334010
337230173934218	337230184815723	337230178670593
337230191064426	337230201499056	337230195746510
337230207650760	337230218182389	337230212388760
337230229150885	337230234865722	337230233957926
337230244053426	337230251549055	337230248793301
337230259616510	337230268232388	337230264310260
337230276149468	337230284915721	337230280853968
337230292059051	337230301599054	337230296934260
337230311505468	337230318282387	337230316289551
337230325536010	337230334965720	337230330310843
337230343848010	337230351649053	337230348594218
337230359479926	337230368332386	337230364196593
337230380208760	337230385015719	337230385140843
337230396605843	337230418382385	337230401705968
337230413525468	337230435065718	337230418670301
337230430250551	337230451749051	337230435467426
337230447092468	337230468432384	337230452291468
337230462787135	337230485115717	337230468048593
337230480251343	337230501799050	337230485624010
337230496922676	337230518482383	337230502328426
337230512244510	337230535165716	337230517164343
337230529261051	337230551849049	337230534190968
337230545482051	337230568532382	337230550392135
337230562340552	337230585215715	337230567184760
337230579816635	337230601899048	337230584561260
337230596263427	337230618582381	337230601036760
337230612836593	337230635265714	337230617559177
337230629846968	337230651949047	337230634590843
337230654689260	337230668632380	337230659502718
337230676803343	337230685315713	337230681548177
337230696093010	337230701999046	337230700930552
337230711866927	337230718682379	337230716698760
337230730625802	337230735365712	337230735534635
337230748435260	337230752049045	337230753307135
337230763825468	337230768732378	337230768685843
337230781338260	337230785415711	337230786277385
337230799149552	337230818782377	337230804147677
337230815471218	337230835465710	337230820351302
337230833955718	337230852149043	337230838912010
337230852756468	337230868832376	337230858402552
337230865298343	337230885515709	337230870264260
337230893585677	337230902199042	337230898863927
337230914634843	337230918882375	337230920071927
337230934013635	337230952249041	337230939742552
337230955125427	337230968932374	337230960942552
337230976655052	337230985615707	337230982682927
337230996956718	337231002299040	337231003079052
337231015760052	337231018982373	337231021862593
337231034849843	337231052349039	337231040496135
337231053742802	337231069032372	337231059275760
337231072548343	337231085715705	337231078034385
337231092287177	337231102399038	337231097788385
337231111288927	337231119082371	337231116841635
337231130991927	337231135765704	337231136455510
337231146668177	337231152449037	337231152130593
337231165293718	337231169132370	337231170774302
337231183916718	337231185815703	337231189376927
337231202557510	337231219182369	337231208081010
337231218017760	337231235865702	337231223467427
337231240283302	337231252549035	337231245744093
337231260239260	337231269232368	337231265597094
337231279416552	337231285915701	337231284934927
337231303854094	337231319282367	337231309407594
337231324653594	337231335965700	337231330141594
337231347409969	337231352649033	337231352945344
337231361494885	337231369332366	337231367374760
337231387696719	337231402699032	337231399007677
337231412415885	337231419382365	337231423563969
337231434453135	337231452749031	337231445447469

===
16683333
337230005983593	337230017982393	337230010852510
337230024158385	337230034665726	337230028961260
337230039301551	337230051349059	337230044080010
337230057836926	337230068032392	337230062563135
337230073103843	337230084715725	337230077803843
337230090122968	337230101399058	337230094814885
337230107098885	337230118082391	337230111720218
337230123226010	337230134765724	337230127921426
337230141680676	337230151449057	337230146414093
337230157633468	337230168132390	337230162334010
337230173934218	337230184815723	337230178670593
337230191064426	337230201499056	337230195746510
337230207650760	337230218182389	337230212388760
337230229150885	337230234865722	337230233957926
337230244053426	337230251549055	337230248793301
337230259616510	337230268232388	337230264310260
337230276149468	337230284915721	337230280853968
337230292059051	337230301599054	337230296934260
337230311505468	337230318282387	337230316289551
337230325536010	337230334965720	337230330310843
337230343848010	337230351649053	337230348594218
337230359479926	337230368332386	337230364196593
337230380208760	337230385015719	337230385140843
337230396605843	337230418382385	337230401705968
337230413525468	337230435065718	337230418670301
337230430250551	337230451749051	337230435467426
337230447092468	337230468432384	337230452291468
337230462787135	337230485115717	337230468048593
337230480251343	337230501799050	337230485624010
337230496922676	337230518482383	337230502328426
337230512244510	337230535165716	337230517164343
337230529261051	337230551849049	337230534190968
337230545482051	337230568532382	337230550392135
337230562340552	337230585215715	337230567184760
337230579816635	337230601899048	337230584561260
337230596263427	337230618582381	337230601036760
337230612836593	337230635265714	337230617559177
337230629846968	337230651949047	337230634590843
337230654689260	337230668632380	337230659502718
337230676803343	337230685315713	337230681548177
337230696093010	337230701999046	337230700930552
337230711866927	337230718682379	337230716698760
337230730625802	337230735365712	337230735534635
337230748435260	337230752049045	337230753307135
337230763825468	337230768732378	337230768685843
337230781338260	337230785415711	337230786277385
337230799149552	337230818782377	337230804147677
337230815471218	337230835465710	337230820351302
337230833955718	337230852149043	337230838912010
337230852756468	337230868832376	337230858402552
337230865298343	337230885515709	337230870264260
337230893585677	337230902199042	337230898863927
337230914634843	337230918882375	337230920071927
337230934013635	337230952249041	337230939742552
337230955125427	337230968932374	337230960942552
337230976655052	337230985615707	337230982682927
337230996956718	337231002299040	337231003079052
337231015760052	337231018982373	337231021862593
337231034849843	337231052349039	337231040496135
337231053742802	337231069032372	337231059275760
337231072548343	337231085715705	337231078034385
337231092287177	337231102399038	337231097788385
337231111288927	337231119082371	337231116841635
337231130991927	337231135765704	337231136455510
337231146668177	337231152449037	337231152130593
337231165293718	337231169132370	337231170774302
337231183916718	337231185815703	337231189376927
337231202557510	337231219182369	337231208081010
337231218017760	337231235865702	337231223467427
337231240283302	337231252549035	337231245744093
337231260239260	337231269232368	337231265597094
337231279416552	337231285915701	337231284934927
337231303854094	337231319282367	337231309407594
337231324653594	337231335965700	337231330141594
337231347409969	337231352649033	337231352945344
337231361494885	337231369332366	337231367374760
337231387696719	337231402699032	337231399007677
337231412415885	337231419382365	337231423563969
337231434453135	337231452749031	337231445447469
337231458445760	337231469432364	337231469179010
337231485520302	337231502799030	337231496206510
337231512792469	337231519482363	337231522736677
337231534685052	337231552849029	337231543983719
337231556179177	337231569532362	337231565210219
337231578479135	337231586215695	337231587547135
337231598815802	337231602899028	337231607744510
337231617087677	337231619582361	337231624364469
337231636092719	337231636265694	337231643730677
337231654477635	337231669632360	337231661763469
337231672270010	337231686315693	337231679591677
337231693232052	337231702999026	337231700517969
337231713962969	337231719682359	337231721260594
337231732969802	337231736365692	337231740270635
337231753611552	337231753049025	337231760909802
337231773875635	337231786415691	337231781183344
337231796122469	337231803099024	337231803273510
337231817004010	337231819782357	337231824214885
337231837269552	337231836465690	337231844553927
337231857388677	337231869832356	337231864680510
337231877265385	337231886515689	337231884425260
337231897277594	337231903199022	337231904449802
337231917271260	337231919882355	337231924626594
337231937819885	337231936565688	337231945114344
337231954683636	337231953249021	337231961969927
337231973885136	337231986615687	337231981200761
337231994218761	337232003299020	337232001448844
337232011328719	337232019982353	337232018638344
337232032441344	337232036665686	337232039741636
337232057503969	337232070032352	337232064538386
337232079776302	337232086715685	337232087002802
337232101399636	337232103399018	337232108700302
337232120578802	337232120082351	337232127864094
337232135673094	337232136765684	337232142947677
337232154100761	337232153449017	337232161330386
337232167360927	337232170132350	337232174660469
337232180786177	337232186815683	337232188088261
337232192063219	337232203499016	337232199310594
337232209973094	337232220182349	337232217245677
337232225030469	337232236865682	337232232381052
337232241750802	337232253549015	337232248954136
337232259048719	337232270232348	337232266390761
337232275757927	337232286915681	337232283016177
337232294942844	337232303599014	337232302206636
337232308756844	337232320282347	337232316033844
337232325329302	337232336965680	337232332608302
337232342937136	337232353649013	337232350208386
337232363162927	337232370332346	337232370388969

===
16683333
337230005983593	337230017982393	337230010852510
337230024158385	337230034665726	337230028961260
337230039301551	337230051349059	337230044080010
337230057836926	337230068032392	337230062563135
337230073103843	337230084715725	337230077803843
337230090122968	337230101399058	337230094814885
337230107098885	337230118082391	337230111720218
337230123226010	337230134765724	337230127921426
337230141680676	337230151449057	337230146414093
337230157633468	337230168132390	337230162334010
337230173934218	337230184815723	337230178670593
337230191064426	337230201499056	337230195746510
337230207650760	337230218182389	337230212388760
337230229150885	337230234865722	337230233957926
337230244053426	337230251549055	337230248793301
337230259616510	337230268232388	337230264310260
337230276149468	337230284915721	337230280853968
337230292059051	337230301599054	337230296934260
337230311505468	337230318282387	337230316289551
337230325536010	337230334965720	337230330310843
337230343848010	337230351649053	337230348594218
337230359479926	337230368332386	337230364196593
337230380208760	337230385015719	337230385140843
337230396605843	337230418382385	337230401705968
337230413525468	337230435065718	337230418670301
337230430250551	337230451749051	337230435467426
337230447092468	337230468432384	337230452291468
337230462787135	337230485115717	337230468048593
337230480251343	337230501799050	337230485624010
337230496922676	337230518482383	337230502328426
337230512244510	337230535165716	337230517164343
337230529261051	337230551849049	337230534190968
337230545482051	337230568532382	337230550392135
337230562340552	337230585215715	337230567184760
337230579816635	337230601899048	337230584561260
337230596263427	337230618582381	337230601036760
337230612836593	337230635265714	337230617559177
337230629846968	337230651949047	337230634590843
337230654689260	337230668632380	337230659502718
337230676803343	337230685315713	337230681548177
337230696093010	337230701999046	337230700930552
337230711866927	337230718682379	337230716698760
337230730625802	337230735365712	337230735534635
337230748435260	337230752049045	337230753307135
337230763825468	337230768732378	337230768685843
337230781338260	337230785415711	337230786277385
337230799149552	337230818782377	337230804147677
337230815471218	337230835465710	337230820351302
337230833955718	337230852149043	337230838912010
337230852756468	337230868832376	337230858402552
337230865298343	337230885515709	337230870264260
337230893585677	337230902199042	337230898863927
337230914634843	337230918882375	337230920071927
337230934013635	337230952249041	337230939742552
337230955125427	337230968932374	337230960942552
337230976655052	337230985615707	337230982682927
337230996956718	337231002299040	337231003079052
337231015760052	337231018982373	337231021862593
337231034849843	337231052349039	337231040496135
337231053742802	337231069032372	337231059275760
337231072548343	337231085715705	337231078034385
337231092287177	337231102399038	337231097788385
337231111288927	337231119082371	337231116841635
337231130991927	337231135765704	337231136455510
337231146668177	337231152449037	337231152130593
337231165293718	337231169132370	337231170774302
337231183916718	337231185815703	337231189376927
337231202557510	337231219182369	337231208081010
337231218017760	337231235865702	337231223467427
337231240283302	337231252549035	337231245744093
337231260239260	337231269232368	337231265597094
337231279416552	337231285915701	337231284934927
337231303854094	337231319282367	337231309407594
337231324653594	337231335965700	337231330141594
337231347409969	337231352649033	337231352945344
337231361494885	337231369332366	337231367374760
337231387696719	337231402699032	337231399007677
337231412415885	337231419382365	337231423563969
337231434453135	337231452749031	337231445447469
337231458445760	337231469432364	337231469179010
337231485520302	337231502799030	337231496206510
337231512792469	337231519482363	337231522736677
337231534685052	337231552849029	337231543983719
337231556179177	337231569532362	337231565210219
337231578479135	337231586215695	337231587547135
337231598815802	337231602899028	337231607744510
337231617087677	337231619582361	337231624364469
337231636092719	337231636265694	337231643730677
337231654477635	337231669632360	337231661763469
337231672270010	337231686315693	337231679591677
337231693232052	337231702999026	337231700517969
337231713962969	337231719682359	337231721260594
337231732969802	337231736365692	337231740270635
337231753611552	337231753049025	337231760909802
337231773875635	337231786415691	337231781183344
337231796122469	337231803099024	337231803273510
337231817004010	337231819782357	337231824214885
337231837269552	337231836465690	337231844553927
337231857388677	337231869832356	337231864680510
337231877265385	337231886515689	337231884425260
337231897277594	337231903199022	337231904449802
337231917271260	337231919882355	337231924626594
337231937819885	337231936565688	337231945114344
337231954683636	337231953249021	337231961969927
337231973885136	337231986615687	337231981200761
337231994218761	337232003299020	337232001448844
337232011328719	337232019982353	337232018638344
337232032441344	337232036665686	337232039741636
337232057503969	337232070032352	337232064538386
337232079776302	337232086715685	337232087002802
337232101399636	337232103399018	337232108700302
337232120578802	337232120082351	337232127864094
337232135673094	337232136765684	337232142947677
337232154100761	337232153449017	337232161330386
337232167360927	337232170132350	337232174660469
337232180786177	337232186815683	337232188088261
337232192063219	337232203499016	337232199310594
337232209973094	337232220182349	337232217245677
337232225030469	337232236865682	337232232381052
337232241750802	337232253549015	337232248954136
337232259048719	337232270232348	337232266390761
337232275757927	337232286915681	337232283016177
337232294942844	337232303599014	337232302206636
337232308756844	337232320282347	337232316033844
337232325329302	337232336965680	337232332608302
337232342937136	337232353649013	337232350208386
337232363162927	337232370332346	337232370388969

