16683333
0	0	0
0	0	0
0	0	0
0	0	0
0	0	0
0	0	0
0	0	0
0	0	0
0	0	0
0	0	0
0	0	0
0	0	0
0	0	0
0	0	0
0	0	0
0	0	0
0	0	0
0	0	0
0	0	0
0	0	0
0	0	0
0	0	0
0	0	0
0	0	0
0	0	0
0	0	0
0	0	0
0	0	0
0	0	0
0	0	0
0	0	0
0	0	0
0	0	0
0	0	0
0	0	0
0	0	0
0	0	0
0	0	0
0	0	0
0	0	0
0	0	0
0	0	0
0	0	0
0	0	0
0	0	0
0	0	0
0	0	0
0	0	0
0	0	0
0	0	0
0	0	0
0	0	0
0	0	0
0	0	0
0	0	0
0	0	0
0	0	0
0	0	0
0	0	0
0	0	0
0	0	0
0	0	0
0	0	0
0	0	0
0	0	0
0	0	0
0	0	0
0	0	0
0	0	0
0	0	0
0	0	0
0	0	0
0	0	0
0	0	0
0	0	0
0	0	0
0	0	0
0	0	0
0	0	0
0	0	0
0	0	0
0	0	0
0	0	0
0	0	0
0	0	0
0	0	0
0	0	0
0	0	0
0	0	0
0	0	0
0	0	0
0	0	0
0	0	0
0	0	0
0	0	0
0	0	0
0	0	0
0	0	0
0	0	0
0	0	0
0	0	0
0	0	0
0	0	0
0	0	0
0	0	0
0	0	0
0	0	0
0	0	0
0	0	0
0	0	0
0	0	0
0	0	0
0	0	0
0	0	0
0	0	0
0	0	0
0	0	0
0	0	0
0	0	0
0	0	0
0	0	0
0	0	0
0	0	0
0	0	0
0	0	0
0	0	0
337736090304543	337736103292119	337736106701168

===
16683333
0	0	0
0	0	0
0	0	0
0	0	0
0	0	0
0	0	0
0	0	0
0	0	0
0	0	0
0	0	0
0	0	0
0	0	0
0	0	0
0	0	0
0	0	0
0	0	0
0	0	0
0	0	0
0	0	0
0	0	0
0	0	0
0	0	0
0	0	0
0	0	0
0	0	0
0	0	0
0	0	0
0	0	0
0	0	0
0	0	0
0	0	0
0	0	0
0	0	0
0	0	0
0	0	0
0	0	0
0	0	0
0	0	0
0	0	0
0	0	0
0	0	0
0	0	0
0	0	0
0	0	0
0	0	0
0	0	0
0	0	0
0	0	0
0	0	0
0	0	0
0	0	0
0	0	0
0	0	0
0	0	0
0	0	0
0	0	0
0	0	0
0	0	0
0	0	0
0	0	0
0	0	0
0	0	0
0	0	0
0	0	0
0	0	0
0	0	0
0	0	0
0	0	0
0	0	0
0	0	0
0	0	0
0	0	0
0	0	0
0	0	0
0	0	0
0	0	0
0	0	0
0	0	0
0	0	0
337736090304543	337736103292119	337736106701168
337736122894043	337736136658785	337736141240126
337736147725876	337736170025451	337736166111626
337736171213959	337736186708784	337736189566918
337736196524751	337736203392117	337736213173209
337736215488459	337736220075450	337736221655043
337736241270251	337736236758783	337736248919543
337736254412543	337736253442116	337736262099709
337736266105668	337736270125449	337736273799043
337736277593793	337736286808782	337736285314834
337736296691334	337736303492115	337736304263043
337736312139834	337736320175448	337736319666709
337736328177001	337736336858781	337736335800668
337736342220918	337736353542114	337736349822293
337736362586376	337736370225447	337736370099126
337736373956376	337736386908780	337736381577334
337736390732876	337736403592113	337736398312668
337736407978418	337736420275446	337736415593751
337736424964584	337736436958779	337736432629709
337736442033751	337736453642112	337736449628168
337736459048626	337736470325445	337736466493168
337736848746501	337736870725437	337736870826126
337736888964376	337736920775436	337736912638085
337736919942085	337736937458769	337736927940085
337736944842376	337736954142102	337736953182210
337736967655501	337736987508768	337736976961293
337736993602335	337737004192101	337737004550126
337737012510668	337737037558767	337737023594918
337737030560585	337737054242100	337737041623543
337737057749293	337737070925433	337737069033501
337737075480418	337737087608766	337737086580501
337737092655293	337737104292099	337737103830168
337737110549126	337737120975432	337737121795668
337737127418835	337737137658765	337737138761960
337737143731293	337737154342098	337737155008793
337737159983710	337737171025431	337737170379960
337737175844126	337737187708764	337737181413835
337737191453501	337737204392097	337737196977460
337737206340668	337737221075430	337737211852126
337737224741293	337737237758763	337737230250751
337737240633335	337737254442096	337737246023626
337737255088710	337737271125429	337737260617335
337737272104918	337737287808762	337737277618251
337737293175960	337737304492095	337737298788918
337737311030210	337737321175428	337737316569918
337737326997626	337737337858761	337737332517210
337737338754668	337737354542094	337737344253710
337737358292293	337737371225427	337737363953460

===
16683333
0	0	0
0	0	0
0	0	0
0	0	0
0	0	0
0	0	0
0	0	0
0	0	0
0	0	0
0	0	0
0	0	0
0	0	0
0	0	0
0	0	0
0	0	0
0	0	0
0	0	0
0	0	0
0	0	0
0	0	0
337736090304543	337736103292119	337736106701168
337736122894043	337736136658785	337736141240126
337736147725876	337736170025451	337736166111626
337736171213959	337736186708784	337736189566918
337736196524751	337736203392117	337736213173209
337736215488459	337736220075450	337736221655043
337736241270251	337736236758783	337736248919543
337736254412543	337736253442116	337736262099709
337736266105668	337736270125449	337736273799043
337736277593793	337736286808782	337736285314834
337736296691334	337736303492115	337736304263043
337736312139834	337736320175448	337736319666709
337736328177001	337736336858781	337736335800668
337736342220918	337736353542114	337736349822293
337736362586376	337736370225447	337736370099126
337736373956376	337736386908780	337736381577334
337736390732876	337736403592113	337736398312668
337736407978418	337736420275446	337736415593751
337736424964584	337736436958779	337736432629709
337736442033751	337736453642112	337736449628168
337736459048626	337736470325445	337736466493168
337736848746501	337736870725437	337736870826126
337736888964376	337736920775436	337736912638085
337736919942085	337736937458769	337736927940085
337736944842376	337736954142102	337736953182210
337736967655501	337736987508768	337736976961293
337736993602335	337737004192101	337737004550126
337737012510668	337737037558767	337737023594918
337737030560585	337737054242100	337737041623543
337737057749293	337737070925433	337737069033501
337737075480418	337737087608766	337737086580501
337737092655293	337737104292099	337737103830168
337737110549126	337737120975432	337737121795668
337737127418835	337737137658765	337737138761960
337737143731293	337737154342098	337737155008793
337737159983710	337737171025431	337737170379960
337737175844126	337737187708764	337737181413835
337737191453501	337737204392097	337737196977460
337737206340668	337737221075430	337737211852126
337737224741293	337737237758763	337737230250751
337737240633335	337737254442096	337737246023626
337737255088710	337737271125429	337737260617335
337737272104918	337737287808762	337737277618251
337737293175960	337737304492095	337737298788918
337737311030210	337737321175428	337737316569918
337737326997626	337737337858761	337737332517210
337737338754668	337737354542094	337737344253710
337737358292293	337737371225427	337737363953460
337737376860418	337737387908760	337737382409085
337737396643335	337737404592093	337737402240293
337737413596960	337737421275426	337737419127085
337737431516293	337737437958759	337737437033710
337737447798710	337737454642092	337737453293918
337737469433627	337737471325425	337737474946252
337737486232793	337737488008758	337737491718377
337737500505960	337737504692091	337737506025793
337737517853127	337737521375424	337737523339710
337737538331710	337737554742090	337737543784252
337737554800085	337737571425423	337737560269835
337737572528502	337737588108756	337737578039627
337737595381377	337737604792089	337737600851168
337737613087877	337737621475422	337737618593377
337737630327335	337737638158755	337737635818585
337737640481960	337737654842088	337737645959460
337737657567210	337737671525421	337737663007918
337737672141043	337737688208754	337737677572252
337737688704668	337737704892087	337737694075585
337737703143043	337737721575420	337737708677835
337737723471085	337737738258753	337737728948418
337737737397252	337737754942086	337737742789627
337737754157668	337737771625419	337737759604293
337737770499835	337737788308752	337737775946835
337737787981960	337737804992085	337737793440627
337737806105918	337737821675418	337737810380918
337737822516293	337737838358751	337737827957710
337737838566460	337737855042084	337737844032460
337737856225835	337737871725417	337737861626793
337738039019293	337738055242080	337738055396085
337738061682710	337738071925413	337738080038627
337738085210710	337738105292079	337738098676210
337738102083460	337738121975412	337738108137710
337738130704877	337738138658745	337738136999877
337738149577460	337738155342078	337738155734252
337738167223752	337738172025411	337738173234669
337738180378335	337738188708744	337738186476919
337738205444669	337738205392077	337738212152835
337738229447919	337738238758743	337738235613460
337738252621877	337738255442076	337738258897502
337738275671294	337738272125409	337738281831877
337738302334794	337738305492075	337738308439919
337738319691377	337738322175408	337738325710335
337738340390752	337738338858741	337738346517585
337738361666377	337738372225407	337738367660169
337738383207252	337738388908740	337738389222419
337738401712919	337738405592073	337738407451960
337738420890044	337738422275406	337738426631169
337738438262544	337738438958739	337738443952627
337738455332710	337738455642072	337738460930752
337738470927210	337738472325405	337738476073794
337738487532044	337738489008738	337738492526502
337738502600752	337738505692071	337738507559002
337738515405585	337738522375404	337738520330460
337738534283169	337738539058737	337738539246919
337738546496585	337738555742070	337738551367252
337738565947210	337738572425403	337738570853794
337738579056294	337738589108736	337738583886794
337738598375085	337738605792069	337738603260544

===
16683333
337736919942085	337736937458769	337736927940085
337736944842376	337736954142102	337736953182210
337736967655501	337736987508768	337736976961293
337736993602335	337737004192101	337737004550126
337737012510668	337737037558767	337737023594918
337737030560585	337737054242100	337737041623543
337737057749293	337737070925433	337737069033501
337737075480418	337737087608766	337737086580501
337737092655293	337737104292099	337737103830168
337737110549126	337737120975432	337737121795668
337737127418835	337737137658765	337737138761960
337737143731293	337737154342098	337737155008793
337737159983710	337737171025431	337737170379960
337737175844126	337737187708764	337737181413835
337737191453501	337737204392097	337737196977460
337737206340668	337737221075430	337737211852126
337737224741293	337737237758763	337737230250751
337737240633335	337737254442096	337737246023626
337737255088710	337737271125429	337737260617335
337737272104918	337737287808762	337737277618251
337737293175960	337737304492095	337737298788918
337737311030210	337737321175428	337737316569918
337737326997626	337737337858761	337737332517210
337737338754668	337737354542094	337737344253710
337737358292293	337737371225427	337737363953460
337737376860418	337737387908760	337737382409085
337737396643335	337737404592093	337737402240293
337737413596960	337737421275426	337737419127085
337737431516293	337737437958759	337737437033710
337737447798710	337737454642092	337737453293918
337737469433627	337737471325425	337737474946252
337737486232793	337737488008758	337737491718377
337737500505960	337737504692091	337737506025793
337737517853127	337737521375424	337737523339710
337737538331710	337737554742090	337737543784252
337737554800085	337737571425423	337737560269835
337737572528502	337737588108756	337737578039627
337737595381377	337737604792089	337737600851168
337737613087877	337737621475422	337737618593377
337737630327335	337737638158755	337737635818585
337737640481960	337737654842088	337737645959460
337737657567210	337737671525421	337737663007918
337737672141043	337737688208754	337737677572252
337737688704668	337737704892087	337737694075585
337737703143043	337737721575420	337737708677835
337737723471085	337737738258753	337737728948418
337737737397252	337737754942086	337737742789627
337737754157668	337737771625419	337737759604293
337737770499835	337737788308752	337737775946835
337737787981960	337737804992085	337737793440627
337737806105918	337737821675418	337737810380918
337737822516293	337737838358751	337737827957710
337737838566460	337737855042084	337737844032460
337737856225835	337737871725417	337737861626793
337738039019293	337738055242080	337738055396085
337738061682710	337738071925413	337738080038627
337738085210710	337738105292079	337738098676210
337738102083460	337738121975412	337738108137710
337738130704877	337738138658745	337738136999877
337738149577460	337738155342078	337738155734252
337738167223752	337738172025411	337738173234669
337738180378335	337738188708744	337738186476919
337738205444669	337738205392077	337738212152835
337738229447919	337738238758743	337738235613460
337738252621877	337738255442076	337738258897502
337738275671294	337738272125409	337738281831877
337738302334794	337738305492075	337738308439919
337738319691377	337738322175408	337738325710335
337738340390752	337738338858741	337738346517585
337738361666377	337738372225407	337738367660169
337738383207252	337738388908740	337738389222419
337738401712919	337738405592073	337738407451960
337738420890044	337738422275406	337738426631169
337738438262544	337738438958739	337738443952627
337738455332710	337738455642072	337738460930752
337738470927210	337738472325405	337738476073794
337738487532044	337738489008738	337738492526502
337738502600752	337738505692071	337738507559002
337738515405585	337738522375404	337738520330460
337738534283169	337738539058737	337738539246919
337738546496585	337738555742070	337738551367252
337738565947210	337738572425403	337738570853794
337738579056294	337738589108736	337738583886794
337738598375085	337738605792069	337738603260544
337738614733752	337738622475402	337738619691794
337738632086210	337738639158735	337738636943752
337738649553085	337738655842068	337738654417210
337738666338085	337738672525401	337738671197835
337738679175794	337738689208734	337738684069877
337738700769294	337738705892067	337738704449877
337738714988627	337738722575400	337738719951544
337738733225877	337738739258733	337738738313752
337738746512627	337738755942066	337738751387502
337738764470210	337738772625399	337738769549711
337738781955127	337738789308732	337738786823086
337738796267377	337738805992065	337738801137502
337738813368919	337738822675398	337738818019794
337738831282877	337738839358731	337738836232502
337738847920211	337738856042064	337738852819752
337738865842544	337738872725397	337738870700544
337738880890294	337738889408730	337738885775877
337738897831252	337738906092063	337738902725794
337738913654127	337738922775396	337738918509294
337738930710127	337738939458729	337738935587836
337738947051461	337738956142062	337738951904586
337738964724836	337738972825395	337738969692752
337738981484002	337738989508728	337738986356627
337738999543211	337739006192061	337739004428086
337739014599252	337739022875394	337739019437086
337739031951669	337739039558727	337739036804544
337739047899377	337739056242060	337739052732252
337739065172127	337739089608726	337739070019461
337739079501086	337739106292059	337739084320502
337739097860711	337739122975392	337739102640502
337739116159294	337739139658725	337739121054794
337739130347086	337739156342058	337739135331752
337739147900086	337739173025391	337739152756294
337739164425169	337739189708724	337739168976211
337739180415711	337739206392057	337739185235627
337739197602711	337739223075390	337739202500461
337739214996252	337739239758723	337739219900627
337739231918294	337739256442056	337739236767752
337739249330044	337739273125389	337739254182377
337739266936461	337739289808722	337739271861086
337739282933877	337739306492055	337739287778836
337739298134044	337739323175388	337739302983752
337739314946169	337739339858721	337739319829627

===
16683333
337736919942085	337736937458769	337736927940085
337736944842376	337736954142102	337736953182210
337736967655501	337736987508768	337736976961293
337736993602335	337737004192101	337737004550126
337737012510668	337737037558767	337737023594918
337737030560585	337737054242100	337737041623543
337737057749293	337737070925433	337737069033501
337737075480418	337737087608766	337737086580501
337737092655293	337737104292099	337737103830168
337737110549126	337737120975432	337737121795668
337737127418835	337737137658765	337737138761960
337737143731293	337737154342098	337737155008793
337737159983710	337737171025431	337737170379960
337737175844126	337737187708764	337737181413835
337737191453501	337737204392097	337737196977460
337737206340668	337737221075430	337737211852126
337737224741293	337737237758763	337737230250751
337737240633335	337737254442096	337737246023626
337737255088710	337737271125429	337737260617335
337737272104918	337737287808762	337737277618251
337737293175960	337737304492095	337737298788918
337737311030210	337737321175428	337737316569918
337737326997626	337737337858761	337737332517210
337737338754668	337737354542094	337737344253710
337737358292293	337737371225427	337737363953460
337737376860418	337737387908760	337737382409085
337737396643335	337737404592093	337737402240293
337737413596960	337737421275426	337737419127085
337737431516293	337737437958759	337737437033710
337737447798710	337737454642092	337737453293918
337737469433627	337737471325425	337737474946252
337737486232793	337737488008758	337737491718377
337737500505960	337737504692091	337737506025793
337737517853127	337737521375424	337737523339710
337737538331710	337737554742090	337737543784252
337737554800085	337737571425423	337737560269835
337737572528502	337737588108756	337737578039627
337737595381377	337737604792089	337737600851168
337737613087877	337737621475422	337737618593377
337737630327335	337737638158755	337737635818585
337737640481960	337737654842088	337737645959460
337737657567210	337737671525421	337737663007918
337737672141043	337737688208754	337737677572252
337737688704668	337737704892087	337737694075585
337737703143043	337737721575420	337737708677835
337737723471085	337737738258753	337737728948418
337737737397252	337737754942086	337737742789627
337737754157668	337737771625419	337737759604293
337737770499835	337737788308752	337737775946835
337737787981960	337737804992085	337737793440627
337737806105918	337737821675418	337737810380918
337737822516293	337737838358751	337737827957710
337737838566460	337737855042084	337737844032460
337737856225835	337737871725417	337737861626793
337738039019293	337738055242080	337738055396085
337738061682710	337738071925413	337738080038627
337738085210710	337738105292079	337738098676210
337738102083460	337738121975412	337738108137710
337738130704877	337738138658745	337738136999877
337738149577460	337738155342078	337738155734252
337738167223752	337738172025411	337738173234669
337738180378335	337738188708744	337738186476919
337738205444669	337738205392077	337738212152835
337738229447919	337738238758743	337738235613460
337738252621877	337738255442076	337738258897502
337738275671294	337738272125409	337738281831877
337738302334794	337738305492075	337738308439919
337738319691377	337738322175408	337738325710335
337738340390752	337738338858741	337738346517585
337738361666377	337738372225407	337738367660169
337738383207252	337738388908740	337738389222419
337738401712919	337738405592073	337738407451960
337738420890044	337738422275406	337738426631169
337738438262544	337738438958739	337738443952627
337738455332710	337738455642072	337738460930752
337738470927210	337738472325405	337738476073794
337738487532044	337738489008738	337738492526502
337738502600752	337738505692071	337738507559002
337738515405585	337738522375404	337738520330460
337738534283169	337738539058737	337738539246919
337738546496585	337738555742070	337738551367252
337738565947210	337738572425403	337738570853794
337738579056294	337738589108736	337738583886794
337738598375085	337738605792069	337738603260544
337738614733752	337738622475402	337738619691794
337738632086210	337738639158735	337738636943752
337738649553085	337738655842068	337738654417210
337738666338085	337738672525401	337738671197835
337738679175794	337738689208734	337738684069877
337738700769294	337738705892067	337738704449877
337738714988627	337738722575400	337738719951544
337738733225877	337738739258733	337738738313752
337738746512627	337738755942066	337738751387502
337738764470210	337738772625399	337738769549711
337738781955127	337738789308732	337738786823086
337738796267377	337738805992065	337738801137502
337738813368919	337738822675398	337738818019794
337738831282877	337738839358731	337738836232502
337738847920211	337738856042064	337738852819752
337738865842544	337738872725397	337738870700544
337738880890294	337738889408730	337738885775877
337738897831252	337738906092063	337738902725794
337738913654127	337738922775396	337738918509294
337738930710127	337738939458729	337738935587836
337738947051461	337738956142062	337738951904586
337738964724836	337738972825395	337738969692752
337738981484002	337738989508728	337738986356627
337738999543211	337739006192061	337739004428086
337739014599252	337739022875394	337739019437086
337739031951669	337739039558727	337739036804544
337739047899377	337739056242060	337739052732252
337739065172127	337739089608726	337739070019461
337739079501086	337739106292059	337739084320502
337739097860711	337739122975392	337739102640502
337739116159294	337739139658725	337739121054794
337739130347086	337739156342058	337739135331752
337739147900086	337739173025391	337739152756294
337739164425169	337739189708724	337739168976211
337739180415711	337739206392057	337739185235627
337739197602711	337739223075390	337739202500461
337739214996252	337739239758723	337739219900627
337739231918294	337739256442056	337739236767752
337739249330044	337739273125389	337739254182377
337739266936461	337739289808722	337739271861086
337739282933877	337739306492055	337739287778836
337739298134044	337739323175388	337739302983752
337739314946169	337739339858721	337739319829627

===
16683333
337737191453501	337737204392097	337737196977460
337737206340668	337737221075430	337737211852126
337737224741293	337737237758763	337737230250751
337737240633335	337737254442096	337737246023626
337737255088710	337737271125429	337737260617335
337737272104918	337737287808762	337737277618251
337737293175960	337737304492095	337737298788918
337737311030210	337737321175428	337737316569918
337737326997626	337737337858761	337737332517210
337737338754668	337737354542094	337737344253710
337737358292293	337737371225427	337737363953460
337737376860418	337737387908760	337737382409085
337737396643335	337737404592093	337737402240293
337737413596960	337737421275426	337737419127085
337737431516293	337737437958759	337737437033710
337737447798710	337737454642092	337737453293918
337737469433627	337737471325425	337737474946252
337737486232793	337737488008758	337737491718377
337737500505960	337737504692091	337737506025793
337737517853127	337737521375424	337737523339710
337737538331710	337737554742090	337737543784252
337737554800085	337737571425423	337737560269835
337737572528502	337737588108756	337737578039627
337737595381377	337737604792089	337737600851168
337737613087877	337737621475422	337737618593377
337737630327335	337737638158755	337737635818585
337737640481960	337737654842088	337737645959460
337737657567210	337737671525421	337737663007918
337737672141043	337737688208754	337737677572252
337737688704668	337737704892087	337737694075585
337737703143043	337737721575420	337737708677835
337737723471085	337737738258753	337737728948418
337737737397252	337737754942086	337737742789627
337737754157668	337737771625419	337737759604293
337737770499835	337737788308752	337737775946835
337737787981960	337737804992085	337737793440627
337737806105918	337737821675418	337737810380918
337737822516293	337737838358751	337737827957710
337737838566460	337737855042084	337737844032460
337737856225835	337737871725417	337737861626793
337738039019293	337738055242080	337738055396085
337738061682710	337738071925413	337738080038627
337738085210710	337738105292079	337738098676210
337738102083460	337738121975412	337738108137710
337738130704877	337738138658745	337738136999877
337738149577460	337738155342078	337738155734252
337738167223752	337738172025411	337738173234669
337738180378335	337738188708744	337738186476919
337738205444669	337738205392077	337738212152835
337738229447919	337738238758743	337738235613460
337738252621877	337738255442076	337738258897502
337738275671294	337738272125409	337738281831877
337738302334794	337738305492075	337738308439919
337738319691377	337738322175408	337738325710335
337738340390752	337738338858741	337738346517585
337738361666377	337738372225407	337738367660169
337738383207252	337738388908740	337738389222419
337738401712919	337738405592073	337738407451960
337738420890044	337738422275406	337738426631169
337738438262544	337738438958739	337738443952627
337738455332710	337738455642072	337738460930752
337738470927210	337738472325405	337738476073794
337738487532044	337738489008738	337738492526502
337738502600752	337738505692071	337738507559002
337738515405585	337738522375404	337738520330460
337738534283169	337738539058737	337738539246919
337738546496585	337738555742070	337738551367252
337738565947210	337738572425403	337738570853794
337738579056294	337738589108736	337738583886794
337738598375085	337738605792069	337738603260544
337738614733752	337738622475402	337738619691794
337738632086210	337738639158735	337738636943752
337738649553085	337738655842068	337738654417210
337738666338085	337738672525401	337738671197835
337738679175794	337738689208734	337738684069877
337738700769294	337738705892067	337738704449877
337738714988627	337738722575400	337738719951544
337738733225877	337738739258733	337738738313752
337738746512627	337738755942066	337738751387502
337738764470210	337738772625399	337738769549711
337738781955127	337738789308732	337738786823086
337738796267377	337738805992065	337738801137502
337738813368919	337738822675398	337738818019794
337738831282877	337738839358731	337738836232502
337738847920211	337738856042064	337738852819752
337738865842544	337738872725397	337738870700544
337738880890294	337738889408730	337738885775877
337738897831252	337738906092063	337738902725794
337738913654127	337738922775396	337738918509294
337738930710127	337738939458729	337738935587836
337738947051461	337738956142062	337738951904586
337738964724836	337738972825395	337738969692752
337738981484002	337738989508728	337738986356627
337738999543211	337739006192061	337739004428086
337739014599252	337739022875394	337739019437086
337739031951669	337739039558727	337739036804544
337739047899377	337739056242060	337739052732252
337739065172127	337739089608726	337739070019461
337739079501086	337739106292059	337739084320502
337739097860711	337739122975392	337739102640502
337739116159294	337739139658725	337739121054794
337739130347086	337739156342058	337739135331752
337739147900086	337739173025391	337739152756294
337739164425169	337739189708724	337739168976211
337739180415711	337739206392057	337739185235627
337739197602711	337739223075390	337739202500461
337739214996252	337739239758723	337739219900627
337739231918294	337739256442056	337739236767752
337739249330044	337739273125389	337739254182377
337739266936461	337739289808722	337739271861086
337739282933877	337739306492055	337739287778836
337739298134044	337739323175388	337739302983752
337739314946169	337739339858721	337739319829627
337742090042504	337742109291999	337742104641379
337742110441837	337742125975332	337742126896045
337742130180795	337742159341998	337742146693504
337742145740712	337742176025331	337742163927087
337742180348212	337742192708664	337742186075004
337742198394254	337742209391997	337742203583962
337742217663629	337742226075330	337742223259045
337742233481670	337742242758663	337742239134045
337742252131170	337742259441996	337742258228545
337742269438504	337742276125329	337742275167712
337742283261129	337742292808662	337742289117671
337742300879462	337742309491995	337742306891546
337742323158587	337742326175328	337742329120546
337742342749337	337742359541994	337742350116337

===
16683333
337738455332710	337738455642072	337738460930752
337738470927210	337738472325405	337738476073794
337738487532044	337738489008738	337738492526502
337738502600752	337738505692071	337738507559002
337738515405585	337738522375404	337738520330460
337738534283169	337738539058737	337738539246919
337738546496585	337738555742070	337738551367252
337738565947210	337738572425403	337738570853794
337738579056294	337738589108736	337738583886794
337738598375085	337738605792069	337738603260544
337738614733752	337738622475402	337738619691794
337738632086210	337738639158735	337738636943752
337738649553085	337738655842068	337738654417210
337738666338085	337738672525401	337738671197835
337738679175794	337738689208734	337738684069877
337738700769294	337738705892067	337738704449877
337738714988627	337738722575400	337738719951544
337738733225877	337738739258733	337738738313752
337738746512627	337738755942066	337738751387502
337738764470210	337738772625399	337738769549711
337738781955127	337738789308732	337738786823086
337738796267377	337738805992065	337738801137502
337738813368919	337738822675398	337738818019794
337738831282877	337738839358731	337738836232502
337738847920211	337738856042064	337738852819752
337738865842544	337738872725397	337738870700544
337738880890294	337738889408730	337738885775877
337738897831252	337738906092063	337738902725794
337738913654127	337738922775396	337738918509294
337738930710127	337738939458729	337738935587836
337738947051461	337738956142062	337738951904586
337738964724836	337738972825395	337738969692752
337738981484002	337738989508728	337738986356627
337738999543211	337739006192061	337739004428086
337739014599252	337739022875394	337739019437086
337739031951669	337739039558727	337739036804544
337739047899377	337739056242060	337739052732252
337739065172127	337739089608726	337739070019461
337739079501086	337739106292059	337739084320502
337739097860711	337739122975392	337739102640502
337739116159294	337739139658725	337739121054794
337739130347086	337739156342058	337739135331752
337739147900086	337739173025391	337739152756294
337739164425169	337739189708724	337739168976211
337739180415711	337739206392057	337739185235627
337739197602711	337739223075390	337739202500461
337739214996252	337739239758723	337739219900627
337739231918294	337739256442056	337739236767752
337739249330044	337739273125389	337739254182377
337739266936461	337739289808722	337739271861086
337739282933877	337739306492055	337739287778836
337739298134044	337739323175388	337739302983752
337739314946169	337739339858721	337739319829627
337742090042504	337742109291999	337742104641379
337742110441837	337742125975332	337742126896045
337742130180795	337742159341998	337742146693504
337742145740712	337742176025331	337742163927087
337742180348212	337742192708664	337742186075004
337742198394254	337742209391997	337742203583962
337742217663629	337742226075330	337742223259045
337742233481670	337742242758663	337742239134045
337742252131170	337742259441996	337742258228545
337742269438504	337742276125329	337742275167712
337742283261129	337742292808662	337742289117671
337742300879462	337742309491995	337742306891546
337742323158587	337742326175328	337742329120546
337742342749337	337742359541994	337742350116337
337742364149712	337742376225327	337742370172712
337742380441087	337742392908660	337742386095046
337742401583754	337742409591993	337742407518296
337742421953212	337742426275326	337742428138754
337742441654754	337742442958659	337742447725129
337742463662171	337742476325325	337742469805212
337742485313087	337742493008658	337742491460629
337742506264754	337742526375324	337742519777671
337742528512629	337742543058657	337742540080629
337742550062837	337742559741990	337742555665671
337742572130587	337742576425323	337742577669087
337742593141212	337742593108656	337742598643587
337742702330796	337742709891987	337742707927046
337742742185296	337742759941986	337742765996796
337742765660462	337742793308652	337742791748129
337742797406504	337742826675318	337742820052129
337742824884629	337742843358651	337742832490254
337742856348046	337742860041984	337742863997504
337742877915046	337742893408650	337742885555129
337742907514754	337742910091983	337742913129754
337742924914046	337742926775316	337742930502296
337742944987921	337742943458649	337742950620671
337742963157421	337742960141982	337742968784171
337742982159379	337742993508648	337742987756004
337743000202963	337743010191981	337743005903629
337743020428004	337743026875314	337743025923629
337743038077754	337743043558647	337743043716796
337743054691421	337743060241980	337743060300754
337743070952546	337743076925313	337743076529088
337743086234296	337743093608646	337743091770421
337743101953879	337743110291979	337743107458379
337743120187671	337743126975312	337743125668504
337743137469879	337743143658645	337743142877796
337743149533671	337743160341978	337743155167171
337743168919004	337743177025311	337743174569296
337743181494838	337743193708644	337743187088213
337743198146129	337743210391977	337743203804296
337743214830671	337743227075310	337743220423838
337743231390129	337743243758643	337743236972213
337743248170213	337743260441976	337743253638879
337743265296629	337743277125309	337743270946421
337743281869796	337743293808642	337743287533088
337743299350504	337743310491975	337743304927546
337743315498254	337743327175308	337743321148129
337743333222129	337743343858641	337743339468921
337743349276629	337743360541974	337743354890796
337743364716546	337743377225307	337743370331213
337743381247171	337743393908640	337743386804588
337743398757629	337743410591973	337743404818046
337743415314046	337743427275306	337743420847879
337743432377088	337743443958639	337743437950754
337743448807046	337743460641972	337743454392713
337743465038838	337743477325305	337743470595254
337743481503463	337743494008638	337743487063754
337743498721838	337743510691971	337743504205171
337743516289296	337743527375304	337743521741713
337743533586546	337743544058637	337743539184338
337743549516713	337743560741970	337743555095004
337743566769671	337743577425303	337743572359963
337743583006546	337743594108636	337743588504504

===
16683333
337742506264754	337742526375324	337742519777671
337742528512629	337742543058657	337742540080629
337742550062837	337742559741990	337742555665671
337742572130587	337742576425323	337742577669087
337742593141212	337742593108656	337742598643587
337742702330796	337742709891987	337742707927046
337742742185296	337742759941986	337742765996796
337742765660462	337742793308652	337742791748129
337742797406504	337742826675318	337742820052129
337742824884629	337742843358651	337742832490254
337742856348046	337742860041984	337742863997504
337742877915046	337742893408650	337742885555129
337742907514754	337742910091983	337742913129754
337742924914046	337742926775316	337742930502296
337742944987921	337742943458649	337742950620671
337742963157421	337742960141982	337742968784171
337742982159379	337742993508648	337742987756004
337743000202963	337743010191981	337743005903629
337743020428004	337743026875314	337743025923629
337743038077754	337743043558647	337743043716796
337743054691421	337743060241980	337743060300754
337743070952546	337743076925313	337743076529088
337743086234296	337743093608646	337743091770421
337743101953879	337743110291979	337743107458379
337743120187671	337743126975312	337743125668504
337743137469879	337743143658645	337743142877796
337743149533671	337743160341978	337743155167171
337743168919004	337743177025311	337743174569296
337743181494838	337743193708644	337743187088213
337743198146129	337743210391977	337743203804296
337743214830671	337743227075310	337743220423838
337743231390129	337743243758643	337743236972213
337743248170213	337743260441976	337743253638879
337743265296629	337743277125309	337743270946421
337743281869796	337743293808642	337743287533088
337743299350504	337743310491975	337743304927546
337743315498254	337743327175308	337743321148129
337743333222129	337743343858641	337743339468921
337743349276629	337743360541974	337743354890796
337743364716546	337743377225307	337743370331213
337743381247171	337743393908640	337743386804588
337743398757629	337743410591973	337743404818046
337743415314046	337743427275306	337743420847879
337743432377088	337743443958639	337743437950754
337743448807046	337743460641972	337743454392713
337743465038838	337743477325305	337743470595254
337743481503463	337743494008638	337743487063754
337743498721838	337743510691971	337743504205171
337743516289296	337743527375304	337743521741713
337743533586546	337743544058637	337743539184338
337743549516713	337743560741970	337743555095004
337743566769671	337743577425303	337743572359963
337743583006546	337743594108636	337743588504504
337743599636629	337743610791969	337743605208463
337743617071463	337743627475302	337743622743879
337743636889754	337743644158635	337743642486046
337743650982963	337743660841968	337743656620004
337743667119838	337743677525301	337743672677713
337743684345213	337743694208634	337743689973296
337743700812380	337743710891967	337743706372088
337743716641088	337743727575300	337743722188171
337743734059546	337743744258633	337743739622046
337743750799005	337743760941966	337743756467921
337743768279380	337743777625299	337743773918463
337743785256755	337743794308632	337743790832255
337743801996713	337743810991965	337743807584796
337743818463421	337743827675298	337743824125213
337743834768213	337743844358631	337743840261505
337743851549630	337743861041964	337743857121171
337743870238338	337743877725297	337743875883963
337743887533713	337743894408630	337743893437296
337743902924505	337743927775296	337743908556796
337743919904755	337743944458629	337743925535796
337743935690671	337743961141962	337743941239505
337743952390296	337743977825295	337743958002880
337743969024088	337743994508628	337743974590463
337743986694463	337744011191961	337743992181171
337744003775213	337744027875294	337744009432046
337744020592880	337744044558627	337744026342796
337744037251588	337744061241960	337744042903796
337744053462171	337744077925293	337744059042505
337744069924046	337744094608626	337744075490463
337744086730755	337744111291959	337744092249921
337744103981296	337744127975292	337744109559796
337744120337630	337744144658625	337744125924880
337744137986421	337744161341958	337744143579880
337744154149796	337744178025291	337744159727546
337744170544463	337744194708624	337744176117171
337744186982463	337744211391957	337744192548005
337744203766213	337744228075290	337744209340713
337744221289171	337744244758623	337744226947963
337744238738880	337744261441956	337744244279755
337744255602796	337744278125289	337744261336296
337744271839130	337744294808622	337744277503088
337744288044130	337744311491955	337744293581630
337744304619713	337744328175288	337744310188921
337744321440296	337744344858621	337744327024255
337744339678505	337744361541954	337744345275463
337744355633838	337744378225287	337744361195422
337744373563172	337744394908620	337744379155213
337744389908422	337744411591953	337744395520005
337744406103213	337744428275286	337744411726588
337744422904047	337744444958619	337744428513213
337744439388630	337744461641952	337744445027172
337744456835338	337744478325285	337744462448255
337744474071297	337744495008618	337744479652297
337744490485088	337744511691951	337744496123172
337744507590755	337744528375284	337744513226047
337744523511297	337744545058617	337744529075672
337744540329880	337744561741950	337744545898422
337744557274755	337744578425283	337744562807463
337744574670630	337744595108616	337744580328338
337744591540338	337744611791949	337744597128838
337744608366963	337744628475282	337744613914213
337744625122588	337744645158615	337744630733463
337744641636588	337744661841948	337744647222588
337744657920130	337744678525281	337744663500880
337744674953422	337744695208614	337744680484255
337744692261797	337744711891947	337744697791630
337744707794672	337744728575280	337744713445588
337744724861005	337744745258613	337744730436338
337744741803463	337744761941946	337744747412172
337744758458797	337744778625279	337744764040463
337744775518422	337744795308612	337744781110880
337744792575755	337744811991945	337744798138713
337744809053797	337744828675278	337744814638088
337744825733213	337744845358611	337744831261630

===
16683333
337743952390296	337743977825295	337743958002880
337743969024088	337743994508628	337743974590463
337743986694463	337744011191961	337743992181171
337744003775213	337744027875294	337744009432046
337744020592880	337744044558627	337744026342796
337744037251588	337744061241960	337744042903796
337744053462171	337744077925293	337744059042505
337744069924046	337744094608626	337744075490463
337744086730755	337744111291959	337744092249921
337744103981296	337744127975292	337744109559796
337744120337630	337744144658625	337744125924880
337744137986421	337744161341958	337744143579880
337744154149796	337744178025291	337744159727546
337744170544463	337744194708624	337744176117171
337744186982463	337744211391957	337744192548005
337744203766213	337744228075290	337744209340713
337744221289171	337744244758623	337744226947963
337744238738880	337744261441956	337744244279755
337744255602796	337744278125289	337744261336296
337744271839130	337744294808622	337744277503088
337744288044130	337744311491955	337744293581630
337744304619713	337744328175288	337744310188921
337744321440296	337744344858621	337744327024255
337744339678505	337744361541954	337744345275463
337744355633838	337744378225287	337744361195422
337744373563172	337744394908620	337744379155213
337744389908422	337744411591953	337744395520005
337744406103213	337744428275286	337744411726588
337744422904047	337744444958619	337744428513213
337744439388630	337744461641952	337744445027172
337744456835338	337744478325285	337744462448255
337744474071297	337744495008618	337744479652297
337744490485088	337744511691951	337744496123172
337744507590755	337744528375284	337744513226047
337744523511297	337744545058617	337744529075672
337744540329880	337744561741950	337744545898422
337744557274755	337744578425283	337744562807463
337744574670630	337744595108616	337744580328338
337744591540338	337744611791949	337744597128838
337744608366963	337744628475282	337744613914213
337744625122588	337744645158615	337744630733463
337744641636588	337744661841948	337744647222588
337744657920130	337744678525281	337744663500880
337744674953422	337744695208614	337744680484255
337744692261797	337744711891947	337744697791630
337744707794672	337744728575280	337744713445588
337744724861005	337744745258613	337744730436338
337744741803463	337744761941946	337744747412172
337744758458797	337744778625279	337744764040463
337744775518422	337744795308612	337744781110880
337744792575755	337744811991945	337744798138713
337744809053797	337744828675278	337744814638088
337744825733213	337744845358611	337744831261630
337744842651922	337744862041944	337744848241963
337744860065505	337744878725277	337744865523172
337744878988505	337744895408610	337744884561380
337744894099505	337744912091943	337744899660547
337744910643047	337744928775276	337744916259088
337744927909922	337744945458609	337744933514630
337744944401797	337744962141942	337744949894838
337744961568130	337744978825275	337744967074088
337744978178505	337744995508608	337744983800797
337744996400422	337745012191941	337745001945338
337745011944505	337745028875274	337745017515838
337745029523713	337745045558607	337745035097838
337745047231797	337745062241940	337745052732047
337745062333630	337745078925273	337745067920839
337745079850922	337745095608606	337745085373214
337745097531505	337745112291939	337745103164714
337745114104005	337745128975272	337745119759630
337745131364255	337745145658605	337745136922839
337745146940714	337745162341938	337745152540130
337745165079297	337745179025271	337745170647005
337745179359130	337745195708604	337745184985672
337745197681880	337745212391937	337745203228672
337745214777964	337745229075270	337745220318589
337745230835630	337745245758603	337745236408130
337745246961964	337745262441936	337745252538630
337745265588755	337745279125269	337745271108255
337745282284130	337745295808602	337745287840880
337745298238089	337745312491935	337745303808672
337745316523089	337745329175268	337745322084089
337745331014130	337745345858601	337745336703589
337745349790714	337745362541934	337745355368672
337745367099047	337745379225267	337745372673922
337745382786839	337745395908600	337745389923297
337745400502380	337745412591933	337745405981922
337745416401214	337745429275266	337745421957130
337745433534047	337745445958599	337745439092589
337745449087964	337745462641932	337745454649505
337745467448339	337745479325265	337745473019797
337745483264797	337745496008598	337745488823047
337745501197839	337745512691931	337745506798505
337745517185172	337745529375264	337745522668047
337745534924797	337745546058597	337745540462922
337745550803797	337745562741930	337745556444172
337745567330880	337745579425263	337745572941672
337745583404089	337745596108596	337745588978339
337745601759589	337745612791929	337745607325922
337745618121089	337745629475262	337745625076464
337745635356589	337745646158595	337745640925255
337745651459714	337745662841928	337745657033130
337745668934005	337745679525261	337745674427255
337745685010505	337745696208594	337745690575672
337745702830464	337745712891927	337745708511922
337745718763589	337745729575260	337745725632089
337745733261922	337745746258593	337745738859797
337745751304339	337745762941926	337745756889714
337745767910214	337745779625259	337745773544381
337745784723631	337745796308592	337745790345089
337745806915464	337745812991925	337745812902089
337745823033172	337745829675258	337745828928881
337745839157006	337745846358591	337745845120339
337745856527631	337745863041924	337745862493672
337745872940131	337745879725257	337745878923339
337745889325631	337745896408590	337745895301756
337745906090589	337745913091923	337745912080172
337745920907672	337745929775256	337745926717006
337745938009964	337745946458589	337745943273964
337745956242131	337745963141922	337745961820172
337745972110964	337745979825255	337745977776547
337745988037797	337745996508588	337745993580089
337746004409797	337746013191921	337746010047589
337746020991006	337746029875254	337746026633922
337746037776714	337746046558587	337746043408006
337746054625256	337746063241920	337746060277047
337746071501922	337746079925253	337746077150964

===
16683333
337745214777964	337745229075270	337745220318589
337745230835630	337745245758603	337745236408130
337745246961964	337745262441936	337745252538630
337745265588755	337745279125269	337745271108255
337745282284130	337745295808602	337745287840880
337745298238089	337745312491935	337745303808672
337745316523089	337745329175268	337745322084089
337745331014130	337745345858601	337745336703589
337745349790714	337745362541934	337745355368672
337745367099047	337745379225267	337745372673922
337745382786839	337745395908600	337745389923297
337745400502380	337745412591933	337745405981922
337745416401214	337745429275266	337745421957130
337745433534047	337745445958599	337745439092589
337745449087964	337745462641932	337745454649505
337745467448339	337745479325265	337745473019797
337745483264797	337745496008598	337745488823047
337745501197839	337745512691931	337745506798505
337745517185172	337745529375264	337745522668047
337745534924797	337745546058597	337745540462922
337745550803797	337745562741930	337745556444172
337745567330880	337745579425263	337745572941672
337745583404089	337745596108596	337745588978339
337745601759589	337745612791929	337745607325922
337745618121089	337745629475262	337745625076464
337745635356589	337745646158595	337745640925255
337745651459714	337745662841928	337745657033130
337745668934005	337745679525261	337745674427255
337745685010505	337745696208594	337745690575672
337745702830464	337745712891927	337745708511922
337745718763589	337745729575260	337745725632089
337745733261922	337745746258593	337745738859797
337745751304339	337745762941926	337745756889714
337745767910214	337745779625259	337745773544381
337745784723631	337745796308592	337745790345089
337745806915464	337745812991925	337745812902089
337745823033172	337745829675258	337745828928881
337745839157006	337745846358591	337745845120339
337745856527631	337745863041924	337745862493672
337745872940131	337745879725257	337745878923339
337745889325631	337745896408590	337745895301756
337745906090589	337745913091923	337745912080172
337745920907672	337745929775256	337745926717006
337745938009964	337745946458589	337745943273964
337745956242131	337745963141922	337745961820172
337745972110964	337745979825255	337745977776547
337745988037797	337745996508588	337745993580089
337746004409797	337746013191921	337746010047589
337746020991006	337746029875254	337746026633922
337746037776714	337746046558587	337746043408006
337746054625256	337746063241920	337746060277047
337746071501922	337746079925253	337746077150964
337746087507339	337746113291919	337746093151214
337746106357964	337746113291919	337746112073006
337746127199756	337746129975252	337746132846797
337746139587047	337746146658585	337746145271506
337746155694839	337746163341918	337746161336006
337746172295339	337746180025251	337746177926922
337746189689047	337746196708584	337746195439589
337746206085589	337746213391917	337746211752047
337746222326589	337746230075250	337746227962922
337746239392881	337746246758583	337746245042631
337746256284422	337746263441916	337746261928547
337746273014339	337746280125249	337746278676964
337746287539047	337746296808582	337746293178881
337746304402131	337746330175248	337746310046714
337746321298422	337746346858581	337746326949881
337746338623422	337746363541914	337746344377631
337746356627631	337746380225247	337746362274964
337746374798506	337746396908580	337746380460006
337746389147839	337746413591913	337746394774214
337746407523839	337746430275246	337746413153797
337746422548672	337746446958579	337746428275422
337746440705381	337746463641912	337746446340506
337746457347131	337746480325245	337746463028173
337746473892923	337746497008578	337746479575673
337746490784589	337746513691911	337746496480256
337746506694298	337746530375244	337746512351964
337746524052173	337746547058577	337746529878714
337746541690589	337746563741910	337746547423548
337746559143631	337746580425243	337746564834214
337746574956131	337746597108576	337746580642048
337746593742214	337746613791909	337746599363714
337746609311256	337746630475242	337746614944714
337746625645923	337746647158575	337746631290339
337746644070548	337746663841908	337746649669631
337746658758173	337746680525241	337746664483839
337746678491381	337746697208574	337746684134256
337746692647881	337746713891907	337746698165881
337746711742173	337746730575240	337746716977464
337746725863756	337746747258573	337746731594798
337746743434381	337746763941906	337746749119798
337746760391006	337746780625239	337746766122089
337746776784381	337746797308572	337746782487339
337746793409589	337746813991905	337746799095506
337746810666006	337746830675238	337746816228464
337746826382173	337746847358571	337746832096339
337746844460131	337746864041904	337746850077756
337746860533756	337746880725237	337746866172381
337746877872214	337746897408570	337746883558756
337746893507339	337746914091903	337746899164548
337746911536423	337746930775236	337746918766881
337746929266756	337746947458569	337746935020048
337746945271589	337746964141902	337746950982298
337746963085964	337746980825235	337746968773423
337746978779631	337746997508568	337746984419964
337746995125756	337747014191901	337747000767006
337747013565214	337747030875234	337747019168589
337747029724339	337747047558567	337747035295339
337747045158298	337747064241900	337747050872423
337747061718464	337747080925233	337747067623298
337747077831673	337747097608566	337747083481631
337747094852339	337747114291899	337747100502256
337747110852214	337747130975232	337747116508673
337747128683631	337747147658565	337747134323548
337747146473006	337747164341898	337747152161089
337747163568256	337747181025231	337747169240215
337747179177131	337747197708564	337747184814548
337747197101215	337747214391897	337747202717506
337747212781215	337747231075230	337747218469673
337747230490798	337747247758563	337747236274590
337747246538881	337747264441896	337747252196590
337747263500881	337747281125229	337747269146298
337747279807381	337747297808562	337747285421090
337747296641131	337747314491895	337747302296423
337747313393048	337747331175228	337747319137756
337747331782840	337747347858561	337747337432006

===
16683333
337746559143631	337746580425243	337746564834214
337746574956131	337746597108576	337746580642048
337746593742214	337746613791909	337746599363714
337746609311256	337746630475242	337746614944714
337746625645923	337746647158575	337746631290339
337746644070548	337746663841908	337746649669631
337746658758173	337746680525241	337746664483839
337746678491381	337746697208574	337746684134256
337746692647881	337746713891907	337746698165881
337746711742173	337746730575240	337746716977464
337746725863756	337746747258573	337746731594798
337746743434381	337746763941906	337746749119798
337746760391006	337746780625239	337746766122089
337746776784381	337746797308572	337746782487339
337746793409589	337746813991905	337746799095506
337746810666006	337746830675238	337746816228464
337746826382173	337746847358571	337746832096339
337746844460131	337746864041904	337746850077756
337746860533756	337746880725237	337746866172381
337746877872214	337746897408570	337746883558756
337746893507339	337746914091903	337746899164548
337746911536423	337746930775236	337746918766881
337746929266756	337746947458569	337746935020048
337746945271589	337746964141902	337746950982298
337746963085964	337746980825235	337746968773423
337746978779631	337746997508568	337746984419964
337746995125756	337747014191901	337747000767006
337747013565214	337747030875234	337747019168589
337747029724339	337747047558567	337747035295339
337747045158298	337747064241900	337747050872423
337747061718464	337747080925233	337747067623298
337747077831673	337747097608566	337747083481631
337747094852339	337747114291899	337747100502256
337747110852214	337747130975232	337747116508673
337747128683631	337747147658565	337747134323548
337747146473006	337747164341898	337747152161089
337747163568256	337747181025231	337747169240215
337747179177131	337747197708564	337747184814548
337747197101215	337747214391897	337747202717506
337747212781215	337747231075230	337747218469673
337747230490798	337747247758563	337747236274590
337747246538881	337747264441896	337747252196590
337747263500881	337747281125229	337747269146298
337747279807381	337747297808562	337747285421090
337747296641131	337747314491895	337747302296423
337747313393048	337747331175228	337747319137756
337747331782840	337747347858561	337747337432006
337747347676215	337747364541894	337747353393673
337747366233006	337747381225227	337747371964381
337747382577965	337747397908560	337747388171881
337747397916131	337747414591893	337747403585465
337747414446631	337747431275226	337747420106048
337747430265881	337747447958559	337747435901465
337747447125006	337747464641892	337747452733256
337747463697631	337747481325225	337747469341381
337747481117923	337747498008558	337747486776798
337747497304215	337747514691891	337747502966673
337747514497381	337747531375224	337747520232631
337747532821131	337747548058557	337747538478381
337747547967215	337747564741890	337747553638506
337747566057631	337747581425223	337747571732423
337747583402298	337747598108556	337747588858590
337747598525965	337747614791889	337747604237548
337747616551298	337747631475222	337747622193465
337747635784590	337747648158555	337747641448631
337747649699881	337747664841888	337747655367590
337747667783048	337747681525221	337747673457465
337747684336840	337747698208554	337747689874881
337747701118090	337747714891887	337747706762965
337747717142881	337747731575220	337747722670131
337747733568423	337747748258553	337747739217048
337747750387631	337747764941886	337747756048090
337747769807298	337747781625219	337747775318465
337747785184548	337747798308552	337747792060965
337747800850298	337747814991885	337747806588340
337747818938256	337747831675218	337747824644548
337747834435631	337747848358551	337747840153506
337747855065132	337747865041884	337747860659423
337747867797423	337747881725217	337747873505298
337747888647132	337747898408550	337747894311590
337747902175340	337747915091883	337747907812923
337747919081798	337747931775216	337747924731173
337747934572132	337747948458549	337747940236465
337747954282423	337747965141882	337747959967548
337747970086298	337747981825215	337747975665423
337747985044173	337747998508548	337747990725215
337748002929382	337748015191881	337748008669715
337748021662590	337748031875214	337748027333882
337748036622507	337748048558547	337748042281048
337748055424923	337748065241880	337748061119090
337748071440590	337748081925213	337748077119923
337748086256382	337748098608546	337748091924423
337748104339382	337748115291879	337748110024965
337748120110007	337748131975212	337748125759840
337748137759590	337748148658545	337748143404340
337748153480090	337748165341878	337748159101465
337748171197507	337748182025211	337748176818882
337748186483423	337748198708544	337748192160132
337748204577673	337748215391877	337748210241632
337748220040465	337748232075210	337748225659673
337748238090423	337748248758543	337748243814382
337748254685048	337748265441876	337748260335048
337748270554298	337748282125209	337748276254048
337748288049007	337748298808542	337748293699465
337748305811132	337748315491875	337748311738465
337748322092632	337748332175208	337748327754382
337748339066340	337748348858541	337748344678215
337748357346923	337748365541874	337748363016882
337748375941923	337748382225207	337748381645882
337748390317673	337748398908540	337748395983965
337748408366757	337748415591873	337748414013715
337748422975757	337748432275206	337748428650423
337748439357590	337748448958539	337748445068007
337748455980423	337748465641872	337748461655173
337748474982673	337748482325205	337748480709465
337748489995923	337748499008538	337748495649548
337748508623632	337748515691871	337748514196715
337748524415048	337748532375204	337748530081507
337748542203465	337748549058537	337748547871423
337748556736549	337748565741870	337748562397715
337748573967257	337748582425203	337748579632799
337748591452090	337748599108536	337748597148965
337748607901424	337748615791869	337748613560799
337748624727632	337748632475202	337748630455424
337748640554382	337748649158535	337748646233965
337748658817049	337748665841868	337748664554049
337748675234924	337748682525201	337748680991632

