Applications Graphics Acceleration Info:
Uptime: 337774668 Realtime: 372448778

** Graphics info for pid 3890 [com.auroratv.lab] **

Stats since: 337763021993889ns
Total frames rendered: 478
Janky frames: 31 (6.49%)
Janky frames (legacy): 406 (84.94%)
50th percentile: 23ms
90th percentile: 42ms
95th percentile: 57ms
99th percentile: 113ms
Number Missed Vsync: 7
Number High input latency: 886
Number Slow UI thread: 22
Number Slow bitmap uploads: 2
Number Slow issue draw commands: 31
Number Frame deadline missed: 31
Number Frame deadline missed (legacy): 38
HISTOGRAM: 5ms=0 6ms=0 7ms=0 8ms=0 9ms=0 10ms=0 11ms=0 12ms=0 13ms=0 14ms=2 15ms=5 16ms=9 17ms=8 18ms=5 19ms=10 20ms=25 21ms=72 22ms=78 23ms=40 24ms=24 25ms=25 26ms=10 27ms=10 28ms=12 29ms=7 30ms=16 31ms=7 32ms=17 34ms=12 36ms=17 38ms=5 40ms=8 42ms=7 44ms=3 46ms=2 48ms=11 53ms=4 57ms=10 61ms=3 65ms=5 69ms=1 73ms=1 77ms=0 81ms=0 85ms=0 89ms=0 93ms=0 97ms=0 101ms=0 105ms=0 109ms=1 113ms=2 117ms=0 121ms=1 125ms=1 129ms=1 133ms=0 150ms=1 200ms=0 250ms=0 300ms=0 350ms=0 400ms=0 450ms=0 500ms=0 550ms=0 600ms=0 650ms=0 700ms=0 750ms=0 800ms=0 850ms=0 900ms=0 950ms=0 1000ms=0 1050ms=0 1100ms=0 1150ms=0 1200ms=0 1250ms=0 1300ms=0 1350ms=0 1400ms=0 1450ms=0 1500ms=0 1550ms=0 1600ms=0 1650ms=0 1700ms=0 1750ms=0 1800ms=0 1850ms=0 1900ms=0 1950ms=0 2000ms=0 2050ms=0 2100ms=0 2150ms=0 2200ms=0 2250ms=0 2300ms=0 2350ms=0 2400ms=0 2450ms=0 2500ms=0 2550ms=0 2600ms=0 2650ms=0 2700ms=0 2750ms=0 2800ms=0 2850ms=0 2900ms=0 2950ms=0 3000ms=0 3050ms=0 3100ms=0 3150ms=0 3200ms=0 3250ms=0 3300ms=0 3350ms=0 3400ms=0 3450ms=0 3500ms=0 3550ms=0 3600ms=0 3650ms=0 3700ms=0 3750ms=0 3800ms=0 3850ms=0 3900ms=0 3950ms=0 4000ms=0 4050ms=0 4100ms=0 4150ms=0 4200ms=0 4250ms=0 4300ms=0 4350ms=0 4400ms=0 4450ms=0 4500ms=0 4550ms=0 4600ms=0 4650ms=0 4700ms=0 4750ms=0 4800ms=0 4850ms=0 4900ms=0 4950ms=0
50th gpu percentile: 6ms
90th gpu percentile: 8ms
95th gpu percentile: 11ms
99th gpu percentile: 23ms
GPU HISTOGRAM: 1ms=0 2ms=0 3ms=0 4ms=0 5ms=0 6ms=367 7ms=21 8ms=44 9ms=15 10ms=7 11ms=2 12ms=15 13ms=1 14ms=1 15ms=0 16ms=0 17ms=0 18ms=0 19ms=0 20ms=0 21ms=0 22ms=0 23ms=1 24ms=0 25ms=2 4950ms=2

Pipeline=Skia (OpenGL)
Memory policy:
  Max surface area: 2073600
  Max resource usage: 99.53MB (x48)
  Background retention: 50% (altUiHidden = true)
  GPU Context timeout: 10
Contexts: 1 (stopped = 0)
CPU Caches:
  Glyph Cache: 2.48 MB (1 entry)
  Glyph Count: 155 
Total CPU memory usage:
  2596533 bytes, 2.48 MB (0.00 bytes is purgeable)
GPU Caches:
  Image:
    Texture: 25.14 MB (122 entries)
  Other:
    Other: 1.63 MB (1 entry)
    Buffer Object: 464.00 bytes (2 entries)
    StencilAttachment: 16.00 KB (1 entry)
  Scratch:
    Texture: 3.04 MB (100 entries)
    RenderTarget: 58.38 MB (295 entries)
    Buffer Object: 78.03 KB (3 entries)
Total GPU memory usage:
  92566704 bytes, 88.28 MB (570.70 KB is purgeable)

Profile data in ms:

	com.auroratv.lab/com.auroratv.MainActivity/android.view.ViewRootImpl@daf4bf9 (visibility=0)
Window: com.auroratv.lab/com.auroratv.MainActivity
Stats since: 337763021992305ns
Total frames rendered: 478
Janky frames: 31 (6.49%)
Janky frames (legacy): 406 (84.94%)
50th percentile: 23ms
90th percentile: 42ms
95th percentile: 57ms
99th percentile: 113ms
Number Missed Vsync: 7
Number High input latency: 886
Number Slow UI thread: 22
Number Slow bitmap uploads: 2
Number Slow issue draw commands: 31
Number Frame deadline missed: 31
Number Frame deadline missed (legacy): 38
HISTOGRAM: 5ms=0 6ms=0 7ms=0 8ms=0 9ms=0 10ms=0 11ms=0 12ms=0 13ms=0 14ms=2 15ms=5 16ms=9 17ms=8 18ms=5 19ms=10 20ms=25 21ms=72 22ms=78 23ms=40 24ms=24 25ms=25 26ms=10 27ms=10 28ms=12 29ms=7 30ms=16 31ms=7 32ms=17 34ms=12 36ms=17 38ms=5 40ms=8 42ms=7 44ms=3 46ms=2 48ms=11 53ms=4 57ms=10 61ms=3 65ms=5 69ms=1 73ms=1 77ms=0 81ms=0 85ms=0 89ms=0 93ms=0 97ms=0 101ms=0 105ms=0 109ms=1 113ms=2 117ms=0 121ms=1 125ms=1 129ms=1 133ms=0 150ms=1 200ms=0 250ms=0 300ms=0 350ms=0 400ms=0 450ms=0 500ms=0 550ms=0 600ms=0 650ms=0 700ms=0 750ms=0 800ms=0 850ms=0 900ms=0 950ms=0 1000ms=0 1050ms=0 1100ms=0 1150ms=0 1200ms=0 1250ms=0 1300ms=0 1350ms=0 1400ms=0 1450ms=0 1500ms=0 1550ms=0 1600ms=0 1650ms=0 1700ms=0 1750ms=0 1800ms=0 1850ms=0 1900ms=0 1950ms=0 2000ms=0 2050ms=0 2100ms=0 2150ms=0 2200ms=0 2250ms=0 2300ms=0 2350ms=0 2400ms=0 2450ms=0 2500ms=0 2550ms=0 2600ms=0 2650ms=0 2700ms=0 2750ms=0 2800ms=0 2850ms=0 2900ms=0 2950ms=0 3000ms=0 3050ms=0 3100ms=0 3150ms=0 3200ms=0 3250ms=0 3300ms=0 3350ms=0 3400ms=0 3450ms=0 3500ms=0 3550ms=0 3600ms=0 3650ms=0 3700ms=0 3750ms=0 3800ms=0 3850ms=0 3900ms=0 3950ms=0 4000ms=0 4050ms=0 4100ms=0 4150ms=0 4200ms=0 4250ms=0 4300ms=0 4350ms=0 4400ms=0 4450ms=0 4500ms=0 4550ms=0 4600ms=0 4650ms=0 4700ms=0 4750ms=0 4800ms=0 4850ms=0 4900ms=0 4950ms=0
50th gpu percentile: 6ms
90th gpu percentile: 8ms
95th gpu percentile: 11ms
99th gpu percentile: 23ms
GPU HISTOGRAM: 1ms=0 2ms=0 3ms=0 4ms=0 5ms=0 6ms=367 7ms=21 8ms=44 9ms=15 10ms=7 11ms=2 12ms=15 13ms=1 14ms=1 15ms=0 16ms=0 17ms=0 18ms=0 19ms=0 20ms=0 21ms=0 22ms=0 23ms=1 24ms=0 25ms=2 4950ms=2



---PROFILEDATA---
Flags,FrameTimelineVsyncId,IntendedVsync,Vsync,InputEventId,HandleInputStart,AnimationStart,PerformTraversalsStart,DrawStart,FrameDeadline,FrameInterval,FrameStartTime,SyncQueued,SyncStart,IssueDrawCommandsStart,SwapBuffers,FrameCompleted,DequeueBufferDuration,QueueBufferDuration,GpuCompleted,SwapBuffersCompleted,DisplayPresentTime,CommandSubmissionCompleted,
0,116981246,337770283317372,337770283317372,0,337770283630017,337770283631601,337770284155684,337770284321017,337770335599789,337770283624267,16799542,337770284392101,337770296190601,337770299259517,337770310210101,337770315333017,4156625,550625,337770315333017,337770311092934,-1,337770310210101,
0,116981254,337770300116914,337770300116914,0,337770300419142,337770300420892,337770300817934,337770300993351,337770352399331,337770300412851,16799542,337770301046684,337770311405642,337770313786976,337770328809226,337770333885934,6450500,529834,337770333885934,337770329660392,-1,337770328809226,
0,116981262,337770316916456,337770316916456,0,337770317163059,337770317164517,337770317599434,337770317749851,337770369198873,337770317157017,16799542,337770317804517,337770329959559,337770332376767,337770345879517,337770350995184,4640792,608334,337770350995184,337770346850976,-1,337770345879517,
0,116981270,337770333715998,337770333715998,0,337770333997559,337770333999017,337770334378476,337770334536476,337770385998415,337770333990892,16799542,337770334589767,337770347156642,337770349676476,337770361200559,337770366284934,4226042,565250,337770366284934,337770362103517,-1,337770361200559,
0,116981278,337770350515540,337770350515540,0,337770350808601,337770350810017,337770351297851,337770351446267,337770402797957,337770350802684,16799542,337770351500226,337770362418184,337770367712309,337770377663559,337770382827976,3092833,320042,337770382827976,337770378312559,-1,337770377663559,
0,116981286,337770367315082,337770367315082,0,337770367919559,337770367920309,337770368406476,337770368624809,337770419597499,337770367914559,16799542,337770368688309,337770378632934,337770381221976,337770396241101,337770401318517,6349333,595458,337770401318517,337770397167101,-1,337770396241101,
0,116981294,337770384114624,337770384114624,0,337770384422434,337770384423892,337770384860351,337770385009642,337770436397041,337770384416517,16799542,337770385063892,337770397505601,337770399844059,337770412314184,337770417428101,4361417,592416,337770417428101,337770413274392,-1,337770412314184,
0,116981302,337770400914166,337770400914166,0,337770401577434,337770401579017,337770401976642,337770402119476,337770453196583,337770401571809,16799542,337770402172976,337770413582017,337770415936101,337770427495226,337770432583267,5111625,610583,337770432583267,337770428436267,-1,337770427495226,
0,116981310,337770417713708,337770417713708,0,337770417996601,337770417998017,337770418446684,337770418591226,337770469996125,337770417990642,16799542,337770418643184,337770428747809,337770431075017,337770444327059,337770449440726,6747625,550042,337770449440726,337770445241684,-1,337770444327059,
0,116981318,337770434513250,337770434513250,0,337770434775434,337770434776809,337770435251517,337770435399684,337770486795667,337770434769017,16799542,337770435452517,337770445541434,337770447896809,337770461257476,337770466356017,6710959,577875,337770466356017,337770462174851,-1,337770461257476,
0,116981326,337770451312792,337770451312792,0,337770451570434,337770451571767,337770452209517,337770452370809,337770503595209,337770451564517,16799542,337770452441226,337770462477851,337770464877101,337770478131101,337770483249142,6581083,528709,337770483249142,337770478999601,-1,337770478131101,
0,116981334,337770468112334,337770468112334,0,337770468382392,337770468383767,337770468818101,337770468979601,337770520394751,337770468375476,16799542,337770469031601,337770479304392,337770481708601,337770496663392,337770501763184,6525750,524416,337770501763184,337770497526059,-1,337770496663392,
0,116981342,337770484911876,337770484911876,0,337770485186601,337770485187976,337770485896726,337770486046309,337770537194293,337770485180226,16799542,337770486101684,337770497850184,337770500268017,337770511939767,337770517126892,4837708,603125,337770517126892,337770512931601,-1,337770511939767,
0,116981350,337770501711418,337770501711418,0,337770502016976,337770502018309,337770502412642,337770502599392,337770553993835,337770502011226,16799542,337770502667892,337770513241642,337770515733809,337770528971184,337770534126101,6234834,544000,337770534126101,337770529876559,-1,337770528971184,
0,116981358,337770518510960,337770518510960,0,337770518813642,337770518815101,337770519349142,337770519520601,337770570793377,337770518806809,16799542,337770519580434,337770530188017,337770532656517,337770546024434,337770551168851,6118208,298125,337770551168851,337770546682642,-1,337770546024434,
0,116981366,337770535310502,337770535310502,0,337770535678184,337770535679767,337770536390517,337770536559601,337770587592919,337770535671809,16799542,337770536681809,337770547021976,337770549690642,337770562596226,337770567729476,5909084,293417,337770567729476,337770563218142,-1,337770562596226,
0,116981374,337770552110044,337770552110044,-823204942,337770553340767,337770553342184,337770554253351,337770554480351,337770604392461,337770553332392,16799542,337770555242559,337770563532059,337770565916059,337770580278767,337770585421142,6681167,318542,337770585421142,337770580964934,-1,337770580278767,
0,116981382,337770568909586,337770568909586,-958520789,337770569206392,337770569207934,337770569810684,337770570032142,337770621192003,337770569199642,16799542,337770570112726,337770581295809,337770584248351,337770600208142,337770605544892,4877083,290625,337770605544892,337770600847184,-1,337770600208142,
0,116981390,337770585709128,337770585709128,0,337770586066767,337770586068184,337770586607309,337770586780517,337770637991545,337770586059767,16799542,337770586847434,337770601151309,337770603901142,337770615647226,337770621157476,2029792,555292,337770621157476,337770616549559,-1,337770615647226,
0,116981398,337770602508670,337770602508670,0,337770604172142,337770604172892,337770606022517,337770606184476,337770654791087,337770604166517,16799542,337770606249976,337770616854642,337770619260684,337770632205892,337770637777226,3335417,507750,337770637777226,337770633051809,-1,337770632205892,
0,116981406,337770619308212,337770619308212,0,337770619783184,337770619784559,337770620413517,337770620586934,337770671590629,337770619774184,16799542,337770620660559,337770633423392,337770635921851,337770649848309,337770655527267,3460792,546750,337770655527267,337770650793017,-1,337770649848309,
0,116981414,337770636107754,337770636107754,0,337770636378559,337770636379809,337770636834517,337770636983226,337770688390171,337770636373226,16799542,337770637045017,337770651163517,337770653868267,337770663417559,337770669008934,2498625,589041,337770669008934,337770664345476,-1,337770663417559,
0,116981422,337770652907296,337770652907296,0,337770654089892,337770654090601,337770654593809,337770654754559,337770705189713,337770654084601,16799542,337770654817976,337770664648684,337770667030059,337770683327392,337770688933517,6038125,583583,337770688933517,337770684254184,-1,337770683327392,
0,116981430,337770669706838,337770669706838,0,337770670006559,337770670007934,337770670470101,337770670615392,337770721989255,337770670000434,16799542,337770670671851,337770684552601,337770687291684,337770700819059,337770706509517,2616625,576709,337770706509517,337770701809642,-1,337770700819059,
0,116981438,337770686506380,337770686506380,0,337770687506226,337770687506851,337770687972892,337770688161059,337770738788797,337770687500392,16799542,337770688225392,337770702114726,337770704785559,337770717071476,337770722870601,2035291,291875,337770722870601,337770717703017,-1,337770717071476,
0,116981446,337770703305922,337770703305922,0,337770705126684,337770705127767,337770706105476,337770706282559,337770755588339,337770705120559,16799542,337770706351767,337770718008892,337770720541309,337770730137309,337770735431767,2945417,288750,337770735431767,337770730744059,-1,337770730137309,
0,116981454,337770720105464,337770720105464,0,337770721314351,337770721315601,337770721799934,337770721945392,337770772387881,337770721306101,16799542,337770722009101,337770731049309,337770733721434,337770746933726,337770752162642,6494333,329417,337770752162642,337770747576767,-1,337770746933726,
0,116981462,337770736905006,337770736905006,0,337770737197267,337770737198601,337770737610601,337770737787184,337770789187423,337770737190309,16799542,337770737839434,337770747884976,337770750483642,337770765432059,337770770897767,6586667,303625,337770770897767,337770766088684,-1,337770765432059,
0,116981470,337770753704548,337770753704548,0,337770753967934,337770753969601,337770754460476,337770754626851,337770805986965,337770753961976,16799542,337770754687184,337770766421726,337770768862559,337770782528101,337770787680976,4949959,290583,337770787680976,337770783126851,-1,337770782528101,
0,116981478,337770770504090,337770770504090,0,337770770805851,337770770807351,337770771214517,337770771393809,337770822786507,337770770799142,16799542,337770771446434,337770783434142,337770786026851,337770799307226,337770804414809,4640500,617750,337770804414809,337770800245059,-1,337770799307226,
0,116981486,337770787303632,337770787303632,0,337770787586309,337770787587684,337770788066392,337770788232517,337770839586049,337770787579767,16799542,337770788294059,337770800544684,337770802943892,337770816284017,337770821387392,4546375,511292,337770821387392,337770817115892,-1,337770816284017,
0,116981494,337770804103174,337770804103174,0,337770804379017,337770804380351,337770804818892,337770804985267,337770856385591,337770804373017,16799542,337770805039309,337770817492392,337770820042726,337770831085351,337770836181226,4243542,522041,337770836181226,337770831929809,-1,337770831085351,
0,116981502,337770820902716,337770820902716,0,337770821169476,337770821170809,337770821627976,337770821781392,337770873185133,337770821163767,16799542,337770821836601,337770832256184,337770834645476,337770849585476,337770854750309,6450792,537625,337770854750309,337770850455517,-1,337770849585476,
0,116981510,337770837702258,337770837702258,0,337770837977434,337770837978767,337770838397267,337770838548351,337770889984675,337770837971476,16799542,337770838602309,337770850753976,337770853168976,337770874715642,337770879923517,4639416,490209,337770879923517,337770875560434,-1,337770874715642,
0,116981518,337770854501800,337770854501800,0,337770854785434,337770854786767,337770855360226,337770855525059,337770906784217,337770854779351,16799542,337770855579642,337770875878809,337770878327434,337770892792517,337770898034642,20750,320542,337770898034642,337770893454226,-1,337770892792517,
0,116981526,337770871301342,337770871301342,0,337770878850309,337770878851809,337770879392017,337770879625059,337770923583759,337770878840684,16799542,337770879719517,337770893787851,337770896248892,337770908539559,337770913789892,20375,260500,337770913789892,337770909129601,-1,337770908539559,
0,116981534,337770888100884,337770888100884,0,337770896751809,337770896753226,337770897379184,337770897545226,337770940383301,337770896742059,16799542,337770897607601,337770909452976,337770911809392,337770922447393,337770927693934,19458,291875,337770927693934,337770923081601,-1,337770922447393,
0,116981542,337770904900426,337770904900426,0,337770912209767,337770912211184,337770912817684,337770912983059,337770957182843,337770912201476,16799542,337770913048142,337770923385059,337770927335351,337770939886434,337770945826268,22416,1538958,337770945826268,337770941813643,-1,337770939886434,
0,116981550,337770921699968,337770921699968,0,337770927680518,337770927681893,337770928371143,337770928524559,337770973982385,337770927672101,16799542,337770928579601,337770942142059,337770944551893,337770956849559,337770962202726,22375,1578042,337770962202726,337770958813351,-1,337770956849559,
0,116981558,337770938499510,337770938499510,0,337770944917684,337770944919059,337770945563101,337770945721059,337770990781927,337770944910143,16799542,337770945782809,337770959138851,337770961579393,337770971989643,337770977469184,23916,306125,337770977469184,337770972843434,-1,337770971989643,
0,116981566,337770955299052,337770955299052,0,337770961939851,337770961941351,337770962418726,337770962569143,337771007581469,337770961931476,16799542,337770962693226,337770973155934,337770977018809,337770987475143,337770992817768,25125,382750,337770992817768,337770988234809,-1,337770987475143,
0,116981574,337770972098594,337770972098594,0,337770977481101,337770977482518,337770977947726,337770978103101,337771024381011,337770977473101,16799542,337770978240976,337770988565393,337770992818768,337771007520601,337771013096768,25750,436458,337771013096768,337771008500893,-1,337771007520601,
0,116981582,337770988898136,337770988898136,0,337770993158893,337770993160434,337770993598726,337770993749351,337771041180553,337770993151809,16799542,337770993803809,337771008834768,337771011773393,337771028846351,337771034165393,24791,315750,337771034165393,337771029583143,-1,337771028846351,
0,116981590,337771005697678,337771005697678,0,337771012319643,337771012321226,337771012972601,337771013138143,337771057980095,337771012310851,16799542,337771013203434,337771030000101,337771032687393,337771047891226,337771053208018,20500,292458,337771053208018,337771048553226,-1,337771047891226,
0,116981598,337771022497220,337771022497220,-595884716,337771035782976,337771035784309,337771036631059,337771036826684,337771074779637,337771035773143,16799542,337771037249934,337771048934018,337771051383393,337771061534601,337771066819893,20417,298167,337771066819893,337771062152684,-1,337771061534601,
0,116981606,337771039296762,337771039296762,-537977307,337771053090351,337771053091768,337771053625309,337771053805559,337771091579179,337771053080226,16799542,337771053871851,337771062461893,337771065261518,337771084713351,337771090295268,20917,366084,337771090295268,337771085478893,-1,337771084713351,
0,116981614,337771056096304,337771056096304,0,337771065675476,337771065677268,337771066271434,337771066445184,337771108378721,337771065667226,16799542,337771066530851,337771085787851,337771088319351,337771105735393,337771111549559,18333,332000,337771111549559,337771106469434,-1,337771105735393,
0,116981622,337771072895846,337771072895846,0,337771088724018,337771088725268,337771089273559,337771089435768,337771141977805,337771088715851,16799542,337771089501851,337771106873684,337771109514351,337771127735309,337771133837851,19292,281875,337771133837851,337771128368226,-1,337771127735309,
0,116981630,337771089695388,337771106494930,0,337771109846434,337771109847268,337771110422018,337771110583476,337771158777347,337771109833476,16799542,337771110658559,337771128669143,337771130979226,337771149495059,337771155738851,20458,303833,337771155738851,337771150164434,-1,337771149495059,
0,116981639,337771123294472,337771123294472,0,337771131368518,337771131369809,337771131856309,337771132096101,337771175576889,337771131360893,16799542,337771132165518,337771150474684,337771152856851,337771165755851,337771172157018,20083,380833,337771172157018,337771166473893,-1,337771165755851,
0,116981647,337771140094014,337771140094014,0,337771153358851,337771153360393,337771153844601,337771154155226,337771192376431,337771153350518,16799542,337771154232351,337771166793976,337771169325018,337771187563726,337771194072559,38750,331292,337771194072559,337771188255643,-1,337771187563726,
0,116981655,337771156893556,337771156893556,0,337771169881726,337771169883268,337771170398559,337771170559768,337771225975515,337771169873684,16799542,337771170626559,337771188714601,337771191279518,337771206026476,337771212595726,19750,432416,337771212595726,337771206799726,-1,337771206026476,
0,116981663,337771173693098,337771190492640,0,337771191610768,337771191611893,337771192231059,337771192775559,337771242775057,337771191598851,16799542,337771192854059,337771207104351,337771210023434,337771223790518,337771229889268,826083,539417,337771229889268,337771224845476,-1,337771223790518,
0,116981672,337771207292182,337771207292182,0,337771210359809,337771210360684,337771210777434,337771210942059,337771259574599,337771210354018,16799542,337771211002059,337771225147059,337771227775559,337771242033684,337771248056018,19042,325000,337771248056018,337771242749851,-1,337771242033684,
0,116981680,337771224091724,337771224091724,0,337771228223601,337771228225059,337771228674768,337771228832018,337771276374141,337771228214559,16799542,337771228891018,337771243080059,337771245931518,337771261060018,337771266976226,23625,556750,337771266976226,337771261939643,-1,337771261060018,
0,116981688,337771240891266,337771240891266,0,337771246271434,337771246272809,337771246758059,337771246918226,337771293173683,337771246264601,16799542,337771246979226,337771262253268,337771264725601,337771280687184,337771286635393,37875,349375,337771286635393,337771281359518,-1,337771280687184,
0,116981696,337771257690808,337771257690808,0,337771265103059,337771265104393,337771265551851,337771265701268,337771309973225,337771265095768,16799542,337771265758976,337771281689309,337771284240309,337771299705476,337771305549643,20334,418167,337771305549643,337771300439393,-1,337771299705476,
0,116981704,337771274490350,337771274490350,0,337771284707059,337771284708476,337771285145184,337771285302809,337771326772767,337771284698851,16799542,337771285382768,337771300815726,337771303271893,337771319014226,337771324843643,19333,360875,337771324843643,337771319697809,-1,337771319014226,
0,116981712,337771291289892,337771291289892,0,337771303769184,337771303770601,337771304287143,337771304461976,337771343572309,337771303761476,16799542,337771304525726,337771320029143,337771322445684,337771337237601,337771343154476,19666,300708,337771343154476,337771337860976,-1,337771337237601,
0,116981720,337771308089434,337771308089434,0,337771322768101,337771322769268,337771323202893,337771323349601,337771360371851,337771322761393,16799542,337771323405434,337771338164143,337771341004726,337771356576809,337771362497768,20791,386333,337771362497768,337771357297393,-1,337771356576809,
0,116981728,337771324888976,337771324888976,0,337771341370476,337771341371559,337771341947351,337771342114434,337771393970935,337771341363851,16799542,337771342174351,337771357805726,337771360259893,337771375980268,337771381821934,18917,289750,337771381821934,337771376620309,-1,337771375980268,
0,116981736,337771341688518,337771358488060,0,337771360943934,337771360945184,337771361490559,337771361674476,337771410770477,337771360929268,16799542,337771361734809,337771376961518,337771379611559,337771396629226,337771402525601,19750,334042,337771402525601,337771397288434,-1,337771396629226,
0,116981745,337771375287602,337771375287602,0,337771379953976,337771379955184,337771380413726,337771380558226,337771427570019,337771379947226,16799542,337771380615018,337771397641976,337771400130726,337771416236601,337771422079059,18584,296833,337771422079059,337771416859893,-1,337771416236601,
0,116981753,337771392087144,337771392087144,0,337771400452184,337771400453143,337771400895101,337771401041851,337771444369561,337771400445559,16799542,337771401095684,337771417197434,337771419629934,337771432265351,337771438238809,33125,297417,337771438238809,337771432918809,-1,337771432265351,
0,116981761,337771408886686,337771408886686,0,337771420157809,337771420159143,337771420592434,337771420746268,337771461169103,337771420148601,16799542,337771420805393,337771433220768,337771435657768,337771452117601,337771457955768,20583,337833,337771457955768,337771452787601,-1,337771452117601,
0,116981769,337771425686228,337771425686228,0,337771436252351,337771436253893,337771437975268,337771438136309,337771477968645,337771436243809,16799542,337771438195726,337771453112476,337771455510726,337771471641893,337771477573976,20416,389292,337771477573976,337771472369476,-1,337771471641893,
0,116981777,337771442485770,337771442485770,0,337771455899018,337771455900601,337771456386101,337771456535476,337771494768187,337771455891393,16799542,337771456592018,337771472733643,337771475404018,337771488677143,337771494624643,19583,374708,337771494624643,337771489428101,-1,337771488677143,
0,116981785,337771459285312,337771459285312,0,337771475870768,337771475872309,337771476382351,337771476546309,337771511567729,337771475862934,16799542,337771476609476,337771489746143,337771492729309,337771510857434,337771517203726,21709,294416,337771517203726,337771511539601,-1,337771510857434,
0,116981793,337771476084854,337771492884396,0,337771492951268,337771492952226,337771493787893,337771493962726,337771545166813,337771492938976,16799542,337771494034643,337771511868351,337771514690393,337771531405351,337771537440726,20333,486375,337771537440726,337771532257934,-1,337771531405351,
0,116981802,337771509683938,337771509683938,-489673119,337771515366643,337771515368059,337771515853768,337771516058268,337771561966355,337771515358476,16799542,337771516123143,337771532637684,337771535075268,337771552382809,337771558305684,19625,311875,337771558305684,337771553086434,-1,337771552382809,
0,116981809,337771526483480,337771526483480,0,337771538403393,337771538404768,337771539012309,337771539196476,337771578765897,337771538397226,16799542,337771540458684,337771553393309,337771555900018,337771565727309,337771571609434,19958,296333,337771571609434,337771566370893,-1,337771565727309,
0,116981817,337771543283022,337771543283022,-511109897,337771556680309,337771556681768,337771557854476,337771558447393,337771595565439,337771556672059,16799542,337771558817476,337771566672559,337771569295559,337771597117226,337771608851893,20375,317917,337771608851893,337771597787143,-1,337771597117226,
0,116981825,337771560082564,337771560082564,0,337771571147934,337771571149434,337771572691226,337771572900018,337771629164523,337771571138476,16799542,337771573350476,337771598107809,337771600828684,337771626736851,337771638290268,21208,514375,337771638290268,337771627632185,-1,337771626736851,
0,116981833,337771576882106,337771593681648,0,337771601267893,337771601269518,337771601857684,337771602046268,337771662763607,337771601252851,16799542,337771602423184,337771627958101,337771630942185,337771653576601,337771665015476,21125,320958,337771665015476,337771654228851,-1,337771653576601,
0,116981841,337771610481190,337771627280732,0,337771631331601,337771631333435,337771632209976,337771632491726,337771696362691,337771631317268,16799542,337771632904893,337771654536185,337771657131643,337771680066476,337771691173893,19292,542958,337771691173893,337771680977226,-1,337771680066476,
0,116981850,337771644080274,337771644080274,0,337771657472143,337771657473351,337771658116060,337771658292518,337771713162233,337771657464726,16799542,337771658630935,337771681334101,337771683847893,337771705636018,337771716505601,21666,325291,337771716505601,337771706347560,-1,337771705636018,
0,116981858,337771660879816,337771677679358,0,337771684301226,337771684302601,337771684853435,337771685026435,337771746761317,337771684286310,16799542,337771685360726,337771706702935,337771709266185,337771725597601,337771735372101,20125,357458,337771735372101,337771726395185,-1,337771725597601,
0,116981867,337771694478900,337771694478900,0,337771709964226,337771709965685,337771710515018,337771710681435,337771763560859,337771709955018,16799542,337771711138893,337771726723726,337771729463685,337771750077768,337771759726768,2047875,386333,337771759726768,337771750838435,-1,337771750077768,
0,116981875,337771711278442,337771728077984,0,337771729937643,337771729938976,337771730597185,337771730844851,337771780360401,337771729922935,16799542,337771731204976,337771751148810,337771753666268,337771771070726,337771780734726,19583,342250,337771780734726,337771771775726,-1,337771771070726,
0,116981884,337771744877526,337771744877526,0,337771754085018,337771754086768,337771754558351,337771754736351,337771813959485,337771754077018,16799542,337771755164393,337771772121560,337771774696560,337771789417476,337771798939518,18875,283041,337771798939518,337771790017810,-1,337771789417476,
0,116981892,337771761677068,337771761677068,0,337771775137226,337771775138310,337771775610810,337771775789351,337771830759027,337771775129601,16799542,337771776306685,337771790321143,337771792874893,337771814486226,337771824093351,5739458,332041,337771824093351,337771815247435,-1,337771814486226,
0,116981900,337771778476610,337771778476610,0,337771793257226,337771793258518,337771793706685,337771793949393,337771847558569,337771793249518,16799542,337771794179393,337771815606435,337771818087726,337771835381226,337771843247810,21083,463292,337771843247810,337771836215268,-1,337771835381226,
0,116981908,337771795276152,337771812075694,0,337771818475393,337771818476643,337771818995643,337771819155643,337771864358111,337771818461643,16799542,337771819391226,337771836524018,337771838973435,337771854297810,337771862044143,18375,307959,337771862044143,337771854952101,-1,337771854297810,
0,116981917,337771828875236,337771828875236,0,337771839563768,337771839565268,337771840270976,337771840436018,337771881157653,337771839555393,16799542,337771840493393,337771855340560,337771858082101,337771875142268,337771882960101,19875,292875,337771882960101,337771875819435,-1,337771875142268,
0,116981925,337771845674778,337771845674778,0,337771858529185,337771858530851,337771859064810,337771859236476,337771914756737,337771858520726,16799542,337771859291310,337771876223101,337771878935976,337771894812226,337771902593560,19833,639250,337771902593560,337771895836101,-1,337771894812226,
0,116981933,337771862474320,337771879273862,0,337771879406643,337771879408018,337771894105893,337771894314518,337771931556279,337771879385101,16799542,337771899161435,337771899566435,337771902242393,337771915147643,337771920962185,39625,315333,337771920962185,337771915838643,-1,337771915147643,
0,116981942,337771896073404,337771896073404,0,337771902865101,337771902866393,337771904315893,337771904495560,337771948355821,337771902856560,16799542,337771904921685,337771916252601,337771918840851,337771938728893,337771945081393,21958,295875,337771945081393,337771939382226,-1,337771938728893,
0,116981950,337771912872946,337771912872946,0,337771919922893,337771919924185,337771921375685,337771921597476,337771965155363,337771919913310,16799542,337771922087893,337771939736768,337771942221810,337771960373935,337771966777935,18792,297625,337771966777935,337771961000143,-1,337771960373935,
0,116981958,337771929672488,337771929672488,0,337771942642768,337771942644018,337771944065351,337771944250768,337771998754447,337771942634601,16799542,337771944693935,337771961344601,337771967201226,337771987527435,337771995356435,23583,372167,337771995356435,337771988210976,-1,337771987527435,
0,116981966,337771946472030,337771963271572,0,337771967835226,337771967836560,337771969267976,337771969439643,337772015553989,337771967819851,16799542,337771969933435,337771988547935,337771990929476,337772009977851,337772017788018,18958,333417,337772017788018,337772010610518,-1,337772009977851,
0,116981975,337771980071114,337771980071114,0,337771991277893,337771991279226,337771992960351,337771993154601,337772049153073,337771991270351,16799542,337771993575601,337772010943185,337772013840393,337772030182143,337772038034768,19334,443708,337772038034768,337772030982768,-1,337772030182143,
0,116981983,337771996870656,337772013670198,0,337772014194143,337772014195351,337772015433685,337772015770518,337772065952615,337772014180101,16799542,337772016318768,337772031292893,337772033875185,337772052638893,337772060500226,498708,354750,337772060500226,337772053317726,-1,337772052638893,
0,116981992,337772030469740,337772030469740,0,337772034338518,337772034339893,337772035656893,337772035836185,337772082752157,337772034330351,16799542,337772036376601,337772053627018,337772056210018,337772073230018,337772081044435,18500,333208,337772081044435,337772073859893,-1,337772073230018,
0,116982000,337772047269282,337772047269282,0,337772056569351,337772056570768,337772057745518,337772057920768,337772099551699,337772056561268,16799542,337772058297768,337772074201810,337772076739726,337772093260143,337772101150726,36667,317875,337772101150726,337772093891685,-1,337772093260143,
0,116982008,337772064068824,337772064068824,0,337772077118976,337772077120601,337772078316518,337772078499810,337772133150783,337772077110101,16799542,337772078873226,337772094202560,337772096713851,337772113311226,337772121178310,21083,293084,337772121178310,337772114213601,-1,337772113311226,
0,116982016,337772080868366,337772080868366,0,337772097481310,337772097482935,337772098888435,337772099071685,337772149950325,337772097472185,16799542,337772099677226,337772114648310,337772117298351,337772135499351,337772143363560,661750,330083,337772143363560,337772136180351,-1,337772135499351,
0,116982025,337772114467450,337772114467450,0,337772117670643,337772117672226,337772119064810,337772119240768,337772166749867,337772117662810,16799542,337772119677060,337772136507185,337772138887393,337772153165435,337772161087018,19541,331500,337772161087018,337772153901685,-1,337772153165435,
0,116982033,337772131266992,337772131266992,0,337772139288560,337772139290185,337772140579143,337772140780060,337772183549409,337772139280393,16799542,337772141159851,337772154212851,337772156797351,337772173949893,337772181827518,19167,368541,337772181827518,337772174658476,-1,337772173949893,
0,116982041,337772148066534,337772148066534,0,337772157185351,337772157186810,337772158437018,337772158618018,337772200348951,337772157177810,16799542,337772159120060,337772174973851,337772177571101,337772195286143,337772203093560,19084,391417,337772203093560,337772196069268,-1,337772195286143,
0,116982049,337772164866076,337772164866076,0,337772177970601,337772177971851,337772179635310,337772179826601,337772233948035,337772177963143,16799542,337772180353185,337772196402643,337772199153851,337772216676476,337772224523226,19583,340625,337772224523226,337772217331893,-1,337772216676476,
0,116982057,337772181665618,337772198465160,0,337772199364101,337772199365185,337772199797101,337772200101518,337772250747577,337772199351310,16799542,337772200345268,337772217741018,337772220517393,337772241904060,337772249529643,25750,395291,337772249529643,337772242626518,-1,337772241904060,
0,116982066,337772215264702,337772215264702,0,337772221697560,337772221699518,337772222265601,337772222474601,337772267547119,337772221685768,16799542,337772222510893,337772242941643,337772245358435,337772262026518,337772269632226,19208,411958,337772269632226,337772262751143,-1,337772262026518,
0,116982074,337772232064244,337772232064244,0,337772245557476,337772245558851,337772245947726,337772246102685,337772301146203,337772245552476,16799542,337772246130893,337772263065018,337772265540351,337772282193018,337772289830560,18917,346375,337772289830560,337772283084560,-1,337772282193018,
0,116982082,337772248863786,337772265663328,0,337772265740768,337772265741560,337772266149851,337772266434018,337772317945745,337772265729726,16799542,337772266466560,337772283398060,337772286207476,337772298323268,337772305955726,18708,287834,337772305955726,337772298935810,-1,337772298323268,
0,116982091,337772282462870,337772282462870,0,337772286511310,337772286513101,337772286897810,337772287082601,337772334745287,337772286506060,16799542,337772287109810,337772299235018,337772301890643,337772317186851,337772324776852,862791,492500,337772324776852,337772318120560,-1,337772317186851,
0,116982099,337772299262412,337772299262412,0,337772302087518,337772302088185,337772302491976,337772302748476,337772351544829,337772302081893,16799542,337772302780601,337772318474101,337772320962935,337772330359393,337772337957477,21583,288166,337772337957477,337772330956310,-1,337772330359393,
0,116982107,337772316061954,337772316061954,0,337772321127810,337772321128518,337772321532310,337772321675685,337772368344371,337772321122768,16799542,337772321701310,337772331253352,337772333724393,337772345942435,337772353539102,2472000,350625,337772353539102,337772346674102,-1,337772345942435,
0,116982115,337772332861496,337772332861496,0,337772333902060,337772333902643,337772334247727,337772334390810,337772385143913,337772333896768,16799542,337772334416310,337772346998268,337772349422560,337772361634643,337772369240060,3542167,360542,337772369240060,337772362314018,-1,337772361634643,
0,116982123,337772349661038,337772349661038,0,337772350014935,337772350016018,337772350358518,337772350499435,337772401943455,337772350009435,16799542,337772350524935,337772362611352,337772364971185,337772378709143,337772386360768,4805208,284417,337772386360768,337772379292310,-1,337772378709143,
0,116982131,337772366460580,337772366460580,0,337772366750060,337772366751477,337772367107477,337772367253435,337772418742997,337772366744143,16799542,337772367278643,337772379588435,337772381825268,337772394135018,337772401732435,4835042,278541,337772401732435,337772394722727,-1,337772394135018,
0,116982139,337772383260122,337772383260122,0,337772383524935,337772383525977,337772383925102,337772384088518,337772435542539,337772383519560,16799542,337772384114018,337772395016143,337772397454393,337772413320935,337772420984852,5900834,324667,337772420984852,337772414115852,-1,337772413320935,
0,116982147,337772400059664,337772400059664,0,337772400353560,337772400355102,337772400703393,337772400873060,337772452342081,337772400348268,16799542,337772400900310,337772414413018,337772416990060,337772428676893,337772436289643,3167500,573084,337772436289643,337772429587060,-1,337772428676893,
0,116982155,337772416859206,337772416859206,0,337772417192393,337772417193102,337772417644768,337772417788060,337772469141623,337772417187185,16799542,337772417813810,337772429883810,337772432075977,337772445375768,337772453043227,4970042,551500,337772453043227,337772446256435,-1,337772445375768,
0,116982163,337772433658748,337772433658748,0,337772433961352,337772433963143,337772434306518,337772434450977,337772485941165,337772433940935,16799542,337772434477560,337772446569185,337772448772435,337772462153768,337772470393310,5021000,500250,337772470393310,337772463063643,-1,337772462153768,
0,116982171,337772450458290,337772450458290,0,337772450755143,337772450756393,337772451099477,337772451240727,337772502740707,337772450749435,16799542,337772451266852,337772463451643,337772465759268,337772478821227,337772486429268,4800875,498917,337772486429268,337772479629393,-1,337772478821227,
0,116982179,337772467257832,337772467257832,0,337772467531352,337772467532602,337772467954477,337772468135602,337772519540249,337772467525435,16799542,337772468162518,337772479994935,337772482376310,337772495768893,337772503382435,5040500,531250,337772503382435,337772496658560,-1,337772495768893,
0,116982187,337772484057374,337772484057374,0,337772484325268,337772484326935,337772484706477,337772484852185,337772536339791,337772484319685,16799542,337772484878768,337772496952310,337772499148102,337772511717518,337772519307602,5059166,588959,337772519307602,337772512619602,-1,337772511717518,
0,116982195,337772500856916,337772500856916,0,337772501122685,337772501123893,337772501467852,337772501608102,337772553139333,337772501117310,16799542,337772501633143,337772512911185,337772515128310,337772528988268,337772536599227,5916292,558667,337772536599227,337772529948977,-1,337772528988268,
0,116982203,337772517656458,337772517656458,0,337772517976643,337772517977935,337772518420435,337772518572852,337772569938875,337772517971143,16799542,337772518599685,337772530242893,337772532608935,337772545940018,337772553539060,5128583,673917,337772553539060,337772546968185,-1,337772545940018,
0,116982211,337772534456000,337772534456000,0,337772534714768,337772534716268,337772535071518,337772535214018,337772586738417,337772534709643,16799542,337772535238768,337772547264893,337772549594935,337772566522060,337772574205977,4929791,601125,337772574205977,337772567573810,-1,337772566522060,
---PROFILEDATA---


View hierarchy:

  com.auroratv.lab/com.auroratv.MainActivity/android.view.ViewRootImpl@daf4bf9
  757 views, 1325.68 kB of render nodes


Total ViewRootImpl   : 1
Total attached Views : 757
Total RenderNode     : 1325.68 kB (used) / 5225.50 kB (capacity)

