16683333
0	0	0
0	0	0
0	0	0
0	0	0
0	0	0
0	0	0
0	0	0
0	0	0
0	0	0
0	0	0
0	0	0
0	0	0
0	0	0
0	0	0
0	0	0
0	0	0
0	0	0
0	0	0
0	0	0
0	0	0
0	0	0
0	0	0
0	0	0
0	0	0
0	0	0
0	0	0
0	0	0
0	0	0
0	0	0
0	0	0
0	0	0
0	0	0
0	0	0
0	0	0
0	0	0
0	0	0
0	0	0
0	0	0
0	0	0
0	0	0
0	0	0
0	0	0
0	0	0
0	0	0
0	0	0
0	0	0
0	0	0
0	0	0
0	0	0
0	0	0
0	0	0
0	0	0
0	0	0
0	0	0
0	0	0
0	0	0
0	0	0
0	0	0
0	0	0
0	0	0
0	0	0
0	0	0
0	0	0
0	0	0
0	0	0
0	0	0
0	0	0
0	0	0
0	0	0
0	0	0
0	0	0
0	0	0
0	0	0
0	0	0
0	0	0
0	0	0
0	0	0
0	0	0
0	0	0
0	0	0
0	0	0
0	0	0
0	0	0
0	0	0
0	0	0
0	0	0
0	0	0
0	0	0
0	0	0
0	0	0
0	0	0
0	0	0
0	0	0
0	0	0
0	0	0
0	0	0
0	0	0
0	0	0
0	0	0
0	0	0
0	0	0
0	0	0
0	0	0
0	0	0
0	0	0
0	0	0
0	0	0
0	0	0
0	0	0
0	0	0
0	0	0
0	0	0
0	0	0
0	0	0
0	0	0
0	0	0
0	0	0
0	0	0
0	0	0
0	0	0
0	0	0
0	0	0
0	0	0
0	0	0
0	0	0
0	0	0
0	0	0

===
16683333
0	0	0
0	0	0
0	0	0
0	0	0
0	0	0
0	0	0
0	0	0
0	0	0
0	0	0
0	0	0
0	0	0
0	0	0
0	0	0
0	0	0
0	0	0
0	0	0
0	0	0
0	0	0
0	0	0
0	0	0
0	0	0
0	0	0
0	0	0
0	0	0
0	0	0
0	0	0
0	0	0
0	0	0
0	0	0
0	0	0
0	0	0
0	0	0
0	0	0
0	0	0
0	0	0
0	0	0
0	0	0
0	0	0
0	0	0
0	0	0
0	0	0
0	0	0
0	0	0
0	0	0
0	0	0
0	0	0
0	0	0
0	0	0
0	0	0
0	0	0
0	0	0
0	0	0
0	0	0
0	0	0
0	0	0
0	0	0
0	0	0
0	0	0
0	0	0
0	0	0
0	0	0
0	0	0
0	0	0
0	0	0
0	0	0
0	0	0
0	0	0
0	0	0
0	0	0
0	0	0
0	0	0
0	0	0
0	0	0
0	0	0
0	0	0
0	0	0
0	0	0
0	0	0
0	0	0
0	0	0
0	0	0
0	0	0
0	0	0
0	0	0
0	0	0
0	0	0
0	0	0
0	0	0
0	0	0
0	0	0
0	0	0
0	0	0
0	0	0
0	0	0
338321942578697	338321956401073	338321958934780
338321974167364	338321989767739	338321992576572
338321999053989	338322023134405	338322017289280
338322029667322	338322039817738	338322048118405
338322052225114	338322056501071	338322059937114
338322071002739	338322073184404	338322078580072
338322086385114	338322089867737	338322093983405
338322097954405	338322106551070	338322105548697
338322109692989	338322123234403	338322117281947
338322123729447	338322139917736	338322131322947
338322143878947	338322156601069	338322151470155
338322159823864	338322173284402	338322167400239
338322177575572	338322189967735	338322185163697
338322194664697	338322206651068	338322202276947
338322212549739	338322223334401	338322220242405
338322225053780	338322240017734	338322232679030
338322241652739	338322256701067	338322249311780
338322258753864	338322273384400	338322266325239
338322274938739	338322290067733	338322282512197
338322292760322	338322306751066	338322300118114
338322791531614	338322807251056	338322813686989
338322821470822	338322840617722	338322849500864
338322843213114	338322873984388	338322881511072
338322872569739	338322924034387	338322913982989
338322905725739	338322940717720	338322929237281
338322935226197	338322957401053	338322945048947
338322951787447	338322974084386	338322961687697
338322967945906	338322990767719	338322977871364
338322984249197	338323007451052	338322994120364
338323001121656	338323024134385	338323011070906
338323018153447	338323040817718	338323027984656
338323035645364	338323057501051	338323045485656
338323062862697	338323074184384	338323070433239

===
16683333
0	0	0
0	0	0
0	0	0
0	0	0
0	0	0
0	0	0
0	0	0
0	0	0
0	0	0
0	0	0
0	0	0
0	0	0
0	0	0
0	0	0
0	0	0
0	0	0
0	0	0
0	0	0
0	0	0
0	0	0
338321942578697	338321956401073	338321958934780
338321974167364	338321989767739	338321992576572
338321999053989	338322023134405	338322017289280
338322029667322	338322039817738	338322048118405
338322052225114	338322056501071	338322059937114
338322071002739	338322073184404	338322078580072
338322086385114	338322089867737	338322093983405
338322097954405	338322106551070	338322105548697
338322109692989	338322123234403	338322117281947
338322123729447	338322139917736	338322131322947
338322143878947	338322156601069	338322151470155
338322159823864	338322173284402	338322167400239
338322177575572	338322189967735	338322185163697
338322194664697	338322206651068	338322202276947
338322212549739	338322223334401	338322220242405
338322225053780	338322240017734	338322232679030
338322241652739	338322256701067	338322249311780
338322258753864	338322273384400	338322266325239
338322274938739	338322290067733	338322282512197
338322292760322	338322306751066	338322300118114
338322791531614	338322807251056	338322813686989
338322821470822	338322840617722	338322849500864
338322843213114	338322873984388	338322881511072
338322872569739	338322924034387	338322913982989
338322905725739	338322940717720	338322929237281
338322935226197	338322957401053	338322945048947
338322951787447	338322974084386	338322961687697
338322967945906	338322990767719	338322977871364
338322984249197	338323007451052	338322994120364
338323001121656	338323024134385	338323011070906
338323018153447	338323040817718	338323027984656
338323035645364	338323057501051	338323045485656
338323062862697	338323074184384	338323070433239
338323076348531	338323090867717	338323083902322
338323090692072	338323107551050	338323098206197
338323105150406	338323124234383	338323112661197
338323119584906	338323140917716	338323127070447
338323133963864	338323157601049	338323141348197
338323149234906	338323174284382	338323156746822
338323165999822	338323190967715	338323173449698
338323182991573	338323207651048	338323190452698
338323200080073	338323224334381	338323207524406
338323218110906	338323241017714	338323225513364
338323233938948	338323257701047	338323241330114
338323251663906	338323274384380	338323259067114
338323268747906	338323291067713	338323276184781
338323285129906	338323307751046	338323292580989
338323302587073	338323324434379	338323310059614
338323320057031	338323341117712	338323327523073
338323336710239	338323357801045	338323344166281
338323353115073	338323374484378	338323360579864
338323371449573	338323391167711	338323378735156
338323386259698	338323407851044	338323393727073
338323404874781	338323424534377	338323412325698
338323420673156	338323441217710	338323428221739
338323440365739	338323457901043	338323447920239
338323453008198	338323474584376	338323460556656
338323469928531	338323491267709	338323477458614
338323485880698	338323507951042	338323493507573
338323503667114	338323524634375	338323511239239
338323520276531	338323541317708	338323527687323
338323543050614	338323558001041	338323550907781
338323558727656	338323574684374	338323566567031
338323575722948	338323591367707	338323583570573
338323592515864	338323608051040	338323600387698
338323609285614	338323624734373	338323617064281
338323626000531	338323641417706	338323633856989
338323643448823	338323658101039	338323651309823
338323657466614	338323674784372	338323665124281
338323673785031	338323691467705	338323681219114
338323690412906	338323708151038	338323697971614
338323706104739	338323724834371	338323713624156
338323722764281	338323741517704	338323730289989
338323740090198	338323758201037	338323747454656
338323756531114	338323774884370	338323764076823
338323773334489	338323791567703	338323780848906
338323789870739	338323808251036	338323797392573
338323806291364	338323824934369	338323813808656
338323824354239	338323841617702	338323831877781
338323841182323	338323858301035	338323848689781
338323858004198	338323874984368	338323865516031
338323875265323	338323891667701	338323882773906
338323892351573	338323908351034	338323899872573
338323907208281	338323925034367	338323914719281
338323924432281	338323941717700	338323931944823
338323941579406	338323958401033	338323949086406
338323957579781	338323975084366	338323965074365
338323974342031	338323991767699	338323981868740
338323991348615	338324008451032	338323998880240
338324008655490	338324025134365	338324016174781
338324023262573	338324041817698	338324030763448
338324039938490	338324058501031	338324047541656
338324057396781	338324075184364	338324064989656
338324074001698	338324091867697	338324081590656
338324090566490	338324108551030	338324098151031
338324107444115	338324125234363	338324115816865
338324140095781	338324141917696	338324147809656
338324148284031	338324158601029	338324155890948
338324157788865	338324175284362	338324165396573
338324174531115	338324191967695	338324182057406
338324192895823	338324208651028	338324200517740
338324208311781	338324225334361	338324215842240
338324224896240	338324242017694	338324232639531
338324243230490	338324258701027	338324250687531
338324258957406	338324275384360	338324266525531
338324278483031	338324292067693	338324285943448
338324298068615	338324308751026	338324305420573

===
16683333
338322029667322	338322039817738	338322048118405
338322052225114	338322056501071	338322059937114
338322071002739	338322073184404	338322078580072
338322086385114	338322089867737	338322093983405
338322097954405	338322106551070	338322105548697
338322109692989	338322123234403	338322117281947
338322123729447	338322139917736	338322131322947
338322143878947	338322156601069	338322151470155
338322159823864	338322173284402	338322167400239
338322177575572	338322189967735	338322185163697
338322194664697	338322206651068	338322202276947
338322212549739	338322223334401	338322220242405
338322225053780	338322240017734	338322232679030
338322241652739	338322256701067	338322249311780
338322258753864	338322273384400	338322266325239
338322274938739	338322290067733	338322282512197
338322292760322	338322306751066	338322300118114
338322791531614	338322807251056	338322813686989
338322821470822	338322840617722	338322849500864
338322843213114	338322873984388	338322881511072
338322872569739	338322924034387	338322913982989
338322905725739	338322940717720	338322929237281
338322935226197	338322957401053	338322945048947
338322951787447	338322974084386	338322961687697
338322967945906	338322990767719	338322977871364
338322984249197	338323007451052	338322994120364
338323001121656	338323024134385	338323011070906
338323018153447	338323040817718	338323027984656
338323035645364	338323057501051	338323045485656
338323062862697	338323074184384	338323070433239
338323076348531	338323090867717	338323083902322
338323090692072	338323107551050	338323098206197
338323105150406	338323124234383	338323112661197
338323119584906	338323140917716	338323127070447
338323133963864	338323157601049	338323141348197
338323149234906	338323174284382	338323156746822
338323165999822	338323190967715	338323173449698
338323182991573	338323207651048	338323190452698
338323200080073	338323224334381	338323207524406
338323218110906	338323241017714	338323225513364
338323233938948	338323257701047	338323241330114
338323251663906	338323274384380	338323259067114
338323268747906	338323291067713	338323276184781
338323285129906	338323307751046	338323292580989
338323302587073	338323324434379	338323310059614
338323320057031	338323341117712	338323327523073
338323336710239	338323357801045	338323344166281
338323353115073	338323374484378	338323360579864
338323371449573	338323391167711	338323378735156
338323386259698	338323407851044	338323393727073
338323404874781	338323424534377	338323412325698
338323420673156	338323441217710	338323428221739
338323440365739	338323457901043	338323447920239
338323453008198	338323474584376	338323460556656
338323469928531	338323491267709	338323477458614
338323485880698	338323507951042	338323493507573
338323503667114	338323524634375	338323511239239
338323520276531	338323541317708	338323527687323
338323543050614	338323558001041	338323550907781
338323558727656	338323574684374	338323566567031
338323575722948	338323591367707	338323583570573
338323592515864	338323608051040	338323600387698
338323609285614	338323624734373	338323617064281
338323626000531	338323641417706	338323633856989
338323643448823	338323658101039	338323651309823
338323657466614	338323674784372	338323665124281
338323673785031	338323691467705	338323681219114
338323690412906	338323708151038	338323697971614
338323706104739	338323724834371	338323713624156
338323722764281	338323741517704	338323730289989
338323740090198	338323758201037	338323747454656
338323756531114	338323774884370	338323764076823
338323773334489	338323791567703	338323780848906
338323789870739	338323808251036	338323797392573
338323806291364	338323824934369	338323813808656
338323824354239	338323841617702	338323831877781
338323841182323	338323858301035	338323848689781
338323858004198	338323874984368	338323865516031
338323875265323	338323891667701	338323882773906
338323892351573	338323908351034	338323899872573
338323907208281	338323925034367	338323914719281
338323924432281	338323941717700	338323931944823
338323941579406	338323958401033	338323949086406
338323957579781	338323975084366	338323965074365
338323974342031	338323991767699	338323981868740
338323991348615	338324008451032	338323998880240
338324008655490	338324025134365	338324016174781
338324023262573	338324041817698	338324030763448
338324039938490	338324058501031	338324047541656
338324057396781	338324075184364	338324064989656
338324074001698	338324091867697	338324081590656
338324090566490	338324108551030	338324098151031
338324107444115	338324125234363	338324115816865
338324140095781	338324141917696	338324147809656
338324148284031	338324158601029	338324155890948
338324157788865	338324175284362	338324165396573
338324174531115	338324191967695	338324182057406
338324192895823	338324208651028	338324200517740
338324208311781	338324225334361	338324215842240
338324224896240	338324242017694	338324232639531
338324243230490	338324258701027	338324250687531
338324258957406	338324275384360	338324266525531
338324278483031	338324292067693	338324285943448
338324298068615	338324308751026	338324305420573
338324386753198	338324392167691	338324393766323
338324407785740	338324408851024	338324415011781
338324640149532	338324659101019	338324662141698
338325199026365	338325209651008	338325220356782
338325214261740	338325226334341	338325232790198
338325249598323	338325276384340	338325263548990
338325256900907	338325293067673	338325279070282
338325283348699	338325309751006	338325297327907
338325299969907	338325326434339	338325314165949
338325318053199	338325343117672	338325322710449
338325336663240	338325359801005	338325341285490
338325351927490	338325376484338	338325356598449
338325369342824	338325393167671	338325373899199
338325387797324	338325409851004	338325392385865
338325402186574	338325426534337	338325406804157
338325420088365	338325443217670	338325424735782
338325436584115	338325459901003	338325441133490
338325454067907	338325476584336	338325458703157
338325471072740	338325493267669	338325475584615
338325488594074	338325509951002	338325493194740
338325503545199	338325526634335	338325508152282
338325522334407	338325543317668	338325526945990
338325538403615	338325560001001	338325543031324

===
16683333
338322791531614	338322807251056	338322813686989
338322821470822	338322840617722	338322849500864
338322843213114	338322873984388	338322881511072
338322872569739	338322924034387	338322913982989
338322905725739	338322940717720	338322929237281
338322935226197	338322957401053	338322945048947
338322951787447	338322974084386	338322961687697
338322967945906	338322990767719	338322977871364
338322984249197	338323007451052	338322994120364
338323001121656	338323024134385	338323011070906
338323018153447	338323040817718	338323027984656
338323035645364	338323057501051	338323045485656
338323062862697	338323074184384	338323070433239
338323076348531	338323090867717	338323083902322
338323090692072	338323107551050	338323098206197
338323105150406	338323124234383	338323112661197
338323119584906	338323140917716	338323127070447
338323133963864	338323157601049	338323141348197
338323149234906	338323174284382	338323156746822
338323165999822	338323190967715	338323173449698
338323182991573	338323207651048	338323190452698
338323200080073	338323224334381	338323207524406
338323218110906	338323241017714	338323225513364
338323233938948	338323257701047	338323241330114
338323251663906	338323274384380	338323259067114
338323268747906	338323291067713	338323276184781
338323285129906	338323307751046	338323292580989
338323302587073	338323324434379	338323310059614
338323320057031	338323341117712	338323327523073
338323336710239	338323357801045	338323344166281
338323353115073	338323374484378	338323360579864
338323371449573	338323391167711	338323378735156
338323386259698	338323407851044	338323393727073
338323404874781	338323424534377	338323412325698
338323420673156	338323441217710	338323428221739
338323440365739	338323457901043	338323447920239
338323453008198	338323474584376	338323460556656
338323469928531	338323491267709	338323477458614
338323485880698	338323507951042	338323493507573
338323503667114	338323524634375	338323511239239
338323520276531	338323541317708	338323527687323
338323543050614	338323558001041	338323550907781
338323558727656	338323574684374	338323566567031
338323575722948	338323591367707	338323583570573
338323592515864	338323608051040	338323600387698
338323609285614	338323624734373	338323617064281
338323626000531	338323641417706	338323633856989
338323643448823	338323658101039	338323651309823
338323657466614	338323674784372	338323665124281
338323673785031	338323691467705	338323681219114
338323690412906	338323708151038	338323697971614
338323706104739	338323724834371	338323713624156
338323722764281	338323741517704	338323730289989
338323740090198	338323758201037	338323747454656
338323756531114	338323774884370	338323764076823
338323773334489	338323791567703	338323780848906
338323789870739	338323808251036	338323797392573
338323806291364	338323824934369	338323813808656
338323824354239	338323841617702	338323831877781
338323841182323	338323858301035	338323848689781
338323858004198	338323874984368	338323865516031
338323875265323	338323891667701	338323882773906
338323892351573	338323908351034	338323899872573
338323907208281	338323925034367	338323914719281
338323924432281	338323941717700	338323931944823
338323941579406	338323958401033	338323949086406
338323957579781	338323975084366	338323965074365
338323974342031	338323991767699	338323981868740
338323991348615	338324008451032	338323998880240
338324008655490	338324025134365	338324016174781
338324023262573	338324041817698	338324030763448
338324039938490	338324058501031	338324047541656
338324057396781	338324075184364	338324064989656
338324074001698	338324091867697	338324081590656
338324090566490	338324108551030	338324098151031
338324107444115	338324125234363	338324115816865
338324140095781	338324141917696	338324147809656
338324148284031	338324158601029	338324155890948
338324157788865	338324175284362	338324165396573
338324174531115	338324191967695	338324182057406
338324192895823	338324208651028	338324200517740
338324208311781	338324225334361	338324215842240
338324224896240	338324242017694	338324232639531
338324243230490	338324258701027	338324250687531
338324258957406	338324275384360	338324266525531
338324278483031	338324292067693	338324285943448
338324298068615	338324308751026	338324305420573
338324386753198	338324392167691	338324393766323
338324407785740	338324408851024	338324415011781
338324640149532	338324659101019	338324662141698
338325199026365	338325209651008	338325220356782
338325214261740	338325226334341	338325232790198
338325249598323	338325276384340	338325263548990
338325256900907	338325293067673	338325279070282
338325283348699	338325309751006	338325297327907
338325299969907	338325326434339	338325314165949
338325318053199	338325343117672	338325322710449
338325336663240	338325359801005	338325341285490
338325351927490	338325376484338	338325356598449
338325369342824	338325393167671	338325373899199
338325387797324	338325409851004	338325392385865
338325402186574	338325426534337	338325406804157
338325420088365	338325443217670	338325424735782
338325436584115	338325459901003	338325441133490
338325454067907	338325476584336	338325458703157
338325471072740	338325493267669	338325475584615
338325488594074	338325509951002	338325493194740
338325503545199	338325526634335	338325508152282
338325522334407	338325543317668	338325526945990
338325538403615	338325560001001	338325543031324
338326239197074	338326260700987	338326253208449
338326259137407	338326277384320	338326273056907
338326276145074	338326294067653	338326290044366
338326293507449	338326310750986	338326303083407
338326308469782	338326327434319	338326313051241
338326325049532	338326344117652	338326329646782
338326343046407	338326360800985	338326347690574
338326359548449	338326377484318	338326364110366
338326376112949	338326394167651	338326380704199
338326391574324	338326410850984	338326396281074
338326408595782	338326427534317	338326413281449
338326426736907	338326444217650	338326431347657
338326444437741	338326460900983	338326449006824
338326460196449	338326477584316	338326464593116
338326475551366	338326494267649	338326480247699
338326492297866	338326510950982	338326496993449
338326510216449	338326527634315	338326514712616

===
16683333
338323773334489	338323791567703	338323780848906
338323789870739	338323808251036	338323797392573
338323806291364	338323824934369	338323813808656
338323824354239	338323841617702	338323831877781
338323841182323	338323858301035	338323848689781
338323858004198	338323874984368	338323865516031
338323875265323	338323891667701	338323882773906
338323892351573	338323908351034	338323899872573
338323907208281	338323925034367	338323914719281
338323924432281	338323941717700	338323931944823
338323941579406	338323958401033	338323949086406
338323957579781	338323975084366	338323965074365
338323974342031	338323991767699	338323981868740
338323991348615	338324008451032	338323998880240
338324008655490	338324025134365	338324016174781
338324023262573	338324041817698	338324030763448
338324039938490	338324058501031	338324047541656
338324057396781	338324075184364	338324064989656
338324074001698	338324091867697	338324081590656
338324090566490	338324108551030	338324098151031
338324107444115	338324125234363	338324115816865
338324140095781	338324141917696	338324147809656
338324148284031	338324158601029	338324155890948
338324157788865	338324175284362	338324165396573
338324174531115	338324191967695	338324182057406
338324192895823	338324208651028	338324200517740
338324208311781	338324225334361	338324215842240
338324224896240	338324242017694	338324232639531
338324243230490	338324258701027	338324250687531
338324258957406	338324275384360	338324266525531
338324278483031	338324292067693	338324285943448
338324298068615	338324308751026	338324305420573
338324386753198	338324392167691	338324393766323
338324407785740	338324408851024	338324415011781
338324640149532	338324659101019	338324662141698
338325199026365	338325209651008	338325220356782
338325214261740	338325226334341	338325232790198
338325249598323	338325276384340	338325263548990
338325256900907	338325293067673	338325279070282
338325283348699	338325309751006	338325297327907
338325299969907	338325326434339	338325314165949
338325318053199	338325343117672	338325322710449
338325336663240	338325359801005	338325341285490
338325351927490	338325376484338	338325356598449
338325369342824	338325393167671	338325373899199
338325387797324	338325409851004	338325392385865
338325402186574	338325426534337	338325406804157
338325420088365	338325443217670	338325424735782
338325436584115	338325459901003	338325441133490
338325454067907	338325476584336	338325458703157
338325471072740	338325493267669	338325475584615
338325488594074	338325509951002	338325493194740
338325503545199	338325526634335	338325508152282
338325522334407	338325543317668	338325526945990
338325538403615	338325560001001	338325543031324
338326239197074	338326260700987	338326253208449
338326259137407	338326277384320	338326273056907
338326276145074	338326294067653	338326290044366
338326293507449	338326310750986	338326303083407
338326308469782	338326327434319	338326313051241
338326325049532	338326344117652	338326329646782
338326343046407	338326360800985	338326347690574
338326359548449	338326377484318	338326364110366
338326376112949	338326394167651	338326380704199
338326391574324	338326410850984	338326396281074
338326408595782	338326427534317	338326413281449
338326426736907	338326444217650	338326431347657
338326444437741	338326460900983	338326449006824
338326460196449	338326477584316	338326464593116
338326475551366	338326494267649	338326480247699
338326492297866	338326510950982	338326496993449
338326510216449	338326527634315	338326514712616
338327095128283	338327111550970	338327109102658
338327116710408	338327128234303	338327132214991
338327134451158	338327144917636	338327151156283
338327149991241	338327161600969	338327169833616
338327166179533	338327178284302	338327188638283
338327183120491	338327194967635	338327207125116
338327199901241	338327228334301	338327225654283
338327216617616	338327245017634	338327239046574
338327250046574	338327261700967	338327255131699
338327265143991	338327278384300	338327269785033
338327281864908	338327295067633	338327286517658
338327298658658	338327311750966	338327303302866
338327315517033	338327328434299	338327320169866
338327332138074	338327345117632	338327336890991
338327348811574	338327361800965	338327353455658
338327365723075	338327378484298	338327370498033
338327382574700	338327395167631	338327387310158
338327403561950	338327411850964	338327407864200
338327417279408	338327428534297	338327421913825
338327434124366	338327445217630	338327438761450
338327451057491	338327461900963	338327455693075
338327467103533	338327478584296	338327471714533
338327481652825	338327495267629	338327486394991
338327501153366	338327511950962	338327506185366
338327519624033	338327528634295	338327524679158
338327535788033	338327545317628	338327540916783
338327551514825	338327562000961	338327556700075
338327567628450	338327578684294	338327572751241
338327585669366	338327595367627	338327590790908
338327604960533	338327612050960	338327610175158
338327620775908	338327628734293	338327625962616
338327632698866	338327645417626	338327637407325
338327649230158	338327662100959	338327653973533
338327665911575	338327695467625	338327670677783
338327684612533	338327712150958	338327689371991
338327701592658	338327728834291	338327706341033
338327716225825	338327745517624	338327720973033
338327732917616	338327762200957	338327737654991
338327749941033	338327778884290	338327754613408
338327768672283	338327795567623	338327773400783
338327788729325	338327812250956	338327793439033
338327801936200	338327828934289	338327806661491
338327817825200	338327845617622	338327822552075
338327834589366	338327862300955	338327839395158
338327853909950	338327878984288	338327858664658
338327891030866	338327895667621	338327895747408
338327904279616	338327912350954	338327909040366
338327912463991	338327929034287	338327916978741
338327931376116	338327945717620	338327934642283
338327967312658	338327979084286	338327972185241
338327978033075	338327995767619	338327982821075
338327989384700	338328012450952	338327994236616
338328003408408	338328029134285	338328008237075
338328020105825	338328045817618	338328024926241
338328036334700	338328062500951	338328041160241

===
16683333
338326444437741	338326460900983	338326449006824
338326460196449	338326477584316	338326464593116
338326475551366	338326494267649	338326480247699
338326492297866	338326510950982	338326496993449
338326510216449	338326527634315	338326514712616
338327095128283	338327111550970	338327109102658
338327116710408	338327128234303	338327132214991
338327134451158	338327144917636	338327151156283
338327149991241	338327161600969	338327169833616
338327166179533	338327178284302	338327188638283
338327183120491	338327194967635	338327207125116
338327199901241	338327228334301	338327225654283
338327216617616	338327245017634	338327239046574
338327250046574	338327261700967	338327255131699
338327265143991	338327278384300	338327269785033
338327281864908	338327295067633	338327286517658
338327298658658	338327311750966	338327303302866
338327315517033	338327328434299	338327320169866
338327332138074	338327345117632	338327336890991
338327348811574	338327361800965	338327353455658
338327365723075	338327378484298	338327370498033
338327382574700	338327395167631	338327387310158
338327403561950	338327411850964	338327407864200
338327417279408	338327428534297	338327421913825
338327434124366	338327445217630	338327438761450
338327451057491	338327461900963	338327455693075
338327467103533	338327478584296	338327471714533
338327481652825	338327495267629	338327486394991
338327501153366	338327511950962	338327506185366
338327519624033	338327528634295	338327524679158
338327535788033	338327545317628	338327540916783
338327551514825	338327562000961	338327556700075
338327567628450	338327578684294	338327572751241
338327585669366	338327595367627	338327590790908
338327604960533	338327612050960	338327610175158
338327620775908	338327628734293	338327625962616
338327632698866	338327645417626	338327637407325
338327649230158	338327662100959	338327653973533
338327665911575	338327695467625	338327670677783
338327684612533	338327712150958	338327689371991
338327701592658	338327728834291	338327706341033
338327716225825	338327745517624	338327720973033
338327732917616	338327762200957	338327737654991
338327749941033	338327778884290	338327754613408
338327768672283	338327795567623	338327773400783
338327788729325	338327812250956	338327793439033
338327801936200	338327828934289	338327806661491
338327817825200	338327845617622	338327822552075
338327834589366	338327862300955	338327839395158
338327853909950	338327878984288	338327858664658
338327891030866	338327895667621	338327895747408
338327904279616	338327912350954	338327909040366
338327912463991	338327929034287	338327916978741
338327931376116	338327945717620	338327934642283
338327967312658	338327979084286	338327972185241
338327978033075	338327995767619	338327982821075
338327989384700	338328012450952	338327994236616
338328003408408	338328029134285	338328008237075
338328020105825	338328045817618	338328024926241
338328036334700	338328062500951	338328041160241
338328053131991	338328079184284	338328057972908
338328070135367	338328095867617	338328074972533
338328087223908	338328112550950	338328092058742
338328103659242	338328129234283	338328108445492
338328120052992	338328145917616	338328124803783
338328137634200	338328162600949	338328142321825
338328220753117	338328229334281	338328226875533
338328237023033	338328246017614	338328243666408
338328256788367	338328262700947	338328263551908
338328272832950	338328279384280	338328279600533
338328287089658	338328296067613	338328293784700
338328304209242	338328312750946	338328310274492
338328320809700	338328329434279	338328326006200
338328340327825	338328346117612	338328345516783
338328357246408	338328362800945	338328362449367
338328370732033	338328379484278	338328375476617
338328387450867	338328396167611	338328392200867
338328404411242	338328412850944	338328409163492
338328421284367	338328429534277	338328426035450
338328437868825	338328446217610	338328442616908
338328454819617	338328462900943	338328460546700
338328471284575	338328479584276	338328476028075
338328488224742	338328496267609	338328492947992
338328505899742	338328512950942	338328510637783
338328522616200	338328529634275	338328527366408
338328541099283	338328546317608	338328546031075
338328559926783	338328563000941	338328564553033
338328573756242	338328579684274	338328578536492
338328598941367	338328613050940	338328603709908
338328609330158	338328629734273	338328614332450
338328627543658	338328646417606	338328632617283
338328643202033	338328663100939	338328648329992
338328662399575	338328679784272	338328667629450
338328675109033	338328696467605	338328680112950
338328691866783	338328713150938	338328697018408
338328710599492	338328729834271	338328715773825
338328727348617	338328746517604	338328732566908
338328744266908	338328763200937	338328749020033
338328758461033	338328779884270	338328763206200
338328775317284	338328796567603	338328780048200
338328792154159	338328813250936	338328796857742
338328808744284	338328829934269	338328813497284
338328827824825	338328846617602	338328832563284
338328841943409	338328863300935	338328846675242
338328859007992	338328879984268	338328863748492
338328875473950	338328896667601	338328880208367
338328892802909	338328913350934	338328897135075
338328916693284	338328930034267	338328921470617
338328927138617	338328946717600	338328931871950
338328943956659	338328963400933	338328948713992
338328964124450	338328980084266	338328968834200
338328991414492	338328996767599	338328996159367
338329004987742	338329013450932	338329009763284
338329013192117	338329030134265	338329017971992
338329027207117	338329046817598	338329032025617
338329045993992	338329063500931	338329050745492
338329093422117	338329096867597	338329098164909
338329102157242	338329113550930	338329106931867
338329113048034	338329130234263	338329117921825
338329128771242	338329146917596	338329133599450
338329145310200	338329163600929	338329150181367
338329162874409	338329180284262	338329167708992
338329180080700	338329196967595	338329184909409
338329195486409	338329213650928	338329200232034
338329212431159	338329230334261	338329217251784
338329228942492	338329247017594	338329233743659
338329245777284	338329263700927	338329250567409

===
16683333
338328256788367	338328262700947	338328263551908
338328272832950	338328279384280	338328279600533
338328287089658	338328296067613	338328293784700
338328304209242	338328312750946	338328310274492
338328320809700	338328329434279	338328326006200
338328340327825	338328346117612	338328345516783
338328357246408	338328362800945	338328362449367
338328370732033	338328379484278	338328375476617
338328387450867	338328396167611	338328392200867
338328404411242	338328412850944	338328409163492
338328421284367	338328429534277	338328426035450
338328437868825	338328446217610	338328442616908
338328454819617	338328462900943	338328460546700
338328471284575	338328479584276	338328476028075
338328488224742	338328496267609	338328492947992
338328505899742	338328512950942	338328510637783
338328522616200	338328529634275	338328527366408
338328541099283	338328546317608	338328546031075
338328559926783	338328563000941	338328564553033
338328573756242	338328579684274	338328578536492
338328598941367	338328613050940	338328603709908
338328609330158	338328629734273	338328614332450
338328627543658	338328646417606	338328632617283
338328643202033	338328663100939	338328648329992
338328662399575	338328679784272	338328667629450
338328675109033	338328696467605	338328680112950
338328691866783	338328713150938	338328697018408
338328710599492	338328729834271	338328715773825
338328727348617	338328746517604	338328732566908
338328744266908	338328763200937	338328749020033
338328758461033	338328779884270	338328763206200
338328775317284	338328796567603	338328780048200
338328792154159	338328813250936	338328796857742
338328808744284	338328829934269	338328813497284
338328827824825	338328846617602	338328832563284
338328841943409	338328863300935	338328846675242
338328859007992	338328879984268	338328863748492
338328875473950	338328896667601	338328880208367
338328892802909	338328913350934	338328897135075
338328916693284	338328930034267	338328921470617
338328927138617	338328946717600	338328931871950
338328943956659	338328963400933	338328948713992
338328964124450	338328980084266	338328968834200
338328991414492	338328996767599	338328996159367
338329004987742	338329013450932	338329009763284
338329013192117	338329030134265	338329017971992
338329027207117	338329046817598	338329032025617
338329045993992	338329063500931	338329050745492
338329093422117	338329096867597	338329098164909
338329102157242	338329113550930	338329106931867
338329113048034	338329130234263	338329117921825
338329128771242	338329146917596	338329133599450
338329145310200	338329163600929	338329150181367
338329162874409	338329180284262	338329167708992
338329180080700	338329196967595	338329184909409
338329195486409	338329213650928	338329200232034
338329212431159	338329230334261	338329217251784
338329228942492	338329247017594	338329233743659
338329245777284	338329263700927	338329250567409
338329331916742	338329330434259	338329336702950
338329350492784	338329347117592	338329355781159
338329362527367	338329363800925	338329367786200
338329379464825	338329380484258	338329384719367
338329396182075	338329397167591	338329401413325
338329412583450	338329413850924	338329417794200
338329434301617	338329430534257	338329439480409
338329446427700	338329447217590	338329451579242
338329463260534	338329463900923	338329468530659
338329479558367	338329480584256	338329484317034
338329496640576	338329497267589	338329501389617
338329515422992	338329513950922	338329520178451
338329529957742	338329530634255	338329534713534
338329546789201	338329547317588	338329551598992
338329563509617	338329564000921	338329568235076
338329580644909	338329580684254	338329585421284
338329599195617	338329597367587	338329603944367
338329614210617	338329614050920	338329618963201
338329630879784	338329630734253	338329635616076
338329649657326	338329647417586	338329654369951
338329666133409	338329664100919	338329670950034
338329685410034	338329680784252	338329690202159
338329707288117	338329714150918	338329712137576
338329721297076	338329730834251	338329726254326
338329736644159	338329747517584	338329741696992
338329751150159	338329764200917	338329756255992
338329768063534	338329780884250	338329773210117
338329784926534	338329797567583	338329790046451
338329801616492	338329814250916	338329806749867
338329816822159	338329830934249	338329821998617
338329833635242	338329847617582	338329838833701
338329850033242	338329864300915	338329854781784
338329866748076	338329880984248	338329871498117
338329883901451	338329897667581	338329888701826
338329901623534	338329914350914	338329906378201
338329917371492	338329931034247	338329922112617
338329935055701	338329947717580	338329939805201
338329951319826	338329964400913	338329956100076
338329967780284	338329981084246	338329972509659
338329984699576	338329997767579	338329989416951
338330001841867	338330031134245	338330006519451
338330021103909	338330047817578	338330025857992
338330036554742	338330047817578	338330041373326
338330053705659	338330081184244	338330058593367
338330069722034	338330097867577	338330074464867
338330086306701	338330114550910	338330091049451
338330121711451	338330131234243	338330126459326
338330127226409	338330147917576	338330131836742
338330137511367	338330164600909	338330142386992
338330155792784	338330181284242	338330160632034
338330195135118	338330214650908	338330199994576
338330200826784	338330231334241	338330205624909
338330220944243	338330248017574	338330225788576
338330237854409	338330264700907	338330242685326
338330254720451	338330281384240	338330259455409
338330270784868	338330298067573	338330275591451
338330287817159	338330314750906	338330292612159
338330304422534	338330331434239	338330309264493
338330320989118	338330348117572	338330325794409
338330337897451	338330364800905	338330342709326
338330354514659	338330381484238	338330359316451
338330371133784	338330398167571	338330375922118
338330454630784	338330464900903	338330459443493
338330471726451	338330481584236	338330477740618
338330488456368	338330498267569	338330499847451
338330505267534	338330514950902	338330516634743
338330522013451	338330531634235	338330533332951
338330538813159	338330548317568	338330549998909

===
16683333
338329195486409	338329213650928	338329200232034
338329212431159	338329230334261	338329217251784
338329228942492	338329247017594	338329233743659
338329245777284	338329263700927	338329250567409
338329331916742	338329330434259	338329336702950
338329350492784	338329347117592	338329355781159
338329362527367	338329363800925	338329367786200
338329379464825	338329380484258	338329384719367
338329396182075	338329397167591	338329401413325
338329412583450	338329413850924	338329417794200
338329434301617	338329430534257	338329439480409
338329446427700	338329447217590	338329451579242
338329463260534	338329463900923	338329468530659
338329479558367	338329480584256	338329484317034
338329496640576	338329497267589	338329501389617
338329515422992	338329513950922	338329520178451
338329529957742	338329530634255	338329534713534
338329546789201	338329547317588	338329551598992
338329563509617	338329564000921	338329568235076
338329580644909	338329580684254	338329585421284
338329599195617	338329597367587	338329603944367
338329614210617	338329614050920	338329618963201
338329630879784	338329630734253	338329635616076
338329649657326	338329647417586	338329654369951
338329666133409	338329664100919	338329670950034
338329685410034	338329680784252	338329690202159
338329707288117	338329714150918	338329712137576
338329721297076	338329730834251	338329726254326
338329736644159	338329747517584	338329741696992
338329751150159	338329764200917	338329756255992
338329768063534	338329780884250	338329773210117
338329784926534	338329797567583	338329790046451
338329801616492	338329814250916	338329806749867
338329816822159	338329830934249	338329821998617
338329833635242	338329847617582	338329838833701
338329850033242	338329864300915	338329854781784
338329866748076	338329880984248	338329871498117
338329883901451	338329897667581	338329888701826
338329901623534	338329914350914	338329906378201
338329917371492	338329931034247	338329922112617
338329935055701	338329947717580	338329939805201
338329951319826	338329964400913	338329956100076
338329967780284	338329981084246	338329972509659
338329984699576	338329997767579	338329989416951
338330001841867	338330031134245	338330006519451
338330021103909	338330047817578	338330025857992
338330036554742	338330047817578	338330041373326
338330053705659	338330081184244	338330058593367
338330069722034	338330097867577	338330074464867
338330086306701	338330114550910	338330091049451
338330121711451	338330131234243	338330126459326
338330127226409	338330147917576	338330131836742
338330137511367	338330164600909	338330142386992
338330155792784	338330181284242	338330160632034
338330195135118	338330214650908	338330199994576
338330200826784	338330231334241	338330205624909
338330220944243	338330248017574	338330225788576
338330237854409	338330264700907	338330242685326
338330254720451	338330281384240	338330259455409
338330270784868	338330298067573	338330275591451
338330287817159	338330314750906	338330292612159
338330304422534	338330331434239	338330309264493
338330320989118	338330348117572	338330325794409
338330337897451	338330364800905	338330342709326
338330354514659	338330381484238	338330359316451
338330371133784	338330398167571	338330375922118
338330454630784	338330464900903	338330459443493
338330471726451	338330481584236	338330477740618
338330488456368	338330498267569	338330499847451
338330505267534	338330514950902	338330516634743
338330522013451	338330531634235	338330533332951
338330538813159	338330548317568	338330549998909
338330556157701	338330581684234	338330567690659
338330572940118	338330598367567	338330584311826
338330590047326	338330615050900	338330595241118
338330606404576	338330631734233	338330611143284
338330623027201	338330648417566	338330627757993
338330640211618	338330665100899	338330644853909
338330656728076	338330681784232	338330661464368
338330673412201	338330698467565	338330678136701
338330690200534	338330715150898	338330694953409
338330706992076	338330731834231	338330711737701
338330724077493	338330748517564	338330728741076
338330740613368	338330765200897	338330745349368
338330760086618	338330781884230	338330764818118
338330777804076	338330798567563	338330782617784
338330792467034	338330815250896	338330797230118
338330808925534	338330831934229	338330813687076
338330834643409	338330848617562	338330839432909
338330844692701	338330865300895	338330849685993
338330858698659	338330881984228	338330863766368
338330875404118	338330898667561	338330880473576
338330892095201	338330915350894	338330897258951
338330908895243	338330932034227	338330914056035
338330925412243	338330948717560	338330930554118
338330942583493	338330965400893	338330947744326
338330959256868	338330982084226	338330964509493
338330976145493	338330998767559	338330980844910
338330992986160	338331015450892	338330997744951
338331009434368	338331032134225	338331014175910
338331025958201	338331048817558	338331030713993
338331042713243	338331065500891	338331047549285
338331059550993	338331082184224	338331064301326
338331076479993	338331098867557	338331081223076
338331093247326	338331115550890	338331097971410
338331110073576	338331132234223	338331114760493
338331131335493	338331148917556	338331135942451
338331146303868	338331165600889	338331151053410
338331160916326	338331182284222	338331165653785
338331177443576	338331198967555	338331182180160
338331194657868	338331215650888	338331199307493
338331231207743	338331232334221	338331235892493
338331236594493	338331249017554	338331241125660
338331248082576	338331265700887	338331252741826
338331265088535	338331282384220	338331269906826
338331295822785	338331299067553	338331300515701
338331302912410	338331315750886	338331307673410
338331317242493	338331332434219	338331322065660
338331333997076	338331349117552	338331338836868
338331346963868	338331365800885	338331351771368
338331362791951	338331382484218	338331367591160
338331379526285	338331399167551	338331384281785
338331396534160	338331415850884	338331401348660
338331412880076	338331432534217	338331417675326
338331430000785	338331449217550	338331434794785
338331446800035	338331465900883	338331451530035
338331463420410	338331482584216	338331468202451

===
16683333
338330270784868	338330298067573	338330275591451
338330287817159	338330314750906	338330292612159
338330304422534	338330331434239	338330309264493
338330320989118	338330348117572	338330325794409
338330337897451	338330364800905	338330342709326
338330354514659	338330381484238	338330359316451
338330371133784	338330398167571	338330375922118
338330454630784	338330464900903	338330459443493
338330471726451	338330481584236	338330477740618
338330488456368	338330498267569	338330499847451
338330505267534	338330514950902	338330516634743
338330522013451	338330531634235	338330533332951
338330538813159	338330548317568	338330549998909
338330556157701	338330581684234	338330567690659
338330572940118	338330598367567	338330584311826
338330590047326	338330615050900	338330595241118
338330606404576	338330631734233	338330611143284
338330623027201	338330648417566	338330627757993
338330640211618	338330665100899	338330644853909
338330656728076	338330681784232	338330661464368
338330673412201	338330698467565	338330678136701
338330690200534	338330715150898	338330694953409
338330706992076	338330731834231	338330711737701
338330724077493	338330748517564	338330728741076
338330740613368	338330765200897	338330745349368
338330760086618	338330781884230	338330764818118
338330777804076	338330798567563	338330782617784
338330792467034	338330815250896	338330797230118
338330808925534	338330831934229	338330813687076
338330834643409	338330848617562	338330839432909
338330844692701	338330865300895	338330849685993
338330858698659	338330881984228	338330863766368
338330875404118	338330898667561	338330880473576
338330892095201	338330915350894	338330897258951
338330908895243	338330932034227	338330914056035
338330925412243	338330948717560	338330930554118
338330942583493	338330965400893	338330947744326
338330959256868	338330982084226	338330964509493
338330976145493	338330998767559	338330980844910
338330992986160	338331015450892	338330997744951
338331009434368	338331032134225	338331014175910
338331025958201	338331048817558	338331030713993
338331042713243	338331065500891	338331047549285
338331059550993	338331082184224	338331064301326
338331076479993	338331098867557	338331081223076
338331093247326	338331115550890	338331097971410
338331110073576	338331132234223	338331114760493
338331131335493	338331148917556	338331135942451
338331146303868	338331165600889	338331151053410
338331160916326	338331182284222	338331165653785
338331177443576	338331198967555	338331182180160
338331194657868	338331215650888	338331199307493
338331231207743	338331232334221	338331235892493
338331236594493	338331249017554	338331241125660
338331248082576	338331265700887	338331252741826
338331265088535	338331282384220	338331269906826
338331295822785	338331299067553	338331300515701
338331302912410	338331315750886	338331307673410
338331317242493	338331332434219	338331322065660
338331333997076	338331349117552	338331338836868
338331346963868	338331365800885	338331351771368
338331362791951	338331382484218	338331367591160
338331379526285	338331399167551	338331384281785
338331396534160	338331415850884	338331401348660
338331412880076	338331432534217	338331417675326
338331430000785	338331449217550	338331434794785
338331446800035	338331465900883	338331451530035
338331463420410	338331482584216	338331468202451
338331799040035	338331816250876	338331813497285
338331816950827	338331832934209	338331832991035
338331834074452	338331849617542	338331850010202
338331850062327	338331866300875	338331866168452
338331867507702	338331882984208	338331883595035
338331884470160	338331899667541	338331898090535
338331901756077	338331916350874	338331906825035
338331917855702	338331933034207	338331923086077
338331937179827	338331949717540	338331942958577
338331952225327	338331966400873	338331957562577
338331969022827	338331983084206	338331974351243
338331987333952	338331999767539	338331992679618
338332003132452	338332016450872	338332008402743
338332022989410	338332033134205	338332029026618
338332038307493	338332049817538	338332043493702
338332054318452	338332066500871	338332060122660
338332070765452	338332083184204	338332076116160
338332087312702	338332099867537	338332092581535
338332104732035	338332116550870	338332110080952
338332119163077	338332133234203	338332124463827
338332136359160	338332149917536	338332141867327
338332154667118	338332166600869	338332159931327
338332172081035	338332183284202	338332177851993
338332185745827	338332199967535	338332191069410
338332202895535	338332216650868	338332208249035
338332220100535	338332233334201	338332225393910
338332238087785	338332250017534	338332243360327
338332254353368	338332266700867	338332259642869
338332270888994	338332283384200	338332276123035
338332289155785	338332300067533	338332294956702
338332303850535	338332316750866	338332309167619
338332320506869	338332333434199	338332325815660
338332337086035	338332350117532	338332342465994
338332353925785	338332366800865	338332359199535
338332372808827	338332383484198	338332378096160
338332389806452	338332400167531	338332395057827
338332404734244	338332416850864	338332410004369
338332421049202	338332433534197	338332425853660
338332438025994	338332450217530	338332442836494
338332454516869	338332466900863	338332459352494
338332471394827	338332500267529	338332476198577
338332488116744	338332516950862	338332492881077
338332504971910	338332533634195	338332509785660
338332521900952	338332550317528	338332526691535
338332538536160	338332567000861	338332543336077
338332559011535	338332583684194	338332563706119
338332575384994	338332600367527	338332580129702
338332591970327	338332617050860	338332596748827
338332608919952	338332633734193	338332613681327
338332625947327	338332650417526	338332630705702
338332644603244	338332667100859	338332649447285
338332659269535	338332683784192	338332664058244
338332675324910	338332700467525	338332680090660
338332692276119	338332717150858	338332697007994
338332711745744	338332733834191	338332716534952
338332727056827	338332750517524	338332731815119
338332743462994	338332767200857	338332748224744
338332759665952	338332783884190	338332764414535
338332776087285	338332800567523	338332780798494

===
16683333
338330673412201	338330698467565	338330678136701
338330690200534	338330715150898	338330694953409
338330706992076	338330731834231	338330711737701
338330724077493	338330748517564	338330728741076
338330740613368	338330765200897	338330745349368
338330760086618	338330781884230	338330764818118
338330777804076	338330798567563	338330782617784
338330792467034	338330815250896	338330797230118
338330808925534	338330831934229	338330813687076
338330834643409	338330848617562	338330839432909
338330844692701	338330865300895	338330849685993
338330858698659	338330881984228	338330863766368
338330875404118	338330898667561	338330880473576
338330892095201	338330915350894	338330897258951
338330908895243	338330932034227	338330914056035
338330925412243	338330948717560	338330930554118
338330942583493	338330965400893	338330947744326
338330959256868	338330982084226	338330964509493
338330976145493	338330998767559	338330980844910
338330992986160	338331015450892	338330997744951
338331009434368	338331032134225	338331014175910
338331025958201	338331048817558	338331030713993
338331042713243	338331065500891	338331047549285
338331059550993	338331082184224	338331064301326
338331076479993	338331098867557	338331081223076
338331093247326	338331115550890	338331097971410
338331110073576	338331132234223	338331114760493
338331131335493	338331148917556	338331135942451
338331146303868	338331165600889	338331151053410
338331160916326	338331182284222	338331165653785
338331177443576	338331198967555	338331182180160
338331194657868	338331215650888	338331199307493
338331231207743	338331232334221	338331235892493
338331236594493	338331249017554	338331241125660
338331248082576	338331265700887	338331252741826
338331265088535	338331282384220	338331269906826
338331295822785	338331299067553	338331300515701
338331302912410	338331315750886	338331307673410
338331317242493	338331332434219	338331322065660
338331333997076	338331349117552	338331338836868
338331346963868	338331365800885	338331351771368
338331362791951	338331382484218	338331367591160
338331379526285	338331399167551	338331384281785
338331396534160	338331415850884	338331401348660
338331412880076	338331432534217	338331417675326
338331430000785	338331449217550	338331434794785
338331446800035	338331465900883	338331451530035
338331463420410	338331482584216	338331468202451
338331799040035	338331816250876	338331813497285
338331816950827	338331832934209	338331832991035
338331834074452	338331849617542	338331850010202
338331850062327	338331866300875	338331866168452
338331867507702	338331882984208	338331883595035
338331884470160	338331899667541	338331898090535
338331901756077	338331916350874	338331906825035
338331917855702	338331933034207	338331923086077
338331937179827	338331949717540	338331942958577
338331952225327	338331966400873	338331957562577
338331969022827	338331983084206	338331974351243
338331987333952	338331999767539	338331992679618
338332003132452	338332016450872	338332008402743
338332022989410	338332033134205	338332029026618
338332038307493	338332049817538	338332043493702
338332054318452	338332066500871	338332060122660
338332070765452	338332083184204	338332076116160
338332087312702	338332099867537	338332092581535
338332104732035	338332116550870	338332110080952
338332119163077	338332133234203	338332124463827
338332136359160	338332149917536	338332141867327
338332154667118	338332166600869	338332159931327
338332172081035	338332183284202	338332177851993
338332185745827	338332199967535	338332191069410
338332202895535	338332216650868	338332208249035
338332220100535	338332233334201	338332225393910
338332238087785	338332250017534	338332243360327
338332254353368	338332266700867	338332259642869
338332270888994	338332283384200	338332276123035
338332289155785	338332300067533	338332294956702
338332303850535	338332316750866	338332309167619
338332320506869	338332333434199	338332325815660
338332337086035	338332350117532	338332342465994
338332353925785	338332366800865	338332359199535
338332372808827	338332383484198	338332378096160
338332389806452	338332400167531	338332395057827
338332404734244	338332416850864	338332410004369
338332421049202	338332433534197	338332425853660
338332438025994	338332450217530	338332442836494
338332454516869	338332466900863	338332459352494
338332471394827	338332500267529	338332476198577
338332488116744	338332516950862	338332492881077
338332504971910	338332533634195	338332509785660
338332521900952	338332550317528	338332526691535
338332538536160	338332567000861	338332543336077
338332559011535	338332583684194	338332563706119
338332575384994	338332600367527	338332580129702
338332591970327	338332617050860	338332596748827
338332608919952	338332633734193	338332613681327
338332625947327	338332650417526	338332630705702
338332644603244	338332667100859	338332649447285
338332659269535	338332683784192	338332664058244
338332675324910	338332700467525	338332680090660
338332692276119	338332717150858	338332697007994
338332711745744	338332733834191	338332716534952
338332727056827	338332750517524	338332731815119
338332743462994	338332767200857	338332748224744
338332759665952	338332783884190	338332764414535
338332776087285	338332800567523	338332780798494
338333084695744	338333100867517	338333095872452
338333187401161	338333200967515	338333198562036
338333196468952	338333217650848	338333209578202
338333244333119	338333251017514	338333252393744
338333261030869	338333267700847	338333267446494
338333276457869	338333284384180	338333282686369
338333294297994	338333301067513	338333305764869
338333309627744	338333317750846	338333317000702
338333331513702	338333334434179	338333338790744
338333343554536	338333351117512	338333350933869
338333357072786	338333367800845	338333364421077
338333367836327	338333384484178	338333374767369
338333383895952	338333401167511	338333391264869
338333399610661	338333417850844	338333407049327
338333419764911	338333434534177	338333427179119
338333432407452	338333451217510	338333439752411
338333449299161	338333467900843	338333456651619
338333466069911	338333484584176	338333473427619
338333482892244	338333501267509	338333490237702
338333500113327	338333517950842	338333507420327

===
16683333
338330673412201	338330698467565	338330678136701
338330690200534	338330715150898	338330694953409
338330706992076	338330731834231	338330711737701
338330724077493	338330748517564	338330728741076
338330740613368	338330765200897	338330745349368
338330760086618	338330781884230	338330764818118
338330777804076	338330798567563	338330782617784
338330792467034	338330815250896	338330797230118
338330808925534	338330831934229	338330813687076
338330834643409	338330848617562	338330839432909
338330844692701	338330865300895	338330849685993
338330858698659	338330881984228	338330863766368
338330875404118	338330898667561	338330880473576
338330892095201	338330915350894	338330897258951
338330908895243	338330932034227	338330914056035
338330925412243	338330948717560	338330930554118
338330942583493	338330965400893	338330947744326
338330959256868	338330982084226	338330964509493
338330976145493	338330998767559	338330980844910
338330992986160	338331015450892	338330997744951
338331009434368	338331032134225	338331014175910
338331025958201	338331048817558	338331030713993
338331042713243	338331065500891	338331047549285
338331059550993	338331082184224	338331064301326
338331076479993	338331098867557	338331081223076
338331093247326	338331115550890	338331097971410
338331110073576	338331132234223	338331114760493
338331131335493	338331148917556	338331135942451
338331146303868	338331165600889	338331151053410
338331160916326	338331182284222	338331165653785
338331177443576	338331198967555	338331182180160
338331194657868	338331215650888	338331199307493
338331231207743	338331232334221	338331235892493
338331236594493	338331249017554	338331241125660
338331248082576	338331265700887	338331252741826
338331265088535	338331282384220	338331269906826
338331295822785	338331299067553	338331300515701
338331302912410	338331315750886	338331307673410
338331317242493	338331332434219	338331322065660
338331333997076	338331349117552	338331338836868
338331346963868	338331365800885	338331351771368
338331362791951	338331382484218	338331367591160
338331379526285	338331399167551	338331384281785
338331396534160	338331415850884	338331401348660
338331412880076	338331432534217	338331417675326
338331430000785	338331449217550	338331434794785
338331446800035	338331465900883	338331451530035
338331463420410	338331482584216	338331468202451
338331799040035	338331816250876	338331813497285
338331816950827	338331832934209	338331832991035
338331834074452	338331849617542	338331850010202
338331850062327	338331866300875	338331866168452
338331867507702	338331882984208	338331883595035
338331884470160	338331899667541	338331898090535
338331901756077	338331916350874	338331906825035
338331917855702	338331933034207	338331923086077
338331937179827	338331949717540	338331942958577
338331952225327	338331966400873	338331957562577
338331969022827	338331983084206	338331974351243
338331987333952	338331999767539	338331992679618
338332003132452	338332016450872	338332008402743
338332022989410	338332033134205	338332029026618
338332038307493	338332049817538	338332043493702
338332054318452	338332066500871	338332060122660
338332070765452	338332083184204	338332076116160
338332087312702	338332099867537	338332092581535
338332104732035	338332116550870	338332110080952
338332119163077	338332133234203	338332124463827
338332136359160	338332149917536	338332141867327
338332154667118	338332166600869	338332159931327
338332172081035	338332183284202	338332177851993
338332185745827	338332199967535	338332191069410
338332202895535	338332216650868	338332208249035
338332220100535	338332233334201	338332225393910
338332238087785	338332250017534	338332243360327
338332254353368	338332266700867	338332259642869
338332270888994	338332283384200	338332276123035
338332289155785	338332300067533	338332294956702
338332303850535	338332316750866	338332309167619
338332320506869	338332333434199	338332325815660
338332337086035	338332350117532	338332342465994
338332353925785	338332366800865	338332359199535
338332372808827	338332383484198	338332378096160
338332389806452	338332400167531	338332395057827
338332404734244	338332416850864	338332410004369
338332421049202	338332433534197	338332425853660
338332438025994	338332450217530	338332442836494
338332454516869	338332466900863	338332459352494
338332471394827	338332500267529	338332476198577
338332488116744	338332516950862	338332492881077
338332504971910	338332533634195	338332509785660
338332521900952	338332550317528	338332526691535
338332538536160	338332567000861	338332543336077
338332559011535	338332583684194	338332563706119
338332575384994	338332600367527	338332580129702
338332591970327	338332617050860	338332596748827
338332608919952	338332633734193	338332613681327
338332625947327	338332650417526	338332630705702
338332644603244	338332667100859	338332649447285
338332659269535	338332683784192	338332664058244
338332675324910	338332700467525	338332680090660
338332692276119	338332717150858	338332697007994
338332711745744	338332733834191	338332716534952
338332727056827	338332750517524	338332731815119
338332743462994	338332767200857	338332748224744
338332759665952	338332783884190	338332764414535
338332776087285	338332800567523	338332780798494
338333084695744	338333100867517	338333095872452
338333187401161	338333200967515	338333198562036
338333196468952	338333217650848	338333209578202
338333244333119	338333251017514	338333252393744
338333261030869	338333267700847	338333267446494
338333276457869	338333284384180	338333282686369
338333294297994	338333301067513	338333305764869
338333309627744	338333317750846	338333317000702
338333331513702	338333334434179	338333338790744
338333343554536	338333351117512	338333350933869
338333357072786	338333367800845	338333364421077
338333367836327	338333384484178	338333374767369
338333383895952	338333401167511	338333391264869
338333399610661	338333417850844	338333407049327
338333419764911	338333434534177	338333427179119
338333432407452	338333451217510	338333439752411
338333449299161	338333467900843	338333456651619
338333466069911	338333484584176	338333473427619
338333482892244	338333501267509	338333490237702
338333500113327	338333517950842	338333507420327

