16683333
0	0	0
0	0	0
0	0	0
0	0	0
0	0	0
0	0	0
0	0	0
0	0	0
0	0	0
0	0	0
0	0	0
0	0	0
0	0	0
0	0	0
0	0	0
0	0	0
0	0	0
0	0	0
0	0	0
0	0	0
0	0	0
0	0	0
0	0	0
0	0	0
0	0	0
0	0	0
0	0	0
0	0	0
0	0	0
0	0	0
0	0	0
0	0	0
0	0	0
0	0	0
0	0	0
0	0	0
0	0	0
0	0	0
0	0	0
0	0	0
0	0	0
0	0	0
0	0	0
0	0	0
0	0	0
0	0	0
0	0	0
0	0	0
0	0	0
0	0	0
0	0	0
0	0	0
0	0	0
0	0	0
0	0	0
0	0	0
0	0	0
0	0	0
0	0	0
0	0	0
0	0	0
0	0	0
0	0	0
0	0	0
0	0	0
0	0	0
0	0	0
0	0	0
0	0	0
0	0	0
0	0	0
0	0	0
0	0	0
0	0	0
0	0	0
0	0	0
0	0	0
0	0	0
0	0	0
0	0	0
0	0	0
0	0	0
0	0	0
0	0	0
0	0	0
0	0	0
0	0	0
0	0	0
0	0	0
0	0	0
0	0	0
0	0	0
0	0	0
0	0	0
0	0	0
0	0	0
0	0	0
0	0	0
0	0	0
0	0	0
0	0	0
0	0	0
0	0	0
0	0	0
0	0	0
0	0	0
0	0	0
0	0	0
0	0	0
0	0	0
0	0	0
0	0	0
0	0	0
0	0	0
0	0	0
0	0	0
0	0	0
0	0	0
0	0	0
0	0	0
0	0	0
0	0	0
0	0	0
0	0	0
0	0	0
0	0	0
338349865437044	338349884300515	338349881678002

===
16683333
0	0	0
0	0	0
0	0	0
0	0	0
0	0	0
0	0	0
0	0	0
0	0	0
0	0	0
0	0	0
0	0	0
0	0	0
0	0	0
0	0	0
0	0	0
0	0	0
0	0	0
0	0	0
0	0	0
0	0	0
0	0	0
0	0	0
0	0	0
0	0	0
0	0	0
0	0	0
0	0	0
0	0	0
0	0	0
0	0	0
0	0	0
0	0	0
0	0	0
0	0	0
0	0	0
0	0	0
0	0	0
0	0	0
0	0	0
0	0	0
0	0	0
0	0	0
0	0	0
0	0	0
0	0	0
0	0	0
0	0	0
0	0	0
0	0	0
0	0	0
0	0	0
0	0	0
0	0	0
0	0	0
0	0	0
0	0	0
0	0	0
0	0	0
0	0	0
0	0	0
0	0	0
0	0	0
0	0	0
0	0	0
0	0	0
0	0	0
0	0	0
0	0	0
0	0	0
0	0	0
0	0	0
0	0	0
0	0	0
0	0	0
0	0	0
0	0	0
0	0	0
0	0	0
0	0	0
0	0	0
0	0	0
0	0	0
0	0	0
0	0	0
0	0	0
0	0	0
0	0	0
0	0	0
0	0	0
0	0	0
0	0	0
0	0	0
0	0	0
338349865437044	338349884300515	338349881678002
338349902843835	338349934350514	338349921386544
338349933946085	338349951033847	338349952474502
338349957170752	338349984400513	338349975485919
338349980811002	338350001083846	338349989263752
338350004600044	338350017767179	338350012254710
338350016659544	338350034450512	338350024248710
338350032103627	338350051133845	338350039613627
338350048499335	338350067817178	338350056067294
338350069062419	338350084500511	338350076649419
338350082181877	338350101183844	338350089753877
338350098990169	338350117867177	338350106580502
338350116313044	338350134550510	338350123951877
338350129785710	338350151233843	338350137358294
338350146519335	338350167917176	338350154092794
338350164429044	338350184600509	338350172259544
338350181168627	338350201283842	338350188765960
338350198479960	338350217967175	338350206013335
338350213628710	338350234650508	338350221229835
338350232055210	338350251333841	338350239273502
338350852669252	338350868617162	338350874859627
338350883239044	338350901983828	338350911336127
338350905030419	338350935350494	338350943614586
338350928372461	338350968717160	338350968357544
338350960866252	338350985400493	338350979025461
338350993155294	338351002083826	338351003015627
338351008587627	338351018767159	338351018481627
338351024504169	338351035450492	338351034433419
338351041307544	338351052133825	338351051258961
338351059051711	338351068817158	338351068891544
338351075268086	338351085500491	338351085112127
338351102279294	338351102183824	338351109817002
338351114197169	338351118867157	338351121712669
338351126523002	338351135550490	338351134147336

===
16683333
0	0	0
0	0	0
0	0	0
0	0	0
0	0	0
0	0	0
0	0	0
0	0	0
0	0	0
0	0	0
0	0	0
0	0	0
0	0	0
0	0	0
0	0	0
0	0	0
0	0	0
0	0	0
0	0	0
0	0	0
0	0	0
0	0	0
0	0	0
0	0	0
0	0	0
0	0	0
0	0	0
0	0	0
0	0	0
0	0	0
0	0	0
0	0	0
0	0	0
0	0	0
0	0	0
0	0	0
338349865437044	338349884300515	338349881678002
338349902843835	338349934350514	338349921386544
338349933946085	338349951033847	338349952474502
338349957170752	338349984400513	338349975485919
338349980811002	338350001083846	338349989263752
338350004600044	338350017767179	338350012254710
338350016659544	338350034450512	338350024248710
338350032103627	338350051133845	338350039613627
338350048499335	338350067817178	338350056067294
338350069062419	338350084500511	338350076649419
338350082181877	338350101183844	338350089753877
338350098990169	338350117867177	338350106580502
338350116313044	338350134550510	338350123951877
338350129785710	338350151233843	338350137358294
338350146519335	338350167917176	338350154092794
338350164429044	338350184600509	338350172259544
338350181168627	338350201283842	338350188765960
338350198479960	338350217967175	338350206013335
338350213628710	338350234650508	338350221229835
338350232055210	338350251333841	338350239273502
338350852669252	338350868617162	338350874859627
338350883239044	338350901983828	338350911336127
338350905030419	338350935350494	338350943614586
338350928372461	338350968717160	338350968357544
338350960866252	338350985400493	338350979025461
338350993155294	338351002083826	338351003015627
338351008587627	338351018767159	338351018481627
338351024504169	338351035450492	338351034433419
338351041307544	338351052133825	338351051258961
338351059051711	338351068817158	338351068891544
338351075268086	338351085500491	338351085112127
338351102279294	338351102183824	338351109817002
338351114197169	338351118867157	338351121712669
338351126523002	338351135550490	338351134147336
338351145307544	338351152233823	338351152917294
338351161762336	338351168917156	338351169327003
338351178032336	338351185600489	338351185530628
338351193174086	338351202283822	338351200634794
338351206180044	338351218967155	338351213624669
338351222081336	338351235650488	338351229473128
338351239087044	338351252333821	338351246594669
338351256621294	338351269017154	338351264281419
338351273280003	338351285700487	338351280790211
338351289694836	338351302383820	338351297167336
338351307785836	338351319067153	338351315272169
338351324609378	338351335750486	338351332083211
338351340741086	338351352433819	338351348200419
338351358224294	338351369117152	338351365746586
338351375485461	338351385800485	338351382931503
338351392719544	338351402483818	338351400228503
338351409205086	338351419167151	338351416678128
338351427222753	338351435850484	338351434681253
338351442472919	338351452533817	338351449973419
338351458816586	338351469217150	338351466292711
338351476861128	338351485900483	338351484318711
338351495618919	338351502583816	338351503051711
338351509944586	338351519267149	338351517508294
338351526816669	338351535950482	338351534334586
338351541576419	338351552633815	338351549056003
338351558291794	338351569317148	338351567652919
338351588155461	338351586000481	338351595711544
338351597405503	338351602683814	338351604924961
338351626568211	338351619367147	338351634199086
338351642434794	338351652733813	338351652139961
338351656669878	338351686100479	338351665603753
338351682481544	338351702783812	338351690743794
338351698386711	338351719467145	338351706318794
338351716676253	338351736150478	338351724054211
338351729608961	338351752833811	338351737027544
338351745957294	338351769517144	338351753351794
338351762477461	338351786200477	338351769871836
338351779163503	338351802883810	338351786563044
338351796200503	338351819567143	338351803452169
338351812788961	338351836250476	338351820199003
338351829993503	338351852933809	338351837385128
338351846876336	338351869617142	338351854306503
338351860080170	338351886300475	338351867441211
338351882695628	338351902983808	338351891708253
338351898145378	338351919667141	338351905578211
338351915501003	338351936350474	338351922829670
338351931542878	338351953033807	338351938892586
338351948628920	338351969717140	338351955975795
338351964749961	338351986400473	338351972094045
338351981199920	338352003083806	338351988539878
338351999388628	338352019767139	338352006745795
338352014805628	338352036450472	338352022172086
338352032761878	338352053133805	338352040105836
338352049208461	338352069817138	338352056528711
338352066272170	338352086500471	338352073616086
338352082526461	338352103183804	338352089914253
338352095153461	338352119867137	338352102490170

===
16683333
338351075268086	338351085500491	338351085112127
338351102279294	338351102183824	338351109817002
338351114197169	338351118867157	338351121712669
338351126523002	338351135550490	338351134147336
338351145307544	338351152233823	338351152917294
338351161762336	338351168917156	338351169327003
338351178032336	338351185600489	338351185530628
338351193174086	338351202283822	338351200634794
338351206180044	338351218967155	338351213624669
338351222081336	338351235650488	338351229473128
338351239087044	338351252333821	338351246594669
338351256621294	338351269017154	338351264281419
338351273280003	338351285700487	338351280790211
338351289694836	338351302383820	338351297167336
338351307785836	338351319067153	338351315272169
338351324609378	338351335750486	338351332083211
338351340741086	338351352433819	338351348200419
338351358224294	338351369117152	338351365746586
338351375485461	338351385800485	338351382931503
338351392719544	338351402483818	338351400228503
338351409205086	338351419167151	338351416678128
338351427222753	338351435850484	338351434681253
338351442472919	338351452533817	338351449973419
338351458816586	338351469217150	338351466292711
338351476861128	338351485900483	338351484318711
338351495618919	338351502583816	338351503051711
338351509944586	338351519267149	338351517508294
338351526816669	338351535950482	338351534334586
338351541576419	338351552633815	338351549056003
338351558291794	338351569317148	338351567652919
338351588155461	338351586000481	338351595711544
338351597405503	338351602683814	338351604924961
338351626568211	338351619367147	338351634199086
338351642434794	338351652733813	338351652139961
338351656669878	338351686100479	338351665603753
338351682481544	338351702783812	338351690743794
338351698386711	338351719467145	338351706318794
338351716676253	338351736150478	338351724054211
338351729608961	338351752833811	338351737027544
338351745957294	338351769517144	338351753351794
338351762477461	338351786200477	338351769871836
338351779163503	338351802883810	338351786563044
338351796200503	338351819567143	338351803452169
338351812788961	338351836250476	338351820199003
338351829993503	338351852933809	338351837385128
338351846876336	338351869617142	338351854306503
338351860080170	338351886300475	338351867441211
338351882695628	338351902983808	338351891708253
338351898145378	338351919667141	338351905578211
338351915501003	338351936350474	338351922829670
338351931542878	338351953033807	338351938892586
338351948628920	338351969717140	338351955975795
338351964749961	338351986400473	338351972094045
338351981199920	338352003083806	338351988539878
338351999388628	338352019767139	338352006745795
338352014805628	338352036450472	338352022172086
338352032761878	338352053133805	338352040105836
338352049208461	338352069817138	338352056528711
338352066272170	338352086500471	338352073616086
338352082526461	338352103183804	338352089914253
338352095153461	338352119867137	338352102490170
338352480949670	338352503583796	338352503020420
338352489122253	338352536950462	338352530784128
338352522932711	338352570317128	338352562649462
338352555817045	338352587000461	338352579807337
338352589774253	338352603683794	338352599628378
338352604342128	338352620367127	338352614145087
338352620556837	338352637050460	338352630447670
338352637713087	338352653733793	338352647623295
338352650602253	338352670417126	338352660597628
338352667136670	338352687100459	338352677079795
338352687201837	338352703783792	338352697052503
338352704920253	338352720467125	338352714799503
338352721499003	338352737150458	338352728992753
338352735139712	338352753833791	338352742550628
338352750989670	338352770517124	338352758491878
338352771626128	338352787200457	338352779132962
338352789452295	338352803883790	338352796949712
338352806969003	338352820567123	338352814465420
338352818390003	338352837250456	338352825857795
338352835284170	338352853933789	338352842773587
338352852917628	338352870617122	338352860396837
338352871100170	338352887300455	338352878558545
338352886456920	338352903983788	338352893912337
338352902521503	338352920667121	338352910022003
338352921929212	338352937350454	338352929391045
338352938971212	338352954033787	338352946556670
338352955073920	338352970717120	338352962599628
338352972804545	338352987400453	338352980288587
338352988926212	338353004083786	338352996356295
338353006133128	338353020767119	338353013705545
338353022515712	338353037450452	338353030070128
338353040189128	338353054133785	338353047591462
338353055976003	338353070817118	338353063426503
338353073939212	338353087500451	338353081487712
338353089783753	338353104183784	338353097242295
338353106630878	338353120867117	338353114079212
338353122981503	338353137550450	338353130485712
338353140332587	338353154233783	338353147827170
338353154859045	338353170917116	338353162345503
338353172602003	338353187600449	338353180102628
338353189037128	338353204283782	338353196592420
338353205227712	338353220967115	338353212669128
338353222696212	338353237650448	338353230193087
338353250703212	338353254333781	338353258329254
338353266555587	338353271017114	338353276218295
338353275009004	338353287700447	338353285184670
338353288770962	338353304383780	338353297048504
338353306647254	338353321067113	338353314567962
338353326401629	338353337750446	338353334073920
338353343506629	338353354433779	338353350936837
338353355451337	338353371117112	338353362875004
338353372340045	338353387800445	338353379727712
338353388947212	338353404483778	338353396349504
338353408967795	338353421167111	338353416372170
338353426400045	338353437850444	338353433794420
338353438946337	338353454533777	338353446339212
338353455638379	338353471217110	338353463035837
338353472536712	338353487900443	338353479919795
338353492748129	338353504583776	338353500136587
338353510874545	338353521267109	338353518260295
338353525447420	338353537950442	338353532762420
338353541668962	338353554633775	338353549056337
338353558749504	338353571317108	338353565955004
338353581351504	338353588000441	338353588667379
338353596653712	338353604683774	338353603959170
338353608806795	338353621367107	338353616137004

===
16683333
338351948628920	338351969717140	338351955975795
338351964749961	338351986400473	338351972094045
338351981199920	338352003083806	338351988539878
338351999388628	338352019767139	338352006745795
338352014805628	338352036450472	338352022172086
338352032761878	338352053133805	338352040105836
338352049208461	338352069817138	338352056528711
338352066272170	338352086500471	338352073616086
338352082526461	338352103183804	338352089914253
338352095153461	338352119867137	338352102490170
338352480949670	338352503583796	338352503020420
338352489122253	338352536950462	338352530784128
338352522932711	338352570317128	338352562649462
338352555817045	338352587000461	338352579807337
338352589774253	338352603683794	338352599628378
338352604342128	338352620367127	338352614145087
338352620556837	338352637050460	338352630447670
338352637713087	338352653733793	338352647623295
338352650602253	338352670417126	338352660597628
338352667136670	338352687100459	338352677079795
338352687201837	338352703783792	338352697052503
338352704920253	338352720467125	338352714799503
338352721499003	338352737150458	338352728992753
338352735139712	338352753833791	338352742550628
338352750989670	338352770517124	338352758491878
338352771626128	338352787200457	338352779132962
338352789452295	338352803883790	338352796949712
338352806969003	338352820567123	338352814465420
338352818390003	338352837250456	338352825857795
338352835284170	338352853933789	338352842773587
338352852917628	338352870617122	338352860396837
338352871100170	338352887300455	338352878558545
338352886456920	338352903983788	338352893912337
338352902521503	338352920667121	338352910022003
338352921929212	338352937350454	338352929391045
338352938971212	338352954033787	338352946556670
338352955073920	338352970717120	338352962599628
338352972804545	338352987400453	338352980288587
338352988926212	338353004083786	338352996356295
338353006133128	338353020767119	338353013705545
338353022515712	338353037450452	338353030070128
338353040189128	338353054133785	338353047591462
338353055976003	338353070817118	338353063426503
338353073939212	338353087500451	338353081487712
338353089783753	338353104183784	338353097242295
338353106630878	338353120867117	338353114079212
338353122981503	338353137550450	338353130485712
338353140332587	338353154233783	338353147827170
338353154859045	338353170917116	338353162345503
338353172602003	338353187600449	338353180102628
338353189037128	338353204283782	338353196592420
338353205227712	338353220967115	338353212669128
338353222696212	338353237650448	338353230193087
338353250703212	338353254333781	338353258329254
338353266555587	338353271017114	338353276218295
338353275009004	338353287700447	338353285184670
338353288770962	338353304383780	338353297048504
338353306647254	338353321067113	338353314567962
338353326401629	338353337750446	338353334073920
338353343506629	338353354433779	338353350936837
338353355451337	338353371117112	338353362875004
338353372340045	338353387800445	338353379727712
338353388947212	338353404483778	338353396349504
338353408967795	338353421167111	338353416372170
338353426400045	338353437850444	338353433794420
338353438946337	338353454533777	338353446339212
338353455638379	338353471217110	338353463035837
338353472536712	338353487900443	338353479919795
338353492748129	338353504583776	338353500136587
338353510874545	338353521267109	338353518260295
338353525447420	338353537950442	338353532762420
338353541668962	338353554633775	338353549056337
338353558749504	338353571317108	338353565955004
338353581351504	338353588000441	338353588667379
338353596653712	338353604683774	338353603959170
338353608806795	338353621367107	338353616137004
338353625984129	338353638050440	338353633385587
338353641565004	338353654733773	338353648979587
338353662842045	338353671417106	338353670210545
338353680127420	338353688100439	338353687424920
338353692992712	338353704783772	338353700226379
338353709307004	338353721467105	338353716605670
338353726998212	338353738150438	338353734264670
338354111294796	338354138550430	338354133362379
338354119907587	338354171917096	338354161112212
338354145875796	338354188600429	338354180727129
338354179345921	338354205283762	338354190482587
338354202454421	338354221967095	338354212295379
338354213811962	338354238650428	338354223618587
338354234256712	338354255333761	338354244092004
338354246719587	338354272017094	338354256654296
338354267912462	338354288700427	338354277818546
338354280211171	338354305383760	338354290119046
338354296970421	338354322067093	338354306961546
338354313365004	338354338750426	338354323196171
338354329982004	338354355433759	338354339830629
338354349180296	338354372117092	338354356670921
338354366540087	338354388800425	338354374008171
338354381729546	338354405483758	338354389212296
338354399503379	338354422167091	338354406974129
338354415690046	338354438850424	338354423171212
338354433339504	338354455533757	338354441045504
338354451476546	338354472217090	338354459007921
338354467026879	338354488900423	338354474512546
338354485185046	338354505583756	338354492734754
338354501705754	338354522267089	338354509188046
338354517503254	338354538950422	338354524983254
338354535433129	338354555633755	338354542907004
338354551224754	338354572317088	338354558689546
338354569070504	338354589000421	338354576490379
338354586920254	338354605683754	338354594372837
338354601892754	338354622367087	338354609324837
338354619362671	338354639050420	338354626735796
338354635236838	338354655733753	338354642794004
338354652088421	338354672417086	338354659439463
338354669389213	338354689100419	338354676896129
338354685383213	338354705783752	338354692835629
338354701699213	338354722467085	338354709209504
338354719347338	338354739150418	338354726799338
338354735606879	338354755833751	338354743072088
338354753597129	338354772517084	338354761052296
338354770098254	338354789200417	338354777441088
338354784993671	338354805883750	338354792494713
338354801767088	338354822567083	338354809259504
338354818031254	338354839250416	338354825492379
338354834588046	338354855933749	338354842166796
338354856083546	338354872617082	338354863531379

===
16683333
338353140332587	338353154233783	338353147827170
338353154859045	338353170917116	338353162345503
338353172602003	338353187600449	338353180102628
338353189037128	338353204283782	338353196592420
338353205227712	338353220967115	338353212669128
338353222696212	338353237650448	338353230193087
338353250703212	338353254333781	338353258329254
338353266555587	338353271017114	338353276218295
338353275009004	338353287700447	338353285184670
338353288770962	338353304383780	338353297048504
338353306647254	338353321067113	338353314567962
338353326401629	338353337750446	338353334073920
338353343506629	338353354433779	338353350936837
338353355451337	338353371117112	338353362875004
338353372340045	338353387800445	338353379727712
338353388947212	338353404483778	338353396349504
338353408967795	338353421167111	338353416372170
338353426400045	338353437850444	338353433794420
338353438946337	338353454533777	338353446339212
338353455638379	338353471217110	338353463035837
338353472536712	338353487900443	338353479919795
338353492748129	338353504583776	338353500136587
338353510874545	338353521267109	338353518260295
338353525447420	338353537950442	338353532762420
338353541668962	338353554633775	338353549056337
338353558749504	338353571317108	338353565955004
338353581351504	338353588000441	338353588667379
338353596653712	338353604683774	338353603959170
338353608806795	338353621367107	338353616137004
338353625984129	338353638050440	338353633385587
338353641565004	338353654733773	338353648979587
338353662842045	338353671417106	338353670210545
338353680127420	338353688100439	338353687424920
338353692992712	338353704783772	338353700226379
338353709307004	338353721467105	338353716605670
338353726998212	338353738150438	338353734264670
338354111294796	338354138550430	338354133362379
338354119907587	338354171917096	338354161112212
338354145875796	338354188600429	338354180727129
338354179345921	338354205283762	338354190482587
338354202454421	338354221967095	338354212295379
338354213811962	338354238650428	338354223618587
338354234256712	338354255333761	338354244092004
338354246719587	338354272017094	338354256654296
338354267912462	338354288700427	338354277818546
338354280211171	338354305383760	338354290119046
338354296970421	338354322067093	338354306961546
338354313365004	338354338750426	338354323196171
338354329982004	338354355433759	338354339830629
338354349180296	338354372117092	338354356670921
338354366540087	338354388800425	338354374008171
338354381729546	338354405483758	338354389212296
338354399503379	338354422167091	338354406974129
338354415690046	338354438850424	338354423171212
338354433339504	338354455533757	338354441045504
338354451476546	338354472217090	338354459007921
338354467026879	338354488900423	338354474512546
338354485185046	338354505583756	338354492734754
338354501705754	338354522267089	338354509188046
338354517503254	338354538950422	338354524983254
338354535433129	338354555633755	338354542907004
338354551224754	338354572317088	338354558689546
338354569070504	338354589000421	338354576490379
338354586920254	338354605683754	338354594372837
338354601892754	338354622367087	338354609324837
338354619362671	338354639050420	338354626735796
338354635236838	338354655733753	338354642794004
338354652088421	338354672417086	338354659439463
338354669389213	338354689100419	338354676896129
338354685383213	338354705783752	338354692835629
338354701699213	338354722467085	338354709209504
338354719347338	338354739150418	338354726799338
338354735606879	338354755833751	338354743072088
338354753597129	338354772517084	338354761052296
338354770098254	338354789200417	338354777441088
338354784993671	338354805883750	338354792494713
338354801767088	338354822567083	338354809259504
338354818031254	338354839250416	338354825492379
338354834588046	338354855933749	338354842166796
338354856083546	338354872617082	338354863531379
338354868728754	338354889300415	338354876447088
338354888345838	338354905983748	338354896170796
338354904900629	338354922667081	338354914599254
338354919045879	338354939350414	338354928068129
338354935009338	338354956033747	338354943388004
338354953464504	338354972717080	338354961371046
338354973912338	338354989400413	338354981567838
338354986262963	338355006083746	338354993700129
338355001728088	338355022767079	338355009197629
338355018443754	338355039450412	338355025855588
338355035237921	338355056133745	338355042624004
338355051998963	338355072817078	338355059402754
338355068923546	338355089500411	338355076284004
338355085662713	338355106183744	338355093024338
338355102323879	338355122867077	338355109710338
338355119236004	338355139550410	338355126577879
338355135920629	338355156233743	338355143302213
338355152827171	338355172917076	338355160150504
338355174014046	338355189600409	338355181290338
338355188125754	338355206283742	338355195434421
338355205419588	338355222967075	338355212691838
338355221929713	338355239650408	338355229218588
338355240086379	338355256333741	338355247303754
338355256585463	338355273017074	338355263971629
338355273311254	338355289700407	338355280613754
338355291585796	338355306383740	338355298983963
338355307378671	338355323067073	338355314647338
338355325448713	338355339750406	338355332821130
338355340886338	338355356433739	338355348271005
338355359075505	338355373117072	338355366438005
338355374751671	338355389800405	338355382038796
338355813228630	338355840250396	338355835222088
338355823326963	338355856933729	338355862962005
338355859714296	338355890300395	338355891394380
338355876080088	338355923667061	338355920364255
338355909619963	338355940350394	338355930253380
338355943415838	338355957033727	338355953245213
338355960285296	338355973717060	338355970177963
338355977040338	338355990400393	338355986953421
338355993881255	338356007083726	338356003810546
338356010625755	338356023767059	338356020564838
338356026863630	338356040450392	338356036703797
338356046776422	338356057133725	338356056637547
338356063130797	338356073817058	338356070671172
338356079080422	338356090500391	338356086568130
338356097159047	338356107183724	338356104556505
338356115275005	338356123867057	338356122743713

===
16683333
338354517503254	338354538950422	338354524983254
338354535433129	338354555633755	338354542907004
338354551224754	338354572317088	338354558689546
338354569070504	338354589000421	338354576490379
338354586920254	338354605683754	338354594372837
338354601892754	338354622367087	338354609324837
338354619362671	338354639050420	338354626735796
338354635236838	338354655733753	338354642794004
338354652088421	338354672417086	338354659439463
338354669389213	338354689100419	338354676896129
338354685383213	338354705783752	338354692835629
338354701699213	338354722467085	338354709209504
338354719347338	338354739150418	338354726799338
338354735606879	338354755833751	338354743072088
338354753597129	338354772517084	338354761052296
338354770098254	338354789200417	338354777441088
338354784993671	338354805883750	338354792494713
338354801767088	338354822567083	338354809259504
338354818031254	338354839250416	338354825492379
338354834588046	338354855933749	338354842166796
338354856083546	338354872617082	338354863531379
338354868728754	338354889300415	338354876447088
338354888345838	338354905983748	338354896170796
338354904900629	338354922667081	338354914599254
338354919045879	338354939350414	338354928068129
338354935009338	338354956033747	338354943388004
338354953464504	338354972717080	338354961371046
338354973912338	338354989400413	338354981567838
338354986262963	338355006083746	338354993700129
338355001728088	338355022767079	338355009197629
338355018443754	338355039450412	338355025855588
338355035237921	338355056133745	338355042624004
338355051998963	338355072817078	338355059402754
338355068923546	338355089500411	338355076284004
338355085662713	338355106183744	338355093024338
338355102323879	338355122867077	338355109710338
338355119236004	338355139550410	338355126577879
338355135920629	338355156233743	338355143302213
338355152827171	338355172917076	338355160150504
338355174014046	338355189600409	338355181290338
338355188125754	338355206283742	338355195434421
338355205419588	338355222967075	338355212691838
338355221929713	338355239650408	338355229218588
338355240086379	338355256333741	338355247303754
338355256585463	338355273017074	338355263971629
338355273311254	338355289700407	338355280613754
338355291585796	338355306383740	338355298983963
338355307378671	338355323067073	338355314647338
338355325448713	338355339750406	338355332821130
338355340886338	338355356433739	338355348271005
338355359075505	338355373117072	338355366438005
338355374751671	338355389800405	338355382038796
338355813228630	338355840250396	338355835222088
338355823326963	338355856933729	338355862962005
338355859714296	338355890300395	338355891394380
338355876080088	338355923667061	338355920364255
338355909619963	338355940350394	338355930253380
338355943415838	338355957033727	338355953245213
338355960285296	338355973717060	338355970177963
338355977040338	338355990400393	338355986953421
338355993881255	338356007083726	338356003810546
338356010625755	338356023767059	338356020564838
338356026863630	338356040450392	338356036703797
338356046776422	338356057133725	338356056637547
338356063130797	338356073817058	338356070671172
338356079080422	338356090500391	338356086568130
338356097159047	338356107183724	338356104556505
338356115275005	338356123867057	338356122743713
338356130173213	338356140550390	338356137752713
338356147806755	338356157233723	338356155286880
338356164267005	338356173917056	338356171622088
338356179246755	338356190600389	338356186669088
338356197392922	338356207283722	338356204879713
338356214458047	338356223967055	338356221895755
338356231847422	338356240650388	338356239305255
338356248272338	338356257333721	338356255612172
338356265957797	338356274017054	338356273453213
338356282633088	338356290700387	338356290157047
338356297903588	338356307383720	338356305347422
338356314725047	338356324067053	338356322104713
338356333526338	338356340750386	338356341015088
338356347712672	338356357433719	338356355158047
338356367558005	338356374117052	338356375028047
338356381848755	338356390800385	338356389294213
338356399877005	338356407483718	338356407299130
338356416472880	338356440850384	338356423920797
338356433797047	338356457533717	338356441229297
338356451240672	338356474217050	338356458682797
338356466406880	338356490900383	338356473791963
338356484295005	338356507583716	338356491751630
338356499431088	338356524267049	338356506803838
338356516565880	338356540950382	338356524138297
338356532314922	338356557633715	338356539670380
338356549502505	338356574317048	338356556973547
338356565442422	338356591000381	338356573017797
338356582363213	338356607683714	338356589932588
338356600064338	338356624367047	338356608232838
338356615937963	338356641050380	338356623541047
338356633233297	338356657733713	338356642837463
338356654897505	338356674417046	338356663857588
338356671324880	338356691100379	338356679663047
338356683033213	338356707783712	338356690964838
338356700250588	338356724467045	338356707899922
338356716440672	338356741150378	338356723890005
338356735676714	338356757833711	338356743070880
338356752266589	338356774517044	338356759668589
338356765459547	338356791200377	338356772867922
338356782212464	338356807883710	338356789603672
338356798894214	338356824567043	338356806288755
338356819305672	338356841250376	338356826714839
338356836089672	338356857933709	338356843535339
338356849564839	338356874617042	338356856863589
338356866257089	338356891300375	338356873629714
338356884700255	338356907983708	338356892071922
338356905486964	338356924667041	338356912839839
338356923699047	338356941350374	338356931047255
338356933808255	338356958033707	338356941144047
338356951586714	338356974717040	338356958923380
338356968449797	338356991400373	338356975790172
338356989965422	338357008083706	338356997299380
338357007366714	338357024767039	338357014704839
338357019382172	338357041450372	338357026717422
338357036227922	338357058133705	338357043512464
338357052898797	338357074817038	338357060257339
338357074914130	338357091500371	338357082250714
338357087676714	338357108183704	338357095053297
338357103416880	338357124867037	338357110730380

===
16683333
338356079080422	338356090500391	338356086568130
338356097159047	338356107183724	338356104556505
338356115275005	338356123867057	338356122743713
338356130173213	338356140550390	338356137752713
338356147806755	338356157233723	338356155286880
338356164267005	338356173917056	338356171622088
338356179246755	338356190600389	338356186669088
338356197392922	338356207283722	338356204879713
338356214458047	338356223967055	338356221895755
338356231847422	338356240650388	338356239305255
338356248272338	338356257333721	338356255612172
338356265957797	338356274017054	338356273453213
338356282633088	338356290700387	338356290157047
338356297903588	338356307383720	338356305347422
338356314725047	338356324067053	338356322104713
338356333526338	338356340750386	338356341015088
338356347712672	338356357433719	338356355158047
338356367558005	338356374117052	338356375028047
338356381848755	338356390800385	338356389294213
338356399877005	338356407483718	338356407299130
338356416472880	338356440850384	338356423920797
338356433797047	338356457533717	338356441229297
338356451240672	338356474217050	338356458682797
338356466406880	338356490900383	338356473791963
338356484295005	338356507583716	338356491751630
338356499431088	338356524267049	338356506803838
338356516565880	338356540950382	338356524138297
338356532314922	338356557633715	338356539670380
338356549502505	338356574317048	338356556973547
338356565442422	338356591000381	338356573017797
338356582363213	338356607683714	338356589932588
338356600064338	338356624367047	338356608232838
338356615937963	338356641050380	338356623541047
338356633233297	338356657733713	338356642837463
338356654897505	338356674417046	338356663857588
338356671324880	338356691100379	338356679663047
338356683033213	338356707783712	338356690964838
338356700250588	338356724467045	338356707899922
338356716440672	338356741150378	338356723890005
338356735676714	338356757833711	338356743070880
338356752266589	338356774517044	338356759668589
338356765459547	338356791200377	338356772867922
338356782212464	338356807883710	338356789603672
338356798894214	338356824567043	338356806288755
338356819305672	338356841250376	338356826714839
338356836089672	338356857933709	338356843535339
338356849564839	338356874617042	338356856863589
338356866257089	338356891300375	338356873629714
338356884700255	338356907983708	338356892071922
338356905486964	338356924667041	338356912839839
338356923699047	338356941350374	338356931047255
338356933808255	338356958033707	338356941144047
338356951586714	338356974717040	338356958923380
338356968449797	338356991400373	338356975790172
338356989965422	338357008083706	338356997299380
338357007366714	338357024767039	338357014704839
338357019382172	338357041450372	338357026717422
338357036227922	338357058133705	338357043512464
338357052898797	338357074817038	338357060257339
338357074914130	338357091500371	338357082250714
338357087676714	338357108183704	338357095053297
338357103416880	338357124867037	338357110730380
338357493525381	338357525267029	338357515636964
338357515246964	338357541950362	338357545682756
338357546462714	338357575317028	338357576907422
338357562933589	338357592000361	338357589715797
338357595571297	338357608683694	338357605435881
338357611619797	338357625367027	338357621430089
338357627711297	338357642050360	338357637569464
338357643956172	338357658733693	338357653830964
338357660537714	338357675417026	338357670522172
338357678676464	338357692100359	338357688602256
338357694929214	338357708783692	338357704827672
338357711491214	338357725467025	338357721127714
338357728702339	338357742150358	338357738552964
338357745572214	338357758833691	338357753119964
338357764171006	338357775517024	338357771650131
338357778568006	338357792200357	338357785885172
338357797836922	338357808883690	338357805333047
338357811808672	338357825567023	338357819342839
338357830951256	338357842250356	338357838401339
338357845782006	338357858933689	338357853082589
338357865008672	338357875617022	338357872510256
338357879101464	338357892300355	338357886580839
338357898483506	338357908983688	338357905964131
338357913253881	338357925667021	338357920752297
338357930694756	338357942350354	338357938204589
338357946409922	338357959033687	338357953910672
338357959334672	338357975717020	338357966797214
338357976139006	338357992400353	338357983609089
338357992907839	338358009083686	338358000396506
338358010114339	338358025767019	338358017630547
338358028281839	338358042450352	338358035729047
338358043898964	338358059133685	338358051451339
338358062229047	338358075817018	338358069716881
338358078777881	338358092500351	338358086268381
338358095004214	338358109183684	338358102485631
338358112463631	338358125867017	338358119915297
338358130339048	338358142550350	338358137782756
338358147163923	338358159233683	338358154695506
338358163897339	338358175917016	338358171414214
338358177831423	338358192600349	338358185387131
338358195438173	338358209283682	338358202878298
338358211932298	338358225967015	338358221844464
338358230756964	338358242650348	338358238195673
338358245693506	338358259333681	338358253277048
338358262783589	338358276017014	338358270396423
338358278895089	338358292700347	338358288540881
338358295231756	338358309383680	338358304185964
338358311864923	338358326067013	338358320199339
338358330434214	338358342750346	338358339216714
338358347129381	338358359433679	338358355965464
338358363327214	338358376117012	338358370765548
338358378271006	338358392800345	338358385676339
338358394950464	338358409483678	338358402345589
338358411720089	338358426167011	338358419098464
338358428593881	338358442850344	338358436055464
338358445536506	338358459533677	338358452928506
338358462655381	338358476217010	338358470042089
338358479307714	338358492900343	338358486690256
338358496158839	338358509583676	338358503475423
338358512655839	338358526267009	338358520061964
338358531340673	338358542950342	338358538699256
338358549045631	338358559633675	338358556441756
338358565329673	338358576317008	338358572641214
338358581513756	338358593000341	338358588874548
338358600255673	338358609683674	338358607564256

===
16683333
338356565442422	338356591000381	338356573017797
338356582363213	338356607683714	338356589932588
338356600064338	338356624367047	338356608232838
338356615937963	338356641050380	338356623541047
338356633233297	338356657733713	338356642837463
338356654897505	338356674417046	338356663857588
338356671324880	338356691100379	338356679663047
338356683033213	338356707783712	338356690964838
338356700250588	338356724467045	338356707899922
338356716440672	338356741150378	338356723890005
338356735676714	338356757833711	338356743070880
338356752266589	338356774517044	338356759668589
338356765459547	338356791200377	338356772867922
338356782212464	338356807883710	338356789603672
338356798894214	338356824567043	338356806288755
338356819305672	338356841250376	338356826714839
338356836089672	338356857933709	338356843535339
338356849564839	338356874617042	338356856863589
338356866257089	338356891300375	338356873629714
338356884700255	338356907983708	338356892071922
338356905486964	338356924667041	338356912839839
338356923699047	338356941350374	338356931047255
338356933808255	338356958033707	338356941144047
338356951586714	338356974717040	338356958923380
338356968449797	338356991400373	338356975790172
338356989965422	338357008083706	338356997299380
338357007366714	338357024767039	338357014704839
338357019382172	338357041450372	338357026717422
338357036227922	338357058133705	338357043512464
338357052898797	338357074817038	338357060257339
338357074914130	338357091500371	338357082250714
338357087676714	338357108183704	338357095053297
338357103416880	338357124867037	338357110730380
338357493525381	338357525267029	338357515636964
338357515246964	338357541950362	338357545682756
338357546462714	338357575317028	338357576907422
338357562933589	338357592000361	338357589715797
338357595571297	338357608683694	338357605435881
338357611619797	338357625367027	338357621430089
338357627711297	338357642050360	338357637569464
338357643956172	338357658733693	338357653830964
338357660537714	338357675417026	338357670522172
338357678676464	338357692100359	338357688602256
338357694929214	338357708783692	338357704827672
338357711491214	338357725467025	338357721127714
338357728702339	338357742150358	338357738552964
338357745572214	338357758833691	338357753119964
338357764171006	338357775517024	338357771650131
338357778568006	338357792200357	338357785885172
338357797836922	338357808883690	338357805333047
338357811808672	338357825567023	338357819342839
338357830951256	338357842250356	338357838401339
338357845782006	338357858933689	338357853082589
338357865008672	338357875617022	338357872510256
338357879101464	338357892300355	338357886580839
338357898483506	338357908983688	338357905964131
338357913253881	338357925667021	338357920752297
338357930694756	338357942350354	338357938204589
338357946409922	338357959033687	338357953910672
338357959334672	338357975717020	338357966797214
338357976139006	338357992400353	338357983609089
338357992907839	338358009083686	338358000396506
338358010114339	338358025767019	338358017630547
338358028281839	338358042450352	338358035729047
338358043898964	338358059133685	338358051451339
338358062229047	338358075817018	338358069716881
338358078777881	338358092500351	338358086268381
338358095004214	338358109183684	338358102485631
338358112463631	338358125867017	338358119915297
338358130339048	338358142550350	338358137782756
338358147163923	338358159233683	338358154695506
338358163897339	338358175917016	338358171414214
338358177831423	338358192600349	338358185387131
338358195438173	338358209283682	338358202878298
338358211932298	338358225967015	338358221844464
338358230756964	338358242650348	338358238195673
338358245693506	338358259333681	338358253277048
338358262783589	338358276017014	338358270396423
338358278895089	338358292700347	338358288540881
338358295231756	338358309383680	338358304185964
338358311864923	338358326067013	338358320199339
338358330434214	338358342750346	338358339216714
338358347129381	338358359433679	338358355965464
338358363327214	338358376117012	338358370765548
338358378271006	338358392800345	338358385676339
338358394950464	338358409483678	338358402345589
338358411720089	338358426167011	338358419098464
338358428593881	338358442850344	338358436055464
338358445536506	338358459533677	338358452928506
338358462655381	338358476217010	338358470042089
338358479307714	338358492900343	338358486690256
338358496158839	338358509583676	338358503475423
338358512655839	338358526267009	338358520061964
338358531340673	338358542950342	338358538699256
338358549045631	338358559633675	338358556441756
338358565329673	338358576317008	338358572641214
338358581513756	338358593000341	338358588874548
338358600255673	338358609683674	338358607564256
338358616496173	338358643050340	338358623813298
338358632842673	338358643050340	338358640158006
338358650746923	338358659733673	338358658049506
338358665286589	338358676417006	338358672615173
338358682417048	338358693100339	338358689743339
338358700398881	338358709783672	338358707706256
338358718343256	338358726467005	338358725626381
338358733765798	338358743150338	338358741048673
338358751633048	338358759833671	338358758932548
338358837903590	338358859933669	338358843323340
338358858884465	338358876617002	338358864893840
338358874528965	338358893300335	338358880485090
338358889929006	338358909983668	338358902674131
338358912289965	338358926667001	338358925224131
338358932220048	338358960033667	338358948134048
338358943991840	338358976717000	338358965364006
338358967244715	338358993400333	338358983215340
338358985856090	338359010083666	338358994621923
338359006639548	338359026766999	338359014087506
338359018471215	338359043450332	338359025893923
338359036669381	338359060133665	338359044077256
338359051247298	338359076816998	338359058714965
338359068251423	338359093500331	338359075573131
338359085645965	338359110183664	338359093102631
338359103499006	338359126866997	338359110935298
338359119996173	338359143550330	338359127419881
338359135866340	338359160233663	338359143292340
338359153334173	338359176916996	338359160796923
338359170372006	338359193600329	338359177496506

===
16683333
338356565442422	338356591000381	338356573017797
338356582363213	338356607683714	338356589932588
338356600064338	338356624367047	338356608232838
338356615937963	338356641050380	338356623541047
338356633233297	338356657733713	338356642837463
338356654897505	338356674417046	338356663857588
338356671324880	338356691100379	338356679663047
338356683033213	338356707783712	338356690964838
338356700250588	338356724467045	338356707899922
338356716440672	338356741150378	338356723890005
338356735676714	338356757833711	338356743070880
338356752266589	338356774517044	338356759668589
338356765459547	338356791200377	338356772867922
338356782212464	338356807883710	338356789603672
338356798894214	338356824567043	338356806288755
338356819305672	338356841250376	338356826714839
338356836089672	338356857933709	338356843535339
338356849564839	338356874617042	338356856863589
338356866257089	338356891300375	338356873629714
338356884700255	338356907983708	338356892071922
338356905486964	338356924667041	338356912839839
338356923699047	338356941350374	338356931047255
338356933808255	338356958033707	338356941144047
338356951586714	338356974717040	338356958923380
338356968449797	338356991400373	338356975790172
338356989965422	338357008083706	338356997299380
338357007366714	338357024767039	338357014704839
338357019382172	338357041450372	338357026717422
338357036227922	338357058133705	338357043512464
338357052898797	338357074817038	338357060257339
338357074914130	338357091500371	338357082250714
338357087676714	338357108183704	338357095053297
338357103416880	338357124867037	338357110730380
338357493525381	338357525267029	338357515636964
338357515246964	338357541950362	338357545682756
338357546462714	338357575317028	338357576907422
338357562933589	338357592000361	338357589715797
338357595571297	338357608683694	338357605435881
338357611619797	338357625367027	338357621430089
338357627711297	338357642050360	338357637569464
338357643956172	338357658733693	338357653830964
338357660537714	338357675417026	338357670522172
338357678676464	338357692100359	338357688602256
338357694929214	338357708783692	338357704827672
338357711491214	338357725467025	338357721127714
338357728702339	338357742150358	338357738552964
338357745572214	338357758833691	338357753119964
338357764171006	338357775517024	338357771650131
338357778568006	338357792200357	338357785885172
338357797836922	338357808883690	338357805333047
338357811808672	338357825567023	338357819342839
338357830951256	338357842250356	338357838401339
338357845782006	338357858933689	338357853082589
338357865008672	338357875617022	338357872510256
338357879101464	338357892300355	338357886580839
338357898483506	338357908983688	338357905964131
338357913253881	338357925667021	338357920752297
338357930694756	338357942350354	338357938204589
338357946409922	338357959033687	338357953910672
338357959334672	338357975717020	338357966797214
338357976139006	338357992400353	338357983609089
338357992907839	338358009083686	338358000396506
338358010114339	338358025767019	338358017630547
338358028281839	338358042450352	338358035729047
338358043898964	338358059133685	338358051451339
338358062229047	338358075817018	338358069716881
338358078777881	338358092500351	338358086268381
338358095004214	338358109183684	338358102485631
338358112463631	338358125867017	338358119915297
338358130339048	338358142550350	338358137782756
338358147163923	338358159233683	338358154695506
338358163897339	338358175917016	338358171414214
338358177831423	338358192600349	338358185387131
338358195438173	338358209283682	338358202878298
338358211932298	338358225967015	338358221844464
338358230756964	338358242650348	338358238195673
338358245693506	338358259333681	338358253277048
338358262783589	338358276017014	338358270396423
338358278895089	338358292700347	338358288540881
338358295231756	338358309383680	338358304185964
338358311864923	338358326067013	338358320199339
338358330434214	338358342750346	338358339216714
338358347129381	338358359433679	338358355965464
338358363327214	338358376117012	338358370765548
338358378271006	338358392800345	338358385676339
338358394950464	338358409483678	338358402345589
338358411720089	338358426167011	338358419098464
338358428593881	338358442850344	338358436055464
338358445536506	338358459533677	338358452928506
338358462655381	338358476217010	338358470042089
338358479307714	338358492900343	338358486690256
338358496158839	338358509583676	338358503475423
338358512655839	338358526267009	338358520061964
338358531340673	338358542950342	338358538699256
338358549045631	338358559633675	338358556441756
338358565329673	338358576317008	338358572641214
338358581513756	338358593000341	338358588874548
338358600255673	338358609683674	338358607564256
338358616496173	338358643050340	338358623813298
338358632842673	338358643050340	338358640158006
338358650746923	338358659733673	338358658049506
338358665286589	338358676417006	338358672615173
338358682417048	338358693100339	338358689743339
338358700398881	338358709783672	338358707706256
338358718343256	338358726467005	338358725626381
338358733765798	338358743150338	338358741048673
338358751633048	338358759833671	338358758932548
338358837903590	338358859933669	338358843323340
338358858884465	338358876617002	338358864893840
338358874528965	338358893300335	338358880485090
338358889929006	338358909983668	338358902674131
338358912289965	338358926667001	338358925224131
338358932220048	338358960033667	338358948134048
338358943991840	338358976717000	338358965364006
338358967244715	338358993400333	338358983215340
338358985856090	338359010083666	338358994621923
338359006639548	338359026766999	338359014087506
338359018471215	338359043450332	338359025893923
338359036669381	338359060133665	338359044077256
338359051247298	338359076816998	338359058714965
338359068251423	338359093500331	338359075573131
338359085645965	338359110183664	338359093102631
338359103499006	338359126866997	338359110935298
338359119996173	338359143550330	338359127419881
338359135866340	338359160233663	338359143292340
338359153334173	338359176916996	338359160796923
338359170372006	338359193600329	338359177496506

