16683333
0	0	0
0	0	0
0	0	0
0	0	0
0	0	0
0	0	0
0	0	0
0	0	0
0	0	0
0	0	0
0	0	0
0	0	0
0	0	0
0	0	0
0	0	0
0	0	0
0	0	0
0	0	0
0	0	0
0	0	0
0	0	0
0	0	0
0	0	0
0	0	0
0	0	0
0	0	0
0	0	0
0	0	0
0	0	0
0	0	0
0	0	0
0	0	0
0	0	0
0	0	0
0	0	0
0	0	0
0	0	0
0	0	0
0	0	0
0	0	0
0	0	0
0	0	0
0	0	0
0	0	0
0	0	0
0	0	0
0	0	0
0	0	0
0	0	0
0	0	0
0	0	0
0	0	0
0	0	0
0	0	0
0	0	0
0	0	0
0	0	0
0	0	0
0	0	0
0	0	0
0	0	0
0	0	0
0	0	0
0	0	0
0	0	0
0	0	0
0	0	0
0	0	0
0	0	0
0	0	0
0	0	0
0	0	0
0	0	0
0	0	0
0	0	0
0	0	0
0	0	0
0	0	0
0	0	0
0	0	0
0	0	0
0	0	0
0	0	0
0	0	0
0	0	0
0	0	0
0	0	0
0	0	0
0	0	0
0	0	0
0	0	0
0	0	0
0	0	0
0	0	0
0	0	0
0	0	0
0	0	0
0	0	0
0	0	0
0	0	0
0	0	0
0	0	0
0	0	0
0	0	0
0	0	0
0	0	0
0	0	0
0	0	0
0	0	0
0	0	0
0	0	0
0	0	0
0	0	0
0	0	0
0	0	0
0	0	0
0	0	0
0	0	0
0	0	0
0	0	0
0	0	0
0	0	0
0	0	0
0	0	0
0	0	0
337816328050081	337816350123849	337816344394497
337816367103581	337816400173848	337816385260373

===
16683333
0	0	0
0	0	0
0	0	0
0	0	0
0	0	0
0	0	0
0	0	0
0	0	0
0	0	0
0	0	0
0	0	0
0	0	0
0	0	0
0	0	0
0	0	0
0	0	0
0	0	0
0	0	0
0	0	0
0	0	0
0	0	0
0	0	0
0	0	0
0	0	0
0	0	0
0	0	0
0	0	0
0	0	0
0	0	0
0	0	0
0	0	0
0	0	0
0	0	0
0	0	0
0	0	0
0	0	0
0	0	0
0	0	0
0	0	0
0	0	0
0	0	0
0	0	0
0	0	0
0	0	0
0	0	0
0	0	0
0	0	0
0	0	0
0	0	0
0	0	0
0	0	0
0	0	0
0	0	0
0	0	0
0	0	0
0	0	0
0	0	0
0	0	0
0	0	0
0	0	0
0	0	0
0	0	0
0	0	0
0	0	0
0	0	0
0	0	0
0	0	0
0	0	0
0	0	0
0	0	0
0	0	0
0	0	0
0	0	0
0	0	0
0	0	0
0	0	0
0	0	0
0	0	0
0	0	0
0	0	0
0	0	0
0	0	0
0	0	0
0	0	0
0	0	0
0	0	0
0	0	0
0	0	0
0	0	0
0	0	0
0	0	0
0	0	0
0	0	0
0	0	0
0	0	0
337816328050081	337816350123849	337816344394497
337816367103581	337816400173848	337816385260373
337816391899914	337816416857181	337816410245248
337816423352039	337816450223847	337816441772623
337816443786456	337816483590513	337816468196248
337816471831123	337816500273846	337816479942498
337816496751706	337816516957179	337816504434206
337816521314331	337816533640512	337816528989331
337816536164498	337816550323845	337816543820414
337816547633914	337816567007178	337816555265373
337816565394623	337816583690511	337816573029331
337816576878081	337816600373844	337816584470248
337816594163164	337816617057177	337816601642289
337816608466248	337816633740510	337816616023789
337816625113831	337816650423843	337816632701123
337816641981998	337816667107176	337816649577873
337816659239664	337816683790509	337816666604623
337817346599206	337817367807162	337817368771956
337817377786040	337817401173828	337817405956915
337817403116873	337817434540494	337817437996998
337817425099998	337817467907160	337817458425415
337817455199623	337817484590493	337817469011831
337817487390623	337817501273826	337817497316498
337817502809081	337817517957159	337817512774248
337817520065790	337817534640492	337817529997415
337817535783915	337817551323825	337817545737790
337817552613165	337817568007158	337817562599123
337817570690748	337817584690491	337817580551331
337817586450123	337817601373824	337817596310456
337817613359498	337817618057157	337817620950331
337817624160290	337817634740490	337817631674081
337817636611623	337817651423823	337817644139498

===
16683333
0	0	0
0	0	0
0	0	0
0	0	0
0	0	0
0	0	0
0	0	0
0	0	0
0	0	0
0	0	0
0	0	0
0	0	0
0	0	0
0	0	0
0	0	0
0	0	0
0	0	0
0	0	0
0	0	0
0	0	0
0	0	0
0	0	0
0	0	0
0	0	0
0	0	0
0	0	0
0	0	0
0	0	0
0	0	0
0	0	0
0	0	0
0	0	0
0	0	0
0	0	0
0	0	0
0	0	0
0	0	0
0	0	0
0	0	0
337816328050081	337816350123849	337816344394497
337816367103581	337816400173848	337816385260373
337816391899914	337816416857181	337816410245248
337816423352039	337816450223847	337816441772623
337816443786456	337816483590513	337816468196248
337816471831123	337816500273846	337816479942498
337816496751706	337816516957179	337816504434206
337816521314331	337816533640512	337816528989331
337816536164498	337816550323845	337816543820414
337816547633914	337816567007178	337816555265373
337816565394623	337816583690511	337816573029331
337816576878081	337816600373844	337816584470248
337816594163164	337816617057177	337816601642289
337816608466248	337816633740510	337816616023789
337816625113831	337816650423843	337816632701123
337816641981998	337816667107176	337816649577873
337816659239664	337816683790509	337816666604623
337817346599206	337817367807162	337817368771956
337817377786040	337817401173828	337817405956915
337817403116873	337817434540494	337817437996998
337817425099998	337817467907160	337817458425415
337817455199623	337817484590493	337817469011831
337817487390623	337817501273826	337817497316498
337817502809081	337817517957159	337817512774248
337817520065790	337817534640492	337817529997415
337817535783915	337817551323825	337817545737790
337817552613165	337817568007158	337817562599123
337817570690748	337817584690491	337817580551331
337817586450123	337817601373824	337817596310456
337817613359498	337817618057157	337817620950331
337817624160290	337817634740490	337817631674081
337817636611623	337817651423823	337817644139498
337817654153081	337817668107156	337817661762956
337817673561581	337817684790489	337817681071331
337817689202373	337817701473822	337817696719206
337817701142665	337817718157155	337817708614665
337817717886415	337817734840488	337817725443331
337817735137831	337817751523821	337817742603915
337817752168456	337817768207154	337817759509748
337817769057957	337817784890487	337817776545665
337817787148540	337817801573820	337817794336207
337817802180582	337817818257153	337817809762748
337817819417207	337817834940486	337817826984290
337817837317165	337817851623819	337817844820332
337817854933707	337817868307152	337817862104915
337817871034748	337817884990485	337817878460623
337817889058957	337817901673818	337817896491582
337817904318165	337817918357151	337817911636540
337817921902207	337817935040484	337817929385665
337817940079873	337817951723817	337817947586582
337817955372040	337817968407150	337817962976332
337817973664665	337817985090483	337817981236248
337817988639707	337818001773816	337817996061373
337818005035790	337818018457149	337818012446790
337818023239957	337818035140482	337818030727623
337818038585707	337818051823815	337818046171040
337818056306290	337818068507148	337818063909957
337818071528707	337818085190481	337818079114957
337818097432332	337818101873814	337818105008665
337818111349498	337818118557147	337818121024415
337818127575748	337818135240480	337818136580165
337818144097832	337818151923813	337818152439790
337818160776790	337818168607146	337818168729415
337818177646248	337818185290479	337818185372623
337818194749915	337818201973812	337818202175123
337818208867790	337818218657145	337818216316957
337818225901623	337818235340478	337818233394665
337818242721332	337818252023811	337818250146623
337818263863873	337818268707144	337818271252415
337818278325790	337818285390477	337818285756373
337818294319957	337818302073810	337818301908748
337818309930290	337818318757143	337818317322790
337818321877623	337818335440476	337818329255915
337818342823207	337818352123809	337818350232373
337818360706207	337818368807142	337818368130332
337818376306123	337818385490475	337818383678790
337818393564332	337818402173808	337818400974832
337818410355790	337818418857141	337818417726290
337818426243373	337818435540474	337818433612123
337818442489123	337818452223807	337818449840915
337818459791332	337818468907140	337818467169665
337818477030040	337818485590473	337818484420457
337818494883582	337818502273806	337818502255457
337818511689540	337818518957139	337818519061582
337818528912874	337818535640472	337818536314249
337818544551290	337818552323805	337818551934624
337818561881665	337818569007138	337818569246040
337818574562165	337818585690471	337818581900540

===
16683333
337817570690748	337817584690491	337817580551331
337817586450123	337817601373824	337817596310456
337817613359498	337817618057157	337817620950331
337817624160290	337817634740490	337817631674081
337817636611623	337817651423823	337817644139498
337817654153081	337817668107156	337817661762956
337817673561581	337817684790489	337817681071331
337817689202373	337817701473822	337817696719206
337817701142665	337817718157155	337817708614665
337817717886415	337817734840488	337817725443331
337817735137831	337817751523821	337817742603915
337817752168456	337817768207154	337817759509748
337817769057957	337817784890487	337817776545665
337817787148540	337817801573820	337817794336207
337817802180582	337817818257153	337817809762748
337817819417207	337817834940486	337817826984290
337817837317165	337817851623819	337817844820332
337817854933707	337817868307152	337817862104915
337817871034748	337817884990485	337817878460623
337817889058957	337817901673818	337817896491582
337817904318165	337817918357151	337817911636540
337817921902207	337817935040484	337817929385665
337817940079873	337817951723817	337817947586582
337817955372040	337817968407150	337817962976332
337817973664665	337817985090483	337817981236248
337817988639707	337818001773816	337817996061373
337818005035790	337818018457149	337818012446790
337818023239957	337818035140482	337818030727623
337818038585707	337818051823815	337818046171040
337818056306290	337818068507148	337818063909957
337818071528707	337818085190481	337818079114957
337818097432332	337818101873814	337818105008665
337818111349498	337818118557147	337818121024415
337818127575748	337818135240480	337818136580165
337818144097832	337818151923813	337818152439790
337818160776790	337818168607146	337818168729415
337818177646248	337818185290479	337818185372623
337818194749915	337818201973812	337818202175123
337818208867790	337818218657145	337818216316957
337818225901623	337818235340478	337818233394665
337818242721332	337818252023811	337818250146623
337818263863873	337818268707144	337818271252415
337818278325790	337818285390477	337818285756373
337818294319957	337818302073810	337818301908748
337818309930290	337818318757143	337818317322790
337818321877623	337818335440476	337818329255915
337818342823207	337818352123809	337818350232373
337818360706207	337818368807142	337818368130332
337818376306123	337818385490475	337818383678790
337818393564332	337818402173808	337818400974832
337818410355790	337818418857141	337818417726290
337818426243373	337818435540474	337818433612123
337818442489123	337818452223807	337818449840915
337818459791332	337818468907140	337818467169665
337818477030040	337818485590473	337818484420457
337818494883582	337818502273806	337818502255457
337818511689540	337818518957139	337818519061582
337818528912874	337818535640472	337818536314249
337818544551290	337818552323805	337818551934624
337818561881665	337818569007138	337818569246040
337818574562165	337818585690471	337818581900540
337818983112249	337819019457129	337819005221082
337818992551040	337819036140462	337819032981957
337819029046999	337819069507128	337819061488540
337819054441999	337819102873794	337819093799457
337819087261415	337819119557127	337819114347874
337819117157457	337819136240460	337819126993415
337819133282665	337819152923793	337819143207915
337819150183457	337819169607126	337819160136374
337819167111124	337819186290459	337819177038166
337819179524582	337819202973792	337819189502749
337819196382416	337819219657125	337819206312332
337819217954249	337819236340458	337819227792832
337819235081082	337819253023791	337819242609499
337819251406791	337819269707124	337819258918457
337819263849041	337819286390457	337819271451457
337819285561874	337819303073790	337819293046041
337819302015416	337819319757123	337819309459999
337819314228916	337819336440456	337819321784249
337819331722332	337819353123789	337819339124749
337819348098124	337819369807122	337819355491916
337819365275291	337819386490455	337819372771999
337819382206666	337819403173788	337819389716957
337819399108749	337819419857121	337819406592957
337819416851957	337819436540454	337819424341916
337819434599999	337819453223787	337819442102916
337819450308124	337819469907120	337819457860374
337819468130082	337819486590453	337819475542541
337819483997291	337819503273786	337819491533541
337819501428166	337819519957119	337819508912041
337819520338832	337819536640452	337819527879707
337819534576124	337819553323785	337819542054999
337819551326291	337819570007118	337819558875499
337819568671166	337819586690451	337819576211207
337819585317791	337819603373784	337819592905041
337819603181666	337819620057117	337819610676332
337819620218332	337819636740450	337819627648332
337819637118374	337819653423783	337819644598749
337819652537499	337819670107116	337819660045832
337819667426499	337819686790449	337819675008916
337819684406082	337819703473782	337819692162041
337819702302874	337819720157115	337819709853916
337819724851166	337819736840448	337819732037457
337819738411374	337819753523781	337819746031499
337819750961457	337819770207114	337819760622166
337819774410124	337819786890447	337819783397832
337819784622916	337819803573780	337819792995957
337819802301957	337819820257113	337819810252707
337819818925791	337819836940446	337819826581166
337819835393582	337819853623779	337819842845124
337819853651707	337819870307112	337819861142333
337819867597208	337819886990445	337819875004333
337819884341999	337819903673778	337819891728458
337819901230041	337819920357111	337819908628833
337819917983166	337819937040444	337819925348666
337819938731458	337819953723777	337819946215749
337819951599083	337819970407110	337819959001374
337819968329666	337819987090443	337819975703999
337819985242374	337820003773776	337819992617583
337820002292541	337820020457109	337820009693166
337820024200624	337820037140442	337820031442874
337820037377333	337820053823775	337820044721416
337820053476249	337820070507108	337820060990708
337820071248499	337820087190441	337820078604666
337820088365541	337820103873774	337820095716999
337820109676999	337820120557107	337820117029333
337820123118583	337820137240440	337820130464833

===
16683333
337818477030040	337818485590473	337818484420457
337818494883582	337818502273806	337818502255457
337818511689540	337818518957139	337818519061582
337818528912874	337818535640472	337818536314249
337818544551290	337818552323805	337818551934624
337818561881665	337818569007138	337818569246040
337818574562165	337818585690471	337818581900540
337818983112249	337819019457129	337819005221082
337818992551040	337819036140462	337819032981957
337819029046999	337819069507128	337819061488540
337819054441999	337819102873794	337819093799457
337819087261415	337819119557127	337819114347874
337819117157457	337819136240460	337819126993415
337819133282665	337819152923793	337819143207915
337819150183457	337819169607126	337819160136374
337819167111124	337819186290459	337819177038166
337819179524582	337819202973792	337819189502749
337819196382416	337819219657125	337819206312332
337819217954249	337819236340458	337819227792832
337819235081082	337819253023791	337819242609499
337819251406791	337819269707124	337819258918457
337819263849041	337819286390457	337819271451457
337819285561874	337819303073790	337819293046041
337819302015416	337819319757123	337819309459999
337819314228916	337819336440456	337819321784249
337819331722332	337819353123789	337819339124749
337819348098124	337819369807122	337819355491916
337819365275291	337819386490455	337819372771999
337819382206666	337819403173788	337819389716957
337819399108749	337819419857121	337819406592957
337819416851957	337819436540454	337819424341916
337819434599999	337819453223787	337819442102916
337819450308124	337819469907120	337819457860374
337819468130082	337819486590453	337819475542541
337819483997291	337819503273786	337819491533541
337819501428166	337819519957119	337819508912041
337819520338832	337819536640452	337819527879707
337819534576124	337819553323785	337819542054999
337819551326291	337819570007118	337819558875499
337819568671166	337819586690451	337819576211207
337819585317791	337819603373784	337819592905041
337819603181666	337819620057117	337819610676332
337819620218332	337819636740450	337819627648332
337819637118374	337819653423783	337819644598749
337819652537499	337819670107116	337819660045832
337819667426499	337819686790449	337819675008916
337819684406082	337819703473782	337819692162041
337819702302874	337819720157115	337819709853916
337819724851166	337819736840448	337819732037457
337819738411374	337819753523781	337819746031499
337819750961457	337819770207114	337819760622166
337819774410124	337819786890447	337819783397832
337819784622916	337819803573780	337819792995957
337819802301957	337819820257113	337819810252707
337819818925791	337819836940446	337819826581166
337819835393582	337819853623779	337819842845124
337819853651707	337819870307112	337819861142333
337819867597208	337819886990445	337819875004333
337819884341999	337819903673778	337819891728458
337819901230041	337819920357111	337819908628833
337819917983166	337819937040444	337819925348666
337819938731458	337819953723777	337819946215749
337819951599083	337819970407110	337819959001374
337819968329666	337819987090443	337819975703999
337819985242374	337820003773776	337819992617583
337820002292541	337820020457109	337820009693166
337820024200624	337820037140442	337820031442874
337820037377333	337820053823775	337820044721416
337820053476249	337820070507108	337820060990708
337820071248499	337820087190441	337820078604666
337820088365541	337820103873774	337820095716999
337820109676999	337820120557107	337820117029333
337820123118583	337820137240440	337820130464833
337820139406166	337820153923773	337820146926416
337820155292916	337820170607106	337820162744208
337820170877583	337820187290439	337820178237166
337820191416416	337820203973772	337820198764583
337820205034291	337820220657105	337820212355166
337820222923416	337820237340438	337820230236416
337820565014750	337820587690431	337820587136208
337820582443500	337820604373764	337820608529958
337820614059750	337820621057097	337820623419666
337820630724708	337820637740430	337820640354500
337820646707125	337820654423763	337820656646666
337820662140500	337820671107096	337820671994208
337820679462958	337820687790429	337820689306958
337820696279125	337820704473762	337820706176500
337820713243666	337820721157095	337820723122375
337820729274291	337820737840428	337820739219958
337820746233041	337820754523761	337820756191791
337820762550750	337820771207094	337820772572875
337820780945083	337820787890427	337820790696333
337820797255583	337820804573760	337820807313750
337820813691708	337820821257093	337820821223458
337820830256583	337820837940426	337820837713458
337820846841958	337820854623759	337820854377208
337820863575375	337820871307092	337820871119916
337820879876875	337820887990425	337820887432000
337820897565000	337820904673758	337820905104791
337820913172500	337820921357091	337820920682791
337820930717666	337820938040424	337820938238250
337820947660458	337820954723757	337820955188375
337820966050833	337820971407090	337820973577875
337820981173125	337820988090423	337820988711791
337820998494375	337821004773756	337821005960125
337821014732916	337821021457089	337821022267083
337821027904583	337821038140422	337821035418625
337821043925833	337821054823755	337821051413375
337821061385375	337821088190421	337821068984750
337821078454291	337821104873754	337821085998416
337821097273458	337821121557087	337821104734333
337821111874375	337821138240420	337821119354333
337821128914708	337821154923753	337821136379333
337821146341500	337821171607086	337821153896708
337821164274250	337821188290419	337821171797458
337821179357041	337821204973752	337821186853958
337821197198250	337821221657085	337821204979208
337821215133875	337821238340418	337821222687416
337821230418958	337821255023751	337821237896916
337821246657000	337821271707084	337821254157125
337821262326333	337821288390417	337821269940500
337821288449375	337821305073750	337821296092417
337821297579167	337821321757083	337821305137708
337821317163750	337821338440416	337821324723958
337821330757792	337821355123749	337821340379375
337821346977333	337821371807082	337821355940583
337821369201833	337821388490415	337821377565958

===
16683333
337819818925791	337819836940446	337819826581166
337819835393582	337819853623779	337819842845124
337819853651707	337819870307112	337819861142333
337819867597208	337819886990445	337819875004333
337819884341999	337819903673778	337819891728458
337819901230041	337819920357111	337819908628833
337819917983166	337819937040444	337819925348666
337819938731458	337819953723777	337819946215749
337819951599083	337819970407110	337819959001374
337819968329666	337819987090443	337819975703999
337819985242374	337820003773776	337819992617583
337820002292541	337820020457109	337820009693166
337820024200624	337820037140442	337820031442874
337820037377333	337820053823775	337820044721416
337820053476249	337820070507108	337820060990708
337820071248499	337820087190441	337820078604666
337820088365541	337820103873774	337820095716999
337820109676999	337820120557107	337820117029333
337820123118583	337820137240440	337820130464833
337820139406166	337820153923773	337820146926416
337820155292916	337820170607106	337820162744208
337820170877583	337820187290439	337820178237166
337820191416416	337820203973772	337820198764583
337820205034291	337820220657105	337820212355166
337820222923416	337820237340438	337820230236416
337820565014750	337820587690431	337820587136208
337820582443500	337820604373764	337820608529958
337820614059750	337820621057097	337820623419666
337820630724708	337820637740430	337820640354500
337820646707125	337820654423763	337820656646666
337820662140500	337820671107096	337820671994208
337820679462958	337820687790429	337820689306958
337820696279125	337820704473762	337820706176500
337820713243666	337820721157095	337820723122375
337820729274291	337820737840428	337820739219958
337820746233041	337820754523761	337820756191791
337820762550750	337820771207094	337820772572875
337820780945083	337820787890427	337820790696333
337820797255583	337820804573760	337820807313750
337820813691708	337820821257093	337820821223458
337820830256583	337820837940426	337820837713458
337820846841958	337820854623759	337820854377208
337820863575375	337820871307092	337820871119916
337820879876875	337820887990425	337820887432000
337820897565000	337820904673758	337820905104791
337820913172500	337820921357091	337820920682791
337820930717666	337820938040424	337820938238250
337820947660458	337820954723757	337820955188375
337820966050833	337820971407090	337820973577875
337820981173125	337820988090423	337820988711791
337820998494375	337821004773756	337821005960125
337821014732916	337821021457089	337821022267083
337821027904583	337821038140422	337821035418625
337821043925833	337821054823755	337821051413375
337821061385375	337821088190421	337821068984750
337821078454291	337821104873754	337821085998416
337821097273458	337821121557087	337821104734333
337821111874375	337821138240420	337821119354333
337821128914708	337821154923753	337821136379333
337821146341500	337821171607086	337821153896708
337821164274250	337821188290419	337821171797458
337821179357041	337821204973752	337821186853958
337821197198250	337821221657085	337821204979208
337821215133875	337821238340418	337821222687416
337821230418958	337821255023751	337821237896916
337821246657000	337821271707084	337821254157125
337821262326333	337821288390417	337821269940500
337821288449375	337821305073750	337821296092417
337821297579167	337821321757083	337821305137708
337821317163750	337821338440416	337821324723958
337821330757792	337821355123749	337821340379375
337821346977333	337821371807082	337821355940583
337821369201833	337821388490415	337821377565958
337821382344542	337821405173748	337821390313000
337821398990458	337821421857081	337821406769833
337821415080958	337821438540414	337821422454667
337821430349958	337821455223747	337821437774750
337821449648417	337821471907080	337821457055958
337821463253208	337821488590413	337821470638458
337821479979583	337821505273746	337821487404917
337821496836750	337821521957079	337821504203792
337821513771708	337821538640412	337821521191500
337821533955208	337821555323745	337821541403250
337821547439042	337821572007078	337821554834000
337821563978292	337821588690411	337821571354917
337821583747875	337821605373744	337821591019875
337821600342625	337821622057077	337821607730750
337821622411333	337821638740410	337821629772458
337821633071917	337821655423743	337821640439250
337821650848458	337821672107076	337821657768167
337821667395292	337821688790409	337821674697708
337821685384708	337821705473742	337821692719458
337821706342333	337821722157075	337821713659583
337821718817958	337821738840408	337821726098833
337821734434708	337821755523741	337821741783958
337821752456125	337821772207074	337821759877750
337821769274167	337821788890407	337821776858417
337821787449917	337821805573740	337821794413417
337821803212792	337821822257073	337821810453333
337822142024750	337822172607066	337822164190625
337822151081000	337822189290399	337822190841834
337822187378959	337822205973732	337822209212375
337822203987417	337822222657065	337822218862709
337822228695750	337822239340398	337822238484834
337822237292875	337822256023731	337822248296792
337822253674625	337822272707064	337822263514334
337822270434792	337822289390397	337822280332584
337822290729750	337822306073730	337822300658375
337822304063500	337822322757063	337822314043000
337822320797417	337822339440396	337822330741542
337822337539209	337822356123729	337822347509292
337822354201417	337822372807062	337822364062459
337822375071667	337822389490395	337822384947084
337822390386875	337822406173728	337822397890750
337822406291125	337822422857061	337822413818292
337822424306125	337822439540394	337822431810209
337822440607459	337822456223727	337822448130042
337822461805709	337822472907060	337822469334584
337822475159834	337822489590393	337822482300917
337822492051250	337822506273726	337822499539834
337822507250625	337822522957059	337822514760917
337822524577542	337822539640392	337822532091625
337822546969750	337822556323725	337822554403542
337822559387459	337822573007058	337822566896292
337822575388875	337822589690391	337822582879375
337822591748875	337822606373724	337822599249542
337822610430875	337822623057057	337822617917709

===
16683333
337820966050833	337820971407090	337820973577875
337820981173125	337820988090423	337820988711791
337820998494375	337821004773756	337821005960125
337821014732916	337821021457089	337821022267083
337821027904583	337821038140422	337821035418625
337821043925833	337821054823755	337821051413375
337821061385375	337821088190421	337821068984750
337821078454291	337821104873754	337821085998416
337821097273458	337821121557087	337821104734333
337821111874375	337821138240420	337821119354333
337821128914708	337821154923753	337821136379333
337821146341500	337821171607086	337821153896708
337821164274250	337821188290419	337821171797458
337821179357041	337821204973752	337821186853958
337821197198250	337821221657085	337821204979208
337821215133875	337821238340418	337821222687416
337821230418958	337821255023751	337821237896916
337821246657000	337821271707084	337821254157125
337821262326333	337821288390417	337821269940500
337821288449375	337821305073750	337821296092417
337821297579167	337821321757083	337821305137708
337821317163750	337821338440416	337821324723958
337821330757792	337821355123749	337821340379375
337821346977333	337821371807082	337821355940583
337821369201833	337821388490415	337821377565958
337821382344542	337821405173748	337821390313000
337821398990458	337821421857081	337821406769833
337821415080958	337821438540414	337821422454667
337821430349958	337821455223747	337821437774750
337821449648417	337821471907080	337821457055958
337821463253208	337821488590413	337821470638458
337821479979583	337821505273746	337821487404917
337821496836750	337821521957079	337821504203792
337821513771708	337821538640412	337821521191500
337821533955208	337821555323745	337821541403250
337821547439042	337821572007078	337821554834000
337821563978292	337821588690411	337821571354917
337821583747875	337821605373744	337821591019875
337821600342625	337821622057077	337821607730750
337821622411333	337821638740410	337821629772458
337821633071917	337821655423743	337821640439250
337821650848458	337821672107076	337821657768167
337821667395292	337821688790409	337821674697708
337821685384708	337821705473742	337821692719458
337821706342333	337821722157075	337821713659583
337821718817958	337821738840408	337821726098833
337821734434708	337821755523741	337821741783958
337821752456125	337821772207074	337821759877750
337821769274167	337821788890407	337821776858417
337821787449917	337821805573740	337821794413417
337821803212792	337821822257073	337821810453333
337822142024750	337822172607066	337822164190625
337822151081000	337822189290399	337822190841834
337822187378959	337822205973732	337822209212375
337822203987417	337822222657065	337822218862709
337822228695750	337822239340398	337822238484834
337822237292875	337822256023731	337822248296792
337822253674625	337822272707064	337822263514334
337822270434792	337822289390397	337822280332584
337822290729750	337822306073730	337822300658375
337822304063500	337822322757063	337822314043000
337822320797417	337822339440396	337822330741542
337822337539209	337822356123729	337822347509292
337822354201417	337822372807062	337822364062459
337822375071667	337822389490395	337822384947084
337822390386875	337822406173728	337822397890750
337822406291125	337822422857061	337822413818292
337822424306125	337822439540394	337822431810209
337822440607459	337822456223727	337822448130042
337822461805709	337822472907060	337822469334584
337822475159834	337822489590393	337822482300917
337822492051250	337822506273726	337822499539834
337822507250625	337822522957059	337822514760917
337822524577542	337822539640392	337822532091625
337822546969750	337822556323725	337822554403542
337822559387459	337822573007058	337822566896292
337822575388875	337822589690391	337822582879375
337822591748875	337822606373724	337822599249542
337822610430875	337822623057057	337822617917709
337822626624709	337822639740390	337822634079459
337822642385667	337822656423723	337822649954125
337822659816792	337822673107056	337822667366584
337822675574126	337822689790389	337822683094251
337822692100626	337822706473722	337822699531417
337822707213042	337822723157055	337822714681876
337822724230834	337822739840388	337822731666209
337822741515792	337822756523721	337822749019792
337822758484959	337822773207054	337822765983376
337822777613126	337822789890387	337822785179001
337822792760417	337822806573720	337822800276834
337822809700626	337822823257053	337822817152417
337822825460501	337822839940386	337822833045251
337822847148459	337822856623719	337822854704709
337822860392751	337822873307052	337822867962959
337822878405542	337822889990385	337822886260626
337822899402501	337822906673718	337822909042376
337822909053542	337822923357051	337822918052001
337822925361376	337822940040384	337822933731959
337822943416042	337822956723717	337822951366209
337822960037751	337822973407050	337822967706084
337822979553834	337822990090383	337822987038417
337822992295334	337823006773716	337822999699042
337823009302709	337823023457049	337823016716667
337823025880376	337823040140382	337823033283792
337823042949209	337823056823715	337823050351626
337823062627209	337823073507048	337823070029334
337823075967459	337823090190381	337823083371917
337823092865292	337823106873714	337823100278792
337823109572126	337823123557047	337823116959959
337823126326709	337823140240380	337823133732709
337823146884626	337823156923713	337823154268167
337823161022667	337823173607046	337823168502751
337823178341959	337823190290379	337823185712417
337823195574876	337823206973712	337823202991834
337823212151042	337823223657045	337823219470917
337823234102126	337823240340378	337823241460501
337823246351292	337823257023711	337823253687001
337823262419209	337823273707044	337823269849084
337823279559334	337823290390377	337823286972959
337823296730042	337823307073710	337823304078084
337823318744209	337823323757043	337823326019667
337823329691501	337823340440376	337823337053042
337823347261792	337823357123709	337823354590834
337823363817543	337823373807042	337823371231918
337823782653543	337823807573700	337823804947751
337823791498126	337823840940366	337823832748126
337823826929084	337823874307032	337823864609876

===
16683333
337822492051250	337822506273726	337822499539834
337822507250625	337822522957059	337822514760917
337822524577542	337822539640392	337822532091625
337822546969750	337822556323725	337822554403542
337822559387459	337822573007058	337822566896292
337822575388875	337822589690391	337822582879375
337822591748875	337822606373724	337822599249542
337822610430875	337822623057057	337822617917709
337822626624709	337822639740390	337822634079459
337822642385667	337822656423723	337822649954125
337822659816792	337822673107056	337822667366584
337822675574126	337822689790389	337822683094251
337822692100626	337822706473722	337822699531417
337822707213042	337822723157055	337822714681876
337822724230834	337822739840388	337822731666209
337822741515792	337822756523721	337822749019792
337822758484959	337822773207054	337822765983376
337822777613126	337822789890387	337822785179001
337822792760417	337822806573720	337822800276834
337822809700626	337822823257053	337822817152417
337822825460501	337822839940386	337822833045251
337822847148459	337822856623719	337822854704709
337822860392751	337822873307052	337822867962959
337822878405542	337822889990385	337822886260626
337822899402501	337822906673718	337822909042376
337822909053542	337822923357051	337822918052001
337822925361376	337822940040384	337822933731959
337822943416042	337822956723717	337822951366209
337822960037751	337822973407050	337822967706084
337822979553834	337822990090383	337822987038417
337822992295334	337823006773716	337822999699042
337823009302709	337823023457049	337823016716667
337823025880376	337823040140382	337823033283792
337823042949209	337823056823715	337823050351626
337823062627209	337823073507048	337823070029334
337823075967459	337823090190381	337823083371917
337823092865292	337823106873714	337823100278792
337823109572126	337823123557047	337823116959959
337823126326709	337823140240380	337823133732709
337823146884626	337823156923713	337823154268167
337823161022667	337823173607046	337823168502751
337823178341959	337823190290379	337823185712417
337823195574876	337823206973712	337823202991834
337823212151042	337823223657045	337823219470917
337823234102126	337823240340378	337823241460501
337823246351292	337823257023711	337823253687001
337823262419209	337823273707044	337823269849084
337823279559334	337823290390377	337823286972959
337823296730042	337823307073710	337823304078084
337823318744209	337823323757043	337823326019667
337823329691501	337823340440376	337823337053042
337823347261792	337823357123709	337823354590834
337823363817543	337823373807042	337823371231918
337823782653543	337823807573700	337823804947751
337823791498126	337823840940366	337823832748126
337823826929084	337823874307032	337823864609876
337823850124418	337823907673698	337823893625918
337823884198793	337823924357031	337823918474334
337823917152876	337823941040364	337823928314668
337823934821209	337823957723697	337823944647168
337823950471376	337823974407030	337823960388959
337823967299543	337823991090363	337823977234043
337823983964418	337824007773696	337823993902793
337824004139834	337824024457029	337824013993793
337824019148584	337824041140362	337824029071793
337824036539209	337824057823695	337824044049709
337824054247918	337824074507028	337824061726251
337824073883001	337824091190361	337824081394043
337824091268251	337824107873694	337824098785918
337824103780085	337824124557027	337824111211793
337824121152960	337824141240360	337824128695251
337824137381668	337824157923693	337824144863668
337824154553335	337824174607026	337824162039793
337824171470168	337824191290359	337824178953376
337824189501626	337824207973692	337824196944835
337824204646793	337824224657025	337824212189501
337824222184918	337824241340358	337824229665126
337824239460043	337824258023691	337824246940376
337824255112626	337824274707024	337824262596126
337824272796043	337824291390357	337824280262751
337824289558293	337824308073690	337824297017085
337824307535668	337824324757023	337824315040626
337824322783168	337824341440356	337824330337668
337824341999751	337824358123689	337824349421960
337824357348501	337824374807022	337824364882876
337824374618043	337824391490355	337824382074751
337824390277001	337824408173688	337824397743918
337824408990710	337824424857021	337824416464043
337824423785418	337824441540354	337824431250501
337824443654251	337824458223687	337824451167793
337824459318710	337824474907020	337824466844710
337824474240418	337824491590353	337824481720876
337824489951460	337824508273686	337824498775543
337824506774710	337824524957019	337824514509043
337824522889376	337824541640352	337824530407793
337824539209543	337824558323685	337824546729876
337824558819876	337824575007018	337824566340001
337824579374668	337824591690351	337824589102418
337824591794793	337824608373684	337824600772793
337824608256751	337824625057017	337824616524001
337824624860001	337824641740350	337824632815626
337824640779543	337824658423683	337824648524751
337824662871251	337824675107016	337824670421668
337824674055168	337824691790349	337824681598835
337824689280293	337824708473682	337824696670918
337824705895960	337824725157015	337824713263918
337824722707751	337824741840348	337824730079585
337824743290835	337824758523681	337824750719835
337824756298377	337824775207014	337824763674710
337824773206710	337824791890347	337824780593293
337824790147877	337824808573680	337824797544502
337824806916668	337824825257013	337824814315502
337824826515210	337824841940346	337824833962835
337824841027043	337824858623679	337824848401877
337824859606918	337824875307012	337824866943377
337824875737918	337824891990345	337824883095085
337824892558627	337824908673678	337824899899085
337824913531002	337824925357011	337824920890960
337824927139543	337824942040344	337824934454627
337824943055543	337824958723677	337824950340335
337824961422293	337824975407010	337824968832377
337824977361377	337824992090343	337824984776210
337824998828627	337825008773676	337825006083335
337825012259085	337825025457009	337825019496418
337825026927960	337825042140342	337825034338460
337825044619793	337825058823675	337825052060710
337825061389293	337825075507008	337825068736710

===
16683333
337822777613126	337822789890387	337822785179001
337822792760417	337822806573720	337822800276834
337822809700626	337822823257053	337822817152417
337822825460501	337822839940386	337822833045251
337822847148459	337822856623719	337822854704709
337822860392751	337822873307052	337822867962959
337822878405542	337822889990385	337822886260626
337822899402501	337822906673718	337822909042376
337822909053542	337822923357051	337822918052001
337822925361376	337822940040384	337822933731959
337822943416042	337822956723717	337822951366209
337822960037751	337822973407050	337822967706084
337822979553834	337822990090383	337822987038417
337822992295334	337823006773716	337822999699042
337823009302709	337823023457049	337823016716667
337823025880376	337823040140382	337823033283792
337823042949209	337823056823715	337823050351626
337823062627209	337823073507048	337823070029334
337823075967459	337823090190381	337823083371917
337823092865292	337823106873714	337823100278792
337823109572126	337823123557047	337823116959959
337823126326709	337823140240380	337823133732709
337823146884626	337823156923713	337823154268167
337823161022667	337823173607046	337823168502751
337823178341959	337823190290379	337823185712417
337823195574876	337823206973712	337823202991834
337823212151042	337823223657045	337823219470917
337823234102126	337823240340378	337823241460501
337823246351292	337823257023711	337823253687001
337823262419209	337823273707044	337823269849084
337823279559334	337823290390377	337823286972959
337823296730042	337823307073710	337823304078084
337823318744209	337823323757043	337823326019667
337823329691501	337823340440376	337823337053042
337823347261792	337823357123709	337823354590834
337823363817543	337823373807042	337823371231918
337823782653543	337823807573700	337823804947751
337823791498126	337823840940366	337823832748126
337823826929084	337823874307032	337823864609876
337823850124418	337823907673698	337823893625918
337823884198793	337823924357031	337823918474334
337823917152876	337823941040364	337823928314668
337823934821209	337823957723697	337823944647168
337823950471376	337823974407030	337823960388959
337823967299543	337823991090363	337823977234043
337823983964418	337824007773696	337823993902793
337824004139834	337824024457029	337824013993793
337824019148584	337824041140362	337824029071793
337824036539209	337824057823695	337824044049709
337824054247918	337824074507028	337824061726251
337824073883001	337824091190361	337824081394043
337824091268251	337824107873694	337824098785918
337824103780085	337824124557027	337824111211793
337824121152960	337824141240360	337824128695251
337824137381668	337824157923693	337824144863668
337824154553335	337824174607026	337824162039793
337824171470168	337824191290359	337824178953376
337824189501626	337824207973692	337824196944835
337824204646793	337824224657025	337824212189501
337824222184918	337824241340358	337824229665126
337824239460043	337824258023691	337824246940376
337824255112626	337824274707024	337824262596126
337824272796043	337824291390357	337824280262751
337824289558293	337824308073690	337824297017085
337824307535668	337824324757023	337824315040626
337824322783168	337824341440356	337824330337668
337824341999751	337824358123689	337824349421960
337824357348501	337824374807022	337824364882876
337824374618043	337824391490355	337824382074751
337824390277001	337824408173688	337824397743918
337824408990710	337824424857021	337824416464043
337824423785418	337824441540354	337824431250501
337824443654251	337824458223687	337824451167793
337824459318710	337824474907020	337824466844710
337824474240418	337824491590353	337824481720876
337824489951460	337824508273686	337824498775543
337824506774710	337824524957019	337824514509043
337824522889376	337824541640352	337824530407793
337824539209543	337824558323685	337824546729876
337824558819876	337824575007018	337824566340001
337824579374668	337824591690351	337824589102418
337824591794793	337824608373684	337824600772793
337824608256751	337824625057017	337824616524001
337824624860001	337824641740350	337824632815626
337824640779543	337824658423683	337824648524751
337824662871251	337824675107016	337824670421668
337824674055168	337824691790349	337824681598835
337824689280293	337824708473682	337824696670918
337824705895960	337824725157015	337824713263918
337824722707751	337824741840348	337824730079585
337824743290835	337824758523681	337824750719835
337824756298377	337824775207014	337824763674710
337824773206710	337824791890347	337824780593293
337824790147877	337824808573680	337824797544502
337824806916668	337824825257013	337824814315502
337824826515210	337824841940346	337824833962835
337824841027043	337824858623679	337824848401877
337824859606918	337824875307012	337824866943377
337824875737918	337824891990345	337824883095085
337824892558627	337824908673678	337824899899085
337824913531002	337824925357011	337824920890960
337824927139543	337824942040344	337824934454627
337824943055543	337824958723677	337824950340335
337824961422293	337824975407010	337824968832377
337824977361377	337824992090343	337824984776210
337824998828627	337825008773676	337825006083335
337825012259085	337825025457009	337825019496418
337825026927960	337825042140342	337825034338460
337825044619793	337825058823675	337825052060710
337825061389293	337825075507008	337825068736710
337825302060210	337825309073670	337825318172960
337825321979377	337825342440336	337825339965377
337825340423793	337825359123669	337825359970877
337825375546627	337825392490335	337825393465335
337825401987002	337825425857001	337825424362043
337825417087960	337825442540334	337825448671419
337825455549585	337825459223667	337825466207919
337825471299919	337825475907000	337825478717335
337825480953419	337825492590333	337825488465377
337825501709835	337825509273666	337825509159877
337825518252502	337825525956999	337825525711502
337825534318210	337825542640332	337825541779794
337825551750669	337825559323665	337825559256585
337825568896085	337825576006998	337825576229002
337825581462002	337825592690331	337825588913710
337825597341335	337825609373664	337825604943877
337825614669835	337825626056997	337825621918752

===
16683333
337822777613126	337822789890387	337822785179001
337822792760417	337822806573720	337822800276834
337822809700626	337822823257053	337822817152417
337822825460501	337822839940386	337822833045251
337822847148459	337822856623719	337822854704709
337822860392751	337822873307052	337822867962959
337822878405542	337822889990385	337822886260626
337822899402501	337822906673718	337822909042376
337822909053542	337822923357051	337822918052001
337822925361376	337822940040384	337822933731959
337822943416042	337822956723717	337822951366209
337822960037751	337822973407050	337822967706084
337822979553834	337822990090383	337822987038417
337822992295334	337823006773716	337822999699042
337823009302709	337823023457049	337823016716667
337823025880376	337823040140382	337823033283792
337823042949209	337823056823715	337823050351626
337823062627209	337823073507048	337823070029334
337823075967459	337823090190381	337823083371917
337823092865292	337823106873714	337823100278792
337823109572126	337823123557047	337823116959959
337823126326709	337823140240380	337823133732709
337823146884626	337823156923713	337823154268167
337823161022667	337823173607046	337823168502751
337823178341959	337823190290379	337823185712417
337823195574876	337823206973712	337823202991834
337823212151042	337823223657045	337823219470917
337823234102126	337823240340378	337823241460501
337823246351292	337823257023711	337823253687001
337823262419209	337823273707044	337823269849084
337823279559334	337823290390377	337823286972959
337823296730042	337823307073710	337823304078084
337823318744209	337823323757043	337823326019667
337823329691501	337823340440376	337823337053042
337823347261792	337823357123709	337823354590834
337823363817543	337823373807042	337823371231918
337823782653543	337823807573700	337823804947751
337823791498126	337823840940366	337823832748126
337823826929084	337823874307032	337823864609876
337823850124418	337823907673698	337823893625918
337823884198793	337823924357031	337823918474334
337823917152876	337823941040364	337823928314668
337823934821209	337823957723697	337823944647168
337823950471376	337823974407030	337823960388959
337823967299543	337823991090363	337823977234043
337823983964418	337824007773696	337823993902793
337824004139834	337824024457029	337824013993793
337824019148584	337824041140362	337824029071793
337824036539209	337824057823695	337824044049709
337824054247918	337824074507028	337824061726251
337824073883001	337824091190361	337824081394043
337824091268251	337824107873694	337824098785918
337824103780085	337824124557027	337824111211793
337824121152960	337824141240360	337824128695251
337824137381668	337824157923693	337824144863668
337824154553335	337824174607026	337824162039793
337824171470168	337824191290359	337824178953376
337824189501626	337824207973692	337824196944835
337824204646793	337824224657025	337824212189501
337824222184918	337824241340358	337824229665126
337824239460043	337824258023691	337824246940376
337824255112626	337824274707024	337824262596126
337824272796043	337824291390357	337824280262751
337824289558293	337824308073690	337824297017085
337824307535668	337824324757023	337824315040626
337824322783168	337824341440356	337824330337668
337824341999751	337824358123689	337824349421960
337824357348501	337824374807022	337824364882876
337824374618043	337824391490355	337824382074751
337824390277001	337824408173688	337824397743918
337824408990710	337824424857021	337824416464043
337824423785418	337824441540354	337824431250501
337824443654251	337824458223687	337824451167793
337824459318710	337824474907020	337824466844710
337824474240418	337824491590353	337824481720876
337824489951460	337824508273686	337824498775543
337824506774710	337824524957019	337824514509043
337824522889376	337824541640352	337824530407793
337824539209543	337824558323685	337824546729876
337824558819876	337824575007018	337824566340001
337824579374668	337824591690351	337824589102418
337824591794793	337824608373684	337824600772793
337824608256751	337824625057017	337824616524001
337824624860001	337824641740350	337824632815626
337824640779543	337824658423683	337824648524751
337824662871251	337824675107016	337824670421668
337824674055168	337824691790349	337824681598835
337824689280293	337824708473682	337824696670918
337824705895960	337824725157015	337824713263918
337824722707751	337824741840348	337824730079585
337824743290835	337824758523681	337824750719835
337824756298377	337824775207014	337824763674710
337824773206710	337824791890347	337824780593293
337824790147877	337824808573680	337824797544502
337824806916668	337824825257013	337824814315502
337824826515210	337824841940346	337824833962835
337824841027043	337824858623679	337824848401877
337824859606918	337824875307012	337824866943377
337824875737918	337824891990345	337824883095085
337824892558627	337824908673678	337824899899085
337824913531002	337824925357011	337824920890960
337824927139543	337824942040344	337824934454627
337824943055543	337824958723677	337824950340335
337824961422293	337824975407010	337824968832377
337824977361377	337824992090343	337824984776210
337824998828627	337825008773676	337825006083335
337825012259085	337825025457009	337825019496418
337825026927960	337825042140342	337825034338460
337825044619793	337825058823675	337825052060710
337825061389293	337825075507008	337825068736710
337825302060210	337825309073670	337825318172960
337825321979377	337825342440336	337825339965377
337825340423793	337825359123669	337825359970877
337825375546627	337825392490335	337825393465335
337825401987002	337825425857001	337825424362043
337825417087960	337825442540334	337825448671419
337825455549585	337825459223667	337825466207919
337825471299919	337825475907000	337825478717335
337825480953419	337825492590333	337825488465377
337825501709835	337825509273666	337825509159877
337825518252502	337825525956999	337825525711502
337825534318210	337825542640332	337825541779794
337825551750669	337825559323665	337825559256585
337825568896085	337825576006998	337825576229002
337825581462002	337825592690331	337825588913710
337825597341335	337825609373664	337825604943877
337825614669835	337825626056997	337825621918752

