16683333
0	0	0
0	0	0
0	0	0
0	0	0
0	0	0
0	0	0
0	0	0
0	0	0
0	0	0
0	0	0
0	0	0
0	0	0
0	0	0
0	0	0
0	0	0
0	0	0
0	0	0
0	0	0
0	0	0
0	0	0
0	0	0
0	0	0
0	0	0
0	0	0
0	0	0
0	0	0
0	0	0
0	0	0
0	0	0
0	0	0
0	0	0
0	0	0
0	0	0
0	0	0
0	0	0
0	0	0
0	0	0
0	0	0
0	0	0
0	0	0
0	0	0
0	0	0
0	0	0
0	0	0
0	0	0
0	0	0
0	0	0
0	0	0
0	0	0
0	0	0
0	0	0
0	0	0
0	0	0
0	0	0
0	0	0
0	0	0
0	0	0
0	0	0
0	0	0
0	0	0
0	0	0
0	0	0
0	0	0
0	0	0
0	0	0
0	0	0
0	0	0
0	0	0
0	0	0
0	0	0
0	0	0
0	0	0
0	0	0
0	0	0
0	0	0
0	0	0
0	0	0
0	0	0
0	0	0
0	0	0
0	0	0
0	0	0
0	0	0
0	0	0
0	0	0
0	0	0
0	0	0
0	0	0
0	0	0
0	0	0
0	0	0
0	0	0
0	0	0
0	0	0
0	0	0
0	0	0
0	0	0
0	0	0
0	0	0
0	0	0
0	0	0
0	0	0
0	0	0
0	0	0
0	0	0
0	0	0
0	0	0
0	0	0
0	0	0
0	0	0
0	0	0
0	0	0
0	0	0
0	0	0
0	0	0
0	0	0
0	0	0
0	0	0
0	0	0
0	0	0
0	0	0
0	0	0
0	0	0
0	0	0
0	0	0
0	0	0
0	0	0

===
16683333
0	0	0
0	0	0
0	0	0
0	0	0
0	0	0
0	0	0
0	0	0
0	0	0
0	0	0
0	0	0
0	0	0
0	0	0
0	0	0
0	0	0
0	0	0
0	0	0
0	0	0
0	0	0
0	0	0
0	0	0
0	0	0
0	0	0
0	0	0
0	0	0
0	0	0
0	0	0
0	0	0
0	0	0
0	0	0
0	0	0
0	0	0
0	0	0
0	0	0
0	0	0
0	0	0
0	0	0
0	0	0
0	0	0
0	0	0
0	0	0
0	0	0
0	0	0
0	0	0
0	0	0
0	0	0
0	0	0
0	0	0
0	0	0
0	0	0
0	0	0
0	0	0
0	0	0
0	0	0
0	0	0
0	0	0
0	0	0
0	0	0
0	0	0
0	0	0
0	0	0
0	0	0
0	0	0
0	0	0
0	0	0
0	0	0
0	0	0
0	0	0
0	0	0
0	0	0
0	0	0
0	0	0
0	0	0
0	0	0
0	0	0
0	0	0
0	0	0
0	0	0
0	0	0
0	0	0
0	0	0
0	0	0
0	0	0
0	0	0
0	0	0
0	0	0
0	0	0
0	0	0
0	0	0
0	0	0
0	0	0
0	0	0
0	0	0
0	0	0
0	0	0
0	0	0
0	0	0
0	0	0
0	0	0
0	0	0
0	0	0
0	0	0
0	0	0
0	0	0
0	0	0
0	0	0
0	0	0
338832981509941	338833001093902	338832997875024
338833015847482	338833034460568	338833034294232
338833040402649	338833067827234	338833054486357
338833058518232	338833084510567	338833064804482
338833092096316	338833101193900	338833099767232
338833109295774	338833117877233	338833116886357
338833121667107	338833134560566	338833129293357
338833132848357	338833151243899	338833140441149
338833148661482	338833167927232	338833156276607
338833165600941	338833184610565	338833173207107
338833181698899	338833201293898	338833189338107
338833198266066	338833217977231	338833205862357
338833214680482	338833234660564	338833222295941
338833232130649	338833251343897	338833239738482
338833245982982	338833268027230	338833253567316
338833262330107	338833284710563	338833269926441
338833281682732	338833301393896	338833289699982
338833297128816	338833318077229	338833304743316
338833313215691	338833334760562	338833320591524
338833973486899	338834002093882	338833995763524
338834010704858	338834018777215	338834018727274

===
16683333
0	0	0
0	0	0
0	0	0
0	0	0
0	0	0
0	0	0
0	0	0
0	0	0
0	0	0
0	0	0
0	0	0
0	0	0
0	0	0
0	0	0
0	0	0
0	0	0
0	0	0
0	0	0
0	0	0
0	0	0
0	0	0
0	0	0
0	0	0
0	0	0
0	0	0
0	0	0
0	0	0
0	0	0
0	0	0
0	0	0
0	0	0
0	0	0
0	0	0
0	0	0
0	0	0
0	0	0
0	0	0
0	0	0
0	0	0
0	0	0
0	0	0
0	0	0
0	0	0
0	0	0
0	0	0
0	0	0
0	0	0
0	0	0
338832981509941	338833001093902	338832997875024
338833015847482	338833034460568	338833034294232
338833040402649	338833067827234	338833054486357
338833058518232	338833084510567	338833064804482
338833092096316	338833101193900	338833099767232
338833109295774	338833117877233	338833116886357
338833121667107	338833134560566	338833129293357
338833132848357	338833151243899	338833140441149
338833148661482	338833167927232	338833156276607
338833165600941	338833184610565	338833173207107
338833181698899	338833201293898	338833189338107
338833198266066	338833217977231	338833205862357
338833214680482	338833234660564	338833222295941
338833232130649	338833251343897	338833239738482
338833245982982	338833268027230	338833253567316
338833262330107	338833284710563	338833269926441
338833281682732	338833301393896	338833289699982
338833297128816	338833318077229	338833304743316
338833313215691	338833334760562	338833320591524
338833973486899	338834002093882	338833995763524
338834010704858	338834018777215	338834018727274
338834039014566	338834052143881	338834047023858
338834068048483	338834068827214	338834076325358
338834091668816	338834102193880	338834100807358
338834118357649	338834135560546	338834129269941
338834136449358	338834152243879	338834147500483
338834164246858	338834168927212	338834175113983
338834183556191	338834185610545	338834194635858
338834202714900	338834218977211	338834213766316
338834220122733	338834235660544	338834231154400
338834246569691	338834252343877	338834257817316
338834264685441	338834269027210	338834275920650
338834282905733	338834285710543	338834293330316
338834300433483	338834302393876	338834305890608
338834315910733	338834319077209	338834321384608
338834332255066	338834335760542	338834337569608
338834346427066	338834352443875	338834351915733
338834362225566	338834369127208	338834367695525
338834382105150	338834385810541	338834387674441
338834400991150	338834402493874	338834406446150
338834419810983	338834419177207	338834425365566
338834438729566	338834435860540	338834444243733
338834461259858	338834469227206	338834468424150
338834473793650	338834485910539	338834479319400
338834515677483	338834519277205	338834521773858
338834542209150	338834535960538	338834548481483
338834634107816	338834636060536	338834640220983
338834652745566	338834652743869	338834658301733
338834679019441	338834686110535	338834685915108
338834695417775	338834702793868	338834702143108
338834717125650	338834719477201	338834723652983
338834735397233	338834736160534	338834741887816
338834749995400	338834752843867	338834756660191
338834773586733	338834769527200	338834778604775
338834790114441	338834786210533	338834795039191
338834806567441	338834802893866	338834811642733
338834823300483	338834819577199	338834828201941
338834839807191	338834836260532	338834844736275
338834855884775	338834852943865	338834860888316
338834869491983	338834869627198	338834874425066
338834885274358	338834902993864	338834890222775
338834901972067	338834919677197	338834906976983
338834918502858	338834936360530	338834923552233
338834940557025	338834953043863	338834945503942
338834958184733	338834969727196	338834963158942
338834978179775	338834986410529	338834983167775
338834989984983	338835003093862	338834994997983
338835006986525	338835019777195	338835012181608
338835023715150	338835036460528	338835029096858
338835039598900	338835053143861	338835045115650
338835053877608	338835069827194	338835059351233
338835164254317	338835169927192	338835169646817
338835178276567	338835186610525	338835183332067
338835193640858	338835203293858	338835198695358
338835205123442	338835219977191	338835210684650
338835215418733	338835236660524	338835221794858
338835231988983	338835253343857	338835238346233
338835251347025	338835270027190	338835257683608
338835264672983	338835286710523	338835270959442

===
16683333
338833232130649	338833251343897	338833239738482
338833245982982	338833268027230	338833253567316
338833262330107	338833284710563	338833269926441
338833281682732	338833301393896	338833289699982
338833297128816	338833318077229	338833304743316
338833313215691	338833334760562	338833320591524
338833973486899	338834002093882	338833995763524
338834010704858	338834018777215	338834018727274
338834039014566	338834052143881	338834047023858
338834068048483	338834068827214	338834076325358
338834091668816	338834102193880	338834100807358
338834118357649	338834135560546	338834129269941
338834136449358	338834152243879	338834147500483
338834164246858	338834168927212	338834175113983
338834183556191	338834185610545	338834194635858
338834202714900	338834218977211	338834213766316
338834220122733	338834235660544	338834231154400
338834246569691	338834252343877	338834257817316
338834264685441	338834269027210	338834275920650
338834282905733	338834285710543	338834293330316
338834300433483	338834302393876	338834305890608
338834315910733	338834319077209	338834321384608
338834332255066	338834335760542	338834337569608
338834346427066	338834352443875	338834351915733
338834362225566	338834369127208	338834367695525
338834382105150	338834385810541	338834387674441
338834400991150	338834402493874	338834406446150
338834419810983	338834419177207	338834425365566
338834438729566	338834435860540	338834444243733
338834461259858	338834469227206	338834468424150
338834473793650	338834485910539	338834479319400
338834515677483	338834519277205	338834521773858
338834542209150	338834535960538	338834548481483
338834634107816	338834636060536	338834640220983
338834652745566	338834652743869	338834658301733
338834679019441	338834686110535	338834685915108
338834695417775	338834702793868	338834702143108
338834717125650	338834719477201	338834723652983
338834735397233	338834736160534	338834741887816
338834749995400	338834752843867	338834756660191
338834773586733	338834769527200	338834778604775
338834790114441	338834786210533	338834795039191
338834806567441	338834802893866	338834811642733
338834823300483	338834819577199	338834828201941
338834839807191	338834836260532	338834844736275
338834855884775	338834852943865	338834860888316
338834869491983	338834869627198	338834874425066
338834885274358	338834902993864	338834890222775
338834901972067	338834919677197	338834906976983
338834918502858	338834936360530	338834923552233
338834940557025	338834953043863	338834945503942
338834958184733	338834969727196	338834963158942
338834978179775	338834986410529	338834983167775
338834989984983	338835003093862	338834994997983
338835006986525	338835019777195	338835012181608
338835023715150	338835036460528	338835029096858
338835039598900	338835053143861	338835045115650
338835053877608	338835069827194	338835059351233
338835164254317	338835169927192	338835169646817
338835178276567	338835186610525	338835183332067
338835193640858	338835203293858	338835198695358
338835205123442	338835219977191	338835210684650
338835215418733	338835236660524	338835221794858
338835231988983	338835253343857	338835238346233
338835251347025	338835270027190	338835257683608
338835264672983	338835286710523	338835270959442
338835283057150	338835303393856	338835289317608
338835302415025	338835320077189	338835309084817
338835315796733	338835336760522	338835320585608
338835332145400	338835353443855	338835336847067
338835348899358	338835370127188	338835353661858
338835365937400	338835386810521	338835370709692
338835382871900	338835403493854	338835387775567
338835399847608	338835420177187	338835404601567
338835416869692	338835436860520	338835421727400
338835434885358	338835453543853	338835439759983
338835450597900	338835470227186	338835455364150
338835467722525	338835486910519	338835472554067
338835487699233	338835503593852	338835492477150
338835515475733	338835520277185	338835520644067
338835540935192	338835553643851	338835546333442
338835557987108	338835570327184	338835563455858
338835667399442	338835670427182	338835674458817
338835682025150	338835687110515	338835688442859
338835699082067	338835703793848	338835705467442
338835710454234	338835720477181	338835716948525
338835721239150	338835737160514	338835727604859
338835735695317	338835753843847	338835740654650
338835752327609	338835770527180	338835757285317
338835769411859	338835787210513	338835774263942
338835785891859	338835803893846	338835790800817
338835802655484	338835820577179	338835807476942
338835819812442	338835837260512	338835824676234
338835836340650	338835853943845	338835841119984
338835853530567	338835870627178	338835858271692
338835870153859	338835887310511	338835874947900
338835888925317	338835903993844	338835893720775
338835904762275	338835920677177	338835909442275
338835921540150	338835937360510	338835926322234
338835939414525	338835954043843	338835944264525
338835967387942	338835970727176	338835972663192
338835987083067	338835987410509	338835992452317
338836003006567	338836004093842	338836008537567
338836101153775	338836104193840	338836106685025
338836115819859	338836120877173	338836120803234
338836127615609	338836137560506	338836132597650
338836139899484	338836154243839	338836144939067
338836155614067	338836170927172	338836160598775
338836172774734	338836187610505	338836177730192
338836189331317	338836204293838	338836194220609
338836206332442	338836220977171	338836211249859
338836223237192	338836237660504	338836228082109
338836240715525	338836254343837	338836245525484
338836256885609	338836271027170	338836261708067
338836273345650	338836287710503	338836278148901
338836290368942	338836304393836	338836295251401
338836306995776	338836321077169	338836311785901
338836324552734	338836337760502	338836329364234
338836340906401	338836354443835	338836345738026
338836358095026	338836371127168	338836362880692
338836375224942	338836387810501	338836380049651
338836392791859	338836404493834	338836397665651
338836410474359	338836421177167	338836415338192
338836431051942	338836437860500	338836435970401
338836457577401	338836454543833	338836462879026
338836476107026	338836487910499	338836481769276
338836492736109	338836504593832	338836499317734

===
16683333
338835251347025	338835270027190	338835257683608
338835264672983	338835286710523	338835270959442
338835283057150	338835303393856	338835289317608
338835302415025	338835320077189	338835309084817
338835315796733	338835336760522	338835320585608
338835332145400	338835353443855	338835336847067
338835348899358	338835370127188	338835353661858
338835365937400	338835386810521	338835370709692
338835382871900	338835403493854	338835387775567
338835399847608	338835420177187	338835404601567
338835416869692	338835436860520	338835421727400
338835434885358	338835453543853	338835439759983
338835450597900	338835470227186	338835455364150
338835467722525	338835486910519	338835472554067
338835487699233	338835503593852	338835492477150
338835515475733	338835520277185	338835520644067
338835540935192	338835553643851	338835546333442
338835557987108	338835570327184	338835563455858
338835667399442	338835670427182	338835674458817
338835682025150	338835687110515	338835688442859
338835699082067	338835703793848	338835705467442
338835710454234	338835720477181	338835716948525
338835721239150	338835737160514	338835727604859
338835735695317	338835753843847	338835740654650
338835752327609	338835770527180	338835757285317
338835769411859	338835787210513	338835774263942
338835785891859	338835803893846	338835790800817
338835802655484	338835820577179	338835807476942
338835819812442	338835837260512	338835824676234
338835836340650	338835853943845	338835841119984
338835853530567	338835870627178	338835858271692
338835870153859	338835887310511	338835874947900
338835888925317	338835903993844	338835893720775
338835904762275	338835920677177	338835909442275
338835921540150	338835937360510	338835926322234
338835939414525	338835954043843	338835944264525
338835967387942	338835970727176	338835972663192
338835987083067	338835987410509	338835992452317
338836003006567	338836004093842	338836008537567
338836101153775	338836104193840	338836106685025
338836115819859	338836120877173	338836120803234
338836127615609	338836137560506	338836132597650
338836139899484	338836154243839	338836144939067
338836155614067	338836170927172	338836160598775
338836172774734	338836187610505	338836177730192
338836189331317	338836204293838	338836194220609
338836206332442	338836220977171	338836211249859
338836223237192	338836237660504	338836228082109
338836240715525	338836254343837	338836245525484
338836256885609	338836271027170	338836261708067
338836273345650	338836287710503	338836278148901
338836290368942	338836304393836	338836295251401
338836306995776	338836321077169	338836311785901
338836324552734	338836337760502	338836329364234
338836340906401	338836354443835	338836345738026
338836358095026	338836371127168	338836362880692
338836375224942	338836387810501	338836380049651
338836392791859	338836404493834	338836397665651
338836410474359	338836421177167	338836415338192
338836431051942	338836437860500	338836435970401
338836457577401	338836454543833	338836462879026
338836476107026	338836487910499	338836481769276
338836492736109	338836504593832	338836499317734
338836584523401	338836588010497	338836591562776
338836597891317	338836604693830	338836604637776
338836614638609	338836621377163	338836621003359
338836628062026	338836638060496	338836634448609
338836643258234	338836654743829	338836649603401
338836659372609	338836671427162	338836665601067
338836676054317	338836688110495	338836682289567
338836693026317	338836704793828	338836697847234
338836709542401	338836721477161	338836714393151
338836726345984	338836738160494	338836731167942
338836743102567	338836754843827	338836747908192
338836760269567	338836771527160	338836764994567
338836777224609	338836788210493	338836782043026
338836793644442	338836804893826	338836798438192
338836810659942	338836821577159	338836815481192
338836827696651	338836838260492	338836832475942
338836844206026	338836854943825	338836848905276
338836862461151	338836871627158	338836867181526
338836875999067	338836888310491	338836880997859
338836895244401	338836904993824	338836900035192
338836912119526	338836921677157	338836916861359
338836927560776	338836938360490	338836932270317
338836945819109	338836955043823	338836951009151
338836964607567	338836971727156	338836970123234
338836980827109	338836988410489	338836986411693
338836996963151	338837005093822	338837002479234
338837093676734	338837088510487	338837099015026
338837106376943	338837105193820	338837111410943
338837119116734	338837121877153	338837134170484
338837129215443	338837138560486	338837148724276
338837144923984	338837155243819	338837163109234
338837164813651	338837171927152	338837179426901
338837178955651	338837188610485	338837193886068
338837196360151	338837205293818	338837210987651
338837213269401	338837221977151	338837220086568
338837230262859	338837238660484	338837235047651
338837249030568	338837255343817	338837253818651
338837263482901	338837288710483	338837268306943
338837280487818	338837305393816	338837285275484
338837297403568	338837322077149	338837302238026
338837314012359	338837338760482	338837318836859
338837334227943	338837355443815	338837339075151
338837347865901	338837372127148	338837352643359
338837364880484	338837388810481	338837369580193
338837382797651	338837405493814	338837387652401
338837400900068	338837422177147	338837405450026
338837416158443	338837438860480	338837420929443
338837441475651	338837455543813	338837446788401
338837459900984	338837472227146	338837465199359
338837476387026	338837488910479	338837481862068
338837561229693	338837572327144	338837569296068
338837574612401	338837589010477	338837585272568
338837590400734	338837605693810	338837600990359
338837604131318	338837622377143	338837615044443
338837619858859	338837639060476	338837630548401
338837635078068	338837655743809	338837645630734
338837649712901	338837672427142	338837660184401
338837666620068	338837689110475	338837672421401
338837685285651	338837705793808	338837690151776
338837701598568	338837722477141	338837706413901
338837719779235	338837739160474	338837724195776
338837733950360	338837755843807	338837738738401
338837750475943	338837772527140	338837755251485
338837768566776	338837789210473	338837773925901

===
16683333
338836743102567	338836754843827	338836747908192
338836760269567	338836771527160	338836764994567
338836777224609	338836788210493	338836782043026
338836793644442	338836804893826	338836798438192
338836810659942	338836821577159	338836815481192
338836827696651	338836838260492	338836832475942
338836844206026	338836854943825	338836848905276
338836862461151	338836871627158	338836867181526
338836875999067	338836888310491	338836880997859
338836895244401	338836904993824	338836900035192
338836912119526	338836921677157	338836916861359
338836927560776	338836938360490	338836932270317
338836945819109	338836955043823	338836951009151
338836964607567	338836971727156	338836970123234
338836980827109	338836988410489	338836986411693
338836996963151	338837005093822	338837002479234
338837093676734	338837088510487	338837099015026
338837106376943	338837105193820	338837111410943
338837119116734	338837121877153	338837134170484
338837129215443	338837138560486	338837148724276
338837144923984	338837155243819	338837163109234
338837164813651	338837171927152	338837179426901
338837178955651	338837188610485	338837193886068
338837196360151	338837205293818	338837210987651
338837213269401	338837221977151	338837220086568
338837230262859	338837238660484	338837235047651
338837249030568	338837255343817	338837253818651
338837263482901	338837288710483	338837268306943
338837280487818	338837305393816	338837285275484
338837297403568	338837322077149	338837302238026
338837314012359	338837338760482	338837318836859
338837334227943	338837355443815	338837339075151
338837347865901	338837372127148	338837352643359
338837364880484	338837388810481	338837369580193
338837382797651	338837405493814	338837387652401
338837400900068	338837422177147	338837405450026
338837416158443	338837438860480	338837420929443
338837441475651	338837455543813	338837446788401
338837459900984	338837472227146	338837465199359
338837476387026	338837488910479	338837481862068
338837561229693	338837572327144	338837569296068
338837574612401	338837589010477	338837585272568
338837590400734	338837605693810	338837600990359
338837604131318	338837622377143	338837615044443
338837619858859	338837639060476	338837630548401
338837635078068	338837655743809	338837645630734
338837649712901	338837672427142	338837660184401
338837666620068	338837689110475	338837672421401
338837685285651	338837705793808	338837690151776
338837701598568	338837722477141	338837706413901
338837719779235	338837739160474	338837724195776
338837733950360	338837755843807	338837738738401
338837750475943	338837772527140	338837755251485
338837768566776	338837789210473	338837773925901
338837788657193	338837805893806	338837793514193
338837806111235	338837822577139	338837810918776
338837820214110	338837839260472	338837824868276
338837835790568	338837855943805	338837840552693
338837854566901	338837872627138	338837859297901
338837873062985	338837889310471	338837877777568
338837887753276	338837905993804	338837892552318
338837904511485	338837922677137	338837909320151
338837921477235	338837939360470	338837926165693
338837936517318	338837956043803	338837941305318
338837952694901	338837972727136	338837957458443
338837969518693	338837989410469	338837974289276
338837987076943	338838006093802	338837991898735
338838003586526	338838022777135	338838008349693
338838018562818	338838039460468	338838023413235
338838037882235	338838056143801	338838042652110
338838055559235	338838072827134	338838060312568
338838071710485	338838089510467	338838076474901
338838088977735	338838106193800	338838093775360
338838104133193	338838122877133	338838108917401
338838121935151	338838139560466	338838126706985
338838138909776	338838156243799	338838143671985
338838155536776	338838172927132	338838160309151
338838172179818	338838189610465	338838176887651
338838187623568	338838206293798	338838192436485
338838205892776	338838222977131	338838210664693
338838221732735	338838239660464	338838226540443
338838238009110	338838256343797	338838242813235
338838254962401	338838273027130	338838259722943
338838271779985	338838289710463	338838276526193
338838289335193	338838306393796	338838294149901
338838308915860	338838323077129	338838313747526
338838322905151	338838339760462	338838327752526
338838357611193	338838356443795	338838362364401
338838373702485	338838373127128	338838378503527
338838393452027	338838406493794	338838398411735
338838409728193	338838423177127	338838414783652
338838426122943	338838439860460	338838431364943
338838442917027	338838456543793	338838448293235
338838459770318	338838473227126	338838465172485
338838476383110	338838489910459	338838481734652
338838494157360	338838506593792	338838499595985
338838511217693	338838523277125	338838516707152
338838525813443	338838539960458	338838530774027
338838542487985	338838556643791	338838547379735
338838560131193	338838573327124	338838564988818
338838576134985	338838590010457	338838580912943
338838592878110	338838606693790	338838597639735
338838609786193	338838623377123	338838614534068
338838626754152	338838640060456	338838631494735
338838643150943	338838656743789	338838647833277
338838659545652	338838673427122	338838664278110
338838676528777	338838690110455	338838681266152
338838693072902	338838706793788	338838697813693
338838710178568	338838723477121	338838714960277
338838726756610	338838740160454	338838731569610
338838743630443	338838756843787	338838748354152
338838760362443	338838773527120	338838765126568
338838777386902	338838790210453	338838782198985
338838795684610	338838806893786	338838800635402
338838813833318	338838823577119	338838818612527
338838831293693	338838840260452	338838836189693
338838844568985	338838856943785	338838849356818
338838864703235	338838873627118	338838869664235
338838880341568	338838890310451	338838885488318
338838897280485	338838906993784	338838902477152
338838913486235	338838923677117	338838918810360
338838930578818	338838940360450	338838935640568
338838947277818	338838957043783	338838952625985
338838965493652	338838973727116	338838970853360
338838981765860	338838990410449	338838987235402
338838997371902	338839007093782	338839002355110
338839013569777	338839023777115	338839018502985

===
16683333
338838121935151	338838139560466	338838126706985
338838138909776	338838156243799	338838143671985
338838155536776	338838172927132	338838160309151
338838172179818	338838189610465	338838176887651
338838187623568	338838206293798	338838192436485
338838205892776	338838222977131	338838210664693
338838221732735	338838239660464	338838226540443
338838238009110	338838256343797	338838242813235
338838254962401	338838273027130	338838259722943
338838271779985	338838289710463	338838276526193
338838289335193	338838306393796	338838294149901
338838308915860	338838323077129	338838313747526
338838322905151	338838339760462	338838327752526
338838357611193	338838356443795	338838362364401
338838373702485	338838373127128	338838378503527
338838393452027	338838406493794	338838398411735
338838409728193	338838423177127	338838414783652
338838426122943	338838439860460	338838431364943
338838442917027	338838456543793	338838448293235
338838459770318	338838473227126	338838465172485
338838476383110	338838489910459	338838481734652
338838494157360	338838506593792	338838499595985
338838511217693	338838523277125	338838516707152
338838525813443	338838539960458	338838530774027
338838542487985	338838556643791	338838547379735
338838560131193	338838573327124	338838564988818
338838576134985	338838590010457	338838580912943
338838592878110	338838606693790	338838597639735
338838609786193	338838623377123	338838614534068
338838626754152	338838640060456	338838631494735
338838643150943	338838656743789	338838647833277
338838659545652	338838673427122	338838664278110
338838676528777	338838690110455	338838681266152
338838693072902	338838706793788	338838697813693
338838710178568	338838723477121	338838714960277
338838726756610	338838740160454	338838731569610
338838743630443	338838756843787	338838748354152
338838760362443	338838773527120	338838765126568
338838777386902	338838790210453	338838782198985
338838795684610	338838806893786	338838800635402
338838813833318	338838823577119	338838818612527
338838831293693	338838840260452	338838836189693
338838844568985	338838856943785	338838849356818
338838864703235	338838873627118	338838869664235
338838880341568	338838890310451	338838885488318
338838897280485	338838906993784	338838902477152
338838913486235	338838923677117	338838918810360
338838930578818	338838940360450	338838935640568
338838947277818	338838957043783	338838952625985
338838965493652	338838973727116	338838970853360
338838981765860	338838990410449	338838987235402
338838997371902	338839007093782	338839002355110
338839013569777	338839023777115	338839018502985
338839031519235	338839040460448	338839036463777
338839051185610	338839057143781	338839056046402
338839066024110	338839073827114	338839070858694
338839080560194	338839090510447	338839085422360
338839097333902	338839107193780	338839102046569
338839114026485	338839123877113	338839118743235
338839130105610	338839140560446	338839134887027
338839146676944	338839157243779	338839151395527
338839163642902	338839173927112	338839168385610
338839180452319	338839190610445	338839185524027
338839197355985	338839207293778	338839202084569
338839214482735	338839223977111	338839219312944
338839230992485	338839240660444	338839235773777
338839250855944	338839257343777	338839255694444
338839267736110	338839274027110	338839272484777
338839281416110	338839290710443	338839286198485
338839299362402	338839307393776	338839305019652
338839315348819	338839324077109	338839320108860
338839335064569	338839340760442	338839340031652
338839350792152	338839357443775	338839355884777
338839367091985	338839374127108	338839372299652
338839383916735	338839390810441	338839389203402
338839400670527	338839407493774	338839405929402
338839417908944	338839424177107	338839423013194
338839435451777	338839440860440	338839440794985
338839451962735	338839457543773	338839457436444
338839467331069	338839474227106	338839472296527
338839481462735	338839490910439	338839486329194
338839499878402	338839507593772	338839504728860
338839517160402	338839524277105	338839522041860
338839531824735	338839540960438	338839536635235
338839548612360	338839557643771	338839553336902
338839565443819	338839574327104	338839570117694
338839586177485	338839591010437	338839590964860
338839600555860	338839607693770	338839605308652
338839615244944	338839624377103	338839619974819
338839632140485	338839641060436	338839636810527
338839649352110	338839657743769	338839654087402
338839668332360	338839674427102	338839673177027
338839684688485	338839691110435	338839689460027
338839701114319	338839724477101	338839705889319
338839715957694	338839741160434	338839720737069
338839733301360	338839757843767	338839738163777
338839754022902	338839774527100	338839758820569
338839771849444	338839791210433	338839776644777
338839785608236	338839807893766	338839790398944
338839803407736	338839824577099	338839808380111
338839819543652	338839841260432	338839824762944
338839837417361	338839857943765	338839842693486
338839854250861	338839874627098	338839859521361
338839867150069	338839891310431	338839872384694
338839887536194	338839907993764	338839892910152
338839904631611	338839924677097	338839909999652
338839922147236	338839941360430	338839927597944
338839937171902	338839958043763	338839942319652
338839951568944	338839974727096	338839956528694
338839970480777	338839991410429	338839975400319
338839987832652	338840008093762	338839992644777
338840004526194	338840024777095	338840009274111
338840021514111	338840041460428	338840026256569
338840035718819	338840058143761	338840040441486
338840052347361	338840074827094	338840057061944
338840068738402	338840091510427	338840073452902
338840088834694	338840108193760	338840093614194
338840105298736	338840124877093	338840110045902
338840120631986	338840141560426	338840125404069
338840136852694	338840158243759	338840141616861
338840153772277	338840174927092	338840158526902
338840172330402	338840191610425	338840177108486
338840188977652	338840208293758	338840193745902
338840204544819	338840224977091	338840209395444
338840221660486	338840241660424	338840226501736
338840239838486	338840258343757	338840244698652
338840254853986	338840275027090	338840259742861

===
16683333
338839335064569	338839340760442	338839340031652
338839350792152	338839357443775	338839355884777
338839367091985	338839374127108	338839372299652
338839383916735	338839390810441	338839389203402
338839400670527	338839407493774	338839405929402
338839417908944	338839424177107	338839423013194
338839435451777	338839440860440	338839440794985
338839451962735	338839457543773	338839457436444
338839467331069	338839474227106	338839472296527
338839481462735	338839490910439	338839486329194
338839499878402	338839507593772	338839504728860
338839517160402	338839524277105	338839522041860
338839531824735	338839540960438	338839536635235
338839548612360	338839557643771	338839553336902
338839565443819	338839574327104	338839570117694
338839586177485	338839591010437	338839590964860
338839600555860	338839607693770	338839605308652
338839615244944	338839624377103	338839619974819
338839632140485	338839641060436	338839636810527
338839649352110	338839657743769	338839654087402
338839668332360	338839674427102	338839673177027
338839684688485	338839691110435	338839689460027
338839701114319	338839724477101	338839705889319
338839715957694	338839741160434	338839720737069
338839733301360	338839757843767	338839738163777
338839754022902	338839774527100	338839758820569
338839771849444	338839791210433	338839776644777
338839785608236	338839807893766	338839790398944
338839803407736	338839824577099	338839808380111
338839819543652	338839841260432	338839824762944
338839837417361	338839857943765	338839842693486
338839854250861	338839874627098	338839859521361
338839867150069	338839891310431	338839872384694
338839887536194	338839907993764	338839892910152
338839904631611	338839924677097	338839909999652
338839922147236	338839941360430	338839927597944
338839937171902	338839958043763	338839942319652
338839951568944	338839974727096	338839956528694
338839970480777	338839991410429	338839975400319
338839987832652	338840008093762	338839992644777
338840004526194	338840024777095	338840009274111
338840021514111	338840041460428	338840026256569
338840035718819	338840058143761	338840040441486
338840052347361	338840074827094	338840057061944
338840068738402	338840091510427	338840073452902
338840088834694	338840108193760	338840093614194
338840105298736	338840124877093	338840110045902
338840120631986	338840141560426	338840125404069
338840136852694	338840158243759	338840141616861
338840153772277	338840174927092	338840158526902
338840172330402	338840191610425	338840177108486
338840188977652	338840208293758	338840193745902
338840204544819	338840224977091	338840209395444
338840221660486	338840241660424	338840226501736
338840239838486	338840258343757	338840244698652
338840254853986	338840275027090	338840259742861
338840272387736	338840291710423	338840277363902
338840299541319	338840308393756	338840304558319
338840315424652	338840325077089	338840320826611
338840325720236	338840341760422	338840331017736
338840338187027	338840358443755	338840343390027
338840355074027	338840375127088	338840360329902
338840373798736	338840391810421	338840379203194
338840388770402	338840408493754	338840394214944
338840405129944	338840425177087	338840410082777
338840422232402	338840441860420	338840427174444
338840438778527	338840458543753	338840443687819
338840458237444	338840475227086	338840463118777
338840472354903	338840491910419	338840477118236
338840489150486	338840508593752	338840493902486
338840505797528	338840525277085	338840510524028
338840522540153	338840541960418	338840527255319
338840539156528	338840558643751	338840543845319
338840556068236	338840575327084	338840560743944
338840573028944	338840592010417	338840577744486
338840590113819	338840608693750	338840594829528
338840606914736	338840625377083	338840611669153
338840624431528	338840642060416	338840629178403
338840640798986	338840658743749	338840645565278
338840657870111	338840675427082	338840662637403
338840675259944	338840692110415	338840680063694
338840692230986	338840708793748	338840697014361
338840709612361	338840725477081	338840714464944
338840725966778	338840742160414	338840730743528
338840741502111	338840758843747	338840746464611
338840757985694	338840775527080	338840763104444
338840778669486	338840792210413	338840783673236
338840792744694	338840808893746	338840798002194
338840808209569	338840825577079	338840813407361
338840824942028	338840842260412	338840830185611
338840842328194	338840858943745	338840847742028
338840862732111	338840875627078	338840868167944
338840877962361	338840892310411	338840882920236
338840893210153	338840908993744	338840897701736
338840910579194	338840925677077	338840915450653
338840926643736	338840942360410	338840931447778
338840943139278	338840959043743	338840947910153
338840960350361	338840975727076	338840965049486
338840976832736	338840992410409	338840981467694
338840993346403	338841009093742	338840998100861
338841018576694	338841025777075	338841023401028
338841035333819	338841042460408	338841040174153
338841050866903	338841059143741	338841055801778
338841066970486	338841075827074	338841071832903
338841082911194	338841092510407	338841087840944
338841098503903	338841109193740	338841103407361
338841114935944	338841125877073	338841119850444
338841133318361	338841142560406	338841138249653
338841151258903	338841159243739	338841156367569
338841169415736	338841175927072	338841174444028
338841187503903	338841192610405	338841192446695
338841200792486	338841209293738	338841205759445
338841225960486	338841225977071	338841231136986
338841246823070	338841242660404	338841252253361
338841266414070	338841276027070	338841272137320
338841287610986	338841292710403	338841293484736
338841311446445	338841309393736	338841317321111
338841330839236	338841342760402	338841336844528
338841352703653	338841359443735	338841358912695
338841371984903	338841376127068	338841377627236
338841390946028	338841392810401	338841396598445
338841410782320	338841409493734	338841416356111
338841429194778	338841426177067	338841434773070
338841447534195	338841442860400	338841453174695
338841466401861	338841476227066	338841471908361
338841485417361	338841492910399	338841490924153
338841504122403	338841509593732	338841509698361

===
16683333
338840338187027	338840358443755	338840343390027
338840355074027	338840375127088	338840360329902
338840373798736	338840391810421	338840379203194
338840388770402	338840408493754	338840394214944
338840405129944	338840425177087	338840410082777
338840422232402	338840441860420	338840427174444
338840438778527	338840458543753	338840443687819
338840458237444	338840475227086	338840463118777
338840472354903	338840491910419	338840477118236
338840489150486	338840508593752	338840493902486
338840505797528	338840525277085	338840510524028
338840522540153	338840541960418	338840527255319
338840539156528	338840558643751	338840543845319
338840556068236	338840575327084	338840560743944
338840573028944	338840592010417	338840577744486
338840590113819	338840608693750	338840594829528
338840606914736	338840625377083	338840611669153
338840624431528	338840642060416	338840629178403
338840640798986	338840658743749	338840645565278
338840657870111	338840675427082	338840662637403
338840675259944	338840692110415	338840680063694
338840692230986	338840708793748	338840697014361
338840709612361	338840725477081	338840714464944
338840725966778	338840742160414	338840730743528
338840741502111	338840758843747	338840746464611
338840757985694	338840775527080	338840763104444
338840778669486	338840792210413	338840783673236
338840792744694	338840808893746	338840798002194
338840808209569	338840825577079	338840813407361
338840824942028	338840842260412	338840830185611
338840842328194	338840858943745	338840847742028
338840862732111	338840875627078	338840868167944
338840877962361	338840892310411	338840882920236
338840893210153	338840908993744	338840897701736
338840910579194	338840925677077	338840915450653
338840926643736	338840942360410	338840931447778
338840943139278	338840959043743	338840947910153
338840960350361	338840975727076	338840965049486
338840976832736	338840992410409	338840981467694
338840993346403	338841009093742	338840998100861
338841018576694	338841025777075	338841023401028
338841035333819	338841042460408	338841040174153
338841050866903	338841059143741	338841055801778
338841066970486	338841075827074	338841071832903
338841082911194	338841092510407	338841087840944
338841098503903	338841109193740	338841103407361
338841114935944	338841125877073	338841119850444
338841133318361	338841142560406	338841138249653
338841151258903	338841159243739	338841156367569
338841169415736	338841175927072	338841174444028
338841187503903	338841192610405	338841192446695
338841200792486	338841209293738	338841205759445
338841225960486	338841225977071	338841231136986
338841246823070	338841242660404	338841252253361
338841266414070	338841276027070	338841272137320
338841287610986	338841292710403	338841293484736
338841311446445	338841309393736	338841317321111
338841330839236	338841342760402	338841336844528
338841352703653	338841359443735	338841358912695
338841371984903	338841376127068	338841377627236
338841390946028	338841392810401	338841396598445
338841410782320	338841409493734	338841416356111
338841429194778	338841426177067	338841434773070
338841447534195	338841442860400	338841453174695
338841466401861	338841476227066	338841471908361
338841485417361	338841492910399	338841490924153
338841504122403	338841509593732	338841509698361
338841525582861	338841526277065	338841531168361
338841547428736	338841542960398	338841552957486
338841567434903	338841576327064	338841572909028
338841586834153	338841593010397	338841592310320
338841607139861	338841609693730	338841613168111
338841628612153	338841626377063	338841634083820
338841645937111	338841643060396	338841651423320
338841665339236	338841659743729	338841670800195
338841685930195	338841693110395	338841691183320
338841699647653	338841709793728	338841705291695
338841730683653	338841743160394	338841741985695
338841756434653	338841759843727	338841767594861
338841780439445	338841793210393	338841791596736
338841800894820	338841809893726	338841811713528
338841829018195	338841826577059	338841839722903
338841851581903	338841859943725	338841862048945
338841872261778	338841876627058	338841881677237
338841894655320	338841893310391	338841903853112
338841914316903	338841909993724	338841923509112
338841935876070	338841943360390	338841945139737
338841957507903	338841960043723	338841966665278
338841983197653	338841976727056	338841988640987
338842007991903	338842010093722	338842013941695
338842032353403	338842026777055	338842038750945
338842055491195	338842060143721	338842062997862
338842075512278	338842076827054	338842082835903
338842093614195	338842093510387	338842101024320
338842115549237	338842110193720	338842123188737
338842136233237	338842160243719	338842143789112
338842154385112	338842176927052	338842161937028
338842173280903	338842193610385	338842180886820
338842193566737	338842210293718	338842201132820
338842211023862	338842226977051	338842218629112
338842233722903	338842243660384	338842241318653
338842255064653	338842277027050	338842262639695
338842275570028	338842293710383	338842283232570
338842295216695	338842310393716	338842301212403
338842315507362	338842327077049	338842322873528
338842337162820	338842360443715	338842344508903
338842358997112	338842377127048	338842366398862
338842379758237	338842393810381	338842387145612
338842403003945	338842410493714	338842410389862
338842425184612	338842443860380	338842432423320
338842447000653	338842460543713	338842454365778
338842464436528	338842477227046	338842471802487
338842477070653	338842493910379	338842484431945
338842490542278	338842510593712	338842497932570
338842515687153	338842527277045	338842522990112
338842531295028	338842543960378	338842538619028
338842542504278	338842560643711	338842549823903
338842557554362	338842577327044	338842564862320
338842572514362	338842594010377	338842579880487
338842589833237	338842610693710	338842597195862
338842606767445	338842627377043	338842614187904
338842623335237	338842644060376	338842630742445
338842639500195	338842660743709	338842646859945
338842657216529	338842677427042	338842664570237
338842673407279	338842694110375	338842680765779
338842690595904	338842710793708	338842697965779
338842711477987	338842727477041	338842718861029

===
16683333
338840338187027	338840358443755	338840343390027
338840355074027	338840375127088	338840360329902
338840373798736	338840391810421	338840379203194
338840388770402	338840408493754	338840394214944
338840405129944	338840425177087	338840410082777
338840422232402	338840441860420	338840427174444
338840438778527	338840458543753	338840443687819
338840458237444	338840475227086	338840463118777
338840472354903	338840491910419	338840477118236
338840489150486	338840508593752	338840493902486
338840505797528	338840525277085	338840510524028
338840522540153	338840541960418	338840527255319
338840539156528	338840558643751	338840543845319
338840556068236	338840575327084	338840560743944
338840573028944	338840592010417	338840577744486
338840590113819	338840608693750	338840594829528
338840606914736	338840625377083	338840611669153
338840624431528	338840642060416	338840629178403
338840640798986	338840658743749	338840645565278
338840657870111	338840675427082	338840662637403
338840675259944	338840692110415	338840680063694
338840692230986	338840708793748	338840697014361
338840709612361	338840725477081	338840714464944
338840725966778	338840742160414	338840730743528
338840741502111	338840758843747	338840746464611
338840757985694	338840775527080	338840763104444
338840778669486	338840792210413	338840783673236
338840792744694	338840808893746	338840798002194
338840808209569	338840825577079	338840813407361
338840824942028	338840842260412	338840830185611
338840842328194	338840858943745	338840847742028
338840862732111	338840875627078	338840868167944
338840877962361	338840892310411	338840882920236
338840893210153	338840908993744	338840897701736
338840910579194	338840925677077	338840915450653
338840926643736	338840942360410	338840931447778
338840943139278	338840959043743	338840947910153
338840960350361	338840975727076	338840965049486
338840976832736	338840992410409	338840981467694
338840993346403	338841009093742	338840998100861
338841018576694	338841025777075	338841023401028
338841035333819	338841042460408	338841040174153
338841050866903	338841059143741	338841055801778
338841066970486	338841075827074	338841071832903
338841082911194	338841092510407	338841087840944
338841098503903	338841109193740	338841103407361
338841114935944	338841125877073	338841119850444
338841133318361	338841142560406	338841138249653
338841151258903	338841159243739	338841156367569
338841169415736	338841175927072	338841174444028
338841187503903	338841192610405	338841192446695
338841200792486	338841209293738	338841205759445
338841225960486	338841225977071	338841231136986
338841246823070	338841242660404	338841252253361
338841266414070	338841276027070	338841272137320
338841287610986	338841292710403	338841293484736
338841311446445	338841309393736	338841317321111
338841330839236	338841342760402	338841336844528
338841352703653	338841359443735	338841358912695
338841371984903	338841376127068	338841377627236
338841390946028	338841392810401	338841396598445
338841410782320	338841409493734	338841416356111
338841429194778	338841426177067	338841434773070
338841447534195	338841442860400	338841453174695
338841466401861	338841476227066	338841471908361
338841485417361	338841492910399	338841490924153
338841504122403	338841509593732	338841509698361
338841525582861	338841526277065	338841531168361
338841547428736	338841542960398	338841552957486
338841567434903	338841576327064	338841572909028
338841586834153	338841593010397	338841592310320
338841607139861	338841609693730	338841613168111
338841628612153	338841626377063	338841634083820
338841645937111	338841643060396	338841651423320
338841665339236	338841659743729	338841670800195
338841685930195	338841693110395	338841691183320
338841699647653	338841709793728	338841705291695
338841730683653	338841743160394	338841741985695
338841756434653	338841759843727	338841767594861
338841780439445	338841793210393	338841791596736
338841800894820	338841809893726	338841811713528
338841829018195	338841826577059	338841839722903
338841851581903	338841859943725	338841862048945
338841872261778	338841876627058	338841881677237
338841894655320	338841893310391	338841903853112
338841914316903	338841909993724	338841923509112
338841935876070	338841943360390	338841945139737
338841957507903	338841960043723	338841966665278
338841983197653	338841976727056	338841988640987
338842007991903	338842010093722	338842013941695
338842032353403	338842026777055	338842038750945
338842055491195	338842060143721	338842062997862
338842075512278	338842076827054	338842082835903
338842093614195	338842093510387	338842101024320
338842115549237	338842110193720	338842123188737
338842136233237	338842160243719	338842143789112
338842154385112	338842176927052	338842161937028
338842173280903	338842193610385	338842180886820
338842193566737	338842210293718	338842201132820
338842211023862	338842226977051	338842218629112
338842233722903	338842243660384	338842241318653
338842255064653	338842277027050	338842262639695
338842275570028	338842293710383	338842283232570
338842295216695	338842310393716	338842301212403
338842315507362	338842327077049	338842322873528
338842337162820	338842360443715	338842344508903
338842358997112	338842377127048	338842366398862
338842379758237	338842393810381	338842387145612
338842403003945	338842410493714	338842410389862
338842425184612	338842443860380	338842432423320
338842447000653	338842460543713	338842454365778
338842464436528	338842477227046	338842471802487
338842477070653	338842493910379	338842484431945
338842490542278	338842510593712	338842497932570
338842515687153	338842527277045	338842522990112
338842531295028	338842543960378	338842538619028
338842542504278	338842560643711	338842549823903
338842557554362	338842577327044	338842564862320
338842572514362	338842594010377	338842579880487
338842589833237	338842610693710	338842597195862
338842606767445	338842627377043	338842614187904
338842623335237	338842644060376	338842630742445
338842639500195	338842660743709	338842646859945
338842657216529	338842677427042	338842664570237
338842673407279	338842694110375	338842680765779
338842690595904	338842710793708	338842697965779
338842711477987	338842727477041	338842718861029

