Applications Graphics Acceleration Info:
Uptime: 337802519 Realtime: 372476630

** Graphics info for pid 4253 [com.auroratv.lab] **

Stats since: 337788660687109ns
Total frames rendered: 469
Janky frames: 19 (4.05%)
Janky frames (legacy): 197 (42.00%)
50th percentile: 20ms
90th percentile: 32ms
95th percentile: 40ms
99th percentile: 150ms
Number Missed Vsync: 5
Number High input latency: 709
Number Slow UI thread: 11
Number Slow bitmap uploads: 4
Number Slow issue draw commands: 16
Number Frame deadline missed: 19
Number Frame deadline missed (legacy): 19
HISTOGRAM: 5ms=0 6ms=0 7ms=0 8ms=0 9ms=0 10ms=13 11ms=30 12ms=59 13ms=27 14ms=38 15ms=22 16ms=16 17ms=12 18ms=7 19ms=4 20ms=9 21ms=17 22ms=24 23ms=20 24ms=40 25ms=32 26ms=13 27ms=11 28ms=5 29ms=6 30ms=0 31ms=7 32ms=11 34ms=15 36ms=5 38ms=2 40ms=3 42ms=1 44ms=0 46ms=0 48ms=4 53ms=3 57ms=0 61ms=2 65ms=0 69ms=0 73ms=1 77ms=0 81ms=2 85ms=1 89ms=0 93ms=2 97ms=0 101ms=0 105ms=0 109ms=0 113ms=0 117ms=0 121ms=0 125ms=0 129ms=0 133ms=0 150ms=1 200ms=0 250ms=1 300ms=1 350ms=0 400ms=1 450ms=0 500ms=1 550ms=0 600ms=0 650ms=0 700ms=0 750ms=0 800ms=0 850ms=0 900ms=0 950ms=0 1000ms=0 1050ms=0 1100ms=0 1150ms=0 1200ms=0 1250ms=0 1300ms=0 1350ms=0 1400ms=0 1450ms=0 1500ms=0 1550ms=0 1600ms=0 1650ms=0 1700ms=0 1750ms=0 1800ms=0 1850ms=0 1900ms=0 1950ms=0 2000ms=0 2050ms=0 2100ms=0 2150ms=0 2200ms=0 2250ms=0 2300ms=0 2350ms=0 2400ms=0 2450ms=0 2500ms=0 2550ms=0 2600ms=0 2650ms=0 2700ms=0 2750ms=0 2800ms=0 2850ms=0 2900ms=0 2950ms=0 3000ms=0 3050ms=0 3100ms=0 3150ms=0 3200ms=0 3250ms=0 3300ms=0 3350ms=0 3400ms=0 3450ms=0 3500ms=0 3550ms=0 3600ms=0 3650ms=0 3700ms=0 3750ms=0 3800ms=0 3850ms=0 3900ms=0 3950ms=0 4000ms=0 4050ms=0 4100ms=0 4150ms=0 4200ms=0 4250ms=0 4300ms=0 4350ms=0 4400ms=0 4450ms=0 4500ms=0 4550ms=0 4600ms=0 4650ms=0 4700ms=0 4750ms=0 4800ms=0 4850ms=0 4900ms=0 4950ms=0
50th gpu percentile: 6ms
90th gpu percentile: 11ms
95th gpu percentile: 15ms
99th gpu percentile: 25ms
GPU HISTOGRAM: 1ms=0 2ms=0 3ms=0 4ms=0 5ms=13 6ms=278 7ms=6 8ms=95 9ms=18 10ms=8 11ms=8 12ms=10 13ms=0 14ms=1 15ms=11 16ms=2 17ms=7 18ms=0 19ms=0 20ms=2 21ms=0 22ms=2 23ms=2 24ms=1 25ms=1 4950ms=4

Pipeline=Skia (OpenGL)
Memory policy:
  Max surface area: 2073600
  Max resource usage: 99.53MB (x48)
  Background retention: 50% (altUiHidden = true)
  GPU Context timeout: 10
Contexts: 1 (stopped = 0)
CPU Caches:
  Glyph Cache: 1.76 MB (1 entry)
  Glyph Count: 113 
Total CPU memory usage:
  1841661 bytes, 1.76 MB (0.00 bytes is purgeable)
GPU Caches:
  Image:
    Texture: 13.84 MB (50 entries)
  Other:
    Other: 21.55 KB (1 entry)
    Buffer Object: 464.00 bytes (2 entries)
    StencilAttachment: 16.00 KB (1 entry)
  Scratch:
    Texture: 2.04 MB (5 entries)
    RenderTarget: 64.11 MB (144 entries)
    Buffer Object: 78.03 KB (3 entries)
Total GPU memory usage:
  83990656 bytes, 80.10 MB (8.61 MB is purgeable)

Profile data in ms:

	com.auroratv.lab/com.auroratv.MainActivity/android.view.ViewRootImpl@3e5b59a (visibility=0)
Window: com.auroratv.lab/com.auroratv.MainActivity
Stats since: 337788660686484ns
Total frames rendered: 469
Janky frames: 19 (4.05%)
Janky frames (legacy): 197 (42.00%)
50th percentile: 20ms
90th percentile: 32ms
95th percentile: 40ms
99th percentile: 150ms
Number Missed Vsync: 5
Number High input latency: 709
Number Slow UI thread: 11
Number Slow bitmap uploads: 4
Number Slow issue draw commands: 16
Number Frame deadline missed: 19
Number Frame deadline missed (legacy): 19
HISTOGRAM: 5ms=0 6ms=0 7ms=0 8ms=0 9ms=0 10ms=13 11ms=30 12ms=59 13ms=27 14ms=38 15ms=22 16ms=16 17ms=12 18ms=7 19ms=4 20ms=9 21ms=17 22ms=24 23ms=20 24ms=40 25ms=32 26ms=13 27ms=11 28ms=5 29ms=6 30ms=0 31ms=7 32ms=11 34ms=15 36ms=5 38ms=2 40ms=3 42ms=1 44ms=0 46ms=0 48ms=4 53ms=3 57ms=0 61ms=2 65ms=0 69ms=0 73ms=1 77ms=0 81ms=2 85ms=1 89ms=0 93ms=2 97ms=0 101ms=0 105ms=0 109ms=0 113ms=0 117ms=0 121ms=0 125ms=0 129ms=0 133ms=0 150ms=1 200ms=0 250ms=1 300ms=1 350ms=0 400ms=1 450ms=0 500ms=1 550ms=0 600ms=0 650ms=0 700ms=0 750ms=0 800ms=0 850ms=0 900ms=0 950ms=0 1000ms=0 1050ms=0 1100ms=0 1150ms=0 1200ms=0 1250ms=0 1300ms=0 1350ms=0 1400ms=0 1450ms=0 1500ms=0 1550ms=0 1600ms=0 1650ms=0 1700ms=0 1750ms=0 1800ms=0 1850ms=0 1900ms=0 1950ms=0 2000ms=0 2050ms=0 2100ms=0 2150ms=0 2200ms=0 2250ms=0 2300ms=0 2350ms=0 2400ms=0 2450ms=0 2500ms=0 2550ms=0 2600ms=0 2650ms=0 2700ms=0 2750ms=0 2800ms=0 2850ms=0 2900ms=0 2950ms=0 3000ms=0 3050ms=0 3100ms=0 3150ms=0 3200ms=0 3250ms=0 3300ms=0 3350ms=0 3400ms=0 3450ms=0 3500ms=0 3550ms=0 3600ms=0 3650ms=0 3700ms=0 3750ms=0 3800ms=0 3850ms=0 3900ms=0 3950ms=0 4000ms=0 4050ms=0 4100ms=0 4150ms=0 4200ms=0 4250ms=0 4300ms=0 4350ms=0 4400ms=0 4450ms=0 4500ms=0 4550ms=0 4600ms=0 4650ms=0 4700ms=0 4750ms=0 4800ms=0 4850ms=0 4900ms=0 4950ms=0
50th gpu percentile: 6ms
90th gpu percentile: 11ms
95th gpu percentile: 15ms
99th gpu percentile: 25ms
GPU HISTOGRAM: 1ms=0 2ms=0 3ms=0 4ms=0 5ms=13 6ms=278 7ms=6 8ms=95 9ms=18 10ms=8 11ms=8 12ms=10 13ms=0 14ms=1 15ms=11 16ms=2 17ms=7 18ms=0 19ms=0 20ms=2 21ms=0 22ms=2 23ms=2 24ms=1 25ms=1 4950ms=4



---PROFILEDATA---
Flags,FrameTimelineVsyncId,IntendedVsync,Vsync,InputEventId,HandleInputStart,AnimationStart,PerformTraversalsStart,DrawStart,FrameDeadline,FrameInterval,FrameStartTime,SyncQueued,SyncStart,IssueDrawCommandsStart,SwapBuffers,FrameCompleted,DequeueBufferDuration,QueueBufferDuration,GpuCompleted,SwapBuffersCompleted,DisplayPresentTime,CommandSubmissionCompleted,
0,116993343,337797767368084,337797767368084,0,337797767764030,337797767765530,337797768188697,337797768367364,337797802850959,337797767756239,16799542,337797768665614,337797768762780,337797769556614,337797775517405,337797780716947,1254042,676416,337797780716947,337797776583239,-1,337797775517405,
0,116993351,337797784167626,337797784167626,0,337797784586030,337797784587655,337797784979697,337797785163280,337797819650501,337797784578780,16799542,337797785382655,337797785546530,337797786269114,337797792506447,337797797734655,1607292,320834,337797797734655,337797793218155,-1,337797792506447,
0,116993359,337797800967168,337797800967168,-81663554,337797802464572,337797802466447,337797803008947,337797803203572,337797836450043,337797802458530,16799542,337797812200405,337797812337114,337797813068905,337797817465947,337797822661239,22000,716792,337797822661239,337797818563655,-1,337797817465947,
0,116993367,337797817766710,337797817766710,-857576782,337797818106947,337797818108489,337797819327155,337797819542947,337797853249585,337797818099739,16799542,337797821368447,337797821687489,337797822490364,337797830963489,337797836370989,24458,404250,337797836370989,337797831714905,-1,337797830963489,
0,116993375,337797834566252,337797834566252,0,337797834950030,337797834951655,337797835926697,337797836125572,337797870049127,337797834942322,16799542,337797839571030,337797839671780,337797840564114,337797845702864,337797851062947,19458,293250,337797851062947,337797846298822,-1,337797845702864,
0,116993383,337797851365794,337797851365794,0,337797851635280,337797851636739,337797852568822,337797852738405,337797886848669,337797851629489,16799542,337797854048280,337797854145655,337797854760364,337797860606197,337797866045739,178416,328667,337797866045739,337797861264405,-1,337797860606197,
0,116993391,337797868165336,337797868165336,0,337797868439280,337797868440780,337797869247739,337797869404947,337797903648211,337797868433030,16799542,337797870685447,337797870781572,337797871316072,337797877002155,337797882480739,407834,291500,337797882480739,337797877596405,-1,337797877002155,
0,116993399,337797884964878,337797884964878,0,337797885275530,337797885276905,337797886069530,337797886293655,337797920447753,337797885269655,16799542,337797887627197,337797887722530,337797888313072,337797893875947,337797899314905,182625,297584,337797899314905,337797894473864,-1,337797893875947,
0,116993407,337797901764420,337797901764420,0,337797902044572,337797902046155,337797902841947,337797902988739,337797937247295,337797902039239,16799542,337797904076030,337797904165364,337797904696405,337797911183030,337797916728822,590250,589958,337797916728822,337797912229530,-1,337797911183030,
0,116993415,337797918563962,337797918563962,0,337797918827614,337797918828989,337797919655614,337797919802864,337797954046837,337797918821822,16799542,337797920839072,337797920923864,337797921451155,337797927582322,337797933054989,618667,323000,337797933054989,337797928199697,-1,337797927582322,
0,116993423,337797935363504,337797935363504,0,337797935642364,337797935643739,337797936556239,337797936703780,337797970846379,337797935636530,16799542,337797937762947,337797937852655,337797938569655,337797942457947,337797947999197,274167,309667,337797947999197,337797943092905,-1,337797942457947,
0,116993431,337797952163046,337797952163046,0,337797952441364,337797952442739,337797953235405,337797953382114,337797987645921,337797952435864,16799542,337797954514322,337797954601905,337797955128072,337797959075155,337797964150322,622542,296041,337797964150322,337797959676572,-1,337797959075155,
0,116993439,337797968962588,337797968962588,0,337797969228530,337797969230072,337797970052280,337797970199530,337798004445463,337797969222780,16799542,337797971187489,337797971276114,337797971807989,337797975669530,337797980751697,740875,325750,337797980751697,337797976304780,-1,337797975669530,
0,116993447,337797985762130,337797985762130,0,337797986027864,337797986029280,337797986746822,337797986894197,337798021245005,337797986021697,16799542,337797987925489,337797989071780,337797989563489,337797992748155,337797997877905,18125,288792,337797997877905,337797993338405,-1,337797992748155,
0,116993455,337798002561672,337798002561672,0,337798002826864,337798002828280,337798003597905,337798003765364,337798038044547,337798002820780,16799542,337798004060405,337798004143739,337798005852489,337798009189322,337798014279364,86291,292834,337798014279364,337798009785239,-1,337798009189322,
0,116993463,337798019361214,337798019361214,0,337798019613239,337798019614822,337798020306905,337798020515405,337798054844089,337798019607739,16799542,337798021439780,337798022568322,337798023061947,337798026207322,337798031271864,17375,293375,337798031271864,337798026802655,-1,337798026207322,
0,116993471,337798036160756,337798036160756,0,337798036437322,337798036438780,337798036891489,337798037043405,337798071643631,337798036431822,16799542,337798037246280,337798037328030,337798037759780,337798042805364,337798047879697,1853125,289708,337798047879697,337798043398864,-1,337798042805364,
0,116993479,337798052960298,337798052960298,0,337798053211614,337798053213280,337798053820322,337798053959489,337798088443173,337798053206405,16799542,337798054115447,337798054198364,337798054616114,337798059494364,337798064553655,1679000,331375,337798064553655,337798060129114,-1,337798059494364,
0,116993487,337798069759840,337798069759840,0,337798070019739,337798070021280,337798070429447,337798070577447,337798105242715,337798070013780,16799542,337798070703072,337798070786322,337798071201114,337798076376864,337798081419864,1906166,282292,337798081419864,337798076959030,-1,337798076376864,
0,116993495,337798086559382,337798086559382,0,337798086809905,337798086811489,337798087154905,337798087301864,337798122042257,337798086804697,16799542,337798087345155,337798087430197,337798087838822,337798093035572,337798098086905,2000917,324667,337798098086905,337798093665322,-1,337798093035572,
0,116993503,337798103358924,337798103358924,0,337798103617405,337798103618905,337798104139614,337798104291530,337798138841799,337798103611905,16799542,337798104338155,337798104422072,337798104837947,337798110015155,337798115071030,1884208,290250,337798115071030,337798110619947,-1,337798110015155,
0,116993511,337798120158466,337798120158466,0,337798120619697,337798120621864,337798121300947,337798121506780,337798155641341,337798120610030,16799542,337798121563280,337798121691447,337798124151572,337798129298030,337798134412239,22417,376500,337798134412239,337798130082530,-1,337798129298030,
0,116993519,337798136958008,337798136958008,0,337798137422239,337798137424489,337798137991572,337798138213405,337798172440883,337798137413114,16799542,337798138391864,337798138536864,337798141158905,337798146718405,337798151856947,23916,768208,337798151856947,337798147944197,-1,337798146718405,
0,116993527,337798153757550,337798153757550,0,337798154090530,337798154092239,337798154556239,337798154742530,337798189240425,337798154083947,16799542,337798154794864,337798154906780,337798155484447,337798161925822,337798167091572,2219334,625083,337798167091572,337798162934405,-1,337798161925822,
0,116993535,337798170557092,337798170557092,0,337798170960364,337798170962114,337798171600614,337798171836489,337798206039967,337798170953364,16799542,337798172162697,337798172278197,337798174168405,337798178026322,337798183200405,20458,560167,337798183200405,337798178945572,-1,337798178026322,
0,116993543,337798187356634,337798187356634,-231519388,337798187695697,337798187697947,337798188312031,337798188528447,337798222839509,337798187687947,16799542,337798190090572,337798190197947,337798191067281,337798196172864,337798201267781,18417,362667,337798201267781,337798196917406,-1,337798196172864,
0,116993551,337798204156176,337798204156176,0,337798204473489,337798204475072,337798205111572,337798205280197,337798239639051,337798204467239,16799542,337798221824864,337798221953114,337798222752989,337798228222822,337798233381114,22958,337500,337798233381114,337798228933031,-1,337798228222822,
0,116993559,337798220955718,337798220955718,0,337798223850697,337798223852072,337798225002156,337798225255531,337798256438593,337798223841114,16799542,337798228654197,337798229059114,337798229685072,337798233268989,337798238210239,17375,315541,337798238210239,337798234218947,-1,337798233268989,
0,116993567,337798237755260,337798237755260,0,337798238079364,337798238080947,337798239365239,337798239553489,337798273238135,337798238072781,16799542,337798242427072,337798242544072,337798243984364,337798247443447,337798252481239,20167,553500,337798252481239,337798248317947,-1,337798247443447,
0,116993575,337798254554802,337798254554802,0,337798254818989,337798254820739,337798256059281,337798256221572,337798290037677,337798254813031,16799542,337798258624031,337798258721489,337798260558031,337798264281447,337798269487072,20792,288417,337798269487072,337798264916322,-1,337798264281447,
0,116993583,337798271354344,337798271354344,0,337798271618739,337798271620072,337798272948447,337798273091822,337798306837219,337798271613364,16799542,337798275263906,337798275395114,337798277422989,337798281415072,337798286516406,20625,300084,337798286516406,337798282091114,-1,337798281415072,
0,116993591,337798288153886,337798288153886,0,337798288416364,337798288417781,337798289223822,337798289386781,337798323636761,337798288410447,16799542,337798303948906,337798304222947,337798305152322,337798309724656,337798317100072,22625,357167,337798317100072,337798312732156,-1,337798309724656,
0,116993599,337798304953428,337798304953428,0,337798305512906,337798305514364,337798306386989,337798306578739,337798340436303,337798305505739,16799542,337798307962989,337798312886989,337798313503364,337798318273239,337798323504031,21708,432666,337798323504031,337798319108947,-1,337798318273239,
0,116993607,337798321752970,337798321752970,0,337798322135989,337798322137906,337798323047197,337798323235531,337798357235845,337798322129572,16799542,337798325726031,337798325894864,337798327365531,337798332568156,337798337784739,22292,288708,337798337784739,337798333220697,-1,337798332568156,
0,116993615,337798338552512,337798338552512,0,337798338831947,337798338833281,337798339974614,337798340161489,337798374035387,337798338826114,16799542,337798342367114,337798342544864,337798345236239,337798350598614,337798355809447,20000,289833,337798355809447,337798351206572,-1,337798350598614,
0,116993623,337798355352054,337798355352054,0,337798355635072,337798355636947,337798356995239,337798357181239,337798390834929,337798355629072,16799542,337798358809739,337798358960989,337798360363739,337798364914656,337798370058572,20667,306125,337798370058572,337798365546072,-1,337798364914656,
0,116993631,337798372151596,337798372151596,0,337798372426489,337798372427989,337798372822031,337798372988614,337798407634471,337798372407822,16799542,337798374134322,337798374265572,337798374912031,337798379633239,337798384758822,676584,330958,337798384758822,337798380273781,-1,337798379633239,
0,116993639,337798388951138,337798388951138,0,337798389278239,337798389279864,337798390114114,337798390269906,337798424434013,337798389271489,16799542,337798391460031,337798392321822,337798392948531,337798396868572,337798402062197,21042,553042,337798402062197,337798397750906,-1,337798396868572,
0,116993647,337798405750680,337798405750680,0,337798406107031,337798406108614,337798406701906,337798406866989,337798441233555,337798406099781,16799542,337798409482114,337798409589239,337798410590364,337798415347031,337798420569072,22459,328958,337798420569072,337798416073656,-1,337798415347031,
0,116993655,337798422550222,337798422550222,0,337798422867197,337798422868781,337798423461947,337798423624364,337798458033097,337798422861239,16799542,337798423893406,337798424024989,337798424609697,337798430095656,337798435244197,1586792,319250,337798435244197,337798430736781,-1,337798430095656,
0,116993663,337798439349764,337798439349764,0,337798439618156,337798439619572,337798440215906,337798440360447,337798474832639,337798439612322,16799542,337798440505947,337798440600072,337798441328239,337798446485781,337798451647531,1306833,310708,337798451647531,337798447139281,-1,337798446485781,
0,116993671,337798456149306,337798456149306,0,337798456414614,337798456416031,337798456817614,337798456971114,337798491632181,337798456408989,16799542,337798457103906,337798457225989,337798457742572,337798463311822,337798468425156,1765750,324167,337798468425156,337798463942489,-1,337798463311822,
0,116993821,337798808939688,337798808939688,-60664998,337798809297197,337798809298656,337798809860031,337798810055947,337798827623021,337798809290822,16799542,337798810476906,337798810607614,337798811332239,337798815873406,337798830683614,23083,656750,337798830683614,337798816910197,-1,337798815873406,
0,116993828,337798825739230,337798825739230,0,337798826026531,337798826028281,337798826442114,337798826604572,337798861222105,337798826021031,16799542,337798826657447,337798826760781,337798827392322,337798832233697,337798848659864,17250,724500,337798848659864,337798833275364,-1,337798832233697,
0,116993836,337798842538772,337798842538772,0,337798842789822,337798842791322,337798843168739,337798843323531,337798878021647,337798842783947,16799542,337798843565614,337798843667031,337798844323281,337798850272906,337798866616656,1823041,295500,337798866616656,337798850908197,-1,337798850272906,
0,116993844,337798859338314,337798859338314,0,337798859638989,337798859640489,337798860181156,337798860347406,337798894821189,337798859632739,16799542,337798860545947,337798860643656,337798861351822,337798867050489,337798883432739,1471708,305875,337798883432739,337798867654697,-1,337798867050489,
0,116993852,337798876137856,337798876137856,0,337798876474531,337798876476031,337798876967614,337798877139156,337798911620731,337798876468489,16799542,337798877349489,337798877458656,337798878222656,337798884069114,337798900522406,1458000,304083,337798900522406,337798884715031,-1,337798884069114,
0,116993860,337798892937398,337798892937398,0,337798893252781,337798893254114,337798893640114,337798893870114,337798928420273,337798893246198,16799542,337798894061948,337798894153448,337798894753531,337798901250906,337798917510656,1821667,339125,337798917510656,337798901974739,-1,337798901250906,
0,116993868,337798909736940,337798909736940,0,337798910066239,337798910067823,337798910477656,337798910665573,337798945219815,337798910060073,16799542,337798910874448,337798910966698,337798911834073,337798917988156,337798934210198,1588584,541292,337798934210198,337798918842198,-1,337798917988156,
0,116993876,337798926536482,337798926536482,-668909104,337798926889823,337798926891656,337798927477864,337798927754448,337798962019357,337798926883531,16799542,337798928357198,337798928448906,337798929267406,337798935829989,337798952137489,1254917,315583,337798952137489,337798936655114,-1,337798935829989,
0,116993884,337798943336024,337798943336024,0,337798943644781,337798943646198,337798944261573,337798944431573,337798978818899,337798943638614,16799542,337798944689239,337798944785114,337798946170073,337798954280073,337798964227114,775834,279250,337798964227114,337798954864739,-1,337798954280073,
0,116993892,337798960135566,337798960135566,0,337798960517948,337798960519489,337798961032073,337798961201823,337798995618441,337798960511614,16799542,337798961491823,337798961589281,337798962199739,337798969279281,337798974934614,1478167,291125,337798974934614,337798969868031,-1,337798969279281,
0,116993900,337798976935108,337798976935108,0,337798977217156,337798977218656,337798977759239,337798977920156,337799012417983,337798977210823,16799542,337798978125281,337798978211948,337798978766823,337798986075531,337798991761448,1692084,523083,337798991761448,337798986908073,-1,337798986075531,
0,116993908,337798993734650,337798993734650,0,337798994067281,337798994068656,337798994592989,337798994756239,337799029217525,337798994060864,16799542,337798994958239,337798995049073,337798995605906,337799003369073,337799009144281,1764083,609458,337799009144281,337799004329239,-1,337799003369073,
0,116993916,337799010534192,337799010534192,0,337799010832198,337799010833864,337799011256448,337799011425281,337799046017067,337799010825823,16799542,337799011716948,337799011804239,337799012440323,337799020060573,337799025708906,1597708,549125,337799025708906,337799020977948,-1,337799020060573,
0,116993924,337799027333734,337799027333734,0,337799027612739,337799027614281,337799028174198,337799028354948,337799062816609,337799027606031,16799542,337799028581948,337799028671489,337799029230573,337799037484198,337799043150364,1711375,300333,337799043150364,337799038127323,-1,337799037484198,
0,116993932,337799044133276,337799044133276,-447691712,337799044431406,337799044433239,337799045113698,337799045308948,337799079616151,337799044425573,16799542,337799045827948,337799045931531,337799046680948,337799055358031,337799060987531,1256292,312666,337799060987531,337799056118364,-1,337799055358031,
0,116993940,337799060932818,337799060932818,0,337799061238531,337799061239989,337799061751198,337799061917698,337799096415693,337799061232573,16799542,337799062110656,337799062199823,337799062812239,337799071979614,337799078147573,1664292,584167,337799078147573,337799072920073,-1,337799071979614,
0,116993948,337799077732360,337799077732360,0,337799078052656,337799078054239,337799078512323,337799078669239,337799113215235,337799078047073,16799542,337799079253739,337799079337281,337799079903989,337799087259489,337799092923614,1230958,288375,337799092923614,337799087852156,-1,337799087259489,
0,116993956,337799094531902,337799094531902,0,337799094812906,337799094814489,337799095294906,337799095457698,337799130014777,337799094805989,16799542,337799095657239,337799095742948,337799096388573,337799102011239,337799107711698,1533583,550167,337799107711698,337799102901073,-1,337799102011239,
0,116993964,337799111331444,337799111331444,0,337799111754531,337799111756114,337799112271323,337799112431989,337799146814319,337799111747198,16799542,337799112549948,337799112682198,337799113395156,337799119450281,337799125316323,1374667,396250,337799125316323,337799120288781,-1,337799119450281,
0,116993972,337799128130986,337799128130986,0,337799128470698,337799128472114,337799128956406,337799129143031,337799163613861,337799128464698,16799542,337799129200823,337799129313489,337799129905239,337799136191781,337799141896739,1694166,687708,337799141896739,337799137235323,-1,337799136191781,
0,116993980,337799144930528,337799144930528,-25163886,337799146246823,337799146248364,337799146803281,337799147120156,337799180413403,337799146240406,16799542,337799147547781,337799147679073,337799148775906,337799156126406,337799161759364,21916,601208,337799161759364,337799157156281,-1,337799156126406,
0,116993988,337799161730070,337799161730070,-306094821,337799162045531,337799162047031,337799162577739,337799162781489,337799197212945,337799162039364,16799542,337799162848239,337799162990948,337799163738073,337799176062114,337799182289448,1558958,574958,337799182289448,337799176989489,-1,337799176062114,
0,116993996,337799178529612,337799178529612,0,337799178790656,337799178792198,337799179246364,337799179400948,337799214012487,337799178784406,16799542,337799179459823,337799179564823,337799180237281,337799188449531,337799194601239,1848000,573208,337799194601239,337799189372698,-1,337799188449531,
0,116994004,337799195329154,337799195329154,0,337799195598073,337799195599573,337799196229323,337799196402781,337799230812029,337799195592448,16799542,337799196470281,337799196594781,337799197154364,337799204713698,337799210364531,1415417,621250,337799210364531,337799205674156,-1,337799204713698,
0,116994012,337799212128696,337799212128696,0,337799212423323,337799212425031,337799212936073,337799213091406,337799247611571,337799212417781,16799542,337799213148114,337799213265031,337799213907531,337799221707364,337799227391448,1540750,644708,337799227391448,337799222715739,-1,337799221707364,
0,116994020,337799228928238,337799228928238,0,337799229263573,337799229264948,337799229743239,337799229894114,337799264411113,337799229257614,16799542,337799229947156,337799230050156,337799230635656,337799238709239,337799244371531,1858791,588375,337799244371531,337799239681864,-1,337799238709239,
0,116994028,337799245727780,337799245727780,0,337799246034281,337799246035739,337799246538656,337799246712114,337799281210655,337799246027864,16799542,337799246847823,337799246955573,337799247539114,337799255427781,337799261077531,1779042,604750,337799261077531,337799256378198,-1,337799255427781,
0,116994036,337799262527322,337799262527322,-1027452574,337799263039489,337799263040864,337799263763739,337799263965781,337799298010197,337799263032739,16799542,337799264675281,337799265940656,337799266571948,337799272217489,337799277829948,21958,531833,337799277829948,337799273093656,-1,337799272217489,
0,116994044,337799279326864,337799279326864,-559160585,337799279613406,337799279614906,337799280224031,337799280511948,337799314809739,337799279607281,16799542,337799280572031,337799280686281,337799281262989,337799288932073,337799295074073,1533833,554791,337799295074073,337799289831573,-1,337799288932073,
0,116994052,337799296126406,337799296126406,0,337799296430531,337799296432073,337799296940031,337799297107948,337799331609281,337799296424864,16799542,337799297173573,337799297289364,337799297862989,337799303465406,337799309216698,1583375,555750,337799309216698,337799304337656,-1,337799303465406,
0,116994060,337799312925948,337799312925948,0,337799313198323,337799313199864,337799313770573,337799313977989,337799348408823,337799313192198,16799542,337799314042823,337799314149781,337799314715364,337799320705739,337799326356614,1594875,288375,337799326356614,337799321306114,-1,337799320705739,
0,116994068,337799329725490,337799329725490,0,337799330003114,337799330004739,337799330542364,337799330696406,337799365208365,337799329997614,16799542,337799330752781,337799330853364,337799331493406,337799337356448,337799343034198,1515042,418083,337799343034198,337799338092864,-1,337799337356448,
0,116994076,337799346525032,337799346525032,0,337799346860739,337799346862031,337799347328948,337799347482073,337799382007907,337799346854448,16799542,337799347537073,337799347646031,337799348245823,337799353681781,337799359310323,1585666,517333,337799359310323,337799354510114,-1,337799353681781,
0,116994084,337799363324574,337799363324574,0,337799363621531,337799363623031,337799364163948,337799364322989,337799398807449,337799363615698,16799542,337799364400364,337799364521823,337799365086989,337799372247781,337799377879698,1579959,528250,337799377879698,337799373120406,-1,337799372247781,
0,116994092,337799380124116,337799380124116,0,337799380400448,337799380402031,337799380932823,337799381089448,337799415606991,337799380394656,16799542,337799381144864,337799381246739,337799381801323,337799387381656,337799393002864,1759500,551083,337799393002864,337799388274448,-1,337799387381656,
0,116994100,337799396923658,337799396923658,0,337799397199198,337799397200698,337799397667114,337799397821281,337799432406533,337799397193573,16799542,337799397919864,337799398020698,337799398616698,337799404345906,337799409972448,1677334,575083,337799409972448,337799405262406,-1,337799404345906,
0,116994108,337799413723200,337799413723200,0,337799413996781,337799413998323,337799414566031,337799414722614,337799449206075,337799413990406,16799542,337799414777406,337799414877739,337799415425364,337799420784448,337799425934323,1611625,520166,337799425934323,337799421625156,-1,337799420784448,
0,116994116,337799430522742,337799430522742,0,337799430794989,337799430796364,337799431343489,337799431521989,337799466005617,337799430789489,16799542,337799431602489,337799431712781,337799432297864,337799437606823,337799442742781,1573583,515333,337799442742781,337799438436323,-1,337799437606823,
0,116994124,337799447322284,337799447322284,0,337799447619573,337799447621031,337799448209156,337799448363281,337799482805159,337799447613698,16799542,337799448413448,337799448511073,337799449023614,337799454476239,337799459624531,1596041,518917,337799459624531,337799455299614,-1,337799454476239,
0,116994132,337799464121826,337799464121826,0,337799464449906,337799464451656,337799464845239,337799464996906,337799499604701,337799464444489,16799542,337799465046781,337799465143239,337799465661614,337799471228739,337799476372739,1795625,561458,337799476372739,337799472099114,-1,337799471228739,
0,116994140,337799480921368,337799480921368,0,337799481193156,337799481194698,337799481740573,337799481888823,337799516404243,337799481187281,16799542,337799481937656,337799482042281,337799482552864,337799487901614,337799493079281,1747958,509875,337799493079281,337799488756781,-1,337799487901614,
0,116994148,337799497720910,337799497720910,0,337799498022698,337799498024239,337799498433823,337799498585864,337799533203785,337799498016739,16799542,337799498636614,337799498733364,337799499264489,337799504848906,337799510007948,1962667,557459,337799510007948,337799505739489,-1,337799504848906,
0,116994156,337799514520452,337799514520452,0,337799514787364,337799514788781,337799515248489,337799515401656,337799550003327,337799514781864,16799542,337799515453489,337799515553239,337799516153281,337799521488531,337799526633698,1680958,542500,337799526633698,337799522347364,-1,337799521488531,
0,116994164,337799531319994,337799531319994,0,337799531621698,337799531623073,337799532071156,337799532227656,337799566802869,337799531616031,16799542,337799532277781,337799532380323,337799532931864,337799538448323,337799543621281,1845250,515625,337799543621281,337799539287781,-1,337799538448323,
0,116994172,337799548119536,337799548119536,0,337799548393823,337799548395364,337799548893823,337799549070114,337799583602411,337799548387448,16799542,337799549124156,337799549232573,337799549774031,337799555104739,337799560249531,1660042,519750,337799560249531,337799555923781,-1,337799555104739,
0,116994180,337799564919078,337799564919078,0,337799565345531,337799565347531,337799566051281,337799566281781,337799600401953,337799565336739,16799542,337799566346239,337799566489364,337799568394323,337799576548781,337799581762031,492167,505250,337799581762031,337799577465948,-1,337799576548781,
0,116994188,337799581718620,337799581718620,0,337799582184448,337799582186531,337799582665365,337799582852365,337799617201495,337799582144781,16799542,337799582911656,337799583059448,337799585843406,337799592885073,337799598133948,708292,707625,337799598133948,337799594035490,-1,337799592885073,
0,116994196,337799598518162,337799598518162,0,337799598900031,337799598901990,337799599455865,337799599654323,337799634001037,337799598891615,16799542,337799599716115,337799599856948,337799600707406,337799608935906,337799614189740,1863917,412958,337799614189740,337799609807948,-1,337799608935906,
0,116994204,337799615317704,337799615317704,0,337799615701406,337799615703656,337799616346656,337799616546490,337799650800579,337799615693198,16799542,337799616609365,337799616771406,337799617537823,337799625234698,337799630489865,1814458,416792,337799630489865,337799626101823,-1,337799625234698,
0,116994212,337799632117246,337799632117246,0,337799632588365,337799632647115,337799633294823,337799633527531,337799667600121,337799632578823,16799542,337799633596406,337799633779531,337799636737406,337799643759906,337799649032490,25167,350042,337799649032490,337799644634615,-1,337799643759906,
0,116994220,337799648916788,337799648916788,0,337799649237281,337799649238865,337799649738615,337799649929156,337799684399663,337799649230031,16799542,337799649991156,337799650115823,337799650700448,337799660065656,337799665363573,1834750,691125,337799665363573,337799661262573,-1,337799660065656,
0,116994228,337799665716330,337799665716330,0,337799666050031,337799666052031,337799666578323,337799666762240,337799701199205,337799666042865,16799542,337799666821573,337799666951948,337799667558365,337799674310198,337799679507615,1853416,677292,337799679507615,337799675382406,-1,337799674310198,
0,116994236,337799682515872,337799682515872,0,337799682900198,337799682901781,337799683350198,337799683532823,337799717998747,337799682893115,16799542,337799683588948,337799683709073,337799684435281,337799691404281,337799696611365,1507250,659750,337799696611365,337799692426531,-1,337799691404281,
0,116994244,337799699315414,337799699315414,0,337799699672073,337799699673865,337799700140240,337799700319156,337799734798289,337799699664615,16799542,337799700375781,337799700504656,337799702725240,337799709249781,337799714441073,199250,765417,337799714441073,337799710403073,-1,337799709249781,
0,116994252,337799716114956,337799716114956,0,337799716499990,337799716501823,337799717245823,337799717439948,337799751597831,337799716491990,16799542,337799717500115,337799717661448,337799719873198,337799728350740,337799733616615,440250,1112541,337799733616615,337799729861906,-1,337799728350740,
0,116994260,337799732914498,337799732914498,0,337799733248031,337799733249740,337799733819906,337799734064948,337799768397373,337799733240656,16799542,337799734128115,337799734274906,337799734968615,337799744346823,337799749614865,2048833,485166,337799749614865,337799745316823,-1,337799744346823,
0,116994268,337799749714040,337799749714040,0,337799750000448,337799750002365,337799750423365,337799750591740,337799785196915,337799749994115,16799542,337799750644906,337799750754740,337799751388990,337799758509073,337799763678906,1856542,725958,337799763678906,337799759635865,-1,337799758509073,
0,116994276,337799766513582,337799766513582,0,337799766891615,337799766893490,337799767359781,337799767546323,337799801996457,337799766884073,16799542,337799767605198,337799767755865,337799769055906,337799775846115,337799781110781,1248417,633584,337799781110781,337799776892156,-1,337799775846115,
0,116994419,337800102504422,337800102504422,-681107623,337800102818448,337800102819865,337800124720281,337800124864365,337800121187755,337800102811406,16799542,337800128433490,337800128561573,337800129456073,337800132256948,337800143764573,21125,304125,337800143764573,337800132873740,-1,337800132256948,
0,116994426,337800119303964,337800169702590,0,337800173086990,337800173088698,337800175344490,337800176459281,337800171586381,337800173071406,16799542,337800211817490,337800211938573,337800240752990,337800246640323,337800258187990,20916,811417,337800258187990,337800247806240,-1,337800246640323,
0,116994435,337800186502132,337800236900758,0,337800242284823,337800242286573,337800243057198,337800243486948,337800289183175,337800242267406,16799542,337800248077698,337800248296573,337800249874948,337800254393865,337800269150406,18875,3562209,337800269150406,337800258465240,-1,337800254393865,
0,116994442,337800253700300,337800253700300,0,337800254083823,337800254085656,337800257402115,337800257671698,337800305982717,337800254075656,16799542,337800260334948,337800260497281,337800262446073,337800313159115,337800336434032,13241417,618875,337800336434032,337800314137782,-1,337800313159115,
0,116994450,337800270499842,337800270499842,0,337800270843365,337800270845323,337800271325531,337800271558490,337800356381343,337800270836281,16799542,337800275386406,337800314332240,337800315853157,337800330031865,337800349709157,19750,6074583,337800349709157,337800336589240,-1,337800330031865,
0,116994458,337800287299384,337800304098926,0,337800316276573,337800316278615,337800327353198,337800327578573,337800373180885,337800316263282,16799542,337800333425157,337800336763198,337800338719032,337800357310323,337800364666073,5083000,443375,337800364666073,337800358088698,-1,337800357310323,
0,116994467,337800337698010,337800337698010,0,337800339238073,337800339239532,337800341204782,337800341415282,337800389980427,337800339229782,16799542,337800346690823,337800358312448,337800360223990,337800372992407,337800384370198,22459,280250,337800384370198,337800373516282,-1,337800372992407,
0,116994475,337800354497552,337800354497552,0,337800361001157,337800361003032,337800361406698,337800361580323,337800406779969,337800360991657,16799542,337800361800740,337800373698782,337800374823532,337800385048157,337800392788907,15375,281042,337800392788907,337800385673907,-1,337800385048157,
0,116994483,337800371297094,337800371297094,0,337800377085990,337800377087407,337800377417032,337800377606615,337800423579511,337800377076907,16799542,337800377709032,337800385850448,337800386962157,337800399706990,337800407498032,4575084,365541,337800407498032,337800400398615,-1,337800399706990,
0,116994491,337800388096636,337800388096636,0,337800388371532,337800388372698,337800388713990,337800388874532,337800440379053,337800388366490,16799542,337800388914240,337800400655865,337800401717907,337800416609823,337800424385323,6628334,290833,337800424385323,337800417284573,-1,337800416609823,
0,116994499,337800404896178,337800404896178,0,337800405186448,337800405187948,337800405531240,337800405744990,337800457178595,337800405180698,16799542,337800405783282,337800417458615,337800418460407,337800433597782,337800441292573,6650167,581375,337800441292573,337800434530073,-1,337800433597782,
0,116994507,337800421695720,337800421695720,0,337800422009073,337800422010823,337800422362115,337800422511657,337800473978137,337800422002907,16799542,337800422551948,337800434711865,337800435685115,337800449401740,337800457127032,6187584,538500,337800457127032,337800450267448,-1,337800449401740,
0,116994515,337800438495262,337800438495262,0,337800438759615,337800438760740,337800439132907,337800439281157,337800490777679,337800438753907,16799542,337800439318407,337800450448323,337800451363990,337800468937657,337800476673032,7330667,634042,337800476673032,337800469972198,-1,337800468937657,
0,116994523,337800455294804,337800455294804,0,337800455579157,337800455580573,337800455967490,337800456144782,337800507577221,337800455573823,16799542,337800456194782,337800470151698,337800471126532,337800483184615,337800490867698,4380375,527791,337800490867698,337800484102323,-1,337800483184615,
0,116994531,337800472094346,337800472094346,0,337800472357240,337800472358907,337800472892032,337800473195490,337800524376763,337800472351532,16799542,337800473237823,337800484278782,337800485224990,337800501218740,337800508984865,7150042,507667,337800508984865,337800502073282,-1,337800501218740,
0,116994539,337800488893888,337800488893888,0,337800489203490,337800489204990,337800489541323,337800489691448,337800541176305,337800489197698,16799542,337800489730740,337800502246657,337800503299282,337800517857615,337800525549740,6015709,543500,337800525549740,337800518727490,-1,337800517857615,
0,116994547,337800505693430,337800505693430,0,337800505963323,337800505964865,337800506297782,337800506446740,337800557975847,337800505957823,16799542,337800506484865,337800518906907,337800519878990,337800533761740,337800541460032,6243417,594709,337800541460032,337800534688573,-1,337800533761740,
0,116994555,337800522492972,337800522492972,0,337800522771407,337800522772823,337800523116948,337800523291448,337800574775389,337800522765490,16799542,337800523334490,337800534868990,337800535820115,337800550816573,337800558644323,7009792,581500,337800558644323,337800551740032,-1,337800550816573,
0,116994563,337800539292514,337800539292514,0,337800539595740,337800539597407,337800539940698,337800540148823,337800591574931,337800539589073,16799542,337800540191990,337800551925490,337800552906448,337800567631282,337800575356907,6691792,588042,337800575356907,337800568595198,-1,337800567631282,
0,116994571,337800556092056,337800556092056,0,337800556403032,337800556404407,337800556768490,337800557022698,337800608374473,337800556396823,16799542,337800557068282,337800568777823,337800569753407,337800585442657,337800593241157,6864375,536833,337800593241157,337800586329323,-1,337800585442657,
---PROFILEDATA---


View hierarchy:

  com.auroratv.lab/com.auroratv.MainActivity/android.view.ViewRootImpl@3e5b59a
  307 views, 543.87 kB of render nodes


Total ViewRootImpl   : 1
Total attached Views : 307
Total RenderNode     : 543.87 kB (used) / 2150.11 kB (capacity)

