Applications Graphics Acceleration Info:
Uptime: 338819307 Realtime: 373493417

** Graphics info for pid 17623 [com.auroratv.lab] **

Stats since: 338805886628094ns
Total frames rendered: 556
Janky frames: 21 (3.78%)
Janky frames (legacy): 485 (87.23%)
50th percentile: 23ms
90th percentile: 32ms
95th percentile: 40ms
99th percentile: 61ms
Number Missed Vsync: 3
Number High input latency: 1061
Number Slow UI thread: 8
Number Slow bitmap uploads: 0
Number Slow issue draw commands: 21
Number Frame deadline missed: 21
Number Frame deadline missed (legacy): 26
HISTOGRAM: 5ms=0 6ms=0 7ms=0 8ms=0 9ms=0 10ms=0 11ms=0 12ms=0 13ms=0 14ms=0 15ms=0 16ms=1 17ms=2 18ms=3 19ms=8 20ms=16 21ms=65 22ms=148 23ms=129 24ms=59 25ms=17 26ms=7 27ms=12 28ms=9 29ms=6 30ms=6 31ms=9 32ms=8 34ms=10 36ms=7 38ms=5 40ms=4 42ms=2 44ms=5 46ms=5 48ms=2 53ms=2 57ms=1 61ms=5 65ms=0 69ms=1 73ms=0 77ms=0 81ms=0 85ms=0 89ms=0 93ms=1 97ms=0 101ms=0 105ms=0 109ms=0 113ms=0 117ms=0 121ms=0 125ms=0 129ms=0 133ms=0 150ms=1 200ms=0 250ms=0 300ms=0 350ms=0 400ms=0 450ms=0 500ms=0 550ms=0 600ms=0 650ms=0 700ms=0 750ms=0 800ms=0 850ms=0 900ms=0 950ms=0 1000ms=0 1050ms=0 1100ms=0 1150ms=0 1200ms=0 1250ms=0 1300ms=0 1350ms=0 1400ms=0 1450ms=0 1500ms=0 1550ms=0 1600ms=0 1650ms=0 1700ms=0 1750ms=0 1800ms=0 1850ms=0 1900ms=0 1950ms=0 2000ms=0 2050ms=0 2100ms=0 2150ms=0 2200ms=0 2250ms=0 2300ms=0 2350ms=0 2400ms=0 2450ms=0 2500ms=0 2550ms=0 2600ms=0 2650ms=0 2700ms=0 2750ms=0 2800ms=0 2850ms=0 2900ms=0 2950ms=0 3000ms=0 3050ms=0 3100ms=0 3150ms=0 3200ms=0 3250ms=0 3300ms=0 3350ms=0 3400ms=0 3450ms=0 3500ms=0 3550ms=0 3600ms=0 3650ms=0 3700ms=0 3750ms=0 3800ms=0 3850ms=0 3900ms=0 3950ms=0 4000ms=0 4050ms=0 4100ms=0 4150ms=0 4200ms=0 4250ms=0 4300ms=0 4350ms=0 4400ms=0 4450ms=0 4500ms=0 4550ms=0 4600ms=0 4650ms=0 4700ms=0 4750ms=0 4800ms=0 4850ms=0 4900ms=0 4950ms=0
50th gpu percentile: 6ms
90th gpu percentile: 7ms
95th gpu percentile: 9ms
99th gpu percentile: 18ms
GPU HISTOGRAM: 1ms=0 2ms=0 3ms=0 4ms=0 5ms=0 6ms=332 7ms=192 8ms=4 9ms=3 10ms=1 11ms=2 12ms=8 13ms=0 14ms=5 15ms=2 16ms=0 17ms=1 18ms=2 19ms=0 20ms=0 21ms=0 22ms=0 23ms=1 24ms=0 25ms=2 4950ms=1

Pipeline=Skia (OpenGL)
Memory policy:
  Max surface area: 2073600
  Max resource usage: 99.53MB (x48)
  Background retention: 50% (altUiHidden = true)
  GPU Context timeout: 10
Contexts: 1 (stopped = 0)
CPU Caches:
  Glyph Cache: 4.59 MB (1 entry)
  Glyph Count: 263 
Total CPU memory usage:
  4813659 bytes, 4.59 MB (0.00 bytes is purgeable)
GPU Caches:
  Image:
    Texture: 20.95 MB (61 entries)
  Other:
    Other: 1.44 MB (1 entry)
    Buffer Object: 464.00 bytes (2 entries)
    StencilAttachment: 82.00 KB (6 entries)
  Scratch:
    RenderTarget: 56.23 MB (411 entries)
    Texture: 5.70 MB (177 entries)
    Buffer Object: 78.03 KB (3 entries)
Total GPU memory usage:
  88576688 bytes, 84.47 MB (4.41 MB is purgeable)

Profile data in ms:

	com.auroratv.lab/com.auroratv.MainActivity/android.view.ViewRootImpl@5fca5c1 (visibility=0)
Window: com.auroratv.lab/com.auroratv.MainActivity
Stats since: 338805886626761ns
Total frames rendered: 556
Janky frames: 21 (3.78%)
Janky frames (legacy): 485 (87.23%)
50th percentile: 23ms
90th percentile: 32ms
95th percentile: 40ms
99th percentile: 61ms
Number Missed Vsync: 3
Number High input latency: 1061
Number Slow UI thread: 8
Number Slow bitmap uploads: 0
Number Slow issue draw commands: 21
Number Frame deadline missed: 21
Number Frame deadline missed (legacy): 26
HISTOGRAM: 5ms=0 6ms=0 7ms=0 8ms=0 9ms=0 10ms=0 11ms=0 12ms=0 13ms=0 14ms=0 15ms=0 16ms=1 17ms=2 18ms=3 19ms=8 20ms=16 21ms=65 22ms=148 23ms=129 24ms=59 25ms=17 26ms=7 27ms=12 28ms=9 29ms=6 30ms=6 31ms=9 32ms=8 34ms=10 36ms=7 38ms=5 40ms=4 42ms=2 44ms=5 46ms=5 48ms=2 53ms=2 57ms=1 61ms=5 65ms=0 69ms=1 73ms=0 77ms=0 81ms=0 85ms=0 89ms=0 93ms=1 97ms=0 101ms=0 105ms=0 109ms=0 113ms=0 117ms=0 121ms=0 125ms=0 129ms=0 133ms=0 150ms=1 200ms=0 250ms=0 300ms=0 350ms=0 400ms=0 450ms=0 500ms=0 550ms=0 600ms=0 650ms=0 700ms=0 750ms=0 800ms=0 850ms=0 900ms=0 950ms=0 1000ms=0 1050ms=0 1100ms=0 1150ms=0 1200ms=0 1250ms=0 1300ms=0 1350ms=0 1400ms=0 1450ms=0 1500ms=0 1550ms=0 1600ms=0 1650ms=0 1700ms=0 1750ms=0 1800ms=0 1850ms=0 1900ms=0 1950ms=0 2000ms=0 2050ms=0 2100ms=0 2150ms=0 2200ms=0 2250ms=0 2300ms=0 2350ms=0 2400ms=0 2450ms=0 2500ms=0 2550ms=0 2600ms=0 2650ms=0 2700ms=0 2750ms=0 2800ms=0 2850ms=0 2900ms=0 2950ms=0 3000ms=0 3050ms=0 3100ms=0 3150ms=0 3200ms=0 3250ms=0 3300ms=0 3350ms=0 3400ms=0 3450ms=0 3500ms=0 3550ms=0 3600ms=0 3650ms=0 3700ms=0 3750ms=0 3800ms=0 3850ms=0 3900ms=0 3950ms=0 4000ms=0 4050ms=0 4100ms=0 4150ms=0 4200ms=0 4250ms=0 4300ms=0 4350ms=0 4400ms=0 4450ms=0 4500ms=0 4550ms=0 4600ms=0 4650ms=0 4700ms=0 4750ms=0 4800ms=0 4850ms=0 4900ms=0 4950ms=0
50th gpu percentile: 6ms
90th gpu percentile: 7ms
95th gpu percentile: 9ms
99th gpu percentile: 18ms
GPU HISTOGRAM: 1ms=0 2ms=0 3ms=0 4ms=0 5ms=0 6ms=332 7ms=192 8ms=4 9ms=3 10ms=1 11ms=2 12ms=8 13ms=0 14ms=5 15ms=2 16ms=0 17ms=1 18ms=2 19ms=0 20ms=0 21ms=0 22ms=0 23ms=1 24ms=0 25ms=2 4950ms=1



---PROFILEDATA---
Flags,FrameTimelineVsyncId,IntendedVsync,Vsync,InputEventId,HandleInputStart,AnimationStart,PerformTraversalsStart,DrawStart,FrameDeadline,FrameInterval,FrameStartTime,SyncQueued,SyncStart,IssueDrawCommandsStart,SwapBuffers,FrameCompleted,DequeueBufferDuration,QueueBufferDuration,GpuCompleted,SwapBuffersCompleted,DisplayPresentTime,CommandSubmissionCompleted,
0,117437533,338817293813179,338817293813179,0,338817294135350,338817294136975,338817294517766,338817294687100,338817346095996,338817294128058,16799742,338817294980266,338817308070225,338817309475558,338817323326850,338817329532016,4848917,367750,338817329532016,338817324170391,-1,338817323326850,
0,117437541,338817310612921,338817310612921,0,338817310931433,338817310932975,338817311320891,338817311489475,338817362895738,338817310913058,16799742,338817311709975,338817324396183,338817325961683,338817340175683,338817346225308,5310583,344084,338817346225308,338817340915808,-1,338817340175683,
0,117437549,338817327412663,338817327412663,0,338817327706100,338817327707516,338817328118100,338817328312808,338817379695480,338817327698766,16799742,338817328552475,338817341140100,338817342410058,338817355760141,338817361756975,5422209,609000,338817361756975,338817356773141,-1,338817355760141,
0,117437557,338817344212405,338817344212405,0,338817344521725,338817344523475,338817344901933,338817345074100,338817396495222,338817344514308,16799742,338817345367766,338817356973683,338817358184975,338817373020308,338817379142183,6513541,349416,338817379142183,338817373769266,-1,338817373020308,
0,117437565,338817361012147,338817361012147,0,338817361367683,338817361369350,338817361787683,338817361987183,338817413294964,338817361345433,16799742,338817362267266,338817373980766,338817375236516,338817391058058,338817397078100,6315458,340791,338817397078100,338817391771933,-1,338817391058058,
0,117437573,338817377811889,338817377811889,0,338817378152475,338817378154350,338817378528433,338817378737058,338817430094706,338817378144475,16799742,338817378976516,338817392088558,338817393460016,338817408441017,338817414463517,4914291,332542,338817414463517,338817409240267,-1,338817408441017,
0,117437581,338817394611631,338817394611631,0,338817394925308,338817394926891,338817395300475,338817395468100,338817446894448,338817394917933,16799742,338817395750225,338817409448308,338817410913850,338817424281850,338817430307975,4196541,591709,338817430307975,338817425269267,-1,338817424281850,
0,117437589,338817411411373,338817411411373,0,338817411697892,338817411698975,338817412209142,338817412381725,338817463694190,338817411690683,16799742,338817412604600,338817425551225,338817426980475,338817442123975,338817448114933,5058666,320709,338817448114933,338817442803308,-1,338817442123975,
0,117437597,338817428211115,338817428211115,0,338817428532392,338817428533600,338817428925725,338817429106558,338817480493932,338817428525058,16799742,338817429343725,338817442997850,338817444354642,338817457658100,338817463647725,4269167,771541,338817463647725,338817458785017,-1,338817457658100,
0,117437605,338817445010857,338817445010857,0,338817445274850,338817445276142,338817445599933,338817445783058,338817497293674,338817445268600,16799742,338817446116350,338817458986517,338817460205433,338817475235933,338817481224642,5410500,316083,338817481224642,338817475905100,-1,338817475235933,
0,117437613,338817461810599,338817461810599,0,338817462093308,338817462103308,338817462449308,338817462604892,338817514093416,338817462086892,16799742,338817462852517,338817476128725,338817477409267,338817491763350,338817497761558,4655666,317459,338817497761558,338817492471350,-1,338817491763350,
0,117437621,338817478610341,338817478610341,0,338817478887517,338817478889225,338817479210058,338817479365808,338817530893158,338817478881350,16799742,338817479569683,338817492768808,338817493967475,338817509460058,338817515459808,5436875,317917,338817515459808,338817510128017,-1,338817509460058,
0,117437629,338817495410083,338817495410083,0,338817495692100,338817495693975,338817496079392,338817496236767,338817547692900,338817495685767,16799742,338817496492850,338817510790017,338817511963767,338817525353142,338817531339392,3700042,341709,338817531339392,338817526039142,-1,338817525353142,
0,117437637,338817512209825,338817512209825,0,338817512494267,338817512495683,338817512851933,338817513031975,338817564492642,338817512487725,16799742,338817513236058,338817526231850,338817527905725,338817542780683,338817548769433,5008667,316500,338817548769433,338817543447017,-1,338817542780683,
0,117437645,338817529009567,338817529009567,0,338817529296850,338817529298100,338817529615350,338817529770142,338817581292384,338817529290183,16799742,338817529974642,338817543641725,338817545049350,338817557811308,338817563842600,4450875,321334,338817563842600,338817558501267,-1,338817557811308,
0,117437653,338817545809309,338817545809309,0,338817546071267,338817546072642,338817546393142,338817546563683,338817598092126,338817546064808,16799742,338817546830642,338817558741558,338817560153517,338817575240933,338817581223558,6207041,317458,338817581223558,338817575899808,-1,338817575240933,
0,117437661,338817562609051,338817562609051,0,338817562927267,338817562929100,338817563286350,338817563457392,338817614891868,338817562919808,16799742,338817563716642,338817576209808,338817577470975,338817591336183,338817597322183,5576666,316291,338817597322183,338817592100142,-1,338817591336183,
0,117437669,338817579408793,338817579408793,0,338817579684308,338817579685850,338817580032350,338817580191142,338817631691610,338817579677558,16799742,338817580424767,338817592298142,338817593537642,338817607935183,338817614036308,6225584,317875,338817614036308,338817608713642,-1,338817607935183,
0,117437677,338817596208535,338817596208535,0,338817596473975,338817596475600,338817596792517,338817597015933,338817648491352,338817596467600,16799742,338817597309350,338817608974642,338817610196392,338817624620308,338817630601933,6412292,393667,338817630601933,338817625351808,-1,338817624620308,
0,117437685,338817613008277,338817613008277,0,338817613343975,338817613345600,338817613761892,338817613926558,338817665291094,338817613335142,16799742,338817614197100,338817625542225,338817626771767,338817641605933,338817647596517,6700958,345542,338817647596517,338817642307767,-1,338817641605933,
0,117437693,338817629808019,338817629808019,0,338817630101892,338817630103558,338817630432058,338817630646433,338817682090836,338817630094850,16799742,338817630869392,338817642494058,338817643715558,338817658503475,338817664469475,6484375,312875,338817664469475,338817659151017,-1,338817658503475,
0,117437701,338817646607761,338817646607761,0,338817646885017,338817646886517,338817647250642,338817647419142,338817698890578,338817646878350,16799742,338817647708892,338817659339767,338817660960225,338817675156350,338817681163142,6016708,1795958,338817681163142,338817677314058,-1,338817675156350,
0,117437709,338817663407503,338817663407503,0,338817663687267,338817663688642,338817664099100,338817664338975,338817715690320,338817663680725,16799742,338817664619058,338817677502683,338817678648600,338817691382225,338817697372017,4959875,1029666,338817697372017,338817692757600,-1,338817691382225,
0,117437717,338817680207245,338817680207245,0,338817680493183,338817680494683,338817680866433,338817681048642,338817732490062,338817680486892,16799742,338817681281683,338817692946100,338817694088392,338817710089017,338817716067850,6421709,675250,338817716067850,338817711106642,-1,338817710089017,
0,117437725,338817697006987,338817697006987,0,338817697282683,338817697284225,338817697665808,338817697896225,338817749289804,338817697276308,16799742,338817698104100,338817711292142,338817712473808,338817725566642,338817731571267,4822000,688209,338817731571267,338817726599183,-1,338817725566642,
0,117437733,338817713806729,338817713806729,0,338817714139558,338817714141017,338817714483183,338817714642517,338817766089546,338817714132433,16799742,338817714849100,338817726787767,338817727919850,338817743636225,338817749635725,6220583,586084,338817749635725,338817744578933,-1,338817743636225,
0,117437741,338817730606471,338817730606471,0,338817730913433,338817730914808,338817731278225,338817731449892,338817782889288,338817730906808,16799742,338817731684267,338817744766517,338817745919350,338817759073100,338817765058100,5373833,309333,338817765058100,338817759718850,-1,338817759073100,
0,117437749,338817747406213,338817747406213,0,338817747678267,338817747679725,338817748055433,338817748219475,338817799689030,338817747671600,16799742,338817748424933,338817760041725,338817761198225,338817777093017,338817783099017,6545541,313708,338817783099017,338817777753808,-1,338817777093017,
0,117437757,338817764205955,338817764205955,0,338817764500017,338817764502017,338817764862767,338817765033058,338817816488772,338817764493433,16799742,338817765347683,338817777947767,338817779604725,338817794861975,338817800857225,5410958,317042,338817800857225,338817795526892,-1,338817794861975,
0,117437765,338817781005697,338817781005697,0,338817781286100,338817781287933,338817781693017,338817781855517,338817833288514,338817781279475,16799742,338817782067975,338817795720017,338817797057183,338817811240350,338817817209725,4304667,322542,338817817209725,338817811914183,-1,338817811240350,
0,117437773,338817797805439,338817797805439,0,338817798098183,338817798099725,338817798452808,338817798630933,338817850088256,338817798091350,16799742,338817798861933,338817812138933,338817813483725,338817829100808,338817835109058,5066250,324125,338817835109058,338817829854350,-1,338817829100808,
0,117437781,338817814605181,338817814605181,0,338817814872808,338817814874683,338817815254392,338817815418892,338817866887998,338817814866683,16799742,338817815720933,338817830050058,338817831768600,338817844721975,338817850845433,3154333,314792,338817850845433,338817845515725,-1,338817844721975,
0,117437789,338817831404923,338817831404923,0,338817831967142,338817831968267,338817832362892,338817832530808,338817883687740,338817831961142,16799742,338817832735767,338817845711475,338817846888600,338817861451267,338817867437517,4929291,344208,338817867437517,338817862160725,-1,338817861451267,
0,117437797,338817848204665,338817848204665,0,338817848507600,338817848509225,338817848857392,338817849020558,338817900487482,338817848501308,16799742,338817849229933,338817862352933,338817864055475,338817878216642,338817884205142,4432792,317875,338817884205142,338817878881350,-1,338817878216642,
0,117437805,338817865004407,338817865004407,0,338817865276933,338817865278433,338817865693142,338817865854392,338817917287224,338817865270517,16799742,338817866063183,338817879508975,338817880753725,338817896139725,338817902197308,4998083,316792,338817902197308,338817896869600,-1,338817896139725,
0,117437813,338817881804149,338817881804149,0,338817882097475,338817882099142,338817882444725,338817882604808,338817934086966,338817882090975,16799742,338817882847517,338817897167225,338817898447850,338817910816183,338817916877975,4121292,827333,338817916877975,338817912048225,-1,338817910816183,
0,117437821,338817898603891,338817898603891,0,338817898878767,338817898880225,338817899244017,338817899410433,338817950886708,338817898872433,16799742,338817899626475,338817912251933,338817913427683,338817928758558,338817934747725,5692667,455250,338817934747725,338817929560933,-1,338817928758558,
0,117437829,338817915403633,338817915403633,0,338817915681558,338817915682933,338817916174433,338817916342433,338817967686450,338817915675142,16799742,338817916553725,338817929757183,338817930936225,338817944452183,338817950448433,4727667,317583,338817950448433,338817945117183,-1,338817944452183,
0,117437837,338817932203375,338817932203375,0,338817932573392,338817932574850,338817932945058,338817933110600,338817984486192,338817932565392,16799742,338817933348892,338817945311683,338817946635058,338817961544142,338817967523767,5842667,388083,338817967523767,338817962275642,-1,338817961544142,
0,117437845,338817949003117,338817949003117,0,338817949275267,338817949276683,338817949634017,338817949887392,338818001285934,338817949269183,16799742,338817950115142,338817962466933,338817965110808,338817977752975,338817983725642,4256084,315709,338817983725642,338817978410725,-1,338817977752975,
0,117437853,338817965802859,338817965802859,0,338817966072767,338817966074142,338817966483808,338817966677850,338818018085676,338817966066225,16799742,338817966906558,338817978606683,338817980251850,338817994390642,338818000388683,5753292,317708,338818000388683,338817995053100,-1,338817994390642,
0,117437861,338817982602601,338817982602601,0,338817982884225,338817982885850,338817983290308,338817983449225,338818034885418,338817982878017,16799742,338817983682433,338817995242933,338817997795225,338818013722517,338818019887517,5339583,424500,338818019887517,338818014590392,-1,338818013722517,
0,117437869,338817999402343,338817999402343,0,338817999675225,338817999676725,338818000059183,338818000224808,338818051685160,338817999668558,16799742,338818000526975,338818014788058,338818015956892,338818029382183,338818035400975,3748500,322667,338818035400975,338818030050642,-1,338818029382183,
0,117437877,338818016202085,338818016202085,0,338818016481517,338818016482933,338818016834642,338818016999517,338818068484902,338818016474808,16799742,338818017215808,338818030246892,338818031598892,338818046324308,338818052334642,5349708,370125,338818052334642,338818047065683,-1,338818046324308,
0,117437885,338818033001827,338818033001827,0,338818033312600,338818033314267,338818033756850,338818033918642,338818085284644,338818033305517,16799742,338818034134933,338818047274808,338818049592475,338818063162808,338818069150100,3966042,323709,338818069150100,338818063829183,-1,338818063162808,
0,117437893,338818049801569,338818049801569,0,338818050196350,338818050198142,338818051071267,338818051348850,338818102084386,338818050188683,16799742,338818051572308,338818064051392,338818065667517,338818079115683,338818085090433,4395500,385916,338818085090433,338818079840600,-1,338818079115683,
0,117437901,338818066601311,338818066601311,0,338818066870350,338818066871517,338818067302350,338818067454933,338818118884128,338818066863558,16799742,338818067652475,338818080133225,338818081357058,338818095750808,338818101755684,5495917,416166,338818101755684,338818096587683,-1,338818095750808,
0,117437909,338818083401053,338818083401053,0,338818083687392,338818083689475,338818084121475,338818084279308,338818135683870,338818083680308,16799742,338818084584350,338818096802183,338818098205683,338818111496434,338818117469559,5494292,328583,338818117469559,338818112149475,-1,338818111496434,
0,117437917,338818100200795,338818100200795,0,338818100476267,338818100477892,338818100803100,338818100955892,338818152483612,338818100470434,16799742,338818101268267,338818112441725,338818113543642,338818129587184,338818135610017,6904250,297167,338818135610017,338818130216975,-1,338818129587184,
0,117437925,338818117000537,338818117000537,0,338818117303642,338818117305559,338818117707725,338818117856184,338818169283354,338818117296767,16799742,338818118045725,338818130396725,338818131649225,338818145431350,338818151421934,5576792,300667,338818151421934,338818146480267,-1,338818145431350,
0,117437933,338818133800279,338818133800279,0,338818134066225,338818134067684,338818134383767,338818134532517,338818186083096,338818134060100,16799742,338818134722892,338818146676350,338818147799392,338818163142559,338818169135684,6274041,315250,338818169135684,338818163795975,-1,338818163142559,
0,117437941,338818150600021,338818150600021,0,338818150939975,338818150941559,338818151314100,338818151477725,338818202882838,338818150932767,16799742,338818151692475,338818163987934,338818165280434,338818179519475,338818185499517,5538250,340875,338818185499517,338818180310392,-1,338818179519475,
0,117437949,338818167399763,338818167399763,0,338818167682100,338818167683392,338818168107184,338818168296350,338818219682580,338818167675934,16799742,338818168519684,338818180515100,338818181656184,338818196761434,338818202738725,6038375,305875,338818202738725,338818197400017,-1,338818196761434,
0,117437957,338818184199505,338818184199505,0,338818184629725,338818184631184,338818184996059,338818185154642,338818236482322,338818184623100,16799742,338818185364392,338818197583559,338818199180392,338818212719767,338818218695475,5296542,314666,338818218695475,338818213374434,-1,338818212719767,
0,117437965,338818200999247,338818200999247,0,338818201289767,338818201291100,338818201686850,338818201841475,338818253282064,338818201283267,16799742,338818202048642,338818213570309,338818215152184,338818229938850,338818235948184,6328875,341417,338818235948184,338818230649059,-1,338818229938850,
0,117437973,338818217798989,338818217798989,0,338818218064600,338818218066434,338818218449600,338818218744642,338818270081806,338818218058350,16799742,338818218965975,338818230923184,338818232213850,338818246469142,338818252476184,5841750,315125,338818252476184,338818247205892,-1,338818246469142,
0,117437981,338818234598731,338818234598731,0,338818234875392,338818234876892,338818235281600,338818235441184,338818286881548,338818234868350,16799742,338818235650267,338818247400850,338818248743475,338818263279267,338818269302600,6289500,349084,338818269302600,338818263995725,-1,338818263279267,
0,117437989,338818251398473,338818251398473,0,338818251685017,338818251686600,338818252816975,338818253047267,338818303681290,338818251678517,16799742,338818254814725,338818264256225,338818265447684,338818279086517,338818285147059,6214542,346250,338818285147059,338818279784225,-1,338818279086517,
0,117437997,338818268198215,338818268198215,0,338818268872475,338818268874017,338818269280142,338818269449184,338818320481032,338818268865392,16799742,338818269655809,338818279986100,338818281188559,338818296562642,338818302567600,7411958,310208,338818302567600,338818297221475,-1,338818296562642,
0,117438005,338818284997957,338818284997957,0,338818285401850,338818285403767,338818285794684,338818285955725,338818337280774,338818285381100,16799742,338818286169225,338818297414767,338818298594350,338818314393100,338818320380100,6897334,395125,338818320380100,338818315129767,-1,338818314393100,
0,117438013,338818301797699,338818301797699,0,338818302145434,338818302147142,338818302507475,338818302716225,338818354080516,338818302137975,16799742,338818302979975,338818315324017,338818316677309,338818332546517,338818338677767,5852875,339250,338818338677767,338818333384017,-1,338818332546517,
0,117438021,338818318597441,338818318597441,0,338818318866892,338818318868309,338818319202975,338818319382934,338818370880258,338818318860684,16799742,338818319583392,338818333603309,338818335006184,338818348320100,338818354424017,3984541,685625,338818354424017,338818349546767,-1,338818348320100,
0,117438029,338818335397183,338818335397183,0,338818335686767,338818335687892,338818336184809,338818336384392,338818387680000,338818335680142,16799742,338818336600767,338818349886100,338818351322892,338818364310934,338818370457350,4386500,662917,338818370457350,338818365340850,-1,338818364310934,
0,117438037,338818352196925,338818352196925,0,338818352518350,338818352520350,338818353058267,338818353253600,338818404479742,338818352511100,16799742,338818353658142,338818365539100,338818366847392,338818381874142,338818387897267,5879125,578750,338818387897267,338818382814975,-1,338818381874142,
0,117438045,338818368996667,338818368996667,0,338818369401350,338818369403184,338818369758767,338818369937184,338818421279484,338818369393517,16799742,338818370375434,338818382996975,338818384446267,338818401743600,338818407754517,8387417,326541,338818407754517,338818402413559,-1,338818401743600,
0,117438053,338818385796409,338818385796409,0,338818386139850,338818386141350,338818386487767,338818386653850,338818438079226,338818386132434,16799742,338818386874767,338818402603225,338818403885850,338818413798475,338818419814100,2390250,439916,338818419814100,338818414569184,-1,338818413798475,
0,117438061,338818402596151,338818402596151,0,338818404098475,338818404099517,338818404462225,338818404741142,338818454878968,338818404092309,16799742,338818404969350,338818414757059,338818416311017,338818430050017,338818436046975,6509625,329291,338818436046975,338818430723850,-1,338818430050017,
0,117438069,338818419395893,338818419395893,0,338818419692600,338818419694100,338818420084059,338818420241475,338818471678710,338818419685892,16799742,338818420449309,338818430915850,338818432117934,338818447192725,338818453229767,7584459,326125,338818453229767,338818447853267,-1,338818447192725,
0,117438077,338818436195635,338818436195635,0,338818436497684,338818436499600,338818436848309,338818437007600,338818488478452,338818436490267,16799742,338818437221309,338818448097392,338818449274434,338818463945559,338818470002392,7261417,335667,338818470002392,338818464655392,-1,338818463945559,
0,117438085,338818452995377,338818452995377,0,338818453359517,338818453361225,338818453696059,338818453843517,338818505278194,338818453352600,16799742,338818454035642,338818464851350,338818466022059,338818481810225,338818487775934,7271042,754542,338818487775934,338818482912725,-1,338818481810225,
0,117438093,338818469795119,338818469795119,0,338818470126017,338818470127559,338818470445017,338818470591184,338818522077936,338818470119142,16799742,338818471203142,338818483108142,338818484301434,338818498571184,338818504544059,5775291,312125,338818504544059,338818499228684,-1,338818498571184,
0,117438101,338818486594861,338818486594861,0,338818487268142,338818487269642,338818487631059,338818487794059,338818538877678,338818487257017,16799742,338818488033309,338818499416850,338818500707559,338818516789475,338818522791059,6354625,318959,338818522791059,338818517447559,-1,338818516789475,
0,117438109,338818503394603,338818503394603,0,338818503689809,338818503691392,338818504070809,338818504227017,338818555677420,338818503682559,16799742,338818504425975,338818517634684,338818519197309,338818532309517,338818538291809,4568333,311250,338818538291809,338818532952059,-1,338818532309517,
0,117438117,338818520194345,338818520194345,0,338818520458642,338818520460059,338818520772642,338818520921642,338818572477162,338818520452475,16799742,338818521208142,338818533136934,338818534715309,338818549772142,338818555762892,5755125,306791,338818555762892,338818550414600,-1,338818549772142,
0,117438125,338818536994087,338818536994087,0,338818537268350,338818537270309,338818537600642,338818537754184,338818589276904,338818537262059,16799742,338818537954767,338818551048392,338818552284350,338818565973725,338818572410642,5271333,313667,338818572410642,338818567079350,-1,338818565973725,
0,117438133,338818553793829,338818553793829,0,338818554062017,338818554063184,338818554378059,338818554558059,338818606076646,338818554055642,16799742,338818554751809,338818567274434,338818568464184,338818582467434,338818588488850,5759125,637125,338818588488850,338818583477892,-1,338818582467434,
0,117438141,338818570593571,338818570593571,0,338818570861309,338818570862975,338818571180225,338818571330600,338818622876388,338818570855142,16799742,338818571529184,338818583775850,338818585035309,338818599925100,338818605967892,5958167,592292,338818605967892,338818600925684,-1,338818599925100,
0,117438149,338818587393313,338818587393313,0,338818587665267,338818587667142,338818588052559,338818588229392,338818639676130,338818587659225,16799742,338818588454725,338818601114809,338818602573850,338818615673267,338818621767892,5059458,330375,338818621767892,338818616471142,-1,338818615673267,
0,117438157,338818604193055,338818604193055,0,338818604498184,338818604499809,338818604950434,338818605114142,338818656475872,338818604490934,16799742,338818605321559,338818616668434,338818617912225,338818633363017,338818639391350,6709500,332084,338818639391350,338818634097767,-1,338818633363017,
0,117438165,338818620992797,338818620992797,0,338818621313850,338818621315475,338818621695350,338818621871517,338818673275614,338818621306475,16799742,338818622093225,338818634307767,338818635497600,338818650668017,338818656664350,6067750,344833,338818656664350,338818651352434,-1,338818650668017,
0,117438173,338818637792539,338818637792539,0,338818638097392,338818638098850,338818638430100,338818638583017,338818690075356,338818638090559,16799742,338818638785892,338818651542309,338818653124184,338818666173350,338818672225600,4903917,314167,338818672225600,338818666899100,-1,338818666173350,
0,117438181,338818654592281,338818654592281,0,338818654853600,338818654854892,338818655176600,338818655326267,338818706875098,338818654846934,16799742,338818655524475,338818667091475,338818668367392,338818683632392,338818689626017,6651041,346625,338818689626017,338818684385975,-1,338818683632392,
0,117438189,338818671392023,338818671392023,0,338818671747225,338818671749142,338818672150934,338818672328100,338818723674840,338818671740017,16799742,338818672668600,338818684621600,338818685809850,338818700901725,338818706924892,6070958,378500,338818706924892,338818701667017,-1,338818700901725,
0,117438197,338818688191765,338818688191765,0,338818688450600,338818688452017,338818688773392,338818688921850,338818740474582,338818688443809,16799742,338818689121517,338818701903517,338818703523809,338818717000017,338818723084600,4962625,339208,338818723084600,338818717714934,-1,338818717000017,
0,117438205,338818704991507,338818704991507,0,338818705254684,338818705255809,338818705587184,338818705743850,338818757274324,338818705248184,16799742,338818706330100,338818717920642,338818719306725,338818734300517,338818740285100,6151458,369458,338818740285100,338818735057975,-1,338818734300517,
0,117438213,338818721791249,338818721791249,0,338818722099475,338818722101100,338818722499892,338818722673059,338818774074066,338818722092350,16799742,338818722904642,338818735250434,338818736500809,338818751160059,338818757156892,5819375,315667,338818757156892,338818751835184,-1,338818751160059,
0,117438221,338818738590991,338818738590991,0,338818738974850,338818738976434,338818739331142,338818739496975,338818790873808,338818738967059,16799742,338818739714309,338818752094309,338818753381350,338818766935017,338818772946934,5439541,341875,338818772946934,338818767672184,-1,338818766935017,
0,117438229,338818755390733,338818755390733,0,338818755668725,338818755670142,338818755977975,338818756165184,338818807673550,338818755661892,16799742,338818756367434,338818767863809,338818769224267,338818784616642,338818790681767,6734541,355084,338818790681767,338818785320392,-1,338818784616642,
0,117438237,338818772190475,338818772190475,0,338818772505475,338818772507017,338818772848142,338818773123642,338818824473292,338818772497684,16799742,338818773392809,338818785528350,338818786777475,338818800800434,338818806790809,5787208,364792,338818806790809,338818801502684,-1,338818800800434,
0,117438245,338818788990217,338818788990217,0,338818789269350,338818789270809,338818789621809,338818789774850,338818841273034,338818789262392,16799742,338818790059017,338818801717142,338818802932684,338818817418142,338818823472226,6332209,334167,338818823472226,338818818231726,-1,338818817418142,
0,117438253,338818805789959,338818805789959,0,338818806059642,338818806060767,338818806364517,338818806516059,338818858072776,338818806053142,16799742,338818806792517,338818818427726,338818819687601,338818835470434,338818841519642,6674833,675083,338818841519642,338818836551851,-1,338818835470434,
0,117438261,338818822589701,338818822589701,0,338818822861976,338818822863434,338818823425642,338818823643851,338818874872518,338818822855809,16799742,338818823959851,338818836745934,338818838220309,338818851028309,338818857011684,4737666,726875,338818857011684,338818852106476,-1,338818851028309,
0,117438269,338818839389443,338818839389443,0,338818839649559,338818839650684,338818839965184,338818840154809,338818891672260,338818839643226,16799742,338818840356184,338818852306601,338818853510476,338818869029184,338818875058559,6306833,647042,338818875058559,338818870071851,-1,338818869029184,
0,117438277,338818856189185,338818856189185,0,338818856477434,338818856478559,338818856797642,338818856953267,338818908472002,338818856470767,16799742,338818857164642,338818870263601,338818871688851,338818884896017,338818890894434,5013375,600916,338818890894434,338818885836851,-1,338818884896017,
0,117438285,338818872988927,338818872988927,0,338818873256517,338818873257976,338818873569392,338818873719559,338818925271744,338818873250184,16799742,338818873926309,338818886043351,338818887293309,338818902253142,338818908235642,6194167,315625,338818908235642,338818902910601,-1,338818902253142,
0,117438293,338818889788669,338818889788669,0,338818890059309,338818890060809,338818890622059,338818890825934,338818942071486,338818890052476,16799742,338818891142767,338818903107559,338818904354351,338818917505392,338818923504726,5685917,585250,338818923504726,338818918437517,-1,338818917505392,
0,117438301,338818906588411,338818906588411,0,338818906856976,338818906858434,338818907175517,338818907327059,338818958871228,338818906850559,16799742,338818907575642,338818918633726,338818919844517,338818935297767,338818941316351,7190250,321334,338818941316351,338818935967184,-1,338818935297767,
0,117438309,338818923388153,338818923388153,0,338818923716226,338818923717976,338818924086934,338818924251392,338818975670970,338818923708892,16799742,338818924469392,338818936195809,338818937378267,338818953157684,338818959159434,6559083,564584,338818959159434,338818954068517,-1,338818953157684,
0,117438317,338818940187895,338818940187895,0,338818940546267,338818940548184,338818940941017,338818941127976,338818992470712,338818940538434,16799742,338818941429267,338818954257351,338818955442392,338818970517809,338818976599892,5201750,337333,338818976599892,338818971279351,-1,338818970517809,
0,117438325,338818956987637,338818956987637,0,338818957324059,338818957325767,338818957659726,338818957812809,338819009270454,338818957316892,16799742,338818958015684,338818971511892,338818973184517,338818986473601,338818992522517,4312375,331583,338818992522517,338818987216226,-1,338818986473601,
0,117438333,338818973787379,338818973787379,0,338818974080767,338818974081934,338818974410351,338818974615017,338819026070196,338818974073934,16799742,338818974876309,338818987408601,338818989020976,338819003095101,338819009206101,5073584,334041,338819009206101,338819003909392,-1,338819003095101,
0,117438341,338818990587121,338818990587121,0,338818990867476,338818990868767,338818991229642,338818991392517,338819042869938,338818990860517,16799742,338818991635184,338819004205601,338819005778059,338819018321892,338819024336059,5080292,571667,338819024336059,338819019243434,-1,338819018321892,
0,117438349,338819007386863,338819007386863,0,338819007672559,338819007673851,338819007981976,338819008167434,338819059669680,338819007666309,16799742,338819008370101,338819019432892,338819020640226,338819036412559,338819042468184,7165916,570041,338819042468184,338819037330601,-1,338819036412559,
0,117438357,338819024186605,338819024186605,0,338819024661226,338819024662892,338819025057309,338819025238892,338819076469422,338819024654017,16799742,338819025452351,338819037529184,338819038703017,338819053830142,338819059845309,5790625,356583,338819059845309,338819054560517,-1,338819053830142,
0,117438365,338819040986347,338819040986347,0,338819041265726,338819041267142,338819041572017,338819041754976,338819093269164,338819041259309,16799742,338819041971851,338819054768601,338819056386601,338819070075101,338819076163767,4853500,339042,338819076163767,338819070802642,-1,338819070075101,
0,117438373,338819057786089,338819057786089,0,338819058137267,338819058138976,338819058471309,338819058629476,338819110068906,338819058130309,16799742,338819058839934,338819071010059,338819072501726,338819087170309,338819093213934,5675500,357125,338819093213934,338819087958976,-1,338819087170309,
0,117438381,338819074585831,338819074585831,0,338819074919642,338819074921226,338819075276476,338819075450601,338819126868648,338819074912726,16799742,338819075683559,338819088273351,338819089958934,338819103565767,338819109574976,4813625,450000,338819109574976,338819104379392,-1,338819103565767,
0,117438389,338819091385573,338819091385573,0,338819091664476,338819091666226,338819091991226,338819092258267,338819143668390,338819091657476,16799742,338819092468184,338819104588684,338819105972851,338819122335101,338819128464434,6211166,342875,338819128464434,338819123086851,-1,338819122335101,
0,117438397,338819108185315,338819108185315,0,338819108492767,338819108494892,338819108915851,338819109087892,338819160468132,338819108485767,16799742,338819109315934,338819123529517,338819124938851,338819137768101,338819143813059,3716417,450166,338819143813059,338819138586101,-1,338819137768101,
0,117438405,338819124985057,338819124985057,0,338819125286017,338819125287892,338819125647267,338819125818017,338819177267874,338819125278934,16799742,338819126042101,338819138798851,338819140480059,338819156287101,338819162401309,5350625,663708,338819162401309,338819157459767,-1,338819156287101,
0,117438413,338819141784799,338819141784799,0,338819142082892,338819142084476,338819142450684,338819142618059,338819194067616,338819142075976,16799742,338819142862059,338819157689892,338819159165601,338819170641892,338819176764601,2936709,646208,338819176764601,338819171651767,-1,338819170641892,
0,117438421,338819158584541,338819158584541,0,338819159374267,338819159375351,338819159716601,338819159877809,338819210867358,338819159368226,16799742,338819160200392,338819171874351,338819173210559,338819187180851,338819193208476,5583708,721167,338819193208476,338819188262476,-1,338819187180851,
0,117438429,338819175384283,338819175384283,0,338819175702476,338819175704059,338819176136976,338819176310184,338819227667100,338819175695184,16799742,338819176542476,338819188451226,338819189784642,338819203782184,338819209797601,5793709,615042,338819209797601,338819204821767,-1,338819203782184,
0,117438437,338819192184025,338819192184025,0,338819192483392,338819192484851,338819192785976,338819193015851,338819244466842,338819192476976,16799742,338819193210434,338819205012226,338819206261684,338819221214517,338819227212101,6648709,337042,338819227212101,338819221918934,-1,338819221214517,
0,117438445,338819208983767,338819208983767,0,338819209287892,338819209289434,338819209608476,338819209765476,338819261266584,338819209281642,16799742,338819210014559,338819222262726,338819223737767,338819236361684,338819242356851,5552667,307708,338819242356851,338819237002392,-1,338819236361684,
0,117438453,338819225783509,338819225783509,0,338819226049809,338819226051392,338819226355392,338819226588351,338819278066326,338819226043976,16799742,338819226788976,338819237187851,338819238328226,338819253566726,338819259835601,7763084,566709,338819259835601,338819254473392,-1,338819253566726,
0,117438461,338819242583251,338819242583251,0,338819242960934,338819242962559,338819243310726,338819243470392,338819294866068,338819242953892,16799742,338819244966559,338819254661392,338819255846809,338819273495309,338819279584934,7276208,573792,338819279584934,338819274478434,-1,338819273495309,
0,117438469,338819259382993,338819259382993,0,338819259688351,338819259690726,338819260472142,338819260641601,338819311665810,338819259678226,16799742,338819260857142,338819274706601,338819276107684,338819287554017,338819293659184,3665791,603875,338819293659184,338819288512601,-1,338819287554017,
0,117438477,338819276182735,338819276182735,0,338819276511559,338819276513059,338819276894184,338819277063392,338819294866068,338819276503809,16799742,338819277285976,338819288701892,338819289874476,338819304271892,338819310308601,6820750,599250,338819310308601,338819305250434,-1,338819304271892,
0,117438485,338819292982477,338819292982477,0,338819293315017,338819293316517,338819293774601,338819293949434,338819311665810,338819293308559,16799742,338819294167309,338819305440809,338819307587559,338819319735101,338817313055516,5639750,562625,338817313055516,338819320622309,-1,338819319735101,
---PROFILEDATA---


View hierarchy:

  com.auroratv.lab/com.auroratv.MainActivity/android.view.ViewRootImpl@5fca5c1
  357 views, 648.46 kB of render nodes


Total ViewRootImpl   : 1
Total attached Views : 357
Total RenderNode     : 648.46 kB (used) / 2575.90 kB (capacity)

