Applications Graphics Acceleration Info:
Uptime: 338844689 Realtime: 373518800

** Graphics info for pid 17982 [com.auroratv.lab] **

Stats since: 338833060799982ns
Total frames rendered: 480
Janky frames: 33 (6.88%)
Janky frames (legacy): 203 (42.29%)
50th percentile: 20ms
90th percentile: 42ms
95th percentile: 48ms
99th percentile: 113ms
Number Missed Vsync: 4
Number High input latency: 856
Number Slow UI thread: 24
Number Slow bitmap uploads: 9
Number Slow issue draw commands: 33
Number Frame deadline missed: 33
Number Frame deadline missed (legacy): 40
HISTOGRAM: 5ms=0 6ms=0 7ms=0 8ms=0 9ms=0 10ms=0 11ms=0 12ms=0 13ms=0 14ms=0 15ms=12 16ms=56 17ms=74 18ms=55 19ms=22 20ms=31 21ms=24 22ms=10 23ms=13 24ms=8 25ms=13 26ms=10 27ms=8 28ms=13 29ms=9 30ms=9 31ms=9 32ms=16 34ms=7 36ms=13 38ms=7 40ms=8 42ms=14 44ms=5 46ms=3 48ms=10 53ms=4 57ms=4 61ms=0 65ms=5 69ms=0 73ms=1 77ms=0 81ms=0 85ms=0 89ms=0 93ms=0 97ms=1 101ms=0 105ms=0 109ms=0 113ms=3 117ms=0 121ms=0 125ms=0 129ms=0 133ms=2 150ms=1 200ms=0 250ms=0 300ms=0 350ms=0 400ms=0 450ms=0 500ms=0 550ms=0 600ms=0 650ms=0 700ms=0 750ms=0 800ms=0 850ms=0 900ms=0 950ms=0 1000ms=0 1050ms=0 1100ms=0 1150ms=0 1200ms=0 1250ms=0 1300ms=0 1350ms=0 1400ms=0 1450ms=0 1500ms=0 1550ms=0 1600ms=0 1650ms=0 1700ms=0 1750ms=0 1800ms=0 1850ms=0 1900ms=0 1950ms=0 2000ms=0 2050ms=0 2100ms=0 2150ms=0 2200ms=0 2250ms=0 2300ms=0 2350ms=0 2400ms=0 2450ms=0 2500ms=0 2550ms=0 2600ms=0 2650ms=0 2700ms=0 2750ms=0 2800ms=0 2850ms=0 2900ms=0 2950ms=0 3000ms=0 3050ms=0 3100ms=0 3150ms=0 3200ms=0 3250ms=0 3300ms=0 3350ms=0 3400ms=0 3450ms=0 3500ms=0 3550ms=0 3600ms=0 3650ms=0 3700ms=0 3750ms=0 3800ms=0 3850ms=0 3900ms=0 3950ms=0 4000ms=0 4050ms=0 4100ms=0 4150ms=0 4200ms=0 4250ms=0 4300ms=0 4350ms=0 4400ms=0 4450ms=0 4500ms=0 4550ms=0 4600ms=0 4650ms=0 4700ms=0 4750ms=0 4800ms=0 4850ms=0 4900ms=0 4950ms=0
50th gpu percentile: 6ms
90th gpu percentile: 8ms
95th gpu percentile: 12ms
99th gpu percentile: 16ms
GPU HISTOGRAM: 1ms=0 2ms=0 3ms=0 4ms=0 5ms=0 6ms=346 7ms=33 8ms=56 9ms=10 10ms=6 11ms=4 12ms=17 13ms=0 14ms=0 15ms=3 16ms=2 17ms=0 18ms=0 19ms=1 20ms=1 21ms=0 22ms=0 23ms=1 24ms=0 25ms=0 4950ms=0

Pipeline=Skia (OpenGL)
Memory policy:
  Max surface area: 2073600
  Max resource usage: 99.53MB (x48)
  Background retention: 50% (altUiHidden = true)
  GPU Context timeout: 10
Contexts: 1 (stopped = 0)
CPU Caches:
  Glyph Cache: 2.36 MB (1 entry)
  Glyph Count: 140 
Total CPU memory usage:
  2476870 bytes, 2.36 MB (0.00 bytes is purgeable)
GPU Caches:
  Image:
    Texture: 25.14 MB (122 entries)
  Other:
    Other: 1.66 MB (1 entry)
    Buffer Object: 464.00 bytes (2 entries)
    StencilAttachment: 16.00 KB (1 entry)
  Scratch:
    Texture: 3.03 MB (100 entries)
    RenderTarget: 56.32 MB (293 entries)
    Buffer Object: 78.03 KB (3 entries)
Total GPU memory usage:
  90428224 bytes, 86.24 MB (570.70 KB is purgeable)

Profile data in ms:

	com.auroratv.lab/com.auroratv.MainActivity/android.view.ViewRootImpl@a542ca7 (visibility=0)
Window: com.auroratv.lab/com.auroratv.MainActivity
Stats since: 338833060799399ns
Total frames rendered: 480
Janky frames: 33 (6.88%)
Janky frames (legacy): 203 (42.29%)
50th percentile: 20ms
90th percentile: 42ms
95th percentile: 48ms
99th percentile: 113ms
Number Missed Vsync: 4
Number High input latency: 856
Number Slow UI thread: 24
Number Slow bitmap uploads: 9
Number Slow issue draw commands: 33
Number Frame deadline missed: 33
Number Frame deadline missed (legacy): 40
HISTOGRAM: 5ms=0 6ms=0 7ms=0 8ms=0 9ms=0 10ms=0 11ms=0 12ms=0 13ms=0 14ms=0 15ms=12 16ms=56 17ms=74 18ms=55 19ms=22 20ms=31 21ms=24 22ms=10 23ms=13 24ms=8 25ms=13 26ms=10 27ms=8 28ms=13 29ms=9 30ms=9 31ms=9 32ms=16 34ms=7 36ms=13 38ms=7 40ms=8 42ms=14 44ms=5 46ms=3 48ms=10 53ms=4 57ms=4 61ms=0 65ms=5 69ms=0 73ms=1 77ms=0 81ms=0 85ms=0 89ms=0 93ms=0 97ms=1 101ms=0 105ms=0 109ms=0 113ms=3 117ms=0 121ms=0 125ms=0 129ms=0 133ms=2 150ms=1 200ms=0 250ms=0 300ms=0 350ms=0 400ms=0 450ms=0 500ms=0 550ms=0 600ms=0 650ms=0 700ms=0 750ms=0 800ms=0 850ms=0 900ms=0 950ms=0 1000ms=0 1050ms=0 1100ms=0 1150ms=0 1200ms=0 1250ms=0 1300ms=0 1350ms=0 1400ms=0 1450ms=0 1500ms=0 1550ms=0 1600ms=0 1650ms=0 1700ms=0 1750ms=0 1800ms=0 1850ms=0 1900ms=0 1950ms=0 2000ms=0 2050ms=0 2100ms=0 2150ms=0 2200ms=0 2250ms=0 2300ms=0 2350ms=0 2400ms=0 2450ms=0 2500ms=0 2550ms=0 2600ms=0 2650ms=0 2700ms=0 2750ms=0 2800ms=0 2850ms=0 2900ms=0 2950ms=0 3000ms=0 3050ms=0 3100ms=0 3150ms=0 3200ms=0 3250ms=0 3300ms=0 3350ms=0 3400ms=0 3450ms=0 3500ms=0 3550ms=0 3600ms=0 3650ms=0 3700ms=0 3750ms=0 3800ms=0 3850ms=0 3900ms=0 3950ms=0 4000ms=0 4050ms=0 4100ms=0 4150ms=0 4200ms=0 4250ms=0 4300ms=0 4350ms=0 4400ms=0 4450ms=0 4500ms=0 4550ms=0 4600ms=0 4650ms=0 4700ms=0 4750ms=0 4800ms=0 4850ms=0 4900ms=0 4950ms=0
50th gpu percentile: 6ms
90th gpu percentile: 8ms
95th gpu percentile: 12ms
99th gpu percentile: 16ms
GPU HISTOGRAM: 1ms=0 2ms=0 3ms=0 4ms=0 5ms=0 6ms=346 7ms=33 8ms=56 9ms=10 10ms=6 11ms=4 12ms=17 13ms=0 14ms=0 15ms=3 16ms=2 17ms=0 18ms=0 19ms=1 20ms=1 21ms=0 22ms=0 23ms=1 24ms=0 25ms=0 4950ms=0



---PROFILEDATA---
Flags,FrameTimelineVsyncId,IntendedVsync,Vsync,InputEventId,HandleInputStart,AnimationStart,PerformTraversalsStart,DrawStart,FrameDeadline,FrameInterval,FrameStartTime,SyncQueued,SyncStart,IssueDrawCommandsStart,SwapBuffers,FrameCompleted,DequeueBufferDuration,QueueBufferDuration,GpuCompleted,SwapBuffersCompleted,DisplayPresentTime,CommandSubmissionCompleted,
0,117447857,338840443857655,338840443857655,0,338840444145527,338840444147027,338840444901361,338840445046861,338840479340730,338840444139777,16799742,338840445099694,338840445380527,338840447886194,338840457881819,338840463118777,18583,561333,338840463118777,338840458798361,-1,338840457881819,
0,117447865,338840460657397,338840460657397,0,338840460974569,338840460976194,338840461428152,338840461586236,338840496140472,338840460967819,16799742,338840461644902,338840461925361,338840464538361,338840471905819,338840477118236,33916,587167,338840477118236,338840472940319,-1,338840471905819,
0,117447873,338840477457139,338840477457139,0,338840477719111,338840477720861,338840478197528,338840478341028,338840512940214,338840477713444,16799742,338840478393861,338840478674236,338840481145444,338840488818069,338840493902486,20667,566250,338840493902486,338840489701319,-1,338840488818069,
0,117447881,338840494256881,338840494256881,0,338840494524819,338840494526319,338840494949403,338840495175194,338840529739956,338840494519319,16799742,338840495230903,338840495499153,338840497988486,338840505467069,338840510524028,20250,592209,338840510524028,338840506377403,-1,338840505467069,
0,117447889,338840511056623,338840511056623,0,338840511328611,338840511330028,338840511733278,338840511874236,338840546539698,338840511322778,16799742,338840511928861,338840512217194,338840514830986,338840522217569,338840527255319,18417,632375,338840527255319,338840523175569,-1,338840522217569,
0,117447897,338840527856365,338840527856365,0,338840528141736,338840528143111,338840528547361,338840528751194,338840563339440,338840528136069,16799742,338840528805236,338840529070486,338840531650611,338840538812111,338840543845319,17542,648875,338840543845319,338840539774986,-1,338840538812111,
0,117447905,338840544656107,338840544656107,0,338840544917278,338840544918611,338840545350736,338840545498944,338840580139182,338840544911403,16799742,338840545552778,338840545817653,338840548350153,338840555657944,338840560743944,16208,644958,338840560743944,338840556627653,-1,338840555657944,
0,117447913,338840561455849,338840561455849,0,338840561728653,338840561730111,338840562139153,338840562288319,338840596938924,338840561722528,16799742,338840562342944,338840562659028,338840565241986,338840572686653,338840577744486,19458,788000,338840577744486,338840573805736,-1,338840572686653,
0,117447921,338840578255591,338840578255591,0,338840578532361,338840578533653,338840578939944,338840579085569,338840613738666,338840578526361,16799742,338840579139028,338840579408653,338840582074403,338840589700944,338840594829528,16750,548417,338840594829528,338840590644736,-1,338840589700944,
0,117447929,338840595055333,338840595055333,0,338840595390319,338840595391778,338840595858528,338840596053778,338840630538408,338840595383903,16799742,338840596115194,338840596419778,338840599129028,338840606572528,338840611669153,17958,639625,338840611669153,338840607543819,-1,338840606572528,
0,117447937,338840611855075,338840611855075,0,338840612138528,338840612139944,338840612587486,338840612823736,338840647338150,338840612132653,16799742,338840612885319,338840613166403,338840616367778,338840623976069,338840629178403,21292,619292,338840629178403,338840625035486,-1,338840623976069,
0,117447945,338840628654817,338840628654817,0,338840628951986,338840628953444,338840629428569,338840629584403,338840664137892,338840628945194,16799742,338840629643444,338840629938194,338840632842194,338840640443444,338840645565278,17750,642875,338840645565278,338840641455819,-1,338840640443444,
0,117447953,338840645454559,338840645454559,0,338840645742111,338840645743944,338840646251944,338840646408111,338840680937634,338840645735986,16799742,338840646466653,338840646752361,338840649696653,338840657519194,338840662637403,18833,739375,338840662637403,338840658596444,-1,338840657519194,
0,117447961,338840662254301,338840662254301,0,338840662625486,338840662627236,338840663149486,338840663335486,338840697737376,338840662618278,16799742,338840663402653,338840663818861,338840666912944,338840674903403,338840680063694,19958,666375,338840680063694,338840675918569,-1,338840674903403,
0,117447969,338840679054043,338840679054043,0,338840679420944,338840679422653,338840679950069,338840680209069,338840714537118,338840679413278,16799742,338840680275694,338840680608319,338840683428653,338840691818403,338840697014361,21167,658291,338840697014361,338840692918903,-1,338840691818403,
0,117447977,338840695853785,338840695853785,0,338840696272569,338840696273986,338840696961236,338840697137861,338840731336860,338840696265611,16799742,338840697205778,338840697593028,338840700604361,338840709231694,338840714464944,23625,322083,338840714464944,338840709919694,-1,338840709231694,
0,117447985,338840712653527,338840712653527,-336788210,338840713167278,338840713169153,338840713938319,338840714157028,338840748136602,338840713159028,16799742,338840714630736,338840715011111,338840718007486,338840725623611,338840730743528,24000,580792,338840730743528,338840726574694,-1,338840725623611,
0,117447993,338840729453269,338840729453269,0,338840729764694,338840729765986,338840730390528,338840730576403,338840764936344,338840729758236,16799742,338840730651986,338840731003569,338840733722403,338840741177278,338840746464611,18958,629875,338840746464611,338840742116486,-1,338840741177278,
0,117448001,338840746253011,338840746253011,0,338840746536153,338840746537694,338840747051694,338840747208361,338840781736086,338840746529694,16799742,338840747278861,338840747561653,338840750380194,338840757655486,338840763104444,19000,291250,338840763104444,338840758258486,-1,338840757655486,
0,117448009,338840763052753,338840763052753,0,338840763346278,338840763347944,338840763801236,338840763949361,338840798535828,338840763340403,16799742,338840764043778,338840764310278,338840767098861,338840778130069,338840783673236,18209,285792,338840783673236,338840778968736,-1,338840778130069,
0,117448017,338840779852495,338840779852495,0,338840780121653,338840780122986,338840781787528,338840781967444,338840815335570,338840780115861,16799742,338840782040153,338840782409153,338840785266444,338840792415611,338840798002194,20125,288333,338840798002194,338840793010319,-1,338840792415611,
0,117448025,338840796652237,338840796652237,0,338840796968361,338840796969944,338840797484861,338840797646694,338840832135312,338840796962278,16799742,338840797713736,338840798031153,338840800684486,338840807844069,338840813407361,17959,369917,338840813407361,338840808566278,-1,338840807844069,
0,117448033,338840813451979,338840813451979,0,338840813752319,338840813753819,338840814209736,338840814355194,338840848935054,338840813746028,16799742,338840814414236,338840814680903,338840817566403,338840824573986,338840830185611,20959,307917,338840830185611,338840825233153,-1,338840824573986,
0,117448041,338840830251721,338840830251721,0,338840830532486,338840830533861,338840831045653,338840831262611,338840865734796,338840830526028,16799742,338840831327444,338840831632361,338840834553236,338840841982236,338840847742028,21084,304459,338840847742028,338840842617111,-1,338840841982236,
0,117448049,338840847051463,338840847051463,0,338840847409736,338840847411319,338840847942569,338840848145903,338840882534538,338840847402611,16799742,338840848212236,338840848485611,338840851280236,338840862396986,338840868167944,20167,308291,338840868167944,338840863028403,-1,338840862396986,
0,117448057,338840863851205,338840863851205,0,338840864186569,338840864187944,338840864667153,338840864825194,338840899334280,338840864180236,16799742,338840864890736,338840865163194,338840868572611,338840876426486,338840882920236,19833,301667,338840882920236,338840878240444,-1,338840876426486,
0,117448065,338840880650947,338840880650947,0,338840880916111,338840880917569,338840881407069,338840881571653,338840916134022,338840880909569,16799742,338840881643944,338840882294736,338840885025736,338840892469944,338840897701736,19041,328375,338840897701736,338840893526528,-1,338840892469944,
0,117448073,338840897450689,338840897450689,0,338840897744153,338840897745611,338840898254194,338840898408819,338840932933764,338840897737903,16799742,338840898466736,338840898730944,338840901301653,338840910239528,338840915450653,17750,289917,338840915450653,338840910851528,-1,338840910239528,
0,117448081,338840914250431,338840914250431,0,338840914562986,338840914564403,338840915071903,338840915305111,338840949733506,338840914556486,16799742,338840915401278,338840915745861,338840918779819,338840926280653,338840931447778,19625,300875,338840931447778,338840926925153,-1,338840926280653,
0,117448089,338840931050173,338840931050173,0,338840931346069,338840931347903,338840931865778,338840932046444,338840966533248,338840931339819,16799742,338840932106194,338840932409611,338840935268319,338840942812569,338840947910153,20500,309750,338840947910153,338840943433736,-1,338840942812569,
0,117448097,338840947849915,338840947849915,0,338840948188278,338840948190028,338840948628361,338840948783778,338840983332990,338840948182694,16799742,338840948841486,338840949111694,338840951920236,338840959948653,338840965049486,19500,349792,338840965049486,338840960682611,-1,338840959948653,
0,117448105,338840964649657,338840964649657,0,338840964946028,338840964947986,338840965442403,338840965599903,338841000132732,338840964939861,16799742,338840965656944,338840965927278,338840968747069,338840976365694,338840981467694,18250,553000,338840981467694,338840977368319,-1,338840976365694,
0,117448113,338840981449399,338840981449399,0,338840981722028,338840981723361,338840982177194,338840982382069,338841016932474,338840981716319,16799742,338840982440653,338840982760736,338840985471986,338840992988444,338840998100861,18416,560417,338840998100861,338840993892903,-1,338840992988444,
0,117448121,338840998249141,338840998249141,0,338840998511903,338840998513194,338840998943528,338840999093278,338841033732216,338840998505778,16799742,338840999149444,338840999462278,338841002041694,338841018159236,338841023401028,16375,341542,338841023401028,338841018868569,-1,338841018159236,
0,117448129,338841015048883,338841015048883,0,338841015384111,338841015385653,338841016053444,338841016227736,338841050531958,338841015377611,16799742,338841016290653,338841019189236,338841021815778,338841034903069,338841040174153,23500,285459,338841040174153,338841035597528,-1,338841034903069,
0,117448137,338841031848625,338841031848625,0,338841032202861,338841032204361,338841032649444,338841032808028,338841067331700,338841032196194,16799742,338841032870944,338841035913528,338841038469361,338841050512861,338841055801778,25166,662458,338841055801778,338841051527236,-1,338841050512861,
0,117448145,338841048648367,338841048648367,0,338841048990611,338841048992028,338841049572194,338841049724611,338841084131442,338841048984569,16799742,338841049780986,338841051843819,338841054518611,338841066582236,338841071832903,23000,334667,338841071832903,338841067283986,-1,338841066582236,
0,117448153,338841065448109,338841065448109,0,338841065777611,338841065779236,338841066235944,338841066391236,338841100931184,338841065771819,16799742,338841066448528,338841067597194,338841070431028,338841082560861,338841087840944,18792,256208,338841087840944,338841083291611,-1,338841082560861,
0,117448161,338841082247851,338841082247851,0,338841082561028,338841082562611,338841083120736,338841083288819,338841117730926,338841082554361,16799742,338841083352986,338841083652944,338841086382028,338841098161194,338841103407361,18875,292084,338841103407361,338841098805111,-1,338841098161194,
0,117448169,338841099047593,338841099047593,0,338841099292153,338841099294028,338841099689486,338841099913528,338841134530668,338841099285944,16799742,338841099977611,338841100292528,338841102994944,338841114559361,338841119850444,18541,292042,338841119850444,338841115227653,-1,338841114559361,
0,117448177,338841115847335,338841115847335,0,338841116129444,338841116131028,338841117007361,338841117162111,338841151330410,338841116123986,16799742,338841117220361,338841117550278,338841120298986,338841132920944,338841138249653,20417,366708,338841138249653,338841133693194,-1,338841132920944,
0,117448185,338841132647077,338841132647077,0,338841133090236,338841133091528,338841133582319,338841133753278,338841168130152,338841133083111,16799742,338841133818903,338841134102069,338841136895319,338841150900486,338841156367569,20459,301917,338841156367569,338841151594861,-1,338841150900486,
0,117448193,338841149446819,338841149446819,0,338841149751236,338841149752444,338841150200778,338841150469778,338841184929894,338841149745069,16799742,338841150535194,338841151933111,338841154879528,338841169025195,338841174444028,26834,274750,338841174444028,338841169676986,-1,338841169025195,
0,117448201,338841166246561,338841166246561,0,338841166596653,338841166598319,338841167252319,338841167428778,338841201729636,338841166590069,16799742,338841167586278,338841170137195,338841172781320,338841187105361,338841192446695,22500,272583,338841192446695,338841187761903,-1,338841187105361,
0,117448209,338841183046303,338841183046303,-600643822,338841183406028,338841183407320,338841184199653,338841184426653,338841218529378,338841183398945,16799742,338841185227445,338841188191070,338841190792236,338841200391611,338841205759445,21875,695958,338841205759445,338841201463861,-1,338841200391611,
0,117448217,338841199846045,338841199846045,0,338841200320111,338841200321320,338841201145153,338841201370486,338841235329120,338841200313778,16799742,338841201461320,338841201769445,338841204674570,338841225584070,338841231136986,22667,319167,338841231136986,338841226225861,-1,338841225584070,
0,117448225,338841216645787,338841216645787,0,338841216944736,338841216946278,338841217614986,338841217793195,338841252128862,338841216937945,16799742,338841217873986,338841226581736,338841229091945,338841246459986,338841252253361,18959,308500,338841252253361,338841247089111,-1,338841246459986,
0,117448233,338841233445529,338841233445529,0,338841233749528,338841233750736,338841234250111,338841234424570,338841285728346,338841233743736,16799742,338841234499445,338841247392570,338841250173653,338841266043028,338841272137320,20375,405750,338841272137320,338841266803986,-1,338841266043028,
0,117448241,338841250245271,338841250245271,0,338841250694653,338841250695945,338841251375986,338841251581861,338841302528088,338841250686778,16799742,338841251658070,338841267111070,338841269605195,338841287219820,338841293484736,21000,607917,338841293484736,338841288248820,-1,338841287219820,
0,117448249,338841267045013,338841267045013,0,338841269927653,338841269929028,338841270483361,338841270663528,338841319327830,338841269919861,16799742,338841270741695,338841288587445,338841291040820,338841311112445,338841317321111,22916,305958,338841317321111,338841311731236,-1,338841311112445,
0,117448257,338841283844755,338841283844755,0,338841291373153,338841291374736,338841292103486,338841292281695,338841336127572,338841291365861,16799742,338841292370070,338841312068528,338841314538153,338841330500195,338841336844528,20291,348917,338841336844528,338841331168320,-1,338841330500195,
0,117448265,338841300644497,338841300644497,0,338841315250570,338841315251861,338841315772861,338841316080111,338841369727056,338841315240945,16799742,338841316162236,338841331495695,338841334135153,338841352364778,338841358912695,19667,327250,338841358912695,338841353024070,-1,338841352364778,
0,117448273,338841317444239,338841334243981,0,338841334659695,338841334661111,338841335219778,338841335388903,338841386526798,338841334645070,16799742,338841335456570,338841353488528,338841356249070,338841371616570,338841377627236,23833,442209,338841377627236,338841372413028,-1,338841371616570,
0,117448282,338841351043723,338841351043723,0,338841356720986,338841356722445,338841357259570,338841357420403,338841403326540,338841356712986,16799742,338841357488945,338841372773320,338841375240861,338841390603695,338841396598445,42000,371834,338841396598445,338841391298278,-1,338841390603695,
0,117448290,338841367843465,338841367843465,0,338841375653570,338841375655070,338841376230111,338841376394903,338841420126282,338841375644320,16799742,338841376458111,338841391653945,338841394100903,338841410435111,338841416356111,24541,363834,338841416356111,338841411126028,-1,338841410435111,
0,117448298,338841384643207,338841384643207,0,338841394581861,338841394583111,338841395101320,338841395271903,338841436926024,338841394573320,16799742,338841395340028,338841411430903,338841413930361,338841428853861,338841434773070,20750,334125,338841434773070,338841429543903,-1,338841428853861,
0,117448306,338841401442949,338841401442949,0,338841414396320,338841414398028,338841414903820,338841415139195,338841453725766,338841414388070,16799742,338841415231778,338841429895195,338841432466236,338841447192278,338841453174695,19292,385084,338841453174695,338841447932361,-1,338841447192278,
0,117448314,338841418242691,338841418242691,0,338841432953445,338841432954778,338841433433945,338841433597195,338841470525508,338841432944653,16799742,338841433665111,338841448328736,338841450932236,338841466053611,338841471908361,18875,324375,338841471908361,338841466704028,-1,338841466053611,
0,117448322,338841435042433,338841435042433,0,338841451455403,338841451457028,338841452167903,338841452354986,338841504124992,338841451447195,16799742,338841452424653,338841467028236,338841469771653,338841485064278,338841490924153,21375,582750,338841490924153,338841485989153,-1,338841485064278,
0,117448330,338841451842175,338841468641917,0,338841470124070,338841470125070,338841470763070,338841470985070,338841520924734,338841470111111,16799742,338841471053986,338841486341945,338841489002570,338841503734653,338841509698361,26000,331541,338841509698361,338841504450153,-1,338841503734653,
0,117448339,338841485441659,338841485441659,0,338841489437486,338841489438861,338841489871486,338841490048445,338841537724476,338841489430070,16799742,338841490110945,338841504805486,338841507564986,338841525216445,338841531168361,25000,262042,338841531168361,338841525827945,-1,338841525216445,
0,117448347,338841502241401,338841502241401,0,338841507941736,338841507943070,338841508515528,338841508730070,338841554524218,338841507933611,16799742,338841508801236,338841526184153,338841528798528,338841547051986,338841552957486,20709,317459,338841552957486,338841547707570,-1,338841547051986,
0,117448355,338841519041143,338841519041143,0,338841529151570,338841529153028,338841529621403,338841529785278,338841571323960,338841529143278,16799742,338841529850195,338841548057486,338841551040903,338841567058403,338841572909028,21291,332542,338841572909028,338841567728653,-1,338841567058403,
0,117448363,338841535840885,338841535840885,0,338841551405861,338841551407111,338841552223570,338841552402778,338841604923444,338841551397986,16799742,338841552469820,338841568266111,338841570722236,338841586468486,338841592310320,57208,371292,338841592310320,338841587185695,-1,338841586468486,
0,117448371,338841552640627,338841569440369,0,338841571483986,338841571485945,338841572172445,338841572347528,338841621723186,338841571468320,16799742,338841572415945,338841587485486,338841590214528,338841606698320,338841613168111,22792,376167,338841613168111,338841607424653,-1,338841606698320,
0,117448380,338841586240111,338841586240111,0,338841590540361,338841590541945,338841591054236,338841591246861,338841638522928,338841590532778,16799742,338841591314111,338841607745653,338841610293361,338841628195403,338841634083820,21417,297666,338841634083820,338841628913403,-1,338841628195403,
0,117448388,338841603039853,338841603039853,0,338841610635903,338841610637111,338841611092028,338841611249028,338841655322670,338841610629070,16799742,338841611310570,338841629225570,338841631996070,338841645491820,338841651423320,21125,366542,338841651423320,338841646223028,-1,338841645491820,
0,117448396,338841619839595,338841619839595,0,338841632487861,338841632489403,338841633081111,338841633258028,338841672122412,338841632480195,16799742,338841633331111,338841646519778,338841648969570,338841664958236,338841670800195,20167,327875,338841670800195,338841665633070,-1,338841664958236,
0,117448404,338841636639337,338841636639337,-368535121,338841649581403,338841649583028,338841650207903,338841650484403,338841688922154,338841649572153,16799742,338841650550070,338841665993736,338841668595195,338841685333778,338841691183320,18875,297333,338841691183320,338841686191945,-1,338841685333778,
0,117448412,338841653439079,338841670238821,0,338841671666945,338841671668403,338841672554778,338841672843570,338841722521638,338841671651903,16799742,338841674091028,338841686510570,338841689115486,338841699298236,338841705291695,22917,370750,338841705291695,338841700078445,-1,338841699298236,
0,117448421,338841687038563,338841687038563,-1003606391,338841691047278,338841691048653,338841691709153,338841691921486,338841739321380,338841691037820,16799742,338841692402361,338841700388486,338841703301153,338841730293528,338841741985695,4036666,318834,338841741985695,338841730977486,-1,338841730293528,
0,117448429,338841703838305,338841703838305,0,338841704209945,338841704211611,338841704826528,338841705008195,338841772920864,338841704203236,16799742,338841705397570,338841731287486,338841733700403,338841755958903,338841767594861,18334,349167,338841767594861,338841756786653,-1,338841755958903,
0,117448437,338841720638047,338841720638047,0,338841734019070,338841734020070,338841734566153,338841734776195,338841789720606,338841734013070,16799742,338841735116653,338841757220028,338841759923986,338841780046986,338841791596736,19458,305625,338841791596736,338841780724278,-1,338841780046986,
0,117448445,338841737437789,338841754237531,0,338841760265653,338841760266653,338841760880153,338841761045445,338841823320090,338841760252445,16799742,338841761386278,338841781047236,338841783588778,338841800534861,338841811713528,35958,353458,338841811713528,338841801237445,-1,338841800534861,
0,117448454,338841771037273,338841771037273,0,338841783912403,338841783913611,338841784476278,338841784646778,338841840119832,338841783905028,16799742,338841784975445,338841801575570,338841804151361,338841828676528,338841839722903,3952000,308334,338841839722903,338841829304320,-1,338841828676528,
0,117448462,338841787837015,338841787837015,0,338841804522820,338841804523986,338841805168528,338841805339570,338841856919574,338841804516736,16799742,338841805668570,338841829683153,338841832231236,338841851191403,338841862048945,18417,305000,338841862048945,338841851865195,-1,338841851191403,
0,117448471,338841821436499,338841821436499,0,338841832775320,338841832776611,338841833276570,338841833446570,338841890519058,338841832767861,16799742,338841833752611,338841852207486,338841854826611,338841871792195,338841881677237,19459,352750,338841881677237,338841872766403,-1,338841871792195,
0,117448479,338841838236241,338841855035983,0,338841855302153,338841855303403,338841855862861,338841856059445,338841907318800,338841855287611,16799742,338841856367611,338841873076737,338841876144778,338841894347487,338841903853112,18667,309208,338841903853112,338841894961403,-1,338841894347487,
0,117448488,338841871835725,338841871835725,0,338841876434653,338841876435737,338841876850612,338841877007862,338841924118542,338841876428862,16799742,338841877298945,338841895298695,338841898088487,338841913918028,338841923509112,18500,417250,338841923509112,338841914685362,-1,338841913918028,
0,117448496,338841888635467,338841888635467,0,338841898451612,338841898452653,338841899110362,338841899273945,338841940918284,338841898444987,16799742,338841899589695,338841915019237,338841917878570,338841935541237,338841945139737,19458,362875,338841945139737,338841936218070,-1,338841935541237,
0,117448504,338841905435209,338841905435209,0,338841918197695,338841918199112,338841918677528,338841918861403,338841974517768,338841918191445,16799742,338841919222528,338841936524862,338841938862612,338841957089570,338841966665278,18750,340083,338841966665278,338841959330112,-1,338841957089570,
0,117448512,338841922234951,338841939034693,0,338841939203278,338841939204237,338841958833362,338841959147153,338841991317510,338841939191153,16799742,338841965322820,338841965692903,338841968340237,338841982857862,338841988640987,22708,583459,338841988640987,338841983769528,-1,338841982857862,
0,117448522,338841972634177,338841972634177,0,338841972949820,338841972951695,338841974999570,338841975256237,338842008117252,338841972941570,16799742,338841976476945,338841984128778,338841986651487,338842007489403,338842013941695,20125,456417,338842013941695,338842008339695,-1,338842007489403,
0,117448530,338841989433919,338841989433919,0,338841990600612,338841990602070,338841992864737,338841993089528,338842041716736,338841990593445,16799742,338841993464945,338842008663862,338842011354862,338842031993987,338842038750945,19708,286208,338842038750945,338842032620487,-1,338842031993987,
0,117448538,338842006233661,338842006233661,0,338842011576195,338842011577112,338842013540445,338842013751945,338842058516478,338842011569612,16799742,338842014645070,338842032933862,338842038463362,338842055125987,338842062997862,55708,298792,338842062997862,338842055775528,-1,338842055125987,
0,117448545,338842023033403,338842023033403,0,338842039110028,338842039111945,338842040668445,338842040829945,338842092115962,338842039101528,16799742,338842041167320,338842056134487,338842058711653,338842074960820,338842082835903,18500,720750,338842082835903,338842076056403,-1,338842074960820,
0,117448553,338842039833145,338842056632887,0,338842059140570,338842059141778,338842060398403,338842060599903,338842108915704,338842059126737,16799742,338842062307237,338842076375987,338842079112737,338842093130737,338842101024320,20459,569750,338842101024320,338842094075653,-1,338842093130737,
0,117448562,338842073432629,338842073432629,0,338842079422403,338842079423362,338842080663320,338842080833862,338842125715446,338842079416528,16799742,338842081179737,338842094399028,338842097081612,338842115075112,338842123188737,20750,413250,338842123188737,338842115874028,-1,338842115075112,
0,117448570,338842090232371,338842090232371,0,338842097638487,338842097639903,338842099202278,338842099369570,338842142515188,338842097630487,16799742,338842099722570,338842116319445,338842118814112,338842135794570,338842143789112,18916,374166,338842143789112,338842136590903,-1,338842135794570,
0,117448578,338842107032113,338842107032113,0,338842119172695,338842119173945,338842120790778,338842120969195,338842176114672,338842119166362,16799742,338842121337445,338842136940237,338842139457070,338842153998862,338842161937028,17958,385416,338842161937028,338842154699987,-1,338842153998862,
0,117448586,338842123831855,338842123831855,0,338842139824820,338842139826195,338842141431612,338842141605528,338842192914414,338842139818987,16799742,338842141952487,338842155027570,338842157896987,338842172917320,338842180886820,3003958,306500,338842180886820,338842173568070,-1,338842172917320,
0,117448594,338842140631597,338842157431339,0,338842158261278,338842158262320,338842159414987,338842159583820,338842209714156,338842158249737,16799742,338842159993653,338842173880945,338842176546862,338842193170903,338842201132820,1189375,359708,338842201132820,338842193860987,-1,338842193170903,
0,117448603,338842174231081,338842174231081,0,338842176919820,338842176921112,338842178196320,338842178816278,338842226513898,338842176912987,16799742,338842179206445,338842194191612,338842196885195,338842210659237,338842218629112,21584,382666,338842218629112,338842211395153,-1,338842210659237,
0,117448611,338842191030823,338842191030823,0,338842197273112,338842197274195,338842198343195,338842198506737,338842243313640,338842197267570,16799742,338842198825987,338842211807362,338842214330153,338842233374195,338842241318653,28750,592834,338842241318653,338842234266153,-1,338842233374195,
0,117448619,338842207830565,338842207830565,0,338842214821028,338842214822445,338842216076445,338842216284820,338842260113382,338842214813028,16799742,338842216613445,338842234571695,338842237497195,338842254698278,338842262639695,19292,359208,338842262639695,338842255363778,-1,338842254698278,
0,117448627,338842224630307,338842224630307,0,338842237827070,338842237828153,338842239240320,338842239406112,338842293712866,338842237821445,16799742,338842239841820,338842255802403,338842258552403,338842275227278,338842283232570,17625,420000,338842283232570,338842275979445,-1,338842275227278,
0,117448635,338842241430049,338842258229791,0,338842258748695,338842258749653,338842259168445,338842259335695,338842310512608,338842258736820,16799742,338842259580695,338842276317362,338842278975778,338842293503612,338842301212403,18583,1654500,338842301212403,338842295502778,-1,338842293503612,
0,117448644,338842275029533,338842275029533,0,338842279125070,338842279126195,338842279464112,338842279613028,338842327312350,338842279120403,16799742,338842279642112,338842295817987,338842298213737,338842315167195,338842322873528,24084,285875,338842322873528,338842315775237,-1,338842315167195,
0,117448652,338842291829275,338842291829275,0,338842298397737,338842298398362,338842298794862,338842298946570,338842344112092,338842298392445,16799742,338842298976153,338842316170320,338842319608403,338842336815570,338842344508903,21708,320625,338842344508903,338842337427320,-1,338842336815570,
0,117448660,338842308629017,338842308629017,0,338842319798737,338842319799653,338842320287362,338842320441028,338842377711576,338842319793487,16799742,338842320470820,338842338144820,338842340572278,338842358655570,338842366398862,19583,287083,338842366398862,338842359261653,-1,338842358655570,
0,117448668,338842325428759,338842325428759,0,338842340935778,338842340936903,338842341325653,338842341475862,338842394511318,338842340927403,16799742,338842341505862,338842359555362,338842361961903,338842379429737,338842387145612,571542,487584,338842387145612,338842381341570,-1,338842379429737,
0,117448676,338842342228501,338842359028243,0,338842362158570,338842362159445,338842362683903,338842362835570,338842411311060,338842362147362,16799742,338842362890278,338842381656528,338842383962945,338842402687653,338842410389862,41000,431625,338842410389862,338842403415778,-1,338842402687653,
0,117448685,338842375827985,338842375827985,0,338842384164612,338842384165528,338842384528820,338842384767903,338842428110802,338842384159278,16799742,338842384796403,338842403713320,338842406081612,338842424491987,338842432423320,18833,295333,338842432423320,338842425486445,-1,338842424491987,
0,117448693,338842392627727,338842392627727,0,338842406255195,338842406255987,338842406679487,338842406867403,338842461710286,338842406250570,16799742,338842406897653,338842425789945,338842428687820,338842446648612,338842454365778,19875,253291,338842454365778,338842447243570,-1,338842446648612,
0,117448701,338842409427469,338842426227211,0,338842428874695,338842428875487,338842429375945,338842429519112,338842478510028,338842428863487,16799742,338842429548237,338842447529445,338842449825570,338842464090903,338842471802487,20208,316500,338842471802487,338842464740653,-1,338842464090903,
0,117448710,338842443026953,338842443026953,0,338842449999487,338842450000778,338842450364028,338842450508695,338842495309770,338842449994237,16799742,338842450537320,338842465029903,338842467300528,338842476734237,338842484431945,19500,302167,338842484431945,338842477361737,-1,338842476734237,
0,117448718,338842459826695,338842459826695,0,338842467484403,338842467485278,338842467853612,338842468107362,338842512109512,338842467479112,16799742,338842468139695,338842477762570,338842481395987,338842490206237,338842497932570,21166,279292,338842497932570,338842490797320,-1,338842490206237,
0,117448726,338842476626437,338842476626437,0,338842481556612,338842481557320,338842481908403,338842482047112,338842528909254,338842481551862,16799742,338842482076362,338842491102778,338842493406612,338842515304737,338842522990112,3635792,629292,338842522990112,338842516257362,-1,338842515304737,
0,117448734,338842493426179,338842493426179,0,338842493719903,338842493721028,338842494064612,338842494211195,338842545708996,338842493715237,16799742,338842494238278,338842516555862,338842518806195,338842530929237,338842538619028,19083,293500,338842538619028,338842531542153,-1,338842530929237,
0,117448742,338842510225921,338842510225921,0,338842518981362,338842518982112,338842519374737,338842519621653,338842562508738,338842518975862,16799742,338842519650903,338842531834362,338842534086403,338842542118862,338842549823903,16583,349791,338842549823903,338842542791153,-1,338842542118862,
0,117448750,338842527025663,338842527025663,0,338842534250028,338842534250945,338842534603445,338842534762862,338842579308480,338842534244778,16799742,338842534793028,338842543093945,338842545518070,338842557158820,338842564862320,1708875,603375,338842564862320,338842558092528,-1,338842557158820,
0,117448758,338842543825405,338842543825405,0,338842545720570,338842545721570,338842547382903,338842547577112,338842596108222,338842545715737,16799742,338842547608278,338842558385903,338842560760945,338842572166320,338842579880487,3313916,573250,338842579880487,338842573090570,-1,338842572166320,
0,117448766,338842560625147,338842560625147,0,338842560933862,338842560934862,338842561284737,338842561427570,338842612907964,338842560929028,16799742,338842561453945,338842573383404,338842575770654,338842589498820,338842597195862,5088458,544375,338842597195862,338842590358070,-1,338842589498820,
0,117448774,338842577424889,338842577424889,0,338842577680404,338842577681654,338842578025320,338842578166612,338842629707706,338842577675029,16799742,338842578193612,338842590715195,338842593122362,338842606423695,338842614187904,4493459,612375,338842614187904,338842607363279,-1,338842606423695,
0,117448782,338842594224631,338842594224631,0,338842594501112,338842594502279,338842594852987,338842595004695,338842646507448,338842594495570,16799742,338842595032237,338842607664529,338842610096737,338842622941445,338842630742445,4440625,532625,338842630742445,338842623847862,-1,338842622941445,
0,117448790,338842611024373,338842611024373,0,338842611275612,338842611276612,338842611616195,338842611755362,338842663307190,338842611270695,16799742,338842611781695,338842624264779,338842626689987,338842639171779,338842646859945,4572041,295750,338842646859945,338842639780612,-1,338842639171779,
0,117448798,338842627824115,338842627824115,0,338842628120570,338842628121820,338842628483987,338842628696487,338842680106932,338842628114612,16799742,338842628725320,338842640121195,338842642339029,338842656873112,338842664570237,5946625,563750,338842664570237,338842657761529,-1,338842656873112,
0,117448806,338842644623857,338842644623857,0,338842644887820,338842644889195,338842645253612,338842645405112,338842696906674,338842644883029,16799742,338842645433195,338842658057695,338842660344362,338842673076362,338842680765779,4477125,520708,338842680765779,338842673907570,-1,338842673076362,
0,117448814,338842661423599,338842661423599,0,338842661677945,338842661679070,338842662063445,338842662206404,338842713706416,338842661672737,16799742,338842662232987,338842674200862,338842676491695,338842690256987,338842697965779,5124000,550625,338842697965779,338842691126279,-1,338842690256987,
0,117448822,338842678223341,338842678223341,0,338842678495362,338842678496612,338842679085987,338842679294654,338842730506158,338842678490362,16799742,338842679322904,338842691480237,338842693922404,338842711169570,338842718861029,4454459,587458,338842718861029,338842712080612,-1,338842711169570,
---PROFILEDATA---


View hierarchy:

  com.auroratv.lab/com.auroratv.MainActivity/android.view.ViewRootImpl@a542ca7
  757 views, 1325.68 kB of render nodes


Total ViewRootImpl   : 1
Total attached Views : 757
Total RenderNode     : 1325.68 kB (used) / 5225.50 kB (capacity)

