16683333
0	0	0
0	0	0
0	0	0
0	0	0
0	0	0
0	0	0
0	0	0
0	0	0
0	0	0
0	0	0
0	0	0
0	0	0
0	0	0
0	0	0
0	0	0
0	0	0
0	0	0
0	0	0
0	0	0
0	0	0
0	0	0
0	0	0
0	0	0
0	0	0
0	0	0
0	0	0
0	0	0
0	0	0
0	0	0
0	0	0
0	0	0
0	0	0
0	0	0
0	0	0
0	0	0
0	0	0
0	0	0
0	0	0
0	0	0
0	0	0
0	0	0
0	0	0
0	0	0
0	0	0
0	0	0
0	0	0
0	0	0
0	0	0
0	0	0
0	0	0
0	0	0
0	0	0
0	0	0
0	0	0
0	0	0
0	0	0
0	0	0
0	0	0
0	0	0
0	0	0
0	0	0
0	0	0
0	0	0
0	0	0
0	0	0
0	0	0
0	0	0
0	0	0
0	0	0
0	0	0
0	0	0
0	0	0
0	0	0
0	0	0
0	0	0
0	0	0
0	0	0
0	0	0
0	0	0
0	0	0
0	0	0
0	0	0
0	0	0
0	0	0
0	0	0
0	0	0
0	0	0
0	0	0
0	0	0
0	0	0
0	0	0
0	0	0
0	0	0
0	0	0
0	0	0
0	0	0
0	0	0
0	0	0
0	0	0
0	0	0
0	0	0
0	0	0
0	0	0
0	0	0
0	0	0
0	0	0
0	0	0
0	0	0
0	0	0
0	0	0
0	0	0
0	0	0
0	0	0
0	0	0
0	0	0
0	0	0
0	0	0
0	0	0
0	0	0
0	0	0
0	0	0
0	0	0
0	0	0
0	0	0
0	0	0
0	0	0
0	0	0

===
16683333
0	0	0
0	0	0
0	0	0
0	0	0
0	0	0
0	0	0
0	0	0
0	0	0
0	0	0
0	0	0
0	0	0
0	0	0
0	0	0
0	0	0
0	0	0
0	0	0
0	0	0
0	0	0
0	0	0
0	0	0
0	0	0
0	0	0
0	0	0
0	0	0
0	0	0
0	0	0
0	0	0
0	0	0
0	0	0
0	0	0
0	0	0
0	0	0
0	0	0
0	0	0
0	0	0
0	0	0
0	0	0
0	0	0
0	0	0
0	0	0
0	0	0
0	0	0
0	0	0
0	0	0
0	0	0
0	0	0
0	0	0
0	0	0
0	0	0
0	0	0
0	0	0
0	0	0
0	0	0
0	0	0
0	0	0
0	0	0
0	0	0
0	0	0
0	0	0
0	0	0
0	0	0
0	0	0
0	0	0
0	0	0
0	0	0
0	0	0
0	0	0
0	0	0
0	0	0
0	0	0
0	0	0
0	0	0
0	0	0
0	0	0
0	0	0
0	0	0
0	0	0
0	0	0
0	0	0
0	0	0
0	0	0
0	0	0
0	0	0
0	0	0
0	0	0
0	0	0
0	0	0
0	0	0
0	0	0
0	0	0
0	0	0
338269740698172	338269754252116	338269757002714
338269778917172	338269787618782	338269797227255
338269801987547	338269820985448	338269820311589
338269822522589	338269837668781	338269841144797
338269850612672	338269871035447	338269873434589
338269866971672	338269887718780	338269891706089
338269902474922	338269904402113	338269909994672
338269915401380	338269921085446	338269923007089
338269926308255	338269937768779	338269933912797
338269950041922	338269954452112	338269957561297
338269965262214	338269971135445	338269972843672
338269979181380	338269987818778	338269986763505
338269996163255	338270004502111	338270003716297
338270013690755	338270021185444	338270021235755
338270026801839	338270037868777	338270034378797
338270043038964	338270054552110	338270050604131
338270061610047	338270071235443	338270069256089
338270077366006	338270104602109	338270084719089
338270367154714	338270404902103	338270389511672
338270404336964	338270438268769	338270428196964
338270434199589	338270454952102	338270454256464
338270464133214	338270471635435	338270472369589
338270488571381	338270505002101	338270497734714
338270515483214	338270538368767	338270526374672
338270534909339	338270555052100	338270545948672
338270562100547	338270571735433	338270573150506
338270583326381	338270605102099	338270594346547
338270600500131	338270621785432	338270611514006
338270625380506	338270638468765	338270636508464
338270643414047	338270655152098	338270654594464
338270660864881	338270671835431	338270672081547
338270677842922	338270688518764	338270688183297
338270695178256	338270705202097	338270700644172
338270715909422	338270721885430	338270721349589
338270732501256	338270738568763	338270738449381
338270750819798	338270755252096	338270756296339

===
16683333
0	0	0
0	0	0
0	0	0
0	0	0
0	0	0
0	0	0
0	0	0
0	0	0
0	0	0
0	0	0
0	0	0
0	0	0
0	0	0
0	0	0
0	0	0
0	0	0
0	0	0
0	0	0
0	0	0
0	0	0
0	0	0
0	0	0
0	0	0
0	0	0
0	0	0
0	0	0
0	0	0
338269740698172	338269754252116	338269757002714
338269778917172	338269787618782	338269797227255
338269801987547	338269820985448	338269820311589
338269822522589	338269837668781	338269841144797
338269850612672	338269871035447	338269873434589
338269866971672	338269887718780	338269891706089
338269902474922	338269904402113	338269909994672
338269915401380	338269921085446	338269923007089
338269926308255	338269937768779	338269933912797
338269950041922	338269954452112	338269957561297
338269965262214	338269971135445	338269972843672
338269979181380	338269987818778	338269986763505
338269996163255	338270004502111	338270003716297
338270013690755	338270021185444	338270021235755
338270026801839	338270037868777	338270034378797
338270043038964	338270054552110	338270050604131
338270061610047	338270071235443	338270069256089
338270077366006	338270104602109	338270084719089
338270367154714	338270404902103	338270389511672
338270404336964	338270438268769	338270428196964
338270434199589	338270454952102	338270454256464
338270464133214	338270471635435	338270472369589
338270488571381	338270505002101	338270497734714
338270515483214	338270538368767	338270526374672
338270534909339	338270555052100	338270545948672
338270562100547	338270571735433	338270573150506
338270583326381	338270605102099	338270594346547
338270600500131	338270621785432	338270611514006
338270625380506	338270638468765	338270636508464
338270643414047	338270655152098	338270654594464
338270660864881	338270671835431	338270672081547
338270677842922	338270688518764	338270688183297
338270695178256	338270705202097	338270700644172
338270715909422	338270721885430	338270721349589
338270732501256	338270738568763	338270738449381
338270750819798	338270755252096	338270756296339
338270769708173	338270771935429	338270775309548
338270789090381	338270805302095	338270794553631
338270806323423	338270821985428	338270811835006
338270826609839	338270838668761	338270832104631
338270845347048	338270855352094	338270850908464
338270858266423	338270872035427	338270863794798
338270874861381	338270888718760	338270880365673
338270891774839	338270905402093	338270897231714
338270907901923	338270922085426	338270913449006
338270921952881	338270938768759	338270927432464
338270940758381	338270955452092	338270946230589
338270957776048	338270972135425	338270963256548
338270974563381	338270988818758	338270980052214
338270993312631	338271005502091	338270998792006
338271007029756	338271022185424	338271012447631
338271027024589	338271038868757	338271032507423
338271043780631	338271055552090	338271049265214
338271060613714	338271072235423	338271066103673
338271074547256	338271088918756	338271079991173
338271094159298	338271105602089	338271099633589
338271111223339	338271122285422	338271116754006
338271128993589	338271138968755	338271134481756
338271145266506	338271155652088	338271150776714
338271155100548	338271172335421	338271160588839
338271172695381	338271189018754	338271178134964
338271191302298	338271205702087	338271196746548
338271204455298	338271222385420	338271209911839
338271223491423	338271239068753	338271228999381
338271240181548	338271255752086	338271245591839
338271255604881	338271272435419	338271261022839
338271271924214	338271289118752	338271277378256
338271287903756	338271305802085	338271293323964
338271305060214	338271322485418	338271310476548
338271322368923	338271339168751	338271327786089
338271339300339	338271355852084	338271344709798
338271355809631	338271372535417	338271361424381
338271372575589	338271389218750	338271377984673
338271489990756	338271506002081	338271501703215
338271512695756	338271522685414	338271525664090
338271530032173	338271539368747	338271543060881
338271546551131	338271556052080	338271559423173
338271564147548	338271572735413	338271577082548
338271583470673	338271589418746	338271589487423
338271602382215	338271606102079	338271608365506
338271617383465	338271622785412	338271623470215
338271640377631	338271639468745	338271647022048
338271662174548	338271672835411	338271668271131
338271685318340	338271689518744	338271691536423
338271709960090	338271706202077	338271716293881
338271734544256	338271739568743	338271740655090
338271750630840	338271756252076	338271756789298
338271773053465	338271772935409	338271779617840
338271792103256	338271789618742	338271798001298
338271809884590	338271806302075	338271815783131
338271829520298	338271839668741	338271835293215
338271849087131	338271856352074	338271854818090
338271869124673	338271873035407	338271874746215
338271886374215	338271889718740	338271891444340
338271902703173	338271906402073	338271907715715
338271917663298	338271923085406	338271922645881
338271929501131	338271939768739	338271934406881
338271947441631	338271956452072	338271952644673
338271966821965	338271973135405	338271971808548
338271981279131	338271989818738	338271986347965

===
16683333
338270367154714	338270404902103	338270389511672
338270404336964	338270438268769	338270428196964
338270434199589	338270454952102	338270454256464
338270464133214	338270471635435	338270472369589
338270488571381	338270505002101	338270497734714
338270515483214	338270538368767	338270526374672
338270534909339	338270555052100	338270545948672
338270562100547	338270571735433	338270573150506
338270583326381	338270605102099	338270594346547
338270600500131	338270621785432	338270611514006
338270625380506	338270638468765	338270636508464
338270643414047	338270655152098	338270654594464
338270660864881	338270671835431	338270672081547
338270677842922	338270688518764	338270688183297
338270695178256	338270705202097	338270700644172
338270715909422	338270721885430	338270721349589
338270732501256	338270738568763	338270738449381
338270750819798	338270755252096	338270756296339
338270769708173	338270771935429	338270775309548
338270789090381	338270805302095	338270794553631
338270806323423	338270821985428	338270811835006
338270826609839	338270838668761	338270832104631
338270845347048	338270855352094	338270850908464
338270858266423	338270872035427	338270863794798
338270874861381	338270888718760	338270880365673
338270891774839	338270905402093	338270897231714
338270907901923	338270922085426	338270913449006
338270921952881	338270938768759	338270927432464
338270940758381	338270955452092	338270946230589
338270957776048	338270972135425	338270963256548
338270974563381	338270988818758	338270980052214
338270993312631	338271005502091	338270998792006
338271007029756	338271022185424	338271012447631
338271027024589	338271038868757	338271032507423
338271043780631	338271055552090	338271049265214
338271060613714	338271072235423	338271066103673
338271074547256	338271088918756	338271079991173
338271094159298	338271105602089	338271099633589
338271111223339	338271122285422	338271116754006
338271128993589	338271138968755	338271134481756
338271145266506	338271155652088	338271150776714
338271155100548	338271172335421	338271160588839
338271172695381	338271189018754	338271178134964
338271191302298	338271205702087	338271196746548
338271204455298	338271222385420	338271209911839
338271223491423	338271239068753	338271228999381
338271240181548	338271255752086	338271245591839
338271255604881	338271272435419	338271261022839
338271271924214	338271289118752	338271277378256
338271287903756	338271305802085	338271293323964
338271305060214	338271322485418	338271310476548
338271322368923	338271339168751	338271327786089
338271339300339	338271355852084	338271344709798
338271355809631	338271372535417	338271361424381
338271372575589	338271389218750	338271377984673
338271489990756	338271506002081	338271501703215
338271512695756	338271522685414	338271525664090
338271530032173	338271539368747	338271543060881
338271546551131	338271556052080	338271559423173
338271564147548	338271572735413	338271577082548
338271583470673	338271589418746	338271589487423
338271602382215	338271606102079	338271608365506
338271617383465	338271622785412	338271623470215
338271640377631	338271639468745	338271647022048
338271662174548	338271672835411	338271668271131
338271685318340	338271689518744	338271691536423
338271709960090	338271706202077	338271716293881
338271734544256	338271739568743	338271740655090
338271750630840	338271756252076	338271756789298
338271773053465	338271772935409	338271779617840
338271792103256	338271789618742	338271798001298
338271809884590	338271806302075	338271815783131
338271829520298	338271839668741	338271835293215
338271849087131	338271856352074	338271854818090
338271869124673	338271873035407	338271874746215
338271886374215	338271889718740	338271891444340
338271902703173	338271906402073	338271907715715
338271917663298	338271923085406	338271922645881
338271929501131	338271939768739	338271934406881
338271947441631	338271956452072	338271952644673
338271966821965	338271973135405	338271971808548
338271981279131	338271989818738	338271986347965
338271996765798	338272006502071	338272001970965
338272016667215	338272023185404	338272021451840
338272031389965	338272039868737	338272036080090
338272049025006	338272056552070	338272053793381
338272066508798	338272073235403	338272071326798
338272079627090	338272089918736	338272084470548
338272097600590	338272106602069	338272102430506
338272113940465	338272123285402	338272118785381
338272131682465	338272139968735	338272136482298
338272147796548	338272156652068	338272152601215
338272163861298	338272173335401	338272168748590
338272184885715	338272190018734	338272189817548
338272202356757	338272206702067	338272207100465
338272214704465	338272223385400	338272219552090
338272231023632	338272240068733	338272235930132
338272247670965	338272256752066	338272252504882
338272265728257	338272273435399	338272270593007
338272282699465	338272290118732	338272288814257
338272298784132	338272306802065	338272303630465
338272316572507	338272323485398	338272321197757
338272332486173	338272340168731	338272337323132
338272348751798	338272356852064	338272353583965
338272365070840	338272373535397	338272369956298
338272383449340	338272390218730	338272389657798
338272400539423	338272406902063	338272405375798
338272417189798	338272423585396	338272421993632
338272433408840	338272440268729	338272438234673
338272450261798	338272456952062	338272455079673
338272466236965	338272473635395	338272471026840
338272481100798	338272490318728	338272485929632
338272500026298	338272523685394	338272504818090
338272515122090	338272540368727	338272519967465
338272535492298	338272557052060	338272540069507
338272548859923	338272573735393	338272553672257
338272565210632	338272590418726	338272570031007
338272580919632	338272607102059	338272585735132
338272597511715	338272623785392	338272602326173
338272614831465	338272640468725	338272619659132
338272631832257	338272657152058	338272636658298
338272648357673	338272673835391	338272653186340
338272665416965	338272690518724	338272670284132
338272682287715	338272707202057	338272687184965
338272698705798	338272723885390	338272703505798
338272715619673	338272740568723	338272720432257
338272732552757	338272757252056	338272737364215

===
16683333
338270367154714	338270404902103	338270389511672
338270404336964	338270438268769	338270428196964
338270434199589	338270454952102	338270454256464
338270464133214	338270471635435	338270472369589
338270488571381	338270505002101	338270497734714
338270515483214	338270538368767	338270526374672
338270534909339	338270555052100	338270545948672
338270562100547	338270571735433	338270573150506
338270583326381	338270605102099	338270594346547
338270600500131	338270621785432	338270611514006
338270625380506	338270638468765	338270636508464
338270643414047	338270655152098	338270654594464
338270660864881	338270671835431	338270672081547
338270677842922	338270688518764	338270688183297
338270695178256	338270705202097	338270700644172
338270715909422	338270721885430	338270721349589
338270732501256	338270738568763	338270738449381
338270750819798	338270755252096	338270756296339
338270769708173	338270771935429	338270775309548
338270789090381	338270805302095	338270794553631
338270806323423	338270821985428	338270811835006
338270826609839	338270838668761	338270832104631
338270845347048	338270855352094	338270850908464
338270858266423	338270872035427	338270863794798
338270874861381	338270888718760	338270880365673
338270891774839	338270905402093	338270897231714
338270907901923	338270922085426	338270913449006
338270921952881	338270938768759	338270927432464
338270940758381	338270955452092	338270946230589
338270957776048	338270972135425	338270963256548
338270974563381	338270988818758	338270980052214
338270993312631	338271005502091	338270998792006
338271007029756	338271022185424	338271012447631
338271027024589	338271038868757	338271032507423
338271043780631	338271055552090	338271049265214
338271060613714	338271072235423	338271066103673
338271074547256	338271088918756	338271079991173
338271094159298	338271105602089	338271099633589
338271111223339	338271122285422	338271116754006
338271128993589	338271138968755	338271134481756
338271145266506	338271155652088	338271150776714
338271155100548	338271172335421	338271160588839
338271172695381	338271189018754	338271178134964
338271191302298	338271205702087	338271196746548
338271204455298	338271222385420	338271209911839
338271223491423	338271239068753	338271228999381
338271240181548	338271255752086	338271245591839
338271255604881	338271272435419	338271261022839
338271271924214	338271289118752	338271277378256
338271287903756	338271305802085	338271293323964
338271305060214	338271322485418	338271310476548
338271322368923	338271339168751	338271327786089
338271339300339	338271355852084	338271344709798
338271355809631	338271372535417	338271361424381
338271372575589	338271389218750	338271377984673
338271489990756	338271506002081	338271501703215
338271512695756	338271522685414	338271525664090
338271530032173	338271539368747	338271543060881
338271546551131	338271556052080	338271559423173
338271564147548	338271572735413	338271577082548
338271583470673	338271589418746	338271589487423
338271602382215	338271606102079	338271608365506
338271617383465	338271622785412	338271623470215
338271640377631	338271639468745	338271647022048
338271662174548	338271672835411	338271668271131
338271685318340	338271689518744	338271691536423
338271709960090	338271706202077	338271716293881
338271734544256	338271739568743	338271740655090
338271750630840	338271756252076	338271756789298
338271773053465	338271772935409	338271779617840
338271792103256	338271789618742	338271798001298
338271809884590	338271806302075	338271815783131
338271829520298	338271839668741	338271835293215
338271849087131	338271856352074	338271854818090
338271869124673	338271873035407	338271874746215
338271886374215	338271889718740	338271891444340
338271902703173	338271906402073	338271907715715
338271917663298	338271923085406	338271922645881
338271929501131	338271939768739	338271934406881
338271947441631	338271956452072	338271952644673
338271966821965	338271973135405	338271971808548
338271981279131	338271989818738	338271986347965
338271996765798	338272006502071	338272001970965
338272016667215	338272023185404	338272021451840
338272031389965	338272039868737	338272036080090
338272049025006	338272056552070	338272053793381
338272066508798	338272073235403	338272071326798
338272079627090	338272089918736	338272084470548
338272097600590	338272106602069	338272102430506
338272113940465	338272123285402	338272118785381
338272131682465	338272139968735	338272136482298
338272147796548	338272156652068	338272152601215
338272163861298	338272173335401	338272168748590
338272184885715	338272190018734	338272189817548
338272202356757	338272206702067	338272207100465
338272214704465	338272223385400	338272219552090
338272231023632	338272240068733	338272235930132
338272247670965	338272256752066	338272252504882
338272265728257	338272273435399	338272270593007
338272282699465	338272290118732	338272288814257
338272298784132	338272306802065	338272303630465
338272316572507	338272323485398	338272321197757
338272332486173	338272340168731	338272337323132
338272348751798	338272356852064	338272353583965
338272365070840	338272373535397	338272369956298
338272383449340	338272390218730	338272389657798
338272400539423	338272406902063	338272405375798
338272417189798	338272423585396	338272421993632
338272433408840	338272440268729	338272438234673
338272450261798	338272456952062	338272455079673
338272466236965	338272473635395	338272471026840
338272481100798	338272490318728	338272485929632
338272500026298	338272523685394	338272504818090
338272515122090	338272540368727	338272519967465
338272535492298	338272557052060	338272540069507
338272548859923	338272573735393	338272553672257
338272565210632	338272590418726	338272570031007
338272580919632	338272607102059	338272585735132
338272597511715	338272623785392	338272602326173
338272614831465	338272640468725	338272619659132
338272631832257	338272657152058	338272636658298
338272648357673	338272673835391	338272653186340
338272665416965	338272690518724	338272670284132
338272682287715	338272707202057	338272687184965
338272698705798	338272723885390	338272703505798
338272715619673	338272740568723	338272720432257
338272732552757	338272757252056	338272737364215

===
16683333
338270677842922	338270688518764	338270688183297
338270695178256	338270705202097	338270700644172
338270715909422	338270721885430	338270721349589
338270732501256	338270738568763	338270738449381
338270750819798	338270755252096	338270756296339
338270769708173	338270771935429	338270775309548
338270789090381	338270805302095	338270794553631
338270806323423	338270821985428	338270811835006
338270826609839	338270838668761	338270832104631
338270845347048	338270855352094	338270850908464
338270858266423	338270872035427	338270863794798
338270874861381	338270888718760	338270880365673
338270891774839	338270905402093	338270897231714
338270907901923	338270922085426	338270913449006
338270921952881	338270938768759	338270927432464
338270940758381	338270955452092	338270946230589
338270957776048	338270972135425	338270963256548
338270974563381	338270988818758	338270980052214
338270993312631	338271005502091	338270998792006
338271007029756	338271022185424	338271012447631
338271027024589	338271038868757	338271032507423
338271043780631	338271055552090	338271049265214
338271060613714	338271072235423	338271066103673
338271074547256	338271088918756	338271079991173
338271094159298	338271105602089	338271099633589
338271111223339	338271122285422	338271116754006
338271128993589	338271138968755	338271134481756
338271145266506	338271155652088	338271150776714
338271155100548	338271172335421	338271160588839
338271172695381	338271189018754	338271178134964
338271191302298	338271205702087	338271196746548
338271204455298	338271222385420	338271209911839
338271223491423	338271239068753	338271228999381
338271240181548	338271255752086	338271245591839
338271255604881	338271272435419	338271261022839
338271271924214	338271289118752	338271277378256
338271287903756	338271305802085	338271293323964
338271305060214	338271322485418	338271310476548
338271322368923	338271339168751	338271327786089
338271339300339	338271355852084	338271344709798
338271355809631	338271372535417	338271361424381
338271372575589	338271389218750	338271377984673
338271489990756	338271506002081	338271501703215
338271512695756	338271522685414	338271525664090
338271530032173	338271539368747	338271543060881
338271546551131	338271556052080	338271559423173
338271564147548	338271572735413	338271577082548
338271583470673	338271589418746	338271589487423
338271602382215	338271606102079	338271608365506
338271617383465	338271622785412	338271623470215
338271640377631	338271639468745	338271647022048
338271662174548	338271672835411	338271668271131
338271685318340	338271689518744	338271691536423
338271709960090	338271706202077	338271716293881
338271734544256	338271739568743	338271740655090
338271750630840	338271756252076	338271756789298
338271773053465	338271772935409	338271779617840
338271792103256	338271789618742	338271798001298
338271809884590	338271806302075	338271815783131
338271829520298	338271839668741	338271835293215
338271849087131	338271856352074	338271854818090
338271869124673	338271873035407	338271874746215
338271886374215	338271889718740	338271891444340
338271902703173	338271906402073	338271907715715
338271917663298	338271923085406	338271922645881
338271929501131	338271939768739	338271934406881
338271947441631	338271956452072	338271952644673
338271966821965	338271973135405	338271971808548
338271981279131	338271989818738	338271986347965
338271996765798	338272006502071	338272001970965
338272016667215	338272023185404	338272021451840
338272031389965	338272039868737	338272036080090
338272049025006	338272056552070	338272053793381
338272066508798	338272073235403	338272071326798
338272079627090	338272089918736	338272084470548
338272097600590	338272106602069	338272102430506
338272113940465	338272123285402	338272118785381
338272131682465	338272139968735	338272136482298
338272147796548	338272156652068	338272152601215
338272163861298	338272173335401	338272168748590
338272184885715	338272190018734	338272189817548
338272202356757	338272206702067	338272207100465
338272214704465	338272223385400	338272219552090
338272231023632	338272240068733	338272235930132
338272247670965	338272256752066	338272252504882
338272265728257	338272273435399	338272270593007
338272282699465	338272290118732	338272288814257
338272298784132	338272306802065	338272303630465
338272316572507	338272323485398	338272321197757
338272332486173	338272340168731	338272337323132
338272348751798	338272356852064	338272353583965
338272365070840	338272373535397	338272369956298
338272383449340	338272390218730	338272389657798
338272400539423	338272406902063	338272405375798
338272417189798	338272423585396	338272421993632
338272433408840	338272440268729	338272438234673
338272450261798	338272456952062	338272455079673
338272466236965	338272473635395	338272471026840
338272481100798	338272490318728	338272485929632
338272500026298	338272523685394	338272504818090
338272515122090	338272540368727	338272519967465
338272535492298	338272557052060	338272540069507
338272548859923	338272573735393	338272553672257
338272565210632	338272590418726	338272570031007
338272580919632	338272607102059	338272585735132
338272597511715	338272623785392	338272602326173
338272614831465	338272640468725	338272619659132
338272631832257	338272657152058	338272636658298
338272648357673	338272673835391	338272653186340
338272665416965	338272690518724	338272670284132
338272682287715	338272707202057	338272687184965
338272698705798	338272723885390	338272703505798
338272715619673	338272740568723	338272720432257
338272732552757	338272757252056	338272737364215
338275489565216	338275510002001	338275504028466
338275511446841	338275526685334	338275527868341
338275530883716	338275560052000	338275547439466
338275549828383	338275576735333	338275565604550
338275579695883	338275593418666	338275585309300
338275599017966	338275610101999	338275604613383
338275618462175	338275626785332	338275624098591
338275634472800	338275643468665	338275640122425
338275654273842	338275660151998	338275660535550
338275672829258	338275676835331	338275678542967
338275688966300	338275693518664	338275694857342
338275711403883	338275726885330	338275717243675
338275736580508	338275743568663	338275742508925

===
16683333
338271849087131	338271856352074	338271854818090
338271869124673	338271873035407	338271874746215
338271886374215	338271889718740	338271891444340
338271902703173	338271906402073	338271907715715
338271917663298	338271923085406	338271922645881
338271929501131	338271939768739	338271934406881
338271947441631	338271956452072	338271952644673
338271966821965	338271973135405	338271971808548
338271981279131	338271989818738	338271986347965
338271996765798	338272006502071	338272001970965
338272016667215	338272023185404	338272021451840
338272031389965	338272039868737	338272036080090
338272049025006	338272056552070	338272053793381
338272066508798	338272073235403	338272071326798
338272079627090	338272089918736	338272084470548
338272097600590	338272106602069	338272102430506
338272113940465	338272123285402	338272118785381
338272131682465	338272139968735	338272136482298
338272147796548	338272156652068	338272152601215
338272163861298	338272173335401	338272168748590
338272184885715	338272190018734	338272189817548
338272202356757	338272206702067	338272207100465
338272214704465	338272223385400	338272219552090
338272231023632	338272240068733	338272235930132
338272247670965	338272256752066	338272252504882
338272265728257	338272273435399	338272270593007
338272282699465	338272290118732	338272288814257
338272298784132	338272306802065	338272303630465
338272316572507	338272323485398	338272321197757
338272332486173	338272340168731	338272337323132
338272348751798	338272356852064	338272353583965
338272365070840	338272373535397	338272369956298
338272383449340	338272390218730	338272389657798
338272400539423	338272406902063	338272405375798
338272417189798	338272423585396	338272421993632
338272433408840	338272440268729	338272438234673
338272450261798	338272456952062	338272455079673
338272466236965	338272473635395	338272471026840
338272481100798	338272490318728	338272485929632
338272500026298	338272523685394	338272504818090
338272515122090	338272540368727	338272519967465
338272535492298	338272557052060	338272540069507
338272548859923	338272573735393	338272553672257
338272565210632	338272590418726	338272570031007
338272580919632	338272607102059	338272585735132
338272597511715	338272623785392	338272602326173
338272614831465	338272640468725	338272619659132
338272631832257	338272657152058	338272636658298
338272648357673	338272673835391	338272653186340
338272665416965	338272690518724	338272670284132
338272682287715	338272707202057	338272687184965
338272698705798	338272723885390	338272703505798
338272715619673	338272740568723	338272720432257
338272732552757	338272757252056	338272737364215
338275489565216	338275510002001	338275504028466
338275511446841	338275526685334	338275527868341
338275530883716	338275560052000	338275547439466
338275549828383	338275576735333	338275565604550
338275579695883	338275593418666	338275585309300
338275599017966	338275610101999	338275604613383
338275618462175	338275626785332	338275624098591
338275634472800	338275643468665	338275640122425
338275654273842	338275660151998	338275660535550
338275672829258	338275676835331	338275678542967
338275688966300	338275693518664	338275694857342
338275711403883	338275726885330	338275717243675
338275736580508	338275743568663	338275742508925
338275759599717	338275776935329	338275765558258
338275775276467	338275793618662	338275781318758
338275800711300	338275810301995	338275806749383
338275819483467	338275826985328	338275825518008
338275841062800	338275843668661	338275847181592
338275860858592	338275877035327	338275866919675
338275880466925	338275893718660	338275886590467
338275905460717	338275910401993	338275911562217
338275924139050	338275927085326	338275929607217
338275942463300	338275943768659	338275947981508
338275962306675	338275977135325	338275967807717
338275980121592	338275993818658	338275988102342
338276003508550	338276010501991	338276009062717
338276021562800	338276027185324	338276026949967
338276135225342	338276143968655	338276144623175
338276173426633	338276194018654	338276186987675
338276195073467	338276210701987	338276208705550
338276227466342	338276227385320	338276234967883
338276257081842	338276260751986	338276264583633
338276278036883	338276277435319	338276285655550
338276298624967	338276310801985	338276306146633
338276315536883	338276327485318	338276323069217
338276349805842	338276360851984	338276355398425
338276366281717	338276377535317	338276371857425
338276386803009	338276394218650	338276392241342
338276405729842	338276410901983	338276411225550
338276426975009	338276427585316	338276432542717
338276444945009	338276444268649	338276450498509
338276462782759	338276460951982	338276468348675
338276479928759	338276477635315	338276485482009
338276494796842	338276494318648	338276500368509
338276511266925	338276511001981	338276517013259
338276528507342	338276527685314	338276534054884
338276539883550	338276544368647	338276545443592
338276552485467	338276561051980	338276558095800
338276566685967	338276577735313	338276572332925
338276582318634	338276594418646	338276587802675
338276599120259	338276611101979	338276604685759
338276615426800	338276627785312	338276621068550
338276632707925	338276644468645	338276638283092
338276650379217	338276661151978	338276655931259
338276665790425	338276677835311	338276671390884
338276682835259	338276694518644	338276688412592
338276698726092	338276711201977	338276704277134
338276717586134	338276727885310	338276723154467
338276733180967	338276744568643	338276738870384
338276749465925	338276761251976	338276755056050
338276765011717	338276777935309	338276770649800
338276782333384	338276794618642	338276787882009
338276799071342	338276811301975	338276804549342
338276815397842	338276827985308	338276820947467
338276832268259	338276844668641	338276837799884
338276850695967	338276861351974	338276856301634
338276866804300	338276878035307	338276872350217
338276883194467	338276894718640	338276888808009
338276901423384	338276911401973	338276906875509
338276917326925	338276928085306	338276922891175
338276933377092	338276944768639	338276938875675
338276950294050	338276961451972	338276955783634
338276967746675	338276978135305	338276973371342

===
16683333
338275905460717	338275910401993	338275911562217
338275924139050	338275927085326	338275929607217
338275942463300	338275943768659	338275947981508
338275962306675	338275977135325	338275967807717
338275980121592	338275993818658	338275988102342
338276003508550	338276010501991	338276009062717
338276021562800	338276027185324	338276026949967
338276135225342	338276143968655	338276144623175
338276173426633	338276194018654	338276186987675
338276195073467	338276210701987	338276208705550
338276227466342	338276227385320	338276234967883
338276257081842	338276260751986	338276264583633
338276278036883	338276277435319	338276285655550
338276298624967	338276310801985	338276306146633
338276315536883	338276327485318	338276323069217
338276349805842	338276360851984	338276355398425
338276366281717	338276377535317	338276371857425
338276386803009	338276394218650	338276392241342
338276405729842	338276410901983	338276411225550
338276426975009	338276427585316	338276432542717
338276444945009	338276444268649	338276450498509
338276462782759	338276460951982	338276468348675
338276479928759	338276477635315	338276485482009
338276494796842	338276494318648	338276500368509
338276511266925	338276511001981	338276517013259
338276528507342	338276527685314	338276534054884
338276539883550	338276544368647	338276545443592
338276552485467	338276561051980	338276558095800
338276566685967	338276577735313	338276572332925
338276582318634	338276594418646	338276587802675
338276599120259	338276611101979	338276604685759
338276615426800	338276627785312	338276621068550
338276632707925	338276644468645	338276638283092
338276650379217	338276661151978	338276655931259
338276665790425	338276677835311	338276671390884
338276682835259	338276694518644	338276688412592
338276698726092	338276711201977	338276704277134
338276717586134	338276727885310	338276723154467
338276733180967	338276744568643	338276738870384
338276749465925	338276761251976	338276755056050
338276765011717	338276777935309	338276770649800
338276782333384	338276794618642	338276787882009
338276799071342	338276811301975	338276804549342
338276815397842	338276827985308	338276820947467
338276832268259	338276844668641	338276837799884
338276850695967	338276861351974	338276856301634
338276866804300	338276878035307	338276872350217
338276883194467	338276894718640	338276888808009
338276901423384	338276911401973	338276906875509
338276917326925	338276928085306	338276922891175
338276933377092	338276944768639	338276938875675
338276950294050	338276961451972	338276955783634
338276967746675	338276978135305	338276973371342
338276984410675	338276994818638	338276989923675
338277001369842	338277011501971	338277007002509
338277018575925	338277028185304	338277023980884
338277034899134	338277044868637	338277040472592
338277050788717	338277061551970	338277056238342
338277067188801	338277078235303	338277072695592
338277084551551	338277094918636	338277090026676
338277102129551	338277111601969	338277107669759
338277119527676	338277128285302	338277125063759
338277135762676	338277144968635	338277141324551
338277151877217	338277161651968	338277157460009
338277168524384	338277178335301	338277174069301
338277185313217	338277195018634	338277190824592
338277202167842	338277211701967	338277207659967
338277219978259	338277228385300	338277225505926
338277235998509	338277245068633	338277241570717
338277253982342	338277261751966	338277259492009
338277269422384	338277278435299	338277274954801
338277287119884	338277295118632	338277292997801
338277302941676	338277328485298	338277308440926
338277319159801	338277345168631	338277324666426
338277336540217	338277361851964	338277342037842
338277354224759	338277378535297	338277359759801
338277370256384	338277395218630	338277375752509
338277387250301	338277411901963	338277392754342
338277403672134	338277428585296	338277409205926
338277421461384	338277445268629	338277427036801
338277437723176	338277461951962	338277443249384
338277454736467	338277478635295	338277460240301
338277470206592	338277495318628	338277475700551
338277488536634	338277512001961	338277494149884
338277504237051	338277528685294	338277509772092
338277521335884	338277545368627	338277526851217
338277538832967	338277562051960	338277544416926
338277555121801	338277578735293	338277560662509
338277571722717	338277595418626	338277577125426
338277588817926	338277612101959	338277594318051
338277605602092	338277628785292	338277611110676
338277622325176	338277645468625	338277627837217
338277638500384	338277662151958	338277644025176
338277656765926	338277678835291	338277662342384
338277672838676	338277695518624	338277678327926
338277689993051	338277712201957	338277695403967
338277705686759	338277728885290	338277711228717
338277723848259	338277745568623	338277729360342
338277740104676	338277762251956	338277745667259
338277757051426	338277778935289	338277762572426
338277773521218	338277795618622	338277779104759
338277790600968	338277812301955	338277796046718
338277806748926	338277828985288	338277812241593
338277823778593	338277845668621	338277829323051
338277841482259	338277862351954	338277846987093
338277857471009	338277879035287	338277863000884
338277874307093	338277895718620	338277879817051
338277891295843	338277912401953	338277896906634
338277907044634	338277929085286	338277912549051
338277924703093	338277945768619	338277930193134
338277941489176	338277962451952	338277946994051
338277959094051	338277979135285	338277964631926
338277975885509	338277995818618	338277981359134
338277992575926	338278012501951	338277998169176
338278008734051	338278029185284	338278014309551
338278026654468	338278045868617	338278032080551
338278042094718	338278062551950	338278047519051
338278058898634	338278079235283	338278064460968
338278075599634	338278095918616	338278081098051
338278092750218	338278112601949	338278098292676
338278109440801	338278129285282	338278114948259
338278127226968	338278145968615	338278132761384
338278143324009	338278162651948	338278148818343
338278161285259	338278179335281	338278166800301
338278176424759	338278196018614	338278181937384
338278194609301	338278212701947	338278200112801
338278209690718	338278229385280	338278215281884

===
16683333
338277336540217	338277361851964	338277342037842
338277354224759	338277378535297	338277359759801
338277370256384	338277395218630	338277375752509
338277387250301	338277411901963	338277392754342
338277403672134	338277428585296	338277409205926
338277421461384	338277445268629	338277427036801
338277437723176	338277461951962	338277443249384
338277454736467	338277478635295	338277460240301
338277470206592	338277495318628	338277475700551
338277488536634	338277512001961	338277494149884
338277504237051	338277528685294	338277509772092
338277521335884	338277545368627	338277526851217
338277538832967	338277562051960	338277544416926
338277555121801	338277578735293	338277560662509
338277571722717	338277595418626	338277577125426
338277588817926	338277612101959	338277594318051
338277605602092	338277628785292	338277611110676
338277622325176	338277645468625	338277627837217
338277638500384	338277662151958	338277644025176
338277656765926	338277678835291	338277662342384
338277672838676	338277695518624	338277678327926
338277689993051	338277712201957	338277695403967
338277705686759	338277728885290	338277711228717
338277723848259	338277745568623	338277729360342
338277740104676	338277762251956	338277745667259
338277757051426	338277778935289	338277762572426
338277773521218	338277795618622	338277779104759
338277790600968	338277812301955	338277796046718
338277806748926	338277828985288	338277812241593
338277823778593	338277845668621	338277829323051
338277841482259	338277862351954	338277846987093
338277857471009	338277879035287	338277863000884
338277874307093	338277895718620	338277879817051
338277891295843	338277912401953	338277896906634
338277907044634	338277929085286	338277912549051
338277924703093	338277945768619	338277930193134
338277941489176	338277962451952	338277946994051
338277959094051	338277979135285	338277964631926
338277975885509	338277995818618	338277981359134
338277992575926	338278012501951	338277998169176
338278008734051	338278029185284	338278014309551
338278026654468	338278045868617	338278032080551
338278042094718	338278062551950	338278047519051
338278058898634	338278079235283	338278064460968
338278075599634	338278095918616	338278081098051
338278092750218	338278112601949	338278098292676
338278109440801	338278129285282	338278114948259
338278127226968	338278145968615	338278132761384
338278143324009	338278162651948	338278148818343
338278161285259	338278179335281	338278166800301
338278176424759	338278196018614	338278181937384
338278194609301	338278212701947	338278200112801
338278209690718	338278229385280	338278215281884
338278227830384	338278246068613	338278233438176
338278244096218	338278262751946	338278249447343
338278261785509	338278279435279	338278267266176
338278276910593	338278296118612	338278282402301
338278294365843	338278312801945	338278299853843
338278310508801	338278329485278	338278315978259
338278327953634	338278346168611	338278333438259
338278344561676	338278362851944	338278350042968
338278361000259	338278379535277	338278366503259
338278378138926	338278396218610	338278383644343
338278394484259	338278412901943	338278399996468
338278411591509	338278429585276	338278417130634
338278429166134	338278446268609	338278434741385
338278447800551	338278462951942	338278453316968
338278463401885	338278479635275	338278468922843
338278480611510	338278496318608	338278486125385
338278499788385	338278513001941	338278505241176
338278515185343	338278529685274	338278520785718
338278530481176	338278546368607	338278535999260
338278548301426	338278563051940	338278553727593
338278565433676	338278579735273	338278570908093
338278581503051	338278596418606	338278587019885
338278598817718	338278613101939	338278604335510
338278616665301	338278629785272	338278622142385
338278632652426	338278646468605	338278638154051
338278649172385	338278663151938	338278654643760
338278669050510	338278679835271	338278673226426
338278681995051	338278696518604	338278687513885
338278699800218	338278713201937	338278705304343
338278716286635	338278729885270	338278721794135
338278733389635	338278746568603	338278738910385
338278748172176	338278763251936	338278753695885
338278765640760	338278779935269	338278771157260
338278783119676	338278796618602	338278788608926
338278799251676	338278813301935	338278804767176
338278816099385	338278829985268	338278821595885
338278833856176	338278846668601	338278839359176
338278848793760	338278863351934	338278854317093
338278867013301	338278880035267	338278872521218
338278883767135	338278896718600	338278889287468
338278901999510	338278913401933	338278907516843
338278917204010	338278930085266	338278922817843
338278935033510	338278946768599	338278940552551
338278952787801	338278963451932	338278958196593
338278967086260	338278980135265	338278972624426
338278985218843	338278996818598	338278990613926
338279000995760	338279013501931	338279006578010
338279018704010	338279030185264	338279024225010
338279034569885	338279046868597	338279040080760
338279052084760	338279063551930	338279057534885
338279067853843	338279080235263	338279073351885
338279087250885	338279096918596	338279092788676
338279100784010	338279113601929	338279106292676
338279120109676	338279130285262	338279125680551
338279136802427	338279146968595	338279142354635
338279153919302	338279163651928	338279159435718
338279168788468	338279180335261	338279174294468
338279187690635	338279197018594	338279193206885
338279202543427	338279213701927	338279207622135
338279221563343	338279230385260	338279227103385
338279236975010	338279247068593	338279242452510
338279253455052	338279263751926	338279258823677
338279269628177	338279280435259	338279275147260
338279286574427	338279297118592	338279292161010
338279304659218	338279313801925	338279310184302
338279320046343	338279330485258	338279325689927
338279337246385	338279347168591	338279342786843
338279353362927	338279363851924	338279359173677
338279371695093	338279380535257	338279378585427
338279389010552	338279397218590	338279394656760
338279409985218	338279413901923	338279415972760
338279424703218	338279430585256	338279430601885
338279441036843	338279447268589	338279446939427
338279457843218	338279463951922	338279463730677

===
16683333
338278581503051	338278596418606	338278587019885
338278598817718	338278613101939	338278604335510
338278616665301	338278629785272	338278622142385
338278632652426	338278646468605	338278638154051
338278649172385	338278663151938	338278654643760
338278669050510	338278679835271	338278673226426
338278681995051	338278696518604	338278687513885
338278699800218	338278713201937	338278705304343
338278716286635	338278729885270	338278721794135
338278733389635	338278746568603	338278738910385
338278748172176	338278763251936	338278753695885
338278765640760	338278779935269	338278771157260
338278783119676	338278796618602	338278788608926
338278799251676	338278813301935	338278804767176
338278816099385	338278829985268	338278821595885
338278833856176	338278846668601	338278839359176
338278848793760	338278863351934	338278854317093
338278867013301	338278880035267	338278872521218
338278883767135	338278896718600	338278889287468
338278901999510	338278913401933	338278907516843
338278917204010	338278930085266	338278922817843
338278935033510	338278946768599	338278940552551
338278952787801	338278963451932	338278958196593
338278967086260	338278980135265	338278972624426
338278985218843	338278996818598	338278990613926
338279000995760	338279013501931	338279006578010
338279018704010	338279030185264	338279024225010
338279034569885	338279046868597	338279040080760
338279052084760	338279063551930	338279057534885
338279067853843	338279080235263	338279073351885
338279087250885	338279096918596	338279092788676
338279100784010	338279113601929	338279106292676
338279120109676	338279130285262	338279125680551
338279136802427	338279146968595	338279142354635
338279153919302	338279163651928	338279159435718
338279168788468	338279180335261	338279174294468
338279187690635	338279197018594	338279193206885
338279202543427	338279213701927	338279207622135
338279221563343	338279230385260	338279227103385
338279236975010	338279247068593	338279242452510
338279253455052	338279263751926	338279258823677
338279269628177	338279280435259	338279275147260
338279286574427	338279297118592	338279292161010
338279304659218	338279313801925	338279310184302
338279320046343	338279330485258	338279325689927
338279337246385	338279347168591	338279342786843
338279353362927	338279363851924	338279359173677
338279371695093	338279380535257	338279378585427
338279389010552	338279397218590	338279394656760
338279409985218	338279413901923	338279415972760
338279424703218	338279430585256	338279430601885
338279441036843	338279447268589	338279446939427
338279457843218	338279463951922	338279463730677
338279475356718	338279480635255	338279481279885
338279497799218	338279497318588	338279503725218
338279514434510	338279514001921	338279520403635
338279528786135	338279530685254	338279534511093
338279541718510	338279547368587	338279547280468
338279557866385	338279564051920	338279563237093
338279574132135	338279580735253	338279579625093
338279590430593	338279597418586	338279596861677
338279607042093	338279614101919	338279612599968
338279623270885	338279630785252	338279628818302
338279640173468	338279647468585	338279645717260
338279657513885	338279664151918	338279663069010
338279674355218	338279680835251	338279679934677
338279691245260	338279697518584	338279696779302
338279707240510	338279730885250	338279712793968
338279724299218	338279747568583	338279729893760
338279740890593	338279764251916	338279746497552
338279757526802	338279780935249	338279763093468
338279775629343	338279797618582	338279781264593
338279791655343	338279814301915	338279797227177
338279808974718	338279830985248	338279814646843
338279825799802	338279847668581	338279831383469
338279842191969	338279864351914	338279847768094
338279859109052	338279881035247	338279864745052
338279875302552	338279897718580	338279880881427
338279890352052	338279914401913	338279895948385
338279907562302	338279931085246	338279913068552
338279924595010	338279947768579	338279930185844
338279941649260	338279964451912	338279947238052
338279958590510	338279981135245	338279964158927
338279974804094	338279997818578	338279980423177
338279992366177	338280014501911	338279997947885
338280010230510	338280031185244	338280015798344
338280025249302	338280047868577	338280030807594
338280042680219	338280064551910	338280048274594
338280060824260	338280081235243	338280066423927
338280075599094	338280097918576	338280081181344
338280092423802	338280114601909	338280098013219
338280110018010	338280131285242	338280115592969
338280128516719	338280147968575	338280134152052
338280143763927	338280164651908	338280149200010
338280160306094	338280181335241	338280165897219
338280179086260	338280198018574	338280184679052
338280194586344	338280214701907	338280200143010
338280212059344	338280231385240	338280217654052
338280227677510	338280248068573	338280233261802
338280245436719	338280264751906	338280251029719
338280261082302	338280281435239	338280266665135
338280279526927	338280298118572	338280285110177
338280294679177	338280314801905	338280300298385
338280311876344	338280331485238	338280317454135
338280328249260	338280348168571	338280333740469
338280346168552	338280364851904	338280351739469
338280362017635	338280381535237	338280367579719
338280381124885	338280398218570	338280386625552
338280395553510	338280414901903	338280401055760
338280412538552	338280431585236	338280418121719
338280430440677	338280448268569	338280435967094
338280445719427	338280464951902	338280451284927
338280464243427	338280481635235	338280469751385
338280480849510	338280498318568	338280486329302
338280498528344	338280515001901	338280504039552
338280513498219	338280531685234	338280519166344
338280532334344	338280548368567	338280537863261
338280546601844	338280565051900	338280552209094
338280563217802	338280581735233	338280568881011
338280579533011	338280598418566	338280585109761
338280597228927	338280615101899	338280602838594
338280613055052	338280631785232	338280618633219
338280630279552	338280648468565	338280636299344
338280646547094	338280665151898	338280652149886
338280664691844	338280681835231	338280670276802
338280682343136	338280698518564	338280687842011
338280698226511	338280715201897	338280703979677

===
16683333
338279958590510	338279981135245	338279964158927
338279974804094	338279997818578	338279980423177
338279992366177	338280014501911	338279997947885
338280010230510	338280031185244	338280015798344
338280025249302	338280047868577	338280030807594
338280042680219	338280064551910	338280048274594
338280060824260	338280081235243	338280066423927
338280075599094	338280097918576	338280081181344
338280092423802	338280114601909	338280098013219
338280110018010	338280131285242	338280115592969
338280128516719	338280147968575	338280134152052
338280143763927	338280164651908	338280149200010
338280160306094	338280181335241	338280165897219
338280179086260	338280198018574	338280184679052
338280194586344	338280214701907	338280200143010
338280212059344	338280231385240	338280217654052
338280227677510	338280248068573	338280233261802
338280245436719	338280264751906	338280251029719
338280261082302	338280281435239	338280266665135
338280279526927	338280298118572	338280285110177
338280294679177	338280314801905	338280300298385
338280311876344	338280331485238	338280317454135
338280328249260	338280348168571	338280333740469
338280346168552	338280364851904	338280351739469
338280362017635	338280381535237	338280367579719
338280381124885	338280398218570	338280386625552
338280395553510	338280414901903	338280401055760
338280412538552	338280431585236	338280418121719
338280430440677	338280448268569	338280435967094
338280445719427	338280464951902	338280451284927
338280464243427	338280481635235	338280469751385
338280480849510	338280498318568	338280486329302
338280498528344	338280515001901	338280504039552
338280513498219	338280531685234	338280519166344
338280532334344	338280548368567	338280537863261
338280546601844	338280565051900	338280552209094
338280563217802	338280581735233	338280568881011
338280579533011	338280598418566	338280585109761
338280597228927	338280615101899	338280602838594
338280613055052	338280631785232	338280618633219
338280630279552	338280648468565	338280636299344
338280646547094	338280665151898	338280652149886
338280664691844	338280681835231	338280670276802
338280682343136	338280698518564	338280687842011
338280698226511	338280715201897	338280703979677
338280716287844	338280731885230	338280721875927
338280731306052	338280748568563	338280736982511
338280753933344	338280765251896	338280759529719
338280766762719	338280781935229	338280772341802
338280781514219	338280798618562	338280787134344
338280797237927	338280815301895	338280802644552
338280814463386	338280831985228	338280820110511
338280831686636	338280848668561	338280837245094
338280848316011	338280865351894	338280854121052
338280866286219	338280882035227	338280871862136
338280881743969	338280898718560	338280887399177
338280898651094	338280915401893	338280904239719
338280916069761	338280932085226	338280921616969
338280933790844	338280948768559	338280939327677
338280949851927	338280965451892	338280955528886
338280966837511	338280982135225	338280972602427
338280982611136	338280998818558	338280988267386
338281000695719	338281015501891	338281006338011
338281016993386	338281032185224	338281022593427
338281034341219	338281048868557	338281039924844
338281050234302	338281065551890	338281055840344
338281067867552	338281082235223	338281073451469
338281084379844	338281098918556	338281089911844
338281099984344	338281115601889	338281105582552
338281119423386	338281132285222	338281125026511
338281135940469	338281148968555	338281141546386
338281150858594	338281165651888	338281156325219
338281169365011	338281182335221	338281174958136
338281185235386	338281199018554	338281190814469
338281203816386	338281215701887	338281209393677
338281219733469	338281232385220	338281225377261
338281236920053	338281249068553	338281242506136
338281254079011	338281265751886	338281259641303
338281272981511	338281282435219	338281278578261
338281285915594	338281299118552	338281291587594
338281303892011	338281315801885	338281309512011
338281321520761	338281332485218	338281327178803
338281337109886	338281349168551	338281342753678
338281354620844	338281365851884	338281360240719
338281370031428	338281382535217	338281375627678
338281386608886	338281399218550	338281392212011
338281402857344	338281415901883	338281408442178
338281420815594	338281432585216	338281426416428
338281436894553	338281449268549	338281442510761
338281455691594	338281465951882	338281461287178
338281470651136	338281482635215	338281476313386
338281488512969	338281499318548	338281494118428
338281504372594	338281516001881	338281510017844
338281520467428	338281532685214	338281526050636
338281538839928	338281549368547	338281544490011
338281555953136	338281566051880	338281561541303
338281571504469	338281582735213	338281577120928
338281589375761	338281599418546	338281594975178
338281606133136	338281616101879	338281611713969
338281621527678	338281632785212	338281627109386
338281639955261	338281649468545	338281645549303
338281656212761	338281666151878	338281661720969
338281673734344	338281682835211	338281679306428
338281690272344	338281699518544	338281695848553
338281705864303	338281716201877	338281711446511
338281723956094	338281732885210	338281729544094
338281739968011	338281749568543	338281745569886
338281758421886	338281766251876	338281763929594
338281773704636	338281782935209	338281779343636
338281791298761	338281799618542	338281797016469
338281808180261	338281816301875	338281813807553
338281824874636	338281832985208	338281830505344
338281841033803	338281849668541	338281846630678
338281858511428	338281866351874	338281864165178
338281874524178	338281883035207	338281880136803
338281891894928	338281899718540	338281897538094
338281908769386	338281916401873	338281914203719
338281925329803	338281933085206	338281930839636
338281941759261	338281949768539	338281947366303
338281957999053	338281966451872	338281963593511
338281977524011	338281983135205	338281983124845
338281992528011	338281999818538	338281998101595
338282008532428	338282016501871	338282014120220
338282025535178	338282033185204	338282031065428
338282042735511	338282049868537	338282048332470
338282059765261	338282066551870	338282065364386
338282077036011	338282099918536	338282082667386

