Applications Graphics Acceleration Info:
Uptime: 338336071 Realtime: 373010182

** Graphics info for pid 11262 [com.auroratv.lab] **

Stats since: 338322001685239ns
Total frames rendered: 470
Janky frames: 24 (5.11%)
Janky frames (legacy): 203 (43.19%)
50th percentile: 20ms
90th percentile: 34ms
95th percentile: 48ms
99th percentile: 97ms
Number Missed Vsync: 4
Number High input latency: 648
Number Slow UI thread: 14
Number Slow bitmap uploads: 4
Number Slow issue draw commands: 21
Number Frame deadline missed: 24
Number Frame deadline missed (legacy): 23
HISTOGRAM: 5ms=0 6ms=0 7ms=0 8ms=0 9ms=0 10ms=8 11ms=37 12ms=54 13ms=27 14ms=31 15ms=33 16ms=14 17ms=8 18ms=15 19ms=7 20ms=6 21ms=20 22ms=25 23ms=27 24ms=27 25ms=33 26ms=13 27ms=8 28ms=6 29ms=4 30ms=3 31ms=7 32ms=6 34ms=8 36ms=4 38ms=2 40ms=3 42ms=4 44ms=4 46ms=1 48ms=5 53ms=3 57ms=2 61ms=3 65ms=2 69ms=1 73ms=0 77ms=0 81ms=0 85ms=1 89ms=1 93ms=2 97ms=1 101ms=0 105ms=0 109ms=0 113ms=0 117ms=0 121ms=0 125ms=0 129ms=1 133ms=0 150ms=1 200ms=0 250ms=1 300ms=0 350ms=0 400ms=0 450ms=0 500ms=0 550ms=0 600ms=0 650ms=0 700ms=0 750ms=1 800ms=0 850ms=0 900ms=0 950ms=0 1000ms=0 1050ms=0 1100ms=0 1150ms=0 1200ms=0 1250ms=0 1300ms=0 1350ms=0 1400ms=0 1450ms=0 1500ms=0 1550ms=0 1600ms=0 1650ms=0 1700ms=0 1750ms=0 1800ms=0 1850ms=0 1900ms=0 1950ms=0 2000ms=0 2050ms=0 2100ms=0 2150ms=0 2200ms=0 2250ms=0 2300ms=0 2350ms=0 2400ms=0 2450ms=0 2500ms=0 2550ms=0 2600ms=0 2650ms=0 2700ms=0 2750ms=0 2800ms=0 2850ms=0 2900ms=0 2950ms=0 3000ms=0 3050ms=0 3100ms=0 3150ms=0 3200ms=0 3250ms=0 3300ms=0 3350ms=0 3400ms=0 3450ms=0 3500ms=0 3550ms=0 3600ms=0 3650ms=0 3700ms=0 3750ms=0 3800ms=0 3850ms=0 3900ms=0 3950ms=0 4000ms=0 4050ms=0 4100ms=0 4150ms=0 4200ms=0 4250ms=0 4300ms=0 4350ms=0 4400ms=0 4450ms=0 4500ms=0 4550ms=0 4600ms=0 4650ms=0 4700ms=0 4750ms=0 4800ms=0 4850ms=0 4900ms=0 4950ms=0
50th gpu percentile: 6ms
90th gpu percentile: 11ms
95th gpu percentile: 15ms
99th gpu percentile: 25ms
GPU HISTOGRAM: 1ms=0 2ms=0 3ms=0 4ms=0 5ms=9 6ms=289 7ms=11 8ms=89 9ms=21 10ms=1 11ms=8 12ms=8 13ms=1 14ms=2 15ms=8 16ms=1 17ms=4 18ms=1 19ms=4 20ms=0 21ms=1 22ms=1 23ms=5 24ms=1 25ms=1 4950ms=4

Pipeline=Skia (OpenGL)
Memory policy:
  Max surface area: 2073600
  Max resource usage: 99.53MB (x48)
  Background retention: 50% (altUiHidden = true)
  GPU Context timeout: 10
Contexts: 1 (stopped = 0)
CPU Caches:
  Glyph Cache: 1.76 MB (1 entry)
  Glyph Count: 117 
Total CPU memory usage:
  1848870 bytes, 1.76 MB (0.00 bytes is purgeable)
GPU Caches:
  Image:
    Texture: 13.84 MB (50 entries)
  Other:
    Other: 21.55 KB (1 entry)
    Buffer Object: 464.00 bytes (2 entries)
    StencilAttachment: 16.00 KB (1 entry)
  Scratch:
    Texture: 2.04 MB (5 entries)
    RenderTarget: 64.11 MB (144 entries)
    Buffer Object: 78.03 KB (3 entries)
Total GPU memory usage:
  83990656 bytes, 80.10 MB (8.61 MB is purgeable)

Profile data in ms:

	com.auroratv.lab/com.auroratv.MainActivity/android.view.ViewRootImpl@daf4bf9 (visibility=0)
Window: com.auroratv.lab/com.auroratv.MainActivity
Stats since: 338322001684572ns
Total frames rendered: 470
Janky frames: 24 (5.11%)
Janky frames (legacy): 203 (43.19%)
50th percentile: 20ms
90th percentile: 34ms
95th percentile: 48ms
99th percentile: 97ms
Number Missed Vsync: 4
Number High input latency: 648
Number Slow UI thread: 14
Number Slow bitmap uploads: 4
Number Slow issue draw commands: 21
Number Frame deadline missed: 24
Number Frame deadline missed (legacy): 23
HISTOGRAM: 5ms=0 6ms=0 7ms=0 8ms=0 9ms=0 10ms=8 11ms=37 12ms=54 13ms=27 14ms=31 15ms=33 16ms=14 17ms=8 18ms=15 19ms=7 20ms=6 21ms=20 22ms=25 23ms=27 24ms=27 25ms=33 26ms=13 27ms=8 28ms=6 29ms=4 30ms=3 31ms=7 32ms=6 34ms=8 36ms=4 38ms=2 40ms=3 42ms=4 44ms=4 46ms=1 48ms=5 53ms=3 57ms=2 61ms=3 65ms=2 69ms=1 73ms=0 77ms=0 81ms=0 85ms=1 89ms=1 93ms=2 97ms=1 101ms=0 105ms=0 109ms=0 113ms=0 117ms=0 121ms=0 125ms=0 129ms=1 133ms=0 150ms=1 200ms=0 250ms=1 300ms=0 350ms=0 400ms=0 450ms=0 500ms=0 550ms=0 600ms=0 650ms=0 700ms=0 750ms=1 800ms=0 850ms=0 900ms=0 950ms=0 1000ms=0 1050ms=0 1100ms=0 1150ms=0 1200ms=0 1250ms=0 1300ms=0 1350ms=0 1400ms=0 1450ms=0 1500ms=0 1550ms=0 1600ms=0 1650ms=0 1700ms=0 1750ms=0 1800ms=0 1850ms=0 1900ms=0 1950ms=0 2000ms=0 2050ms=0 2100ms=0 2150ms=0 2200ms=0 2250ms=0 2300ms=0 2350ms=0 2400ms=0 2450ms=0 2500ms=0 2550ms=0 2600ms=0 2650ms=0 2700ms=0 2750ms=0 2800ms=0 2850ms=0 2900ms=0 2950ms=0 3000ms=0 3050ms=0 3100ms=0 3150ms=0 3200ms=0 3250ms=0 3300ms=0 3350ms=0 3400ms=0 3450ms=0 3500ms=0 3550ms=0 3600ms=0 3650ms=0 3700ms=0 3750ms=0 3800ms=0 3850ms=0 3900ms=0 3950ms=0 4000ms=0 4050ms=0 4100ms=0 4150ms=0 4200ms=0 4250ms=0 4300ms=0 4350ms=0 4400ms=0 4450ms=0 4500ms=0 4550ms=0 4600ms=0 4650ms=0 4700ms=0 4750ms=0 4800ms=0 4850ms=0 4900ms=0 4950ms=0
50th gpu percentile: 6ms
90th gpu percentile: 11ms
95th gpu percentile: 15ms
99th gpu percentile: 25ms
GPU HISTOGRAM: 1ms=0 2ms=0 3ms=0 4ms=0 5ms=9 6ms=289 7ms=11 8ms=89 9ms=21 10ms=1 11ms=8 12ms=8 13ms=1 14ms=2 15ms=8 16ms=1 17ms=4 18ms=1 19ms=4 20ms=0 21ms=1 22ms=1 23ms=5 24ms=1 25ms=1 4950ms=4



---PROFILEDATA---
Flags,FrameTimelineVsyncId,IntendedVsync,Vsync,InputEventId,HandleInputStart,AnimationStart,PerformTraversalsStart,DrawStart,FrameDeadline,FrameInterval,FrameStartTime,SyncQueued,SyncStart,IssueDrawCommandsStart,SwapBuffers,FrameCompleted,DequeueBufferDuration,QueueBufferDuration,GpuCompleted,SwapBuffersCompleted,DisplayPresentTime,CommandSubmissionCompleted,
0,117225547,338330783684650,338330783684650,0,338330784041159,338330784043034,338330784467201,338330784655868,338330819168154,338330783999201,16800171,338330784875284,338330784970618,338330785577284,338330791945118,338330797230118,1788959,319417,338330797230118,338330792768326,-1,338330791945118,
0,117225555,338330800484821,338330800484821,0,338330800801451,338330800803326,338330801178451,338330801351326,338330835968325,338330800794618,16800171,338330801566951,338330801653909,338330802221493,338330808545659,338330813687076,1857875,569083,338330813687076,338330809556409,-1,338330808545659,
0,117225563,338330817284992,338330817284992,-539881712,338330817586909,338330817588409,338330818262826,338330818496576,338330852768496,338330817580451,16800171,338330828518326,338330828684826,338330829523534,338330834091909,338330839432909,22708,645958,338330839432909,338330835239701,-1,338330834091909,
0,117225571,338330834085163,338330834085163,0,338330834464409,338330834467118,338330835575284,338330835833034,338330869568667,338330834457659,16800171,338330839519909,338330839622909,338330840598409,338330844314409,338330849685993,20875,368542,338330849685993,338330845014326,-1,338330844314409,
0,117225579,338330850885334,338330850885334,0,338330851191284,338330851192618,338330852102201,338330852314993,338330886368838,338330851185243,16800171,338330853656951,338330853745868,338330854328951,338330858371826,338330863766368,88292,359167,338330863766368,338330859052076,-1,338330858371826,
0,117225587,338330867685505,338330867685505,0,338330867959201,338330867960701,338330868785618,338330868934326,338330903169009,338330867953576,16800171,338330870142576,338330870228743,338330870770826,338330875001701,338330880473576,399708,293500,338330880473576,338330875676868,-1,338330875001701,
0,117225595,338330884485676,338330884485676,0,338330884772660,338330884774118,338330885573493,338330885724993,338330919969180,338330884766743,16800171,338330886989743,338330887098785,338330887622076,338330891738201,338330897258951,332666,358291,338330897258951,338330892404076,-1,338330891738201,
0,117225603,338330901285847,338330901285847,0,338330901555243,338330901556951,338330902327993,338330902473576,338330936769351,338330901549451,16800171,338330903447035,338330903572493,338330904192535,338330908565493,338330914056035,600208,588500,338330914056035,338330909479326,-1,338330908565493,
0,117225611,338330918086018,338330918086018,0,338330918393076,338330918394451,338330919161951,338330919308035,338330953569522,338330918387035,16800171,338330920348993,338330920436618,338330920940076,338330925068743,338330930554118,614125,301083,338330930554118,338330925691826,-1,338330925068743,
0,117225619,338330934886189,338330934886189,0,338330935151451,338330935152868,338330935983451,338330936162993,338330970369693,338330935145493,16800171,338330937277201,338330937383285,338330937915160,338330942241868,338330947744326,428625,389750,338330947744326,338330942952410,-1,338330942241868,
0,117225627,338330951686360,338330951686360,0,338330951986410,338330951987910,338330952788951,338330953013410,338330987169864,338330951980576,16800171,338330954197910,338330954291451,338330954816826,338330958942743,338330964509493,567125,614958,338330964509493,338330959855993,-1,338330958942743,
0,117225635,338330968486531,338330968486531,0,338330968750951,338330968752493,338330969580326,338330969726826,338331003970035,338330968745035,16800171,338330970697201,338330970785243,338330971284160,338330975740118,338330980844910,727459,290416,338330980844910,338330976419618,-1,338330975740118,
0,117225643,338330985286702,338330985286702,0,338330985580035,338330985581451,338330986400410,338330986621410,338331020770206,338330985573743,16800171,338330987704826,338330987793368,338330988355285,338330992664201,338330997744951,414417,293500,338330997744951,338330993259285,-1,338330992664201,
0,117225651,338331002086873,338331002086873,0,338331002363160,338331002364826,338331003094160,338331003241160,338331037570377,338331002357410,16800171,338331004329993,338331004439951,338331004959368,338331009099535,338331014175910,702875,314250,338331014175910,338331009734868,-1,338331009099535,
0,117225659,338331018887044,338331018887044,0,338331019150826,338331019152618,338331019841451,338331019987410,338331054370548,338331019145243,16800171,338331020239868,338331020327410,338331020884201,338331025627743,338331030713993,1369625,565792,338331030713993,338331026510285,-1,338331025627743,
0,117225667,338331035687215,338331035687215,0,338331035945410,338331035946826,338331036609243,338331036811493,338331071170719,338331035939785,16800171,338331037772326,338331037865618,338331038434701,338331042387951,338331047549285,624750,560625,338331047549285,338331043261743,-1,338331042387951,
0,117225675,338331052487386,338331052487386,0,338331052753951,338331052755368,338331053315618,338331053476285,338331087970890,338331052748035,16800171,338331053701618,338331053828035,338331054293493,338331059228076,338331064301326,1574375,596000,338331064301326,338331060135660,-1,338331059228076,
0,117225683,338331069287557,338331069287557,0,338331069549535,338331069550993,338331070430910,338331070573326,338331104771061,338331069543660,16800171,338331070741743,338331070822160,338331071385701,338331076151035,338331081223076,1342250,564958,338331081223076,338331077031451,-1,338331076151035,
0,117225691,338331086087728,338331086087728,0,338331086351785,338331086353535,338331086728576,338331086936993,338331121571232,338331086345993,16800171,338331087063910,338331087148576,338331087580826,338331092913326,338331097971410,1984417,550084,338331097971410,338331093780743,-1,338331092913326,
0,117225699,338331102887899,338331102887899,0,338331103144826,338331103146160,338331103495868,338331103639368,338331138371403,338331103138743,16800171,338331103683451,338331103769451,338331104246451,338331109719743,338331114760493,1946500,611875,338331114760493,338331110636993,-1,338331109719743,
0,117225707,338331119688070,338331119688070,0,338331119953410,338331119954868,338331120330868,338331120473118,338331155171574,338331119947701,16800171,338331120517785,338331120602285,338331121029285,338331130731035,338331135942451,2678583,949417,338331135942451,338331132279618,-1,338331130731035,
0,117225715,338331136488241,338331136488241,0,338331136916326,338331136918326,338331137395535,338331137592910,338331171971745,338331136907660,16800171,338331137894660,338331138052993,338331138793201,338331145862493,338331151053410,1660583,374333,338331151053410,338331146641076,-1,338331145862493,
0,117225723,338331153288412,338331153288412,0,338331153622910,338331153624618,338331154086743,338331154255576,338331188771916,338331153616035,16800171,338331154309368,338331154428076,338331154968493,338331160568368,338331165653785,1968292,306000,338331165653785,338331161208118,-1,338331160568368,
0,117225731,338331170088583,338331170088583,0,338331170549993,338331170551743,338331170951201,338331171107785,338331205572087,338331170543785,16800171,338331171159118,338331171253243,338331171737451,338331177086493,338331182180160,1772500,279542,338331182180160,338331177697868,-1,338331177086493,
0,117225739,338331186888754,338331186888754,-869670469,338331187204743,338331187206118,338331187618785,338331187789243,338331222372258,338331187198618,16800171,338331188853701,338331188946701,338331189588285,338331194248118,338331199307493,792500,610583,338331199307493,338331195366826,-1,338331194248118,
0,117225747,338331203688925,338331203688925,0,338331203972201,338331203973743,338331204570201,338331204744118,338331239172429,338331203965660,16800171,338331221390243,338331221522910,338331222182826,338331230748951,338331235892493,20833,331292,338331235892493,338331231531535,-1,338331230748951,
0,117225755,338331220489096,338331220489096,0,338331222893993,338331222895910,338331224455785,338331224646535,338331255972600,338331222884826,16800171,338331227661576,338331231659368,338331232364243,338331236236118,338331241125660,18750,346042,338331241125660,338331236923326,-1,338331236236118,
0,117225763,338331237289267,338331237289267,0,338331237586243,338331237588076,338331239042785,338331239431285,338331272772771,338331237580035,16800171,338331242273118,338331242390118,338331243873785,338331247665910,338331252741826,21542,611542,338331252741826,338331248636160,-1,338331247665910,
0,117225771,338331254089438,338331254089438,0,338331254346035,338331254347493,338331255884493,338331256181493,338331289572942,338331254340076,16800171,338331258468785,338331258575285,338331261225660,338331264736160,338331269906826,20458,638917,338331269906826,338331265712826,-1,338331264736160,
0,117225779,338331270889609,338331270889609,0,338331271147451,338331271149118,338331271945910,338331272141868,338331306373113,338331271142243,16800171,338331289529160,338331289702243,338331290498368,338331295241076,338331300515701,21792,683375,338331300515701,338331296481535,-1,338331295241076,
0,117225787,338331287689780,338331287689780,0,338331290917160,338331290918535,338331292211493,338331292397576,338331323173284,338331290909285,16800171,338331293877410,338331296611618,338331297277618,338331302484201,338331307673410,20875,722375,338331307673410,338331303584076,-1,338331302484201,
0,117225795,338331304489951,338331304489951,0,338331304850868,338331304852660,338331308232951,338331308455951,338331339973455,338331304843868,16800171,338331310665493,338331310789785,338331312537951,338331316896243,338331322065660,20834,296917,338331322065660,338331317519993,-1,338331316896243,
0,117225803,338331321290122,338331321290122,0,338331321617993,338331321619535,338331323075410,338331323406993,338331356773626,338331321611535,16800171,338331326498285,338331326628451,338331329709535,338331333675035,338331338836868,20458,286792,338331338836868,338331334267368,-1,338331333675035,
0,117225811,338331338090293,338331338090293,0,338331338376326,338331338378035,338331339725410,338331339882118,338331373573797,338331338369660,16800171,338331341744493,338331341847910,338331342816410,338331346628368,338331351771368,20208,284000,338331351771368,338331347230076,-1,338331346628368,
0,117225819,338331354890464,338331354890464,0,338331355156368,338331355157785,338331355580868,338331355759576,338331390373968,338331355150201,16800171,338331357087743,338331358233826,338331358799660,338331362468785,338331367591160,18291,287500,338331367591160,338331363061451,-1,338331362468785,
0,117225827,338331371690635,338331371690635,0,338331371957701,338331371959118,338331372666701,338331373003785,338331407174139,338331371951826,16800171,338331374047160,338331374185993,338331374781493,338331379134618,338331384281785,479000,350042,338331384281785,338331379793493,-1,338331379134618,
0,117225835,338331388490806,338331388490806,0,338331388759618,338331388761451,338331389374368,338331389518201,338331423974310,338331388753660,16800171,338331389800660,338331389896535,338331390596576,338331396192576,338331401348660,1302417,304500,338331401348660,338331396861618,-1,338331396192576,
0,117225843,338331405290977,338331405290977,0,338331405548993,338331405550576,338331406073951,338331406213410,338331440774481,338331405542743,16800171,338331407143618,338331407313576,338331407967951,338331412547493,338331417675326,728834,309375,338331417675326,338331413172160,-1,338331412547493,
0,117225851,338331422091148,338331422091148,0,338331422353910,338331422355451,338331422717410,338331422872660,338331457574652,338331422347701,16800171,338331423067201,338331423164618,338331423694701,338331429663660,338331434794785,1860625,300209,338331434794785,338331430286826,-1,338331429663660,
0,117225859,338331438891319,338331438891319,0,338331439147576,338331439149285,338331439693285,338331439831285,338331474374823,338331439141868,16800171,338331439969201,338331440080243,338331440645076,338331446395826,338331451530035,1543375,294750,338331451530035,338331447080868,-1,338331446395826,
0,117225867,338331455691490,338331455691490,0,338331455954368,338331455955868,338331456241160,338331456421493,338331491174994,338331455948410,16800171,338331456537160,338331456635535,338331457139910,338331463086660,338331468202451,1855333,300959,338331468202451,338331463706368,-1,338331463086660,
0,117226010,338331791694910,338331791694910,-820362301,338331792057577,338331792059202,338331792651452,338331792846993,338331810378243,338331792050077,16800171,338331793243868,338331793391160,338331794054577,338331798669035,338331813497285,24875,745916,338331813497285,338331799787618,-1,338331798669035,
0,117226017,338331808495081,338331808495081,0,338331808800743,338331808802618,338331809473993,338331809679535,338331843978585,338331808793827,16800171,338331809739285,338331809851452,338331810658827,338331816604868,338331832991035,20667,317750,338331832991035,338331817248118,-1,338331816604868,
0,117226025,338331825295252,338331825295252,0,338331825675452,338331825677202,338331826101827,338331826281702,338331860778756,338331825668868,16800171,338331826337827,338331826447493,338331827030077,338331833513660,338331850010202,1681000,505750,338331850010202,338331834476452,-1,338331833513660,
0,117226033,338331842095423,338331842095423,0,338331842368202,338331842369827,338331842735827,338331842885868,338331877578927,338331842362160,16800171,338331843211743,338331843294827,338331843877952,338331849709827,338331866168452,1590209,317167,338331866168452,338331850344452,-1,338331849709827,
0,117226041,338331858895594,338331858895594,0,338331859186827,338331859188452,338331859574410,338331859757077,338331894379098,338331859180993,16800171,338331859958327,338331860074202,338331860706785,338331867008410,338331883595035,1511375,657000,338331883595035,338331868145577,-1,338331867008410,
0,117226049,338331875695765,338331875695765,0,338331876126618,338331876128410,338331876532993,338331876699743,338331911179269,338331876119577,16800171,338331876906993,338331877018785,338331877859243,338331884123535,338331898090535,1360458,601750,338331898090535,338331885057243,-1,338331884123535,
0,117226057,338331892495936,338331892495936,0,338331892819535,338331892821160,338331893240827,338331893405660,338331927979440,338331892812452,16800171,338331893607493,338331893802952,338331894564368,338331901125077,338331906825035,1454167,701416,338331906825035,338331902283785,-1,338331901125077,
0,117226065,338331909296107,338331909296107,-615166584,338331909633702,338331909635535,338331910274035,338331910484202,338331944779611,338331909627452,16800171,338331911203743,338331911395202,338331912166827,338331917473368,338331923086077,873334,612583,338331923086077,338331918440993,-1,338331917473368,
0,117226073,338331926096278,338331926096278,0,338331926424285,338331926425743,338331926954077,338331927145493,338331961579782,338331926418035,16800171,338331927419285,338331927517618,338331928311827,338331936833952,338331942958577,1314459,570375,338331942958577,338331937736202,-1,338331936833952,
0,117226081,338331942896449,338331942896449,0,338331943183202,338331943184577,338331943652118,338331943809952,338331978379953,338331943176993,16800171,338331944038410,338331944133035,338331944731827,338331951874077,338331957562577,1560291,524584,338331957562577,338331952739202,-1,338331951874077,
0,117226089,338331959696620,338331959696620,0,338331959967077,338331959969202,338331960478410,338331960712035,338331995180124,338331959960452,16800171,338331960914202,338331961001160,338331961550785,338331968664577,338331974351243,1514250,547042,338331974351243,338331969547993,-1,338331968664577,
0,117226097,338331976496791,338331976496791,0,338331976775743,338331976777243,338331977183160,338331977345035,338332011980295,338331976769827,16800171,338331977543993,338331977630910,338331978178952,338331986981743,338331992679618,1735750,312375,338331992679618,338331987622410,-1,338331986981743,
0,117226105,338331993296962,338331993296962,0,338331993666535,338331993668077,338331994103368,338331994278160,338332028780466,338331993659910,16800171,338331994499077,338331994597243,338331995207327,338332002779993,338332008402743,1760792,547250,338332008402743,338332003666243,-1,338332002779993,
0,117226113,338332010097133,338332010097133,0,338332010822452,338332010824452,338332011224493,338332011390868,338332045580637,338332010815743,16800171,338332011627410,338332011724535,338332013959535,338332022533993,338332029026618,452792,328959,338332029026618,338332023300493,-1,338332022533993,
0,117226121,338332026897304,338332026897304,-383308143,338332027451743,338332027453285,338332028061993,338332028305785,338332062380808,338332027445452,16800171,338332028970285,338332029075077,338332029718910,338332037857952,338332043493702,796084,727333,338332043493702,338332039030368,-1,338332037857952,
0,117226129,338332043697475,338332043697475,0,338332043993535,338332043995035,338332044495535,338332044701118,338332079180979,338332043987243,16800171,338332044921327,338332046232285,338332046885827,338332053990702,338332060122660,674833,290416,338332060122660,338332054616910,-1,338332053990702,
0,117226137,338332060497646,338332060497646,0,338332060765618,338332060766993,338332061265327,338332061435743,338332095981150,338332060759327,16800171,338332061626952,338332061720785,338332062272243,338332070414660,338332076116160,1573834,291708,338332076116160,338332071031410,-1,338332070414660,
0,117226145,338332077297817,338332077297817,0,338332077624868,338332077626660,338332078040535,338332078189952,338332112781321,338332077619077,16800171,338332078368827,338332078460577,338332079003993,338332086882452,338332092581535,1661458,298917,338332092581535,338332087595035,-1,338332086882452,
0,117226153,338332094097988,338332094097988,0,338332094365118,338332094366618,338332094817368,338332094971285,338332129581492,338332094358743,16800171,338332095147285,338332095235368,338332095811368,338332104374785,338332110080952,1690875,300708,338332110080952,338332105009452,-1,338332104374785,
0,117226161,338332110898159,338332110898159,0,338332111205077,338332111206493,338332111708285,338332111870535,338332146381663,338332111198493,16800171,338332111983577,338332112136285,338332112714118,338332118833118,338332124463827,1727167,296291,338332124463827,338332119441702,-1,338332118833118,
0,117226169,338332127698330,338332127698330,0,338332127998243,338332128000118,338332128484160,338332128637410,338332163181834,338332127991952,16800171,338332128693577,338332128806118,338332129371993,338332135974535,338332141867327,1827292,281625,338332141867327,338332136633493,-1,338332135974535,
0,117226177,338332144498501,338332144498501,-928704193,338332144801327,338332144802868,338332145413243,338332145599702,338332179982005,338332144794327,16800171,338332146157910,338332146311743,338332148431160,338332154318202,338332159931327,19334,298166,338332159931327,338332154944118,-1,338332154318202,
0,117226185,338332161298672,338332161298672,0,338332161603952,338332161605535,338332162277410,338332162479035,338332196782176,338332161596993,16800171,338332162544993,338332162674577,338332163254160,338332171723618,338332177851993,212084,543084,338332177851993,338332172581077,-1,338332171723618,
0,117226193,338332178098843,338332178098843,0,338332178385868,338332178387910,338332178868035,338332179014493,338332213582347,338332178378660,16800171,338332179067577,338332179166910,338332179710327,338332185396118,338332191069410,1746875,550292,338332191069410,338332186265285,-1,338332185396118,
0,117226201,338332194899014,338332194899014,0,338332195180410,338332195181743,338332195657618,338332195816910,338332230382518,338332195174202,16800171,338332195873993,338332195978452,338332196589827,338332202568618,338332208249035,1626208,290167,338332208249035,338332203164868,-1,338332202568618,
0,117226209,338332211699185,338332211699185,0,338332211992702,338332211994160,338332212510202,338332212686243,338332247182689,338332211986618,16800171,338332212759077,338332212857952,338332213399618,338332219678202,338332225393910,1661166,364000,338332225393910,338332220381618,-1,338332219678202,
0,117226217,338332228499356,338332228499356,0,338332228817618,338332228819202,338332229393243,338332229585452,338332263982860,338332228811202,16800171,338332229649493,338332229778160,338332230378368,338332237730077,338332243360327,1981625,554208,338332243360327,338332238627327,-1,338332237730077,
0,117226225,338332245299527,338332245299527,0,338332245616702,338332245618368,338332246264160,338332246473910,338332280783031,338332245609660,16800171,338332246541452,338332246667910,338332247310243,338332253975827,338332259642869,1614000,417875,338332259642869,338332254763660,-1,338332253975827,
0,117226233,338332262099698,338332262099698,-213087945,338332262408910,338332262410452,338332263072202,338332263264285,338332297583202,338332262402744,16800171,338332263684369,338332263831202,338332264566494,338332270423619,338332276123035,1203666,416125,338332276123035,338332271198202,-1,338332270423619,
0,117226241,338332278899869,338332278899869,0,338332279173702,338332279175202,338332280118744,338332280294702,338332314383373,338332279167535,16800171,338332280350660,338332280462119,338332281231577,338332288828160,338332294956702,1014958,373542,338332294956702,338332289521535,-1,338332288828160,
0,117226249,338332295700040,338332295700040,0,338332295989869,338332295991702,338332296481660,338332296629077,338332331183544,338332295984244,16800171,338332296684994,338332296790035,338332297449035,338332303450910,338332309167619,1539916,349417,338332309167619,338332304181369,-1,338332303450910,
0,117226257,338332312500211,338332312500211,0,338332312782785,338332312784369,338332313330160,338332313473077,338332347983715,338332312777077,16800171,338332313525369,338332313629410,338332314193535,338332320164035,338332325815660,1636417,346375,338332325815660,338332320866994,-1,338332320164035,
0,117226265,338332329300382,338332329300382,0,338332329571702,338332329573119,338332329999452,338332330141660,338332364783886,338332329565660,16800171,338332330192869,338332330293869,338332330935160,338332336745619,338332342465994,1740375,363333,338332342465994,338332337431785,-1,338332336745619,
0,117226273,338332346100553,338332346100553,0,338332346427327,338332346428702,338332346852202,338332346996119,338332381584057,338332346420577,16800171,338332347048244,338332347196744,338332347842910,338332353573744,338332359199535,1749166,315750,338332359199535,338332354225619,-1,338332353573744,
0,117226281,338332362900724,338332362900724,0,338332363170744,338332363172244,338332364814494,338332364990660,338332398384228,338332363164869,16800171,338332365056035,338332365174910,338332365848619,338332372510702,338332378096160,627166,306000,338332378096160,338332373097660,-1,338332372510702,
0,117226289,338332379700895,338332379700895,0,338332379992744,338332379994244,338332380660285,338332380880160,338332415184399,338332379986119,16800171,338332380940744,338332381043910,338332381648494,338332389449702,338332395057827,1729500,505833,338332395057827,338332390291494,-1,338332389449702,
0,117226297,338332396501066,338332396501066,0,338332396769827,338332396771285,338332397451327,338332397618785,338332431984570,338332396763660,16800171,338332397678327,338332397788910,338332398392160,338332404393744,338332410004369,1578750,287625,338332410004369,338332405001702,-1,338332404393744,
0,117226305,338332413301237,338332413301237,0,338332413584994,338332413586577,338332414162077,338332414317410,338332448784741,338332413578494,16800171,338332414372452,338332414476327,338332415019327,338332420715660,338332425853660,1690125,282292,338332425853660,338332421308785,-1,338332420715660,
0,117226313,338332430101408,338332430101408,0,338332430387202,338332430388619,338332430853535,338332431004535,338332465584912,338332430381244,16800171,338332431059452,338332431160660,338332431756994,338332437692035,338332442836494,1706125,279125,338332442836494,338332438306619,-1,338332437692035,
0,117226321,338332446901579,338332446901579,0,338332447200494,338332447201952,338332447618619,338332447772535,338332482385083,338332447194369,16800171,338332447822744,338332447924369,338332448493285,338332454188244,338332459352494,1715042,331167,338332459352494,338332454837285,-1,338332454188244,
0,117226329,338332463701750,338332463701750,0,338332463979244,338332463980827,338332464511619,338332464664785,338332499185254,338332463973202,16800171,338332464714952,338332464814744,338332465353160,338332471059035,338332476198577,1754500,334375,338332476198577,338332471707244,-1,338332471059035,
0,117226337,338332480501921,338332480501921,0,338332480777327,338332480778827,338332481161785,338332481304994,338332515985425,338332480771119,16800171,338332481354785,338332481467952,338332482067369,338332487671244,338332492881077,1748375,301625,338332492881077,338332488397535,-1,338332487671244,
0,117226345,338332497302092,338332497302092,0,338332497587744,338332497589619,338332498078702,338332498231285,338332532785596,338332497581785,16800171,338332498281827,338332498381452,338332498938327,338332504632619,338332509785660,1700666,289792,338332509785660,338332505236244,-1,338332504632619,
0,117226353,338332514102263,338332514102263,0,338332514364077,338332514365910,338332514794910,338332514961910,338332549585767,338332514358202,16800171,338332515013494,338332515135160,338332515662660,338332521514160,338332526691535,1812250,333000,338332526691535,338332522197827,-1,338332521514160,
0,117226361,338332530902434,338332530902434,0,338332531178452,338332531179869,338332531611452,338332531761910,338332566385938,338332531172535,16800171,338332531810952,338332531920119,338332532585660,338332538208619,338332543336077,1640792,286000,338332543336077,338332538797910,-1,338332538208619,
0,117226369,338332547702605,338332547702605,0,338332547974410,338332547975869,338332548433619,338332548585494,338332583186109,338332547968285,16800171,338332548636452,338332548736035,338332549262952,338332558491827,338332563706119,2145750,406584,338332563706119,338332559399744,-1,338332558491827,
0,117226377,338332564502776,338332564502776,0,338332564855119,338332564857202,338332565364369,338332565643702,338332599986280,338332564846619,16800171,338332565705577,338332565845202,338332566666369,338332574917327,338332580129702,1757041,446833,338332580129702,338332575811910,-1,338332574917327,
0,117226385,338332581302947,338332581302947,0,338332581656952,338332581659035,338332582302202,338332582498744,338332616786451,338332581648494,16800171,338332582561244,338332582707702,338332583561994,338332591509660,338332596748827,1648667,636875,338332596748827,338332592596619,-1,338332591509660,
0,117226393,338332598103118,338332598103118,0,338332598479994,338332598482202,338332599144660,338332599364785,338332633586622,338332598470827,16800171,338332599432577,338332599596119,338332600635660,338332608447827,338332613681327,1508500,423917,338332613681327,338332609335119,-1,338332608447827,
0,117226401,338332614903289,338332614903289,0,338332615278785,338332615280827,338332615937119,338332616227660,338332650386793,338332615269494,16800171,338332616297494,338332616483952,338332617381369,338332625491702,338332630705702,1574042,393917,338332630705702,338332626321160,-1,338332625491702,
0,117226409,338332631703460,338332631703460,0,338332632236619,338332632238994,338332632908702,338332633131744,338332667186964,338332632225744,16800171,338332633198660,338332633368285,338332636356702,338332644173660,338332649447285,27208,764291,338332649447285,338332645355160,-1,338332644173660,
0,117226417,338332648503631,338332648503631,0,338332648867202,338332648869077,338332649380660,338332649583785,338332683987135,338332648859285,16800171,338332649650035,338332649820410,338332652285910,338332658795535,338332664058244,167292,748541,338332664058244,338332660038244,-1,338332658795535,
0,117226425,338332665303802,338332665303802,0,338332665657369,338332665659202,338332666142119,338332666451327,338332700787306,338332665649160,16800171,338332666514619,338332666656285,338332669102285,338332674846077,338332680090660,111458,762250,338332680090660,338332676126702,-1,338332674846077,
0,117226433,338332682103973,338332682103973,0,338332682500327,338332682502410,338332683133619,338332683345702,338332717587477,338332682491410,16800171,338332683412660,338332683569494,338332686224452,338332691797452,338332697007994,21458,678917,338332697007994,338332692942994,-1,338332691797452,
0,117226441,338332698904144,338332698904144,0,338332699282494,338332699284660,338332699957744,338332700215494,338332734387648,338332699273369,16800171,338332700281827,338332700444327,338332703074827,338332711311327,338332716534952,22958,725292,338332716534952,338332712455744,-1,338332711311327,
0,117226449,338332715704315,338332715704315,0,338332716116535,338332716118827,338332716956410,338332717170535,338332751187819,338332716107452,16800171,338332717246577,338332717430244,338332718253577,338332726584077,338332731815119,1700291,405750,338332731815119,338332727467077,-1,338332726584077,
0,117226457,338332732504486,338332732504486,0,338332732887744,338332732889785,338332733503660,338332733707369,338332767987990,338332732879077,16800171,338332733769785,338332733916702,338332734655202,338332742986577,338332748224744,1941792,863250,338332748224744,338332744326910,-1,338332742986577,
0,117226465,338332749304657,338332749304657,0,338332749742994,338332749745035,338332750307244,338332750504702,338332784788161,338332749734327,16800171,338332750565327,338332750703910,338332753117535,338332759180535,338332764414535,75417,807500,338332764414535,338332760456285,-1,338332759180535,
0,117226473,338332766104828,338332766104828,0,338332766479827,338332766481660,338332766938452,338332767120827,338332801588332,338332766471369,16800171,338332767180785,338332767316535,338332768059744,338332775588202,338332780798494,269166,806708,338332780798494,338332776838285,-1,338332775588202,
0,117226595,338333051707735,338333051707735,-703774793,338333052039744,338333052041577,338333076134952,338333076299369,338333070391068,338333052030869,16800171,338333080482286,338333080616077,338333081524036,338333084347369,338333095872452,21916,347208,338333095872452,338333085010702,-1,338333084347369,
0,117226602,338333068507906,338333102108248,0,338333118342702,338333118343994,338333120387952,338333121324327,338333120791581,338333118328369,16800171,338333146767244,338333146851036,338333180470577,338333186176452,338333198562036,21750,346375,338333198562036,338333187753202,-1,338333186176452,
0,117226611,338333118908419,338333169308932,0,338333181291827,338333181293744,338333181920244,338333182114244,338333221592607,338333181276327,16800171,338333189713452,338333189917952,338333191368161,338333196064202,338333209578202,22792,2234833,338333209578202,338333198678494,-1,338333196064202,
0,117226618,338333186109103,338333186109103,0,338333193327119,338333193330494,338333195734536,338333195935952,338333238392778,338333193314452,16800171,338333197886244,338333198857661,338333200395411,338333243814036,338333252393744,6267375,423167,338333252393744,338333244697786,-1,338333243814036,
0,117226626,338333202909274,338333202909274,0,338333203186411,338333203187911,338333203603786,338333203780036,338333271993120,338333203179952,16800171,338333205720911,338333244923661,338333246538744,338333260680077,338333267446494,19500,332458,338333267446494,338333261330577,-1,338333260680077,
0,117226634,338333219709445,338333236509616,0,338333247166452,338333247168827,338333247750327,338333248099536,338333288793291,338333247149744,16800171,338333250953119,338333261527119,338333262973952,338333276063911,338333282686369,19542,363166,338333282686369,338333276824827,-1,338333276063911,
0,117226642,338333253309787,338333253309787,0,338333263736661,338333263738452,338333264369452,338333264643077,338333305593462,338333263725327,16800171,338333279303286,338333279484369,338333281409369,338333293991869,338333305764869,21959,316041,338333305764869,338333294586411,-1,338333293991869,
0,117226650,338333270109958,338333270109958,0,338333281908911,338333281910786,338333282534744,338333282744286,338333339193804,338333281899536,16800171,338333283158661,338333294755911,338333295742952,338333309210494,338333317000702,17375,334250,338333317000702,338333309924952,-1,338333309210494,
0,117226658,338333286910129,338333286910129,0,338333300355369,338333300357244,338333314740077,338333314999369,338333355993975,338333300343494,16800171,338333318308494,338333318474994,338333319913161,338333331032744,338333338790744,20625,426125,338333338790744,338333331795786,-1,338333331032744,
0,117226667,338333320510471,338333320510471,0,338333320884119,338333320885577,338333321356911,338333321519244,338333372794146,338333320877952,16800171,338333321559411,338333331979577,338333333023286,338333343206911,338333350933869,21542,293041,338333350933869,338333343830786,-1,338333343206911,
0,117226675,338333337310642,338333337310642,0,338333337709327,338333337710994,338333338128536,338333338302952,338333389594317,338333337702744,16800171,338333338351661,338333344040369,338333345241119,338333355361286,338333364421077,18583,266125,338333364421077,338333357320286,-1,338333355361286,
0,117226683,338333354110813,338333354110813,0,338333354436494,338333354437911,338333354791494,338333354947827,338333406394488,338333354430202,16800171,338333354987202,338333357497702,338333358657452,338333367080161,338333374767369,20083,334167,338333374767369,338333368157952,-1,338333367080161,
0,117226691,338333370910984,338333370910984,0,338333371189119,338333371190494,338333371529327,338333371677202,338333423194659,338333371183077,16800171,338333371715494,338333372237536,338333373178077,338333383532286,338333391264869,1261792,607417,338333391264869,338333384490911,-1,338333383532286,
0,117226699,338333387711155,338333387711155,0,338333387999161,338333388036119,338333388522952,338333388680161,338333439994830,338333387992786,16800171,338333388719161,338333388857077,338333389754369,338333398871827,338333407049327,1313750,290792,338333407049327,338333399883702,-1,338333398871827,
0,117226707,338333404511326,338333404511326,0,338333404844786,338333404846244,338333405198244,338333405346661,338333456795001,338333404838994,16800171,338333405384994,338333405525161,338333406533911,338333419399494,338333427179119,1519125,287167,338333427179119,338333420064827,-1,338333419399494,
0,117226715,338333421311497,338333421311497,0,338333421606786,338333421608369,338333421990244,338333422175786,338333473595172,338333421600369,16800171,338333422221786,338333422383827,338333423436786,338333432067411,338333439752411,1371958,288959,338333439752411,338333432683327,-1,338333432067411,
0,117226723,338333438111668,338333438111668,0,338333438402952,338333438404494,338333438739077,338333438883577,338333490395343,338333438396869,16800171,338333438967536,338333439106702,338333440043119,338333448962327,338333456651619,1546334,290709,338333456651619,338333449567577,-1,338333448962327,
0,117226731,338333454911839,338333454911839,0,338333455311411,338333455313327,338333455737619,338333455883036,338333507195514,338333455305661,16800171,338333455918911,338333456081994,338333458341536,338333465733202,338333473427619,16333,288917,338333473427619,338333466341036,-1,338333465733202,
0,117226739,338333471712010,338333471712010,0,338333471990786,338333471992744,338333472395994,338333472565452,338333523995685,338333471984702,16800171,338333472606327,338333472753452,338333474988994,338333482536327,338333490237702,97083,309083,338333490237702,338333483180494,-1,338333482536327,
0,117226747,338333488512181,338333488512181,0,338333488798869,338333488800411,338333489551077,338333489712244,338333540795856,338333488792952,16800171,338333489750077,338333489898744,338333492144661,338333499727161,338333507420327,17708,356958,338333507420327,338333500424952,-1,338333499727161,
---PROFILEDATA---


View hierarchy:

  com.auroratv.lab/com.auroratv.MainActivity/android.view.ViewRootImpl@daf4bf9
  307 views, 543.87 kB of render nodes


Total ViewRootImpl   : 1
Total attached Views : 307
Total RenderNode     : 543.87 kB (used) / 2150.11 kB (capacity)

