16683333
0	0	0
0	0	0
0	0	0
0	0	0
0	0	0
0	0	0
0	0	0
0	0	0
0	0	0
0	0	0
0	0	0
0	0	0
0	0	0
0	0	0
0	0	0
0	0	0
0	0	0
0	0	0
0	0	0
0	0	0
0	0	0
0	0	0
0	0	0
0	0	0
0	0	0
0	0	0
0	0	0
0	0	0
0	0	0
0	0	0
0	0	0
0	0	0
0	0	0
0	0	0
0	0	0
0	0	0
0	0	0
0	0	0
0	0	0
0	0	0
0	0	0
0	0	0
0	0	0
0	0	0
0	0	0
0	0	0
0	0	0
0	0	0
0	0	0
0	0	0
0	0	0
0	0	0
0	0	0
0	0	0
0	0	0
0	0	0
0	0	0
0	0	0
0	0	0
0	0	0
0	0	0
0	0	0
0	0	0
0	0	0
0	0	0
0	0	0
0	0	0
0	0	0
0	0	0
0	0	0
0	0	0
0	0	0
0	0	0
0	0	0
0	0	0
0	0	0
0	0	0
0	0	0
0	0	0
0	0	0
0	0	0
0	0	0
0	0	0
0	0	0
0	0	0
0	0	0
0	0	0
0	0	0
0	0	0
0	0	0
0	0	0
0	0	0
0	0	0
0	0	0
0	0	0
0	0	0
0	0	0
0	0	0
0	0	0
0	0	0
0	0	0
0	0	0
0	0	0
0	0	0
0	0	0
0	0	0
0	0	0
0	0	0
0	0	0
0	0	0
0	0	0
0	0	0
0	0	0
0	0	0
0	0	0
0	0	0
0	0	0
0	0	0
0	0	0
0	0	0
0	0	0
0	0	0
0	0	0
0	0	0
0	0	0
0	0	0
0	0	0

===
16683333
0	0	0
0	0	0
0	0	0
0	0	0
0	0	0
0	0	0
0	0	0
0	0	0
0	0	0
0	0	0
0	0	0
0	0	0
0	0	0
0	0	0
0	0	0
0	0	0
0	0	0
0	0	0
0	0	0
0	0	0
0	0	0
0	0	0
0	0	0
0	0	0
0	0	0
0	0	0
0	0	0
0	0	0
0	0	0
0	0	0
0	0	0
0	0	0
0	0	0
0	0	0
0	0	0
0	0	0
0	0	0
0	0	0
0	0	0
0	0	0
0	0	0
0	0	0
0	0	0
0	0	0
0	0	0
0	0	0
0	0	0
0	0	0
0	0	0
0	0	0
0	0	0
0	0	0
0	0	0
0	0	0
0	0	0
0	0	0
0	0	0
0	0	0
0	0	0
0	0	0
0	0	0
0	0	0
0	0	0
0	0	0
0	0	0
0	0	0
0	0	0
0	0	0
0	0	0
0	0	0
0	0	0
0	0	0
0	0	0
0	0	0
0	0	0
0	0	0
0	0	0
0	0	0
0	0	0
0	0	0
0	0	0
0	0	0
0	0	0
0	0	0
334850716834292	334850735098114	334850733101750
334850758590708	334850768464780	334850776560583
334850786600000	334850801831446	334850804692375
334850807171167	334850818514779	334850825292667
334850838650458	334850851881445	334850860532292
334850851096000	334850868564778	334850868740583
334850878476542	334850885248111	334850885920792
334850897767458	334850901931444	334850905280833
334850908550333	334850918614777	334850916175500
334850929147458	334850951981443	334850936653958
334850947693875	334850951981443	334850955191792
334850964218458	334850985348109	334850971676708
334850979114500	334851002031442	334850986381708
334850992837667	334851018714775	334851000381959
334851009630584	334851035398108	334851017023709
334851025020459	334851052081441	334851032593042
334851042178959	334851068764774	334851050052334
334851059109500	334851085448107	334851066453334
334851162945125	334851185548105	334851170359750
334851190786709	334851218914771	334851218637417
334851217725625	334851252281437	334851250322792
334851236057209	334851285648103	334851282448334
334851266169542	334851302331436	334851296807542
334851300391417	334851319014769	334851310189792
334851315094709	334851335698102	334851324942042
334851331063375	334851352381435	334851340920667
334851347735042	334851369064768	334851357625667
334851366213292	334851385748101	334851375986750
334851381783167	334851402431434	334851391542917
334851409698250	334851419114767	334851417137625
334851421279084	334851435798100	334851428727084
334851433182750	334851452481433	334851440524000
334851449933792	334851469164766	334851457382584
334851468531417	334851485848099	334851475941209
334851482605334	334851502531432	334851489930625
334851499223334	334851519214765	334851506608375
334851512679417	334851535898098	334851520131250
334851529340917	334851552581431	334851536735459
334851546441000	334851569264764	334851553814750
334851564205792	334851585948097	334851571534917
334851580099750	334851602631430	334851587445500
334851598056459	334851619314763	334851605434292
334851615708834	334851635998096	334851623089000

===
16683333
0	0	0
0	0	0
0	0	0
0	0	0
0	0	0
0	0	0
0	0	0
0	0	0
0	0	0
0	0	0
0	0	0
0	0	0
0	0	0
0	0	0
0	0	0
0	0	0
0	0	0
0	0	0
0	0	0
0	0	0
0	0	0
0	0	0
0	0	0
0	0	0
0	0	0
0	0	0
0	0	0
0	0	0
0	0	0
0	0	0
0	0	0
0	0	0
0	0	0
0	0	0
0	0	0
334850716834292	334850735098114	334850733101750
334850758590708	334850768464780	334850776560583
334850786600000	334850801831446	334850804692375
334850807171167	334850818514779	334850825292667
334850838650458	334850851881445	334850860532292
334850851096000	334850868564778	334850868740583
334850878476542	334850885248111	334850885920792
334850897767458	334850901931444	334850905280833
334850908550333	334850918614777	334850916175500
334850929147458	334850951981443	334850936653958
334850947693875	334850951981443	334850955191792
334850964218458	334850985348109	334850971676708
334850979114500	334851002031442	334850986381708
334850992837667	334851018714775	334851000381959
334851009630584	334851035398108	334851017023709
334851025020459	334851052081441	334851032593042
334851042178959	334851068764774	334851050052334
334851059109500	334851085448107	334851066453334
334851162945125	334851185548105	334851170359750
334851190786709	334851218914771	334851218637417
334851217725625	334851252281437	334851250322792
334851236057209	334851285648103	334851282448334
334851266169542	334851302331436	334851296807542
334851300391417	334851319014769	334851310189792
334851315094709	334851335698102	334851324942042
334851331063375	334851352381435	334851340920667
334851347735042	334851369064768	334851357625667
334851366213292	334851385748101	334851375986750
334851381783167	334851402431434	334851391542917
334851409698250	334851419114767	334851417137625
334851421279084	334851435798100	334851428727084
334851433182750	334851452481433	334851440524000
334851449933792	334851469164766	334851457382584
334851468531417	334851485848099	334851475941209
334851482605334	334851502531432	334851489930625
334851499223334	334851519214765	334851506608375
334851512679417	334851535898098	334851520131250
334851529340917	334851552581431	334851536735459
334851546441000	334851569264764	334851553814750
334851564205792	334851585948097	334851571534917
334851580099750	334851602631430	334851587445500
334851598056459	334851619314763	334851605434292
334851615708834	334851635998096	334851623089000
334851630891500	334851652681429	334851638334125
334851648365667	334851669364762	334851655731375
334851664591000	334851686048095	334851671974542
334851680954334	334851702731428	334851688353917
334851699268292	334851719414761	334851706551626
334851716378667	334851736098094	334851723827584
334851734423459	334851752781427	334851741867251
334851748534042	334851769464760	334851755884042
334851766334251	334851786148093	334851773688917
334851783285417	334851802831426	334851790742459
334851800551376	334851819514759	334851808775834
334851815249084	334851836198092	334851822695126
334851831984917	334851852881425	334851839437126
334851849602709	334851869564758	334851857069209
334851867115542	334851886248091	334851874553001
334851887945667	334851902931424	334851895256792
334851912883209	334851919614757	334851920362042
334851930047959	334851936298090	334851939600251
334851945760792	334851952981423	334851954652917
334851961150001	334851969664756	334851969384042
334851976116042	334851986348089	334851983931292
334851991174667	334852003031422	334851998744626
334852007659917	334852019714755	334852015001709
334852020810417	334852036398088	334852028149376
334852036697334	334852053081421	334852044036292
334852053908167	334852069764754	334852061197084
334852070299876	334852086448087	334852077663334
334852086970959	334852103131420	334852094205584
334852103845209	334852119814753	334852111199667
334852120700667	334852136498086	334852128026209
334852137239084	334852153181419	334852144595751
334852153706417	334852169864752	334852161003917
334852170892084	334852186548085	334852178176459
334852187839376	334852203231418	334852195105167
334852204983626	334852219914751	334852212251209
334852221221209	334852236598084	334852228502001
334852238997251	334852253281417	334852246273251
334852255925209	334852269964750	334852263124834
334852274517292	334852286648083	334852281788501
334852288122709	334852303331416	334852295369292
334852305690501	334852320014749	334852312952084
334852321224667	334852336698082	334852328513042
334852338845417	334852353381415	334852346123584
334852355547501	334852370064748	334852362829209
334852372749334	334852386748081	334852380071876
334852385507709	334852403431414	334852392735251
334852772312376	334852787148073	334852794206918
334852781711709	334852820514739	334852821790709
334852812997668	334852853881405	334852853458043

===
16683333
334851499223334	334851519214765	334851506608375
334851512679417	334851535898098	334851520131250
334851529340917	334851552581431	334851536735459
334851546441000	334851569264764	334851553814750
334851564205792	334851585948097	334851571534917
334851580099750	334851602631430	334851587445500
334851598056459	334851619314763	334851605434292
334851615708834	334851635998096	334851623089000
334851630891500	334851652681429	334851638334125
334851648365667	334851669364762	334851655731375
334851664591000	334851686048095	334851671974542
334851680954334	334851702731428	334851688353917
334851699268292	334851719414761	334851706551626
334851716378667	334851736098094	334851723827584
334851734423459	334851752781427	334851741867251
334851748534042	334851769464760	334851755884042
334851766334251	334851786148093	334851773688917
334851783285417	334851802831426	334851790742459
334851800551376	334851819514759	334851808775834
334851815249084	334851836198092	334851822695126
334851831984917	334851852881425	334851839437126
334851849602709	334851869564758	334851857069209
334851867115542	334851886248091	334851874553001
334851887945667	334851902931424	334851895256792
334851912883209	334851919614757	334851920362042
334851930047959	334851936298090	334851939600251
334851945760792	334851952981423	334851954652917
334851961150001	334851969664756	334851969384042
334851976116042	334851986348089	334851983931292
334851991174667	334852003031422	334851998744626
334852007659917	334852019714755	334852015001709
334852020810417	334852036398088	334852028149376
334852036697334	334852053081421	334852044036292
334852053908167	334852069764754	334852061197084
334852070299876	334852086448087	334852077663334
334852086970959	334852103131420	334852094205584
334852103845209	334852119814753	334852111199667
334852120700667	334852136498086	334852128026209
334852137239084	334852153181419	334852144595751
334852153706417	334852169864752	334852161003917
334852170892084	334852186548085	334852178176459
334852187839376	334852203231418	334852195105167
334852204983626	334852219914751	334852212251209
334852221221209	334852236598084	334852228502001
334852238997251	334852253281417	334852246273251
334852255925209	334852269964750	334852263124834
334852274517292	334852286648083	334852281788501
334852288122709	334852303331416	334852295369292
334852305690501	334852320014749	334852312952084
334852321224667	334852336698082	334852328513042
334852338845417	334852353381415	334852346123584
334852355547501	334852370064748	334852362829209
334852372749334	334852386748081	334852380071876
334852385507709	334852403431414	334852392735251
334852772312376	334852787148073	334852794206918
334852781711709	334852820514739	334852821790709
334852812997668	334852853881405	334852853458043
334852844609584	334852887248071	334852885513251
334852881310251	334852903931404	334852898199834
334852913032459	334852920614737	334852922756084
334852928854459	334852937298070	334852938489168
334852945032293	334852953981403	334852954899543
334852957464126	334852970664736	334852967359918
334852978505876	334852987348069	334852988263668
334852995082543	334853004031402	334853004817376
334853013132001	334853020714735	334853020504626
334853028963251	334853037398068	334853036389709
334853041385168	334853054081401	334853048815418
334853062690126	334853070764734	334853070113251
334853080441918	334853087448067	334853087851668
334853096487918	334853104131400	334853103907585
334853108662835	334853120814733	334853116026668
334853126079876	334853137498066	334853133470085
334853143204293	334853154181399	334853150594876
334853161428543	334853170864732	334853168640126
334853175924293	334853187548065	334853183311501
334853193658626	334853204231398	334853201032543
334853211342918	334853220914731	334853218789751
334853229044835	334853237598064	334853236442751
334853245780168	334853254281397	334853253163585
334853261676293	334853270964730	334853269067210
334853279147876	334853287648063	334853286519335
334853297767043	334853304331396	334853305211501
334853313884876	334853337698062	334853321293710
334853329784460	334853354381395	334853337152001
334853348438251	334853371064728	334853355724501
334853364692585	334853387748061	334853372090001
334853380949793	334853404431394	334853388397376
334853399032251	334853421114727	334853406400585
334853414374126	334853437798060	334853421817335
334853433358876	334853454481393	334853440824751
334853447582501	334853471164726	334853454957543
334853465183626	334853487848059	334853472569335
334853479100543	334853504531392	334853486538418
334853495138501	334853521214725	334853502600043
334853513189876	334853537898058	334853520550335
334853532428251	334853554581391	334853539806668
334853552796918	334853571264724	334853560325418
334853569840460	334853587948057	334853579413918
334853586083876	334853604631390	334853594966710
334853596072210	334853621314723	334853604318418
334853613680168	334853637998056	334853621510501
334853634130793	334853654681389	334853641655210
334853651602210	334853671364722	334853658974251
334853666011543	334853688048055	334853673330835
334853679401793	334853704731388	334853686717918
334853695659751	334853721414721	334853702996501
334853716929793	334853738098054	334853724272585
334853733808376	334853754781387	334853741111335
334853750472043	334853771464720	334853757774751
334853763384335	334853788148053	334853770581793
334853779661543	334853804831386	334853786994543
334853801360293	334853821514719	334853811880418
334853814639793	334853838198052	334853821947960
334853837477168	334853854881385	334853844763085
334853847779835	334853871564718	334853855050627
334853865721043	334853888248051	334853872926585
334853885972168	334853904931384	334853893211502
334853903897168	334853921614717	334853911158335
334853921021293	334853938298050	334853928277668
334853932078543	334853954981383	334853939379543
334853948770877	334853971664716	334853956056502
334853970077168	334853988348049	334853977343752
334853986464418	334854005031382	334853993754335
334854003767335	334854021714715	334854011052335
334854016026543	334854038398048	334854023342710
334854033486918	334854055081381	334854040732002

===
16683333
334852881310251	334852903931404	334852898199834
334852913032459	334852920614737	334852922756084
334852928854459	334852937298070	334852938489168
334852945032293	334852953981403	334852954899543
334852957464126	334852970664736	334852967359918
334852978505876	334852987348069	334852988263668
334852995082543	334853004031402	334853004817376
334853013132001	334853020714735	334853020504626
334853028963251	334853037398068	334853036389709
334853041385168	334853054081401	334853048815418
334853062690126	334853070764734	334853070113251
334853080441918	334853087448067	334853087851668
334853096487918	334853104131400	334853103907585
334853108662835	334853120814733	334853116026668
334853126079876	334853137498066	334853133470085
334853143204293	334853154181399	334853150594876
334853161428543	334853170864732	334853168640126
334853175924293	334853187548065	334853183311501
334853193658626	334853204231398	334853201032543
334853211342918	334853220914731	334853218789751
334853229044835	334853237598064	334853236442751
334853245780168	334853254281397	334853253163585
334853261676293	334853270964730	334853269067210
334853279147876	334853287648063	334853286519335
334853297767043	334853304331396	334853305211501
334853313884876	334853337698062	334853321293710
334853329784460	334853354381395	334853337152001
334853348438251	334853371064728	334853355724501
334853364692585	334853387748061	334853372090001
334853380949793	334853404431394	334853388397376
334853399032251	334853421114727	334853406400585
334853414374126	334853437798060	334853421817335
334853433358876	334853454481393	334853440824751
334853447582501	334853471164726	334853454957543
334853465183626	334853487848059	334853472569335
334853479100543	334853504531392	334853486538418
334853495138501	334853521214725	334853502600043
334853513189876	334853537898058	334853520550335
334853532428251	334853554581391	334853539806668
334853552796918	334853571264724	334853560325418
334853569840460	334853587948057	334853579413918
334853586083876	334853604631390	334853594966710
334853596072210	334853621314723	334853604318418
334853613680168	334853637998056	334853621510501
334853634130793	334853654681389	334853641655210
334853651602210	334853671364722	334853658974251
334853666011543	334853688048055	334853673330835
334853679401793	334853704731388	334853686717918
334853695659751	334853721414721	334853702996501
334853716929793	334853738098054	334853724272585
334853733808376	334853754781387	334853741111335
334853750472043	334853771464720	334853757774751
334853763384335	334853788148053	334853770581793
334853779661543	334853804831386	334853786994543
334853801360293	334853821514719	334853811880418
334853814639793	334853838198052	334853821947960
334853837477168	334853854881385	334853844763085
334853847779835	334853871564718	334853855050627
334853865721043	334853888248051	334853872926585
334853885972168	334853904931384	334853893211502
334853903897168	334853921614717	334853911158335
334853921021293	334853938298050	334853928277668
334853932078543	334853954981383	334853939379543
334853948770877	334853971664716	334853956056502
334853970077168	334853988348049	334853977343752
334853986464418	334854005031382	334853993754335
334854003767335	334854021714715	334854011052335
334854016026543	334854038398048	334854023342710
334854033486918	334854055081381	334854040732002
334854380247835	334854405431374	334854402152460
334854398342043	334854422114707	334854421483335
334854427002335	334854438798040	334854436268002
334854444213877	334854455481373	334854453711252
334854459162627	334854472164706	334854468958793
334854475528877	334854488848039	334854485327419
334854492206794	334854505531372	334854501913919
334854508984752	334854522214705	334854518780710
334854525778252	334854538898038	334854535618252
334854543125085	334854555581371	334854552898377
334854559041169	334854572264704	334854568877960
334854575699127	334854588948037	334854585586502
334854592702669	334854605631370	334854602537585
334854608398794	334854622314703	334854618174710
334854624436169	334854638998036	334854631859419
334854642651085	334854655681369	334854649972252
334854657730585	334854672364702	334854665144169
334854674867710	334854689048035	334854682295585
334854692422710	334854705731368	334854699839752
334854708351127	334854722414701	334854715760419
334854725117752	334854739098034	334854732560335
334854744581294	334854755781367	334854752035085
334854759623710	334854772464700	334854766869335
334854776662502	334854789148033	334854784088502
334854792764585	334854805831366	334854800175669
334854809134044	334854822514699	334854816574877
334854829613627	334854839198032	334854836941210
334854839428127	334854855881365	334854846813419
334854855425544	334854872564698	334854862800585
334854872509502	334854889248031	334854879900419
334854890249877	334854905931364	334854897702919
334854906258210	334854922614697	334854913644835
334854924753585	334854939298030	334854933456544
334854941438169	334854955981363	334854948828877
334854958027960	334854972664696	334854965384460
334854974261794	334854989348029	334854981712252
334854991352502	334855006031362	334854998726294
334855009167377	334855022714695	334855016544919
334855026233085	334855039398028	334855033608002
334855044586335	334855056081361	334855051959710
334855058646044	334855072764694	334855066017002
334855076695877	334855089448027	334855084060127
334855094499752	334855106131360	334855101911585
334855110180169	334855122814693	334855117551294
334855127637960	334855139498026	334855134939044
334855144964627	334855156181359	334855152351669
334855160789085	334855172864692	334855168218752
334855178525960	334855189548025	334855185952669
334855193431711	334855206231358	334855200820586
334855208952461	334855222914691	334855216403044
334855225321586	334855239598024	334855232756877
334855242162211	334855256281357	334855249674586
334855262840711	334855272964690	334855270314877
334855278715836	334855289648023	334855286170044
334855293638002	334855306331356	334855301198377
334855309479502	334855323014689	334855319036627
334855325800211	334855339698022	334855334665252
334855342515294	334855356381355	334855350756586

===
16683333
334853750472043	334853771464720	334853757774751
334853763384335	334853788148053	334853770581793
334853779661543	334853804831386	334853786994543
334853801360293	334853821514719	334853811880418
334853814639793	334853838198052	334853821947960
334853837477168	334853854881385	334853844763085
334853847779835	334853871564718	334853855050627
334853865721043	334853888248051	334853872926585
334853885972168	334853904931384	334853893211502
334853903897168	334853921614717	334853911158335
334853921021293	334853938298050	334853928277668
334853932078543	334853954981383	334853939379543
334853948770877	334853971664716	334853956056502
334853970077168	334853988348049	334853977343752
334853986464418	334854005031382	334853993754335
334854003767335	334854021714715	334854011052335
334854016026543	334854038398048	334854023342710
334854033486918	334854055081381	334854040732002
334854380247835	334854405431374	334854402152460
334854398342043	334854422114707	334854421483335
334854427002335	334854438798040	334854436268002
334854444213877	334854455481373	334854453711252
334854459162627	334854472164706	334854468958793
334854475528877	334854488848039	334854485327419
334854492206794	334854505531372	334854501913919
334854508984752	334854522214705	334854518780710
334854525778252	334854538898038	334854535618252
334854543125085	334854555581371	334854552898377
334854559041169	334854572264704	334854568877960
334854575699127	334854588948037	334854585586502
334854592702669	334854605631370	334854602537585
334854608398794	334854622314703	334854618174710
334854624436169	334854638998036	334854631859419
334854642651085	334854655681369	334854649972252
334854657730585	334854672364702	334854665144169
334854674867710	334854689048035	334854682295585
334854692422710	334854705731368	334854699839752
334854708351127	334854722414701	334854715760419
334854725117752	334854739098034	334854732560335
334854744581294	334854755781367	334854752035085
334854759623710	334854772464700	334854766869335
334854776662502	334854789148033	334854784088502
334854792764585	334854805831366	334854800175669
334854809134044	334854822514699	334854816574877
334854829613627	334854839198032	334854836941210
334854839428127	334854855881365	334854846813419
334854855425544	334854872564698	334854862800585
334854872509502	334854889248031	334854879900419
334854890249877	334854905931364	334854897702919
334854906258210	334854922614697	334854913644835
334854924753585	334854939298030	334854933456544
334854941438169	334854955981363	334854948828877
334854958027960	334854972664696	334854965384460
334854974261794	334854989348029	334854981712252
334854991352502	334855006031362	334854998726294
334855009167377	334855022714695	334855016544919
334855026233085	334855039398028	334855033608002
334855044586335	334855056081361	334855051959710
334855058646044	334855072764694	334855066017002
334855076695877	334855089448027	334855084060127
334855094499752	334855106131360	334855101911585
334855110180169	334855122814693	334855117551294
334855127637960	334855139498026	334855134939044
334855144964627	334855156181359	334855152351669
334855160789085	334855172864692	334855168218752
334855178525960	334855189548025	334855185952669
334855193431711	334855206231358	334855200820586
334855208952461	334855222914691	334855216403044
334855225321586	334855239598024	334855232756877
334855242162211	334855256281357	334855249674586
334855262840711	334855272964690	334855270314877
334855278715836	334855289648023	334855286170044
334855293638002	334855306331356	334855301198377
334855309479502	334855323014689	334855319036627
334855325800211	334855339698022	334855334665252
334855342515294	334855356381355	334855350756586
334855361075044	334855373064688	334855370215794
334855378515419	334855389748021	334855386111752
334855395750502	334855406431354	334855403107711
334855409656586	334855423114687	334855416950544
334855426672377	334855439798020	334855433975836
334855443446252	334855456481353	334855450725294
334855460080544	334855473164686	334855467351044
334855476932502	334855489848019	334855484234919
334855493763544	334855506531352	334855501073461
334855510503211	334855523214685	334855517803627
334855527295711	334855539898018	334855534572086
334855544206127	334855556581351	334855551469919
334855561936377	334855573264684	334855569164294
334855580808044	334855589948017	334855588118044
334855596816502	334855606631350	334855603980711
334855614689836	334855623314683	334855621903336
334855630119044	334855639998016	334855637370336
334855647488211	334855656681349	334855654812461
334855664845169	334855673364682	334855672045211
334855681968086	334855690048015	334855689272669
334855697778961	334855706731348	334855705019461
334855715328336	334855723414681	334855722534502
334855733613669	334855740098014	334855740793711
334855748546419	334855773464680	334855755800502
334855765793211	334855790148013	334855772992002
334855783666961	334855806831346	334855790814336
334856154253544	334856190548005	334856176108044
334856165574961	334856207231338	334856203628169
334856200284128	334856240598004	334856231877003
334856216398669	334856257281337	334856241730044
334856250001336	334856273964670	334856259807794
334856266725878	334856290648003	334856276524294
334856286830419	334856307331336	334856296622461
334856300526294	334856324014669	334856310331044
334856320713503	334856340698002	334856330559003
334856333984503	334856357381335	334856343843961
334856350571211	334856374064668	334856360492211
334856369036086	334856390748001	334856378859919
334856386609669	334856407431334	334856396358878
334856403556169	334856424114667	334856410929003
334856419368628	334856440798000	334856426778628
334856436939253	334856457481333	334856444351461
334856455086961	334856474164666	334856462466794
334856472304044	334856490847999	334856479625419
334856487235669	334856507531332	334856494629003
334856504586086	334856524214665	334856511978544
334856521643003	334856540897998	334856528999419
334856537397794	334856557581331	334856544770753
334856554594086	334856574264664	334856561954211
334856572430503	334856590947997	334856579811670
334856588915461	334856607631330	334856596426545

===
16683333
334855009167377	334855022714695	334855016544919
334855026233085	334855039398028	334855033608002
334855044586335	334855056081361	334855051959710
334855058646044	334855072764694	334855066017002
334855076695877	334855089448027	334855084060127
334855094499752	334855106131360	334855101911585
334855110180169	334855122814693	334855117551294
334855127637960	334855139498026	334855134939044
334855144964627	334855156181359	334855152351669
334855160789085	334855172864692	334855168218752
334855178525960	334855189548025	334855185952669
334855193431711	334855206231358	334855200820586
334855208952461	334855222914691	334855216403044
334855225321586	334855239598024	334855232756877
334855242162211	334855256281357	334855249674586
334855262840711	334855272964690	334855270314877
334855278715836	334855289648023	334855286170044
334855293638002	334855306331356	334855301198377
334855309479502	334855323014689	334855319036627
334855325800211	334855339698022	334855334665252
334855342515294	334855356381355	334855350756586
334855361075044	334855373064688	334855370215794
334855378515419	334855389748021	334855386111752
334855395750502	334855406431354	334855403107711
334855409656586	334855423114687	334855416950544
334855426672377	334855439798020	334855433975836
334855443446252	334855456481353	334855450725294
334855460080544	334855473164686	334855467351044
334855476932502	334855489848019	334855484234919
334855493763544	334855506531352	334855501073461
334855510503211	334855523214685	334855517803627
334855527295711	334855539898018	334855534572086
334855544206127	334855556581351	334855551469919
334855561936377	334855573264684	334855569164294
334855580808044	334855589948017	334855588118044
334855596816502	334855606631350	334855603980711
334855614689836	334855623314683	334855621903336
334855630119044	334855639998016	334855637370336
334855647488211	334855656681349	334855654812461
334855664845169	334855673364682	334855672045211
334855681968086	334855690048015	334855689272669
334855697778961	334855706731348	334855705019461
334855715328336	334855723414681	334855722534502
334855733613669	334855740098014	334855740793711
334855748546419	334855773464680	334855755800502
334855765793211	334855790148013	334855772992002
334855783666961	334855806831346	334855790814336
334856154253544	334856190548005	334856176108044
334856165574961	334856207231338	334856203628169
334856200284128	334856240598004	334856231877003
334856216398669	334856257281337	334856241730044
334856250001336	334856273964670	334856259807794
334856266725878	334856290648003	334856276524294
334856286830419	334856307331336	334856296622461
334856300526294	334856324014669	334856310331044
334856320713503	334856340698002	334856330559003
334856333984503	334856357381335	334856343843961
334856350571211	334856374064668	334856360492211
334856369036086	334856390748001	334856378859919
334856386609669	334856407431334	334856396358878
334856403556169	334856424114667	334856410929003
334856419368628	334856440798000	334856426778628
334856436939253	334856457481333	334856444351461
334856455086961	334856474164666	334856462466794
334856472304044	334856490847999	334856479625419
334856487235669	334856507531332	334856494629003
334856504586086	334856524214665	334856511978544
334856521643003	334856540897998	334856528999419
334856537397794	334856557581331	334856544770753
334856554594086	334856574264664	334856561954211
334856572430503	334856590947997	334856579811670
334856588915461	334856607631330	334856596426545
334856605297420	334856624314663	334856612674045
334856620661670	334856640997996	334856628153461
334856637225545	334856657681329	334856644525711
334856653602670	334856674364662	334856660981711
334856671650128	334856691047995	334856679076628
334856689256420	334856707731328	334856696603878
334856706686545	334856724414661	334856714028961
334856722636003	334856741097994	334856729982711
334856740089586	334856757781327	334856747484420
334856757272753	334856774464660	334856764660336
334856773964753	334856791147993	334856781202211
334856790334420	334856807831326	334856797720545
334856807782753	334856824514659	334856815156961
334856822910086	334856841197992	334856830389795
334856838554753	334856857881325	334856845956878
334856855401420	334856874564658	334856862812045
334856871409586	334856891247991	334856878811086
334856887916878	334856907931324	334856895314628
334856905342753	334856924614657	334856912748211
334856921798086	334856941297990	334856929284336
334856939435711	334856957981323	334856947077170
334856955916128	334856974664656	334856963334836
334856972504045	334856991347989	334856979944878
334856991907003	334857008031322	334857001439378
334857008081836	334857024714655	334857016927961
334857024834045	334857041397988	334857033175545
334857041235253	334857058081321	334857049164170
334857057289670	334857074764654	334857064880753
334857073840545	334857091447987	334857081199878
334857090963920	334857108131320	334857098317753
334857106523211	334857124814653	334857113850461
334857123288753	334857141497986	334857130626586
334857140154378	334857158181319	334857147441045
334857156348045	334857174864652	334857163641711
334857173080836	334857191547985	334857180408420
334857190008836	334857208231318	334857197316920
334857208251503	334857224914651	334857215515836
334857225467045	334857241597984	334857232773878
334857242848211	334857258281317	334857250133711
334857260293211	334857274964650	334857267410795
334857276479920	334857291647983	334857283796670
334857294214128	334857308331316	334857301487753
334857310529420	334857325014649	334857317763837
334857327144795	334857341697982	334857334398878
334857344636587	334857358381315	334857351759253
334857361868920	334857375064648	334857369161545
334857379570212	334857391747981	334857386817462
334857394504795	334857408431314	334857401792462
334857412919087	334857425114647	334857419950003
334857429225837	334857441797980	334857436551045
334857445091962	334857458481313	334857452405712
334857462511670	334857475164646	334857469871628
334857479456420	334857491847979	334857486802253
334857802830337	334857825514639	334857824735795
334857821135545	334857842197972	334857847718003

===
16683333
334856637225545	334856657681329	334856644525711
334856653602670	334856674364662	334856660981711
334856671650128	334856691047995	334856679076628
334856689256420	334856707731328	334856696603878
334856706686545	334856724414661	334856714028961
334856722636003	334856741097994	334856729982711
334856740089586	334856757781327	334856747484420
334856757272753	334856774464660	334856764660336
334856773964753	334856791147993	334856781202211
334856790334420	334856807831326	334856797720545
334856807782753	334856824514659	334856815156961
334856822910086	334856841197992	334856830389795
334856838554753	334856857881325	334856845956878
334856855401420	334856874564658	334856862812045
334856871409586	334856891247991	334856878811086
334856887916878	334856907931324	334856895314628
334856905342753	334856924614657	334856912748211
334856921798086	334856941297990	334856929284336
334856939435711	334856957981323	334856947077170
334856955916128	334856974664656	334856963334836
334856972504045	334856991347989	334856979944878
334856991907003	334857008031322	334857001439378
334857008081836	334857024714655	334857016927961
334857024834045	334857041397988	334857033175545
334857041235253	334857058081321	334857049164170
334857057289670	334857074764654	334857064880753
334857073840545	334857091447987	334857081199878
334857090963920	334857108131320	334857098317753
334857106523211	334857124814653	334857113850461
334857123288753	334857141497986	334857130626586
334857140154378	334857158181319	334857147441045
334857156348045	334857174864652	334857163641711
334857173080836	334857191547985	334857180408420
334857190008836	334857208231318	334857197316920
334857208251503	334857224914651	334857215515836
334857225467045	334857241597984	334857232773878
334857242848211	334857258281317	334857250133711
334857260293211	334857274964650	334857267410795
334857276479920	334857291647983	334857283796670
334857294214128	334857308331316	334857301487753
334857310529420	334857325014649	334857317763837
334857327144795	334857341697982	334857334398878
334857344636587	334857358381315	334857351759253
334857361868920	334857375064648	334857369161545
334857379570212	334857391747981	334857386817462
334857394504795	334857408431314	334857401792462
334857412919087	334857425114647	334857419950003
334857429225837	334857441797980	334857436551045
334857445091962	334857458481313	334857452405712
334857462511670	334857475164646	334857469871628
334857479456420	334857491847979	334857486802253
334857802830337	334857825514639	334857824735795
334857821135545	334857842197972	334857847718003
334857847267545	334857858881305	334857857040587
334857864490753	334857875564638	334857874012087
334857889148045	334857892247971	334857898729962
334857898580503	334857908931304	334857908543003
334857913905045	334857925614637	334857923624128
334857930188712	334857942297970	334857939963795
334857946905878	334857958981303	334857956726045
334857963881628	334857975664636	334857973706587
334857983883920	334857992347969	334857993742379
334857997174504	334858009031302	334858007064004
334858014248504	334858025714635	334858024037754
334858032139295	334858042397968	334858041886545
334858048897129	334858059081301	334858056301129
334858069788962	334858075764634	334858077210462
334858083526004	334858092447967	334858090825170
334858100077962	334858109131300	334858107474462
334858117697462	334858125814633	334858125099212
334858133832337	334858142497966	334858141318920
334858156890670	334858159181299	334858164283629
334858167436295	334858175864632	334858174830087
334858183281795	334858209231298	334858190696254
334858200637670	334858225914631	334858208075337
334858217402587	334858242597964	334858224872795
334858239291462	334858259281297	334858246703420
334858253186462	334858275964630	334858260550670
334858268329379	334858292647963	334858275699129
334858286103879	334858309331296	334858293445587
334858302203920	334858326014629	334858309577879
334858318773420	334858342697962	334858326137962
334858336961420	334858359381295	334858344339795
334858353953254	334858376064628	334858361284545
334858370253212	334858392747961	334858377618545
334858386512379	334858409431294	334858394068045
334858403295254	334858426114627	334858410652962
334858419757795	334858442797960	334858427115962
334858437812629	334858459481293	334858445160045
334858452524504	334858476164626	334858459881962
334858470781337	334858492847959	334858478130087
334858487067129	334858509531292	334858494480962
334858503578837	334858526214625	334858510940004
334858521875379	334858542897958	334858529256462
334858539804420	334858559581291	334858547176712
334858554491004	334858576264624	334858561859545
334858569599295	334858592947957	334858577058629
334858585929004	334858609631290	334858593341504
334858603345045	334858626314623	334858610639837
334858620148420	334858642997956	334858627523087
334858637530087	334858659681289	334858646008045
334858653438754	334858676364622	334858660881379
334858669659212	334858693047955	334858677216421
334858686347879	334858709731288	334858695911796
334858703143462	334858726414621	334858712028004
334858719680754	334858743097954	334858727951171
334858738243254	334858759781287	334858746110046
334858755036212	334858776464620	334858762588254
334858771384046	334858793147953	334858778760879
334858786357212	334858809831286	334858793694004
334858803014671	334858826514619	334858810308587
334858819954046	334858843197952	334858827259546
334858836967962	334858859881285	334858844291337
334858853665671	334858876564618	334858860963296
334858870515212	334858893247951	334858877805671
334858887215546	334858909931284	334858894495462
334858904076129	334858926614617	334858911400379
334858920973796	334858943297950	334858928276421
334858937863837	334858959981283	334858945143212
334858956569712	334858976664616	334858963745254
334858972851629	334858993347949	334858980144337
334858990520462	334859010031282	334858997780254
334859009351671	334859026714615	334859016572962
334859023321421	334859043397948	334859030640337
334859040551212	334859060081281	334859047813671
334859058837587	334859076764614	334859065844921
334859076202046	334859093447947	334859083298962

===
16683333
334857073840545	334857091447987	334857081199878
334857090963920	334857108131320	334857098317753
334857106523211	334857124814653	334857113850461
334857123288753	334857141497986	334857130626586
334857140154378	334857158181319	334857147441045
334857156348045	334857174864652	334857163641711
334857173080836	334857191547985	334857180408420
334857190008836	334857208231318	334857197316920
334857208251503	334857224914651	334857215515836
334857225467045	334857241597984	334857232773878
334857242848211	334857258281317	334857250133711
334857260293211	334857274964650	334857267410795
334857276479920	334857291647983	334857283796670
334857294214128	334857308331316	334857301487753
334857310529420	334857325014649	334857317763837
334857327144795	334857341697982	334857334398878
334857344636587	334857358381315	334857351759253
334857361868920	334857375064648	334857369161545
334857379570212	334857391747981	334857386817462
334857394504795	334857408431314	334857401792462
334857412919087	334857425114647	334857419950003
334857429225837	334857441797980	334857436551045
334857445091962	334857458481313	334857452405712
334857462511670	334857475164646	334857469871628
334857479456420	334857491847979	334857486802253
334857802830337	334857825514639	334857824735795
334857821135545	334857842197972	334857847718003
334857847267545	334857858881305	334857857040587
334857864490753	334857875564638	334857874012087
334857889148045	334857892247971	334857898729962
334857898580503	334857908931304	334857908543003
334857913905045	334857925614637	334857923624128
334857930188712	334857942297970	334857939963795
334857946905878	334857958981303	334857956726045
334857963881628	334857975664636	334857973706587
334857983883920	334857992347969	334857993742379
334857997174504	334858009031302	334858007064004
334858014248504	334858025714635	334858024037754
334858032139295	334858042397968	334858041886545
334858048897129	334858059081301	334858056301129
334858069788962	334858075764634	334858077210462
334858083526004	334858092447967	334858090825170
334858100077962	334858109131300	334858107474462
334858117697462	334858125814633	334858125099212
334858133832337	334858142497966	334858141318920
334858156890670	334858159181299	334858164283629
334858167436295	334858175864632	334858174830087
334858183281795	334858209231298	334858190696254
334858200637670	334858225914631	334858208075337
334858217402587	334858242597964	334858224872795
334858239291462	334858259281297	334858246703420
334858253186462	334858275964630	334858260550670
334858268329379	334858292647963	334858275699129
334858286103879	334858309331296	334858293445587
334858302203920	334858326014629	334858309577879
334858318773420	334858342697962	334858326137962
334858336961420	334858359381295	334858344339795
334858353953254	334858376064628	334858361284545
334858370253212	334858392747961	334858377618545
334858386512379	334858409431294	334858394068045
334858403295254	334858426114627	334858410652962
334858419757795	334858442797960	334858427115962
334858437812629	334858459481293	334858445160045
334858452524504	334858476164626	334858459881962
334858470781337	334858492847959	334858478130087
334858487067129	334858509531292	334858494480962
334858503578837	334858526214625	334858510940004
334858521875379	334858542897958	334858529256462
334858539804420	334858559581291	334858547176712
334858554491004	334858576264624	334858561859545
334858569599295	334858592947957	334858577058629
334858585929004	334858609631290	334858593341504
334858603345045	334858626314623	334858610639837
334858620148420	334858642997956	334858627523087
334858637530087	334858659681289	334858646008045
334858653438754	334858676364622	334858660881379
334858669659212	334858693047955	334858677216421
334858686347879	334858709731288	334858695911796
334858703143462	334858726414621	334858712028004
334858719680754	334858743097954	334858727951171
334858738243254	334858759781287	334858746110046
334858755036212	334858776464620	334858762588254
334858771384046	334858793147953	334858778760879
334858786357212	334858809831286	334858793694004
334858803014671	334858826514619	334858810308587
334858819954046	334858843197952	334858827259546
334858836967962	334858859881285	334858844291337
334858853665671	334858876564618	334858860963296
334858870515212	334858893247951	334858877805671
334858887215546	334858909931284	334858894495462
334858904076129	334858926614617	334858911400379
334858920973796	334858943297950	334858928276421
334858937863837	334858959981283	334858945143212
334858956569712	334858976664616	334858963745254
334858972851629	334858993347949	334858980144337
334858990520462	334859010031282	334858997780254
334859009351671	334859026714615	334859016572962
334859023321421	334859043397948	334859030640337
334859040551212	334859060081281	334859047813671
334859058837587	334859076764614	334859065844921
334859076202046	334859093447947	334859083298962
334859091112546	334859110131280	334859098438046
334859106696421	334859126814613	334859114058754
334859124913004	334859143497946	334859132160879
334859141115212	334859160181279	334859148371462
334859158164337	334859176864612	334859165459296
334859698352963	334859710731268	334859714355338
334859717472713	334859727414601	334859735316504
334859743114421	334859760781267	334859757881629
334859762472213	334859777464600	334859768482838
334859782247421	334859794147933	334859788348046
334859808105171	334859810831266	334859815454546
334859821045963	334859827514599	334859828435046
334859834342088	334859844197932	334859841765254
334859847885421	334859860881265	334859855323254
334859865829171	334859877564598	334859873255921
334859879795129	334859894247931	334859887235088
334859899886754	334859910931264	334859907319629
334859916953213	334859927614597	334859924460879
334859934206838	334859944297930	334859941619379
334859949981004	334859960981263	334859957359088
334859966331879	334859977664596	334859973852463
334859980184379	334859994347929	334859987631713
334859995828421	334860011031262	334860003292004
334860012886629	334860027714595	334860020333754
334860030852213	334860044397928	334860038266171
334860047527129	334860061081261	334860054748504

