16683333
0	0	0
0	0	0
0	0	0
0	0	0
0	0	0
0	0	0
0	0	0
0	0	0
0	0	0
0	0	0
0	0	0
0	0	0
0	0	0
0	0	0
0	0	0
0	0	0
0	0	0
0	0	0
0	0	0
0	0	0
0	0	0
0	0	0
0	0	0
0	0	0
0	0	0
0	0	0
0	0	0
0	0	0
0	0	0
0	0	0
0	0	0
0	0	0
0	0	0
0	0	0
0	0	0
0	0	0
0	0	0
0	0	0
0	0	0
0	0	0
0	0	0
0	0	0
0	0	0
0	0	0
0	0	0
0	0	0
0	0	0
0	0	0
0	0	0
0	0	0
0	0	0
0	0	0
0	0	0
0	0	0
0	0	0
0	0	0
0	0	0
0	0	0
0	0	0
0	0	0
0	0	0
0	0	0
0	0	0
0	0	0
0	0	0
0	0	0
0	0	0
0	0	0
0	0	0
0	0	0
0	0	0
0	0	0
0	0	0
0	0	0
0	0	0
0	0	0
0	0	0
0	0	0
0	0	0
0	0	0
0	0	0
0	0	0
0	0	0
0	0	0
0	0	0
0	0	0
0	0	0
0	0	0
0	0	0
0	0	0
0	0	0
0	0	0
0	0	0
0	0	0
0	0	0
0	0	0
0	0	0
0	0	0
0	0	0
0	0	0
0	0	0
0	0	0
0	0	0
0	0	0
0	0	0
0	0	0
0	0	0
0	0	0
0	0	0
0	0	0
0	0	0
0	0	0
0	0	0
0	0	0
0	0	0
0	0	0
0	0	0
0	0	0
0	0	0
0	0	0
0	0	0
0	0	0
0	0	0
0	0	0
0	0	0
0	0	0
0	0	0

===
16683333
0	0	0
0	0	0
0	0	0
0	0	0
0	0	0
0	0	0
0	0	0
0	0	0
0	0	0
0	0	0
0	0	0
0	0	0
0	0	0
0	0	0
0	0	0
0	0	0
0	0	0
0	0	0
0	0	0
0	0	0
0	0	0
0	0	0
0	0	0
0	0	0
0	0	0
0	0	0
0	0	0
0	0	0
0	0	0
0	0	0
0	0	0
0	0	0
0	0	0
0	0	0
0	0	0
0	0	0
0	0	0
0	0	0
0	0	0
0	0	0
0	0	0
0	0	0
0	0	0
0	0	0
0	0	0
0	0	0
0	0	0
0	0	0
0	0	0
0	0	0
0	0	0
0	0	0
0	0	0
0	0	0
0	0	0
0	0	0
0	0	0
0	0	0
0	0	0
0	0	0
0	0	0
0	0	0
0	0	0
0	0	0
0	0	0
0	0	0
0	0	0
0	0	0
0	0	0
0	0	0
0	0	0
0	0	0
0	0	0
0	0	0
0	0	0
0	0	0
0	0	0
0	0	0
0	0	0
0	0	0
0	0	0
0	0	0
335256418446568	335256420921779	335256435026318
335256454635569	335256470971778	335256472751360
335256478392860	335256487655111	335256485706944
335256501572569	335256504338444	335256507578069
335256521648944	335256521021777	335256527726777
335256534917194	335256537705110	335256542440402
335256549054985	335256571071776	335256556576944
335256566511902	335256587755109	335256574328235
335256582717194	335256604438442	335256590446444
335256595127819	335256621121775	335256602700069
335256668353985	335256687855107	335256675912694
335256694127819	335256704538440	335256703679985
335256715621777	335256737905106	335256725332152
335256733839777	335256754588439	335256743790277
335256753625360	335256771271772	335256763715652
335256768522694	335256787955105	335256778570319
335256785346110	335256804638438	335256795167694
335256800182110	335256821321771	335256809935652
335256816619402	335256838005104	335256826463819
335256832671194	335256854688437	335256842542110
335256849641235	335256871371770	335256859510402
335256866981319	335256888055103	335256876797694
335256883594360	335256904738436	335256893354402
335256909757319	335256921421769	335256917262110
335256921255194	335256938105102	335256928792819
335256933497777	335256954788435	335256940925777
335256950056277	335256971471768	335256957538860
335256966638277	335256988155101	335256974060985
335256984255152	335257004838434	335256991622402
335257000777610	335257021521767	335257008168652
335257014579027	335257038205100	335257022010860
335257031773694	335257054888433	335257039203735
335257048036569	335257071571766	335257055388860
335257065919569	335257088255099	335257073290902
335257083685694	335257104938432	335257091028152
335257099538777	335257121621765	335257106949152
335257116618694	335257138305098	335257123978527
335257133068194	335257154988431	335257140376902
335257151443361	335257171671764	335257158822777
335257169471902	335257188355097	335257176777111
335257184682694	335257205038430	335257192107694
335257202964694	335257221721763	335257210437861
335257220230819	335257238405096	335257227559236
335257235486986	335257255088429	335257242847736
335257252290069	335257271771762	335257259741027

===
16683333
0	0	0
0	0	0
0	0	0
0	0	0
0	0	0
0	0	0
0	0	0
0	0	0
0	0	0
0	0	0
0	0	0
0	0	0
0	0	0
0	0	0
0	0	0
0	0	0
0	0	0
0	0	0
0	0	0
0	0	0
0	0	0
0	0	0
0	0	0
0	0	0
0	0	0
0	0	0
0	0	0
0	0	0
335256418446568	335256420921779	335256435026318
335256454635569	335256470971778	335256472751360
335256478392860	335256487655111	335256485706944
335256501572569	335256504338444	335256507578069
335256521648944	335256521021777	335256527726777
335256534917194	335256537705110	335256542440402
335256549054985	335256571071776	335256556576944
335256566511902	335256587755109	335256574328235
335256582717194	335256604438442	335256590446444
335256595127819	335256621121775	335256602700069
335256668353985	335256687855107	335256675912694
335256694127819	335256704538440	335256703679985
335256715621777	335256737905106	335256725332152
335256733839777	335256754588439	335256743790277
335256753625360	335256771271772	335256763715652
335256768522694	335256787955105	335256778570319
335256785346110	335256804638438	335256795167694
335256800182110	335256821321771	335256809935652
335256816619402	335256838005104	335256826463819
335256832671194	335256854688437	335256842542110
335256849641235	335256871371770	335256859510402
335256866981319	335256888055103	335256876797694
335256883594360	335256904738436	335256893354402
335256909757319	335256921421769	335256917262110
335256921255194	335256938105102	335256928792819
335256933497777	335256954788435	335256940925777
335256950056277	335256971471768	335256957538860
335256966638277	335256988155101	335256974060985
335256984255152	335257004838434	335256991622402
335257000777610	335257021521767	335257008168652
335257014579027	335257038205100	335257022010860
335257031773694	335257054888433	335257039203735
335257048036569	335257071571766	335257055388860
335257065919569	335257088255099	335257073290902
335257083685694	335257104938432	335257091028152
335257099538777	335257121621765	335257106949152
335257116618694	335257138305098	335257123978527
335257133068194	335257154988431	335257140376902
335257151443361	335257171671764	335257158822777
335257169471902	335257188355097	335257176777111
335257184682694	335257205038430	335257192107694
335257202964694	335257221721763	335257210437861
335257220230819	335257238405096	335257227559236
335257235486986	335257255088429	335257242847736
335257252290069	335257271771762	335257259741027
335257268515402	335257288455095	335257275922944
335257284488944	335257305138428	335257291954944
335257302362736	335257321821761	335257309831111
335257318032069	335257338505094	335257325482861
335257333671777	335257355188427	335257341119027
335257351688861	335257371871760	335257358821444
335257368083819	335257388555093	335257375539152
335257385021277	335257405238426	335257392403819
335257408360819	335257421921759	335257415633361
335257425611986	335257438605092	335257435197194
335257440361152	335257455288425	335257449239819
335257456483611	335257471971758	335257464751527
335257474086861	335257488655091	335257481916111
335257490111986	335257505338424	335257497702361
335257507676694	335257522021757	335257515030736
335257523466319	335257538705090	335257530797402
335257538189652	335257555388423	335257545505402
335257554472652	335257572071756	335257561785486
335257571707486	335257588755089	335257579048319
335257588565236	335257605438422	335257595902111
335257605619402	335257622121755	335257612885986
335257622157986	335257638805088	335257629466444
335257638217652	335257655488421	335257645493736
335257655193902	335257672171754	335257662516277
335257672238777	335257688855087	335257679541111
335257689604152	335257705538420	335257696886236
335257705872319	335257722221753	335257713166361
335257723434152	335257738905086	335257730764069
335257740509152	335257755588419	335257747823152
335257757608194	335257772271752	335257764861777
335257773889361	335257788955085	335257781159736
335257791183027	335257805638418	335257798453444
335257808764569	335257822321751	335257815975152
335257824940361	335257839005084	335257832293902
335257840880736	335257855688417	335257848179028
335257857871694	335257872371750	335257865349236
335257876132611	335257889055083	335257883378403
335257891110486	335257905738416	335257898286653
335257904675861	335257922421749	335257911915236
335258231478361	335258256088409	335258253433819
335258253429444	335258272771742	335258283320153
335258281194028	335258306138408	335258304940736
335258298527861	335258322821741	335258315474528
335258330207028	335258339505074	335258340058278
335258345749319	335258356188407	335258355502528
335258362127778	335258372871740	335258371941111
335258378419736	335258389555073	335258388248403
335258395486611	335258406238406	335258405357403
335258412170778	335258422921739	335258422001528
335258429167028	335258439605072	335258439049778
335258445591361	335258456288405	335258455364903
335258462908028	335258472971738	335258472675736
335258479080736	335258489655071	335258486559528
335258496332736	335258506338404	335258503752236

===
16683333
335257031773694	335257054888433	335257039203735
335257048036569	335257071571766	335257055388860
335257065919569	335257088255099	335257073290902
335257083685694	335257104938432	335257091028152
335257099538777	335257121621765	335257106949152
335257116618694	335257138305098	335257123978527
335257133068194	335257154988431	335257140376902
335257151443361	335257171671764	335257158822777
335257169471902	335257188355097	335257176777111
335257184682694	335257205038430	335257192107694
335257202964694	335257221721763	335257210437861
335257220230819	335257238405096	335257227559236
335257235486986	335257255088429	335257242847736
335257252290069	335257271771762	335257259741027
335257268515402	335257288455095	335257275922944
335257284488944	335257305138428	335257291954944
335257302362736	335257321821761	335257309831111
335257318032069	335257338505094	335257325482861
335257333671777	335257355188427	335257341119027
335257351688861	335257371871760	335257358821444
335257368083819	335257388555093	335257375539152
335257385021277	335257405238426	335257392403819
335257408360819	335257421921759	335257415633361
335257425611986	335257438605092	335257435197194
335257440361152	335257455288425	335257449239819
335257456483611	335257471971758	335257464751527
335257474086861	335257488655091	335257481916111
335257490111986	335257505338424	335257497702361
335257507676694	335257522021757	335257515030736
335257523466319	335257538705090	335257530797402
335257538189652	335257555388423	335257545505402
335257554472652	335257572071756	335257561785486
335257571707486	335257588755089	335257579048319
335257588565236	335257605438422	335257595902111
335257605619402	335257622121755	335257612885986
335257622157986	335257638805088	335257629466444
335257638217652	335257655488421	335257645493736
335257655193902	335257672171754	335257662516277
335257672238777	335257688855087	335257679541111
335257689604152	335257705538420	335257696886236
335257705872319	335257722221753	335257713166361
335257723434152	335257738905086	335257730764069
335257740509152	335257755588419	335257747823152
335257757608194	335257772271752	335257764861777
335257773889361	335257788955085	335257781159736
335257791183027	335257805638418	335257798453444
335257808764569	335257822321751	335257815975152
335257824940361	335257839005084	335257832293902
335257840880736	335257855688417	335257848179028
335257857871694	335257872371750	335257865349236
335257876132611	335257889055083	335257883378403
335257891110486	335257905738416	335257898286653
335257904675861	335257922421749	335257911915236
335258231478361	335258256088409	335258253433819
335258253429444	335258272771742	335258283320153
335258281194028	335258306138408	335258304940736
335258298527861	335258322821741	335258315474528
335258330207028	335258339505074	335258340058278
335258345749319	335258356188407	335258355502528
335258362127778	335258372871740	335258371941111
335258378419736	335258389555073	335258388248403
335258395486611	335258406238406	335258405357403
335258412170778	335258422921739	335258422001528
335258429167028	335258439605072	335258439049778
335258445591361	335258456288405	335258455364903
335258462908028	335258472971738	335258472675736
335258479080736	335258489655071	335258486559528
335258496332736	335258506338404	335258503752236
335258513051486	335258523021737	335258520543611
335258530749028	335258539705070	335258538171736
335258550202945	335258556388403	335258557606320
335258563823570	335258573071736	335258571233611
335258580079903	335258589755069	335258587488028
335258596838611	335258606438402	335258604249153
335258613518570	335258623121735	335258620915736
335258631447403	335258639805068	335258638853278
335258647609945	335258656488401	335258655024236
335258665419861	335258673171734	335258672938945
335258682297445	335258689855067	335258689676986
335258694458695	335258706538400	335258701853736
335258711299945	335258723221733	335258718510736
335258729415320	335258739905066	335258736794111
335258745131236	335258756588399	335258752492820
335258762567486	335258773271732	335258769896195
335258779929528	335258789955065	335258787506945
335258797099736	335258806638398	335258804501486
335258813424611	335258823321731	335258820795403
335258831045028	335258840005064	335258838371403
335258847655070	335258856688397	335258855077486
335258866074403	335258873371730	335258873422111
335258881402153	335258890055063	335258888797153
335258897754945	335258906738396	335258905255653
335258914412653	335258940105062	335258921780736
335258930272903	335258956788395	335258937885986
335258946191820	335258973471728	335258953642445
335258964886986	335258990155061	335258972460361
335258980686653	335259006838394	335258988115236
335259001092320	335259023521727	335259008543486
335259016779070	335259040205060	335259026350278
335259036613111	335259056888393	335259045483653
335259049174903	335259073571726	335259057449736
335259064787153	335259090255059	335259072637278
335259081736486	335259106938392	335259089392320
335259098439445	335259123621725	335259105842611
335259116721945	335259140305058	335259124085611
335259130346736	335259156988391	335259137665278
335259147090653	335259173671724	335259154412736
335259163763070	335259190355057	335259171095403
335259180734736	335259207038390	335259188082236
335259201119361	335259223721723	335259208452861
335259214218653	335259240405056	335259221526945
335259231067653	335259257088389	335259238376237
335259247986945	335259273771722	335259255302112
335259265018612	335259290455055	335259272365570
335259289187278	335259307138388	335259296447403
335259299804028	335259323821721	335259307137528
335259317390278	335259340505054	335259324653445
335259334915862	335259357188387	335259342177528
335259351455487	335259373871720	335259358711862
335259373012695	335259390555053	335259380258903
335259386075403	335259407238386	335259393189945
335259401322320	335259423921719	335259408637112
335259419215528	335259440605052	335259426377487
335259435550320	335259457288385	335259442788945
335259456359528	335259473971718	335259463591862
335259469146987	335259490655051	335259476375278
335259484910903	335259507338384	335259492159278

===
16683333
335258496332736	335258506338404	335258503752236
335258513051486	335258523021737	335258520543611
335258530749028	335258539705070	335258538171736
335258550202945	335258556388403	335258557606320
335258563823570	335258573071736	335258571233611
335258580079903	335258589755069	335258587488028
335258596838611	335258606438402	335258604249153
335258613518570	335258623121735	335258620915736
335258631447403	335258639805068	335258638853278
335258647609945	335258656488401	335258655024236
335258665419861	335258673171734	335258672938945
335258682297445	335258689855067	335258689676986
335258694458695	335258706538400	335258701853736
335258711299945	335258723221733	335258718510736
335258729415320	335258739905066	335258736794111
335258745131236	335258756588399	335258752492820
335258762567486	335258773271732	335258769896195
335258779929528	335258789955065	335258787506945
335258797099736	335258806638398	335258804501486
335258813424611	335258823321731	335258820795403
335258831045028	335258840005064	335258838371403
335258847655070	335258856688397	335258855077486
335258866074403	335258873371730	335258873422111
335258881402153	335258890055063	335258888797153
335258897754945	335258906738396	335258905255653
335258914412653	335258940105062	335258921780736
335258930272903	335258956788395	335258937885986
335258946191820	335258973471728	335258953642445
335258964886986	335258990155061	335258972460361
335258980686653	335259006838394	335258988115236
335259001092320	335259023521727	335259008543486
335259016779070	335259040205060	335259026350278
335259036613111	335259056888393	335259045483653
335259049174903	335259073571726	335259057449736
335259064787153	335259090255059	335259072637278
335259081736486	335259106938392	335259089392320
335259098439445	335259123621725	335259105842611
335259116721945	335259140305058	335259124085611
335259130346736	335259156988391	335259137665278
335259147090653	335259173671724	335259154412736
335259163763070	335259190355057	335259171095403
335259180734736	335259207038390	335259188082236
335259201119361	335259223721723	335259208452861
335259214218653	335259240405056	335259221526945
335259231067653	335259257088389	335259238376237
335259247986945	335259273771722	335259255302112
335259265018612	335259290455055	335259272365570
335259289187278	335259307138388	335259296447403
335259299804028	335259323821721	335259307137528
335259317390278	335259340505054	335259324653445
335259334915862	335259357188387	335259342177528
335259351455487	335259373871720	335259358711862
335259373012695	335259390555053	335259380258903
335259386075403	335259407238386	335259393189945
335259401322320	335259423921719	335259408637112
335259419215528	335259440605052	335259426377487
335259435550320	335259457288385	335259442788945
335259456359528	335259473971718	335259463591862
335259469146987	335259490655051	335259476375278
335259484910903	335259507338384	335259492159278
335259853346070	335259874371710	335259875288820
335259867200653	335259907738376	335259904881487
335259896632112	335259941105042	335259936317279
335259927502278	335259957788375	335259947216862
335259960743779	335259974471708	335259970535820
335259976224320	335259991155041	335259985753570
335259992343445	335260007838374	335260002148487
335260009370820	335260024521707	335260019191154
335260025668154	335260041205040	335260035583820
335260038578320	335260057888373	335260048510570
335260059400820	335260074571706	335260069173529
335260076625695	335260091255039	335260086382362
335260093741445	335260107938372	335260100965529
335260111111904	335260124621705	335260118564070
335260126822779	335260141305038	335260134236404
335260143710237	335260157988371	335260151141695
335260161328862	335260174671704	335260168748237
335260177151362	335260191355037	335260184519612
335260189723362	335260208038370	335260197198737
335260206241945	335260224721703	335260213631029
335260223592612	335260241405036	335260230907695
335260241011320	335260258088369	335260248398445
335260258882612	335260274771702	335260266185737
335260274359737	335260291455035	335260281748737
335260291546737	335260308138368	335260298876779
335260308586820	335260324821701	335260315964904
335260326274820	335260341505034	335260333670279
335260342624820	335260358188367	335260349979320
335260359259445	335260374871700	335260366648029
335260376467195	335260391555033	335260383865779
335260393649987	335260408238366	335260401103612
335260410763904	335260424921699	335260418211779
335260427633612	335260441605032	335260435001612
335260443950445	335260458288365	335260451345070
335260461695112	335260474971698	335260469034987
335260480188320	335260491655031	335260487345029
335260493926737	335260508338364	335260501345945
335260509765445	335260525021697	335260517175695
335260526810737	335260541705030	335260534261487
335260542211112	335260558388363	335260549630112
335260562712654	335260575071696	335260570255029
335260576317654	335260591755029	335260583727445
335260594003237	335260608438362	335260601545695
335260610493029	335260625121695	335260620071362
335260626172987	335260641805028	335260635085196
335260642797987	335260658488361	335260651054404
335260660734737	335260675171694	335260668587529
335260677390946	335260691855027	335260684963279
335260694315487	335260708538360	335260701677321
335260709538446	335260725221693	335260716878946
335260726233862	335260741905026	335260733556071
335260742969404	335260758588359	335260750287321
335260760460446	335260775271692	335260767770237
335260776781196	335260791955025	335260784104862
335260793521279	335260808638358	335260800815737
335260810270487	335260825321691	335260817583404
335260827080904	335260842005024	335260834391946
335260843966904	335260858688357	335260851277029
335260862741112	335260875371690	335260870073154
335260880489029	335260892055023	335260889334821
335260897305279	335260908738356	335260904575029
335260916537071	335260925421689	335260923770654
335260930052737	335260942105022	335260937373904
335260947390237	335260958788355	335260954645987
335260965430779	335260975471688	335260972483196
335260982842362	335260992155021	335260990050487
335260997560821	335261008838354	335261004810321

===
16683333
335259351455487	335259373871720	335259358711862
335259373012695	335259390555053	335259380258903
335259386075403	335259407238386	335259393189945
335259401322320	335259423921719	335259408637112
335259419215528	335259440605052	335259426377487
335259435550320	335259457288385	335259442788945
335259456359528	335259473971718	335259463591862
335259469146987	335259490655051	335259476375278
335259484910903	335259507338384	335259492159278
335259853346070	335259874371710	335259875288820
335259867200653	335259907738376	335259904881487
335259896632112	335259941105042	335259936317279
335259927502278	335259957788375	335259947216862
335259960743779	335259974471708	335259970535820
335259976224320	335259991155041	335259985753570
335259992343445	335260007838374	335260002148487
335260009370820	335260024521707	335260019191154
335260025668154	335260041205040	335260035583820
335260038578320	335260057888373	335260048510570
335260059400820	335260074571706	335260069173529
335260076625695	335260091255039	335260086382362
335260093741445	335260107938372	335260100965529
335260111111904	335260124621705	335260118564070
335260126822779	335260141305038	335260134236404
335260143710237	335260157988371	335260151141695
335260161328862	335260174671704	335260168748237
335260177151362	335260191355037	335260184519612
335260189723362	335260208038370	335260197198737
335260206241945	335260224721703	335260213631029
335260223592612	335260241405036	335260230907695
335260241011320	335260258088369	335260248398445
335260258882612	335260274771702	335260266185737
335260274359737	335260291455035	335260281748737
335260291546737	335260308138368	335260298876779
335260308586820	335260324821701	335260315964904
335260326274820	335260341505034	335260333670279
335260342624820	335260358188367	335260349979320
335260359259445	335260374871700	335260366648029
335260376467195	335260391555033	335260383865779
335260393649987	335260408238366	335260401103612
335260410763904	335260424921699	335260418211779
335260427633612	335260441605032	335260435001612
335260443950445	335260458288365	335260451345070
335260461695112	335260474971698	335260469034987
335260480188320	335260491655031	335260487345029
335260493926737	335260508338364	335260501345945
335260509765445	335260525021697	335260517175695
335260526810737	335260541705030	335260534261487
335260542211112	335260558388363	335260549630112
335260562712654	335260575071696	335260570255029
335260576317654	335260591755029	335260583727445
335260594003237	335260608438362	335260601545695
335260610493029	335260625121695	335260620071362
335260626172987	335260641805028	335260635085196
335260642797987	335260658488361	335260651054404
335260660734737	335260675171694	335260668587529
335260677390946	335260691855027	335260684963279
335260694315487	335260708538360	335260701677321
335260709538446	335260725221693	335260716878946
335260726233862	335260741905026	335260733556071
335260742969404	335260758588359	335260750287321
335260760460446	335260775271692	335260767770237
335260776781196	335260791955025	335260784104862
335260793521279	335260808638358	335260800815737
335260810270487	335260825321691	335260817583404
335260827080904	335260842005024	335260834391946
335260843966904	335260858688357	335260851277029
335260862741112	335260875371690	335260870073154
335260880489029	335260892055023	335260889334821
335260897305279	335260908738356	335260904575029
335260916537071	335260925421689	335260923770654
335260930052737	335260942105022	335260937373904
335260947390237	335260958788355	335260954645987
335260965430779	335260975471688	335260972483196
335260982842362	335260992155021	335260990050487
335260997560821	335261008838354	335261004810321
335261015355862	335261025521687	335261022716029
335261033811154	335261042205020	335261040846362
335261047412987	335261058888353	335261054677487
335261063665946	335261075571686	335261070973487
335261080332946	335261092255019	335261087625862
335261449732696	335261475971678	335261471641446
335261459882488	335261509338344	335261499155238
335261484207946	335261542705010	335261527457779
335261517225321	335261559388343	335261556240488
335261551389154	335261576071676	335261568684321
335261568132154	335261592755009	335261578445029
335261584523488	335261609438342	335261594336738
335261601263779	335261626121675	335261611097613
335261618107363	335261642805008	335261628046113
335261634625946	335261659488341	335261644510571
335261652022988	335261676171674	335261661868154
335261668333821	335261692855007	335261678114988
335261686594946	335261709538340	335261693994821
335261703467363	335261726221673	335261710877988
335261720110696	335261742905006	335261727545988
335261737518988	335261759588339	335261744942154
335261754484946	335261776271672	335261761872071
335261771051529	335261792955005	335261778453279
335261787681196	335261809638338	335261795073321
335261805034696	335261826321671	335261812418113
335261821086904	335261843005004	335261828524571
335261838505571	335261859688337	335261845931029
335261855562863	335261876371670	335261862989404
335261872244946	335261893055003	335261879529196
335261889319113	335261909738336	335261896762404
335261905897238	335261926421669	335261913242821
335261922228029	335261943105002	335261929651029
335261939601071	335261959788335	335261946964196
335261957418529	335261976471668	335261964851571
335261974369238	335261993155001	335261981735654
335261990531696	335262009838334	335261997877363
335262007509904	335262026521667	335262014882946
335262025426613	335262043205000	335262032806821
335262040448571	335262059888333	335262047803155
335262056587155	335262076571666	335262063984196
335262074961905	335262093254999	335262082340946
335262090091780	335262109938332	335262097476530
335262107971946	335262126621665	335262115349321
335262123232571	335262143304998	335262130734780
335262139358863	335262159988331	335262146838488
335262155613780	335262176671664	335262163010571
335262173049905	335262193354997	335262180438655
335262190348280	335262210038330	335262197773363
335262207880488	335262226721663	335262215334821
335262224611196	335262243404996	335262234096196
335262245834446	335262260088329	335262254721780

===
16683333
335260576317654	335260591755029	335260583727445
335260594003237	335260608438362	335260601545695
335260610493029	335260625121695	335260620071362
335260626172987	335260641805028	335260635085196
335260642797987	335260658488361	335260651054404
335260660734737	335260675171694	335260668587529
335260677390946	335260691855027	335260684963279
335260694315487	335260708538360	335260701677321
335260709538446	335260725221693	335260716878946
335260726233862	335260741905026	335260733556071
335260742969404	335260758588359	335260750287321
335260760460446	335260775271692	335260767770237
335260776781196	335260791955025	335260784104862
335260793521279	335260808638358	335260800815737
335260810270487	335260825321691	335260817583404
335260827080904	335260842005024	335260834391946
335260843966904	335260858688357	335260851277029
335260862741112	335260875371690	335260870073154
335260880489029	335260892055023	335260889334821
335260897305279	335260908738356	335260904575029
335260916537071	335260925421689	335260923770654
335260930052737	335260942105022	335260937373904
335260947390237	335260958788355	335260954645987
335260965430779	335260975471688	335260972483196
335260982842362	335260992155021	335260990050487
335260997560821	335261008838354	335261004810321
335261015355862	335261025521687	335261022716029
335261033811154	335261042205020	335261040846362
335261047412987	335261058888353	335261054677487
335261063665946	335261075571686	335261070973487
335261080332946	335261092255019	335261087625862
335261449732696	335261475971678	335261471641446
335261459882488	335261509338344	335261499155238
335261484207946	335261542705010	335261527457779
335261517225321	335261559388343	335261556240488
335261551389154	335261576071676	335261568684321
335261568132154	335261592755009	335261578445029
335261584523488	335261609438342	335261594336738
335261601263779	335261626121675	335261611097613
335261618107363	335261642805008	335261628046113
335261634625946	335261659488341	335261644510571
335261652022988	335261676171674	335261661868154
335261668333821	335261692855007	335261678114988
335261686594946	335261709538340	335261693994821
335261703467363	335261726221673	335261710877988
335261720110696	335261742905006	335261727545988
335261737518988	335261759588339	335261744942154
335261754484946	335261776271672	335261761872071
335261771051529	335261792955005	335261778453279
335261787681196	335261809638338	335261795073321
335261805034696	335261826321671	335261812418113
335261821086904	335261843005004	335261828524571
335261838505571	335261859688337	335261845931029
335261855562863	335261876371670	335261862989404
335261872244946	335261893055003	335261879529196
335261889319113	335261909738336	335261896762404
335261905897238	335261926421669	335261913242821
335261922228029	335261943105002	335261929651029
335261939601071	335261959788335	335261946964196
335261957418529	335261976471668	335261964851571
335261974369238	335261993155001	335261981735654
335261990531696	335262009838334	335261997877363
335262007509904	335262026521667	335262014882946
335262025426613	335262043205000	335262032806821
335262040448571	335262059888333	335262047803155
335262056587155	335262076571666	335262063984196
335262074961905	335262093254999	335262082340946
335262090091780	335262109938332	335262097476530
335262107971946	335262126621665	335262115349321
335262123232571	335262143304998	335262130734780
335262139358863	335262159988331	335262146838488
335262155613780	335262176671664	335262163010571
335262173049905	335262193354997	335262180438655
335262190348280	335262210038330	335262197773363
335262207880488	335262226721663	335262215334821
335262224611196	335262243404996	335262234096196
335262245834446	335262260088329	335262254721780
335262256649571	335262276771662	335262265002655
335262275987280	335262293454995	335262283806613
335262291335571	335262310138328	335262298964946
335262306954780	335262326821661	335262314313780
335262326653363	335262343504994	335262333999780
335262339177071	335262360188327	335262346511446
335262356178321	335262376871660	335262363441071
335262372726696	335262393554993	335262380048155
335262389554280	335262410238326	335262396860655
335262410080071	335262426921659	335262417464946
335262423464155	335262443604992	335262430759113
335262440287446	335262460288325	335262447578280
335262457056863	335262476971658	335262464363696
335262474428405	335262493654991	335262481734113
335262493110280	335262510338324	335262500387113
335262509382488	335262527021657	335262516849363
335262526058196	335262543704990	335262533300488
335262542002655	335262560388323	335262549254571
335262559455155	335262577071656	335262566718946
335262581219071	335262593754989	335262588493738
335262593366571	335262610438322	335262600609030
335262609294030	335262627121655	335262616529238
335262626569113	335262643804988	335262633861655
335262644175696	335262660488321	335262651382238
335262665583738	335262677171654	335262672916446
335262677111488	335262693854987	335262684355696
335262695049946	335262710538320	335262702319613
335262710667196	335262727221653	335262717897821
335263103113905	335263127621645	335263124988572
335263111908113	335263144304978	335263151434197
335263146302488	335263177671644	335263178871530
335263163277780	335263194354977	335263197220363
335263204443863	335263211038310	335263214007738
335263214068655	335263227721643	335263223824780
335263230630405	335263244404976	335263240446863
335263247217488	335263261088309	335263257034113
335263263951947	335263277771642	335263273793488
335263280739113	335263294454975	335263290601988
335263297523947	335263311138308	335263307452738
335263314199155	335263327821641	335263323990155
335263331506780	335263344504974	335263341282863
335263350768905	335263361188307	335263358162822
335263366252280	335263377871640	335263373666488
335263383393905	335263394554973	335263390817197
335263401727197	335263411238306	335263409214655
335263418006155	335263427921639	335263425487822
335263434548989	335263444604972	335263441935780
335263450816072	335263461288305	335263458187530
335263468734447	335263477971638	335263476143030
335263486744030	335263494654971	335263493893155

===
16683333
335261821086904	335261843005004	335261828524571
335261838505571	335261859688337	335261845931029
335261855562863	335261876371670	335261862989404
335261872244946	335261893055003	335261879529196
335261889319113	335261909738336	335261896762404
335261905897238	335261926421669	335261913242821
335261922228029	335261943105002	335261929651029
335261939601071	335261959788335	335261946964196
335261957418529	335261976471668	335261964851571
335261974369238	335261993155001	335261981735654
335261990531696	335262009838334	335261997877363
335262007509904	335262026521667	335262014882946
335262025426613	335262043205000	335262032806821
335262040448571	335262059888333	335262047803155
335262056587155	335262076571666	335262063984196
335262074961905	335262093254999	335262082340946
335262090091780	335262109938332	335262097476530
335262107971946	335262126621665	335262115349321
335262123232571	335262143304998	335262130734780
335262139358863	335262159988331	335262146838488
335262155613780	335262176671664	335262163010571
335262173049905	335262193354997	335262180438655
335262190348280	335262210038330	335262197773363
335262207880488	335262226721663	335262215334821
335262224611196	335262243404996	335262234096196
335262245834446	335262260088329	335262254721780
335262256649571	335262276771662	335262265002655
335262275987280	335262293454995	335262283806613
335262291335571	335262310138328	335262298964946
335262306954780	335262326821661	335262314313780
335262326653363	335262343504994	335262333999780
335262339177071	335262360188327	335262346511446
335262356178321	335262376871660	335262363441071
335262372726696	335262393554993	335262380048155
335262389554280	335262410238326	335262396860655
335262410080071	335262426921659	335262417464946
335262423464155	335262443604992	335262430759113
335262440287446	335262460288325	335262447578280
335262457056863	335262476971658	335262464363696
335262474428405	335262493654991	335262481734113
335262493110280	335262510338324	335262500387113
335262509382488	335262527021657	335262516849363
335262526058196	335262543704990	335262533300488
335262542002655	335262560388323	335262549254571
335262559455155	335262577071656	335262566718946
335262581219071	335262593754989	335262588493738
335262593366571	335262610438322	335262600609030
335262609294030	335262627121655	335262616529238
335262626569113	335262643804988	335262633861655
335262644175696	335262660488321	335262651382238
335262665583738	335262677171654	335262672916446
335262677111488	335262693854987	335262684355696
335262695049946	335262710538320	335262702319613
335262710667196	335262727221653	335262717897821
335263103113905	335263127621645	335263124988572
335263111908113	335263144304978	335263151434197
335263146302488	335263177671644	335263178871530
335263163277780	335263194354977	335263197220363
335263204443863	335263211038310	335263214007738
335263214068655	335263227721643	335263223824780
335263230630405	335263244404976	335263240446863
335263247217488	335263261088309	335263257034113
335263263951947	335263277771642	335263273793488
335263280739113	335263294454975	335263290601988
335263297523947	335263311138308	335263307452738
335263314199155	335263327821641	335263323990155
335263331506780	335263344504974	335263341282863
335263350768905	335263361188307	335263358162822
335263366252280	335263377871640	335263373666488
335263383393905	335263394554973	335263390817197
335263401727197	335263411238306	335263409214655
335263418006155	335263427921639	335263425487822
335263434548989	335263444604972	335263441935780
335263450816072	335263461288305	335263458187530
335263468734447	335263477971638	335263476143030
335263486744030	335263494654971	335263493893155
335263503037489	335263511338304	335263510519864
335263517995530	335263528021637	335263525250364
335263534348989	335263544704970	335263541746239
335263550119030	335263561388303	335263557534405
335263568448822	335263578071636	335263575821947
335263586178655	335263594754969	335263593500905
335263604295572	335263611438302	335263611560905
335263619576530	335263628121635	335263626941280
335263637032655	335263644804968	335263644406905
335263652195572	335263661488301	335263659610405
335263670389989	335263678171634	335263677731947
335263687614530	335263711538300	335263694966864
335263703389197	335263728221633	335263710735364
335263721803030	335263744904966	335263729177072
335263737403114	335263761588299	335263744770364
335263755768322	335263778271632	335263763142780
335263769605614	335263794954965	335263777056322
335263785794655	335263811638298	335263793193864
335263801866697	335263828321631	335263812095072
335263820141030	335263845004964	335263827559530
335263836090072	335263861688297	335263843481572
335263854474322	335263878371630	335263862060780
335263871289864	335263895054963	335263878857405
335263889514780	335263911738296	335263899071197
335263908833614	335263928421629	335263917647030
335263921604572	335263945104962	335263929918572
335263937301364	335263961788295	335263945161197
335263953645530	335263978471628	335263961248780
335263969428155	335263995154961	335263976805572
335263988842739	335264011838294	335263996244614
335264002601489	335264028521627	335264009921197
335264019064030	335264045204960	335264026377114
335264035924947	335264061888293	335264043246989
335264052862447	335264078571626	335264060188947
335264072893822	335264095254959	335264080215114
335264086451322	335264111938292	335264093808322
335264103037780	335264128621625	335264110314530
335264120087239	335264145304958	335264127348281
335264138702322	335264161988291	335264146019406
335264159297572	335264178671624	335264166560739
335264172500364	335264195354957	335264179778406
335264189686114	335264212038290	335264196901072
335264206821822	335264228721623	335264214114156
335264223460072	335264245404956	335264230710031
335264245787406	335264262088289	335264253028614
335264256573614	335264278771622	335264263897697
335264274485114	335264295454955	335264281584572
335264291545947	335264312138288	335264298785781
335264307121906	335264328821621	335264314353947
335264325499447	335264345504954	335264332726447
335264341485656	335264362188287	335264348723906

===
16683333
335262155613780	335262176671664	335262163010571
335262173049905	335262193354997	335262180438655
335262190348280	335262210038330	335262197773363
335262207880488	335262226721663	335262215334821
335262224611196	335262243404996	335262234096196
335262245834446	335262260088329	335262254721780
335262256649571	335262276771662	335262265002655
335262275987280	335262293454995	335262283806613
335262291335571	335262310138328	335262298964946
335262306954780	335262326821661	335262314313780
335262326653363	335262343504994	335262333999780
335262339177071	335262360188327	335262346511446
335262356178321	335262376871660	335262363441071
335262372726696	335262393554993	335262380048155
335262389554280	335262410238326	335262396860655
335262410080071	335262426921659	335262417464946
335262423464155	335262443604992	335262430759113
335262440287446	335262460288325	335262447578280
335262457056863	335262476971658	335262464363696
335262474428405	335262493654991	335262481734113
335262493110280	335262510338324	335262500387113
335262509382488	335262527021657	335262516849363
335262526058196	335262543704990	335262533300488
335262542002655	335262560388323	335262549254571
335262559455155	335262577071656	335262566718946
335262581219071	335262593754989	335262588493738
335262593366571	335262610438322	335262600609030
335262609294030	335262627121655	335262616529238
335262626569113	335262643804988	335262633861655
335262644175696	335262660488321	335262651382238
335262665583738	335262677171654	335262672916446
335262677111488	335262693854987	335262684355696
335262695049946	335262710538320	335262702319613
335262710667196	335262727221653	335262717897821
335263103113905	335263127621645	335263124988572
335263111908113	335263144304978	335263151434197
335263146302488	335263177671644	335263178871530
335263163277780	335263194354977	335263197220363
335263204443863	335263211038310	335263214007738
335263214068655	335263227721643	335263223824780
335263230630405	335263244404976	335263240446863
335263247217488	335263261088309	335263257034113
335263263951947	335263277771642	335263273793488
335263280739113	335263294454975	335263290601988
335263297523947	335263311138308	335263307452738
335263314199155	335263327821641	335263323990155
335263331506780	335263344504974	335263341282863
335263350768905	335263361188307	335263358162822
335263366252280	335263377871640	335263373666488
335263383393905	335263394554973	335263390817197
335263401727197	335263411238306	335263409214655
335263418006155	335263427921639	335263425487822
335263434548989	335263444604972	335263441935780
335263450816072	335263461288305	335263458187530
335263468734447	335263477971638	335263476143030
335263486744030	335263494654971	335263493893155
335263503037489	335263511338304	335263510519864
335263517995530	335263528021637	335263525250364
335263534348989	335263544704970	335263541746239
335263550119030	335263561388303	335263557534405
335263568448822	335263578071636	335263575821947
335263586178655	335263594754969	335263593500905
335263604295572	335263611438302	335263611560905
335263619576530	335263628121635	335263626941280
335263637032655	335263644804968	335263644406905
335263652195572	335263661488301	335263659610405
335263670389989	335263678171634	335263677731947
335263687614530	335263711538300	335263694966864
335263703389197	335263728221633	335263710735364
335263721803030	335263744904966	335263729177072
335263737403114	335263761588299	335263744770364
335263755768322	335263778271632	335263763142780
335263769605614	335263794954965	335263777056322
335263785794655	335263811638298	335263793193864
335263801866697	335263828321631	335263812095072
335263820141030	335263845004964	335263827559530
335263836090072	335263861688297	335263843481572
335263854474322	335263878371630	335263862060780
335263871289864	335263895054963	335263878857405
335263889514780	335263911738296	335263899071197
335263908833614	335263928421629	335263917647030
335263921604572	335263945104962	335263929918572
335263937301364	335263961788295	335263945161197
335263953645530	335263978471628	335263961248780
335263969428155	335263995154961	335263976805572
335263988842739	335264011838294	335263996244614
335264002601489	335264028521627	335264009921197
335264019064030	335264045204960	335264026377114
335264035924947	335264061888293	335264043246989
335264052862447	335264078571626	335264060188947
335264072893822	335264095254959	335264080215114
335264086451322	335264111938292	335264093808322
335264103037780	335264128621625	335264110314530
335264120087239	335264145304958	335264127348281
335264138702322	335264161988291	335264146019406
335264159297572	335264178671624	335264166560739
335264172500364	335264195354957	335264179778406
335264189686114	335264212038290	335264196901072
335264206821822	335264228721623	335264214114156
335264223460072	335264245404956	335264230710031
335264245787406	335264262088289	335264253028614
335264256573614	335264278771622	335264263897697
335264274485114	335264295454955	335264281584572
335264291545947	335264312138288	335264298785781
335264307121906	335264328821621	335264314353947
335264325499447	335264345504954	335264332726447
335264341485656	335264362188287	335264348723906
335265400735989	335265413238266	335265417044989
335265414789573	335265429921599	335265435323239
335265436491323	335265446604932	335265452997239
335265457216114	335265463288265	335265463404281
335265472231531	335265479971598	335265479593906
335265484059823	335265496654931	335265491474198
335265505356614	335265513338264	335265512754489
335265516284698	335265530021597	335265523810198
335265534306073	335265546704930	335265541743740
335265549415573	335265563388263	335265556835906
335265565856115	335265580071596	335265573290073
335265582939198	335265596754929	335265590442073
335265600140823	335265613438262	335265607538990
335265622648573	335265630121595	335265630029240
335265638552865	335265646804928	335265645969115
335265656385323	335265663488261	335265664042281
335265671872448	335265680171594	335265679299615
335265684956906	335265696854927	335265692390823
335265700160865	335265713538260	335265707591990
335265717739906	335265730221593	335265724925073

