16683333
0	0	0
0	0	0
0	0	0
0	0	0
0	0	0
0	0	0
0	0	0
0	0	0
0	0	0
0	0	0
0	0	0
0	0	0
0	0	0
0	0	0
0	0	0
0	0	0
0	0	0
0	0	0
0	0	0
0	0	0
0	0	0
0	0	0
0	0	0
0	0	0
0	0	0
0	0	0
0	0	0
0	0	0
0	0	0
0	0	0
0	0	0
0	0	0
0	0	0
0	0	0
0	0	0
0	0	0
0	0	0
0	0	0
0	0	0
0	0	0
0	0	0
0	0	0
0	0	0
0	0	0
0	0	0
0	0	0
0	0	0
0	0	0
0	0	0
0	0	0
0	0	0
0	0	0
0	0	0
0	0	0
0	0	0
0	0	0
0	0	0
0	0	0
0	0	0
0	0	0
0	0	0
0	0	0
0	0	0
0	0	0
0	0	0
0	0	0
0	0	0
0	0	0
0	0	0
0	0	0
0	0	0
0	0	0
0	0	0
0	0	0
0	0	0
0	0	0
0	0	0
0	0	0
0	0	0
0	0	0
0	0	0
0	0	0
0	0	0
0	0	0
0	0	0
0	0	0
0	0	0
0	0	0
0	0	0
0	0	0
0	0	0
0	0	0
0	0	0
0	0	0
0	0	0
0	0	0
0	0	0
0	0	0
0	0	0
0	0	0
0	0	0
0	0	0
0	0	0
0	0	0
0	0	0
0	0	0
0	0	0
0	0	0
0	0	0
0	0	0
0	0	0
0	0	0
0	0	0
0	0	0
0	0	0
0	0	0
0	0	0
0	0	0
0	0	0
0	0	0
0	0	0
0	0	0
0	0	0
0	0	0
0	0	0
0	0	0
334644167305110	334644177578443	334644174613235

===
16683333
0	0	0
0	0	0
0	0	0
0	0	0
0	0	0
0	0	0
0	0	0
0	0	0
0	0	0
0	0	0
0	0	0
0	0	0
0	0	0
0	0	0
0	0	0
0	0	0
0	0	0
0	0	0
0	0	0
0	0	0
0	0	0
0	0	0
0	0	0
0	0	0
0	0	0
0	0	0
0	0	0
0	0	0
0	0	0
0	0	0
0	0	0
0	0	0
0	0	0
0	0	0
0	0	0
0	0	0
0	0	0
0	0	0
0	0	0
0	0	0
0	0	0
0	0	0
0	0	0
0	0	0
0	0	0
0	0	0
0	0	0
0	0	0
0	0	0
0	0	0
0	0	0
0	0	0
0	0	0
0	0	0
0	0	0
0	0	0
0	0	0
0	0	0
0	0	0
0	0	0
0	0	0
0	0	0
0	0	0
0	0	0
0	0	0
0	0	0
0	0	0
0	0	0
0	0	0
0	0	0
0	0	0
0	0	0
0	0	0
0	0	0
0	0	0
0	0	0
0	0	0
0	0	0
0	0	0
0	0	0
0	0	0
0	0	0
0	0	0
0	0	0
0	0	0
0	0	0
0	0	0
0	0	0
0	0	0
0	0	0
0	0	0
0	0	0
0	0	0
0	0	0
0	0	0
0	0	0
0	0	0
0	0	0
0	0	0
0	0	0
0	0	0
0	0	0
0	0	0
0	0	0
0	0	0
0	0	0
0	0	0
0	0	0
0	0	0
0	0	0
0	0	0
0	0	0
0	0	0
0	0	0
0	0	0
0	0	0
0	0	0
0	0	0
0	0	0
334644167305110	334644177578443	334644174613235
334645522530569	334645545611749	334645544534694
334645555570611	334645578978415	334645582227402
334645579456694	334645612345081	334645614097236
334645603400611	334645629028414	334645629050736
334645636376236	334645645711747	334645646230902
334645650522861	334645662395080	334645660184361
334645667434027	334645679078413	334645677334319

===
16683333
0	0	0
0	0	0
0	0	0
0	0	0
0	0	0
0	0	0
0	0	0
0	0	0
0	0	0
0	0	0
0	0	0
0	0	0
0	0	0
0	0	0
0	0	0
0	0	0
0	0	0
0	0	0
0	0	0
0	0	0
0	0	0
0	0	0
0	0	0
0	0	0
0	0	0
0	0	0
0	0	0
0	0	0
0	0	0
0	0	0
0	0	0
0	0	0
0	0	0
0	0	0
0	0	0
0	0	0
0	0	0
0	0	0
0	0	0
0	0	0
0	0	0
0	0	0
0	0	0
0	0	0
0	0	0
0	0	0
0	0	0
0	0	0
0	0	0
0	0	0
0	0	0
0	0	0
0	0	0
0	0	0
0	0	0
334644167305110	334644177578443	334644174613235
334645522530569	334645545611749	334645544534694
334645555570611	334645578978415	334645582227402
334645579456694	334645612345081	334645614097236
334645603400611	334645629028414	334645629050736
334645636376236	334645645711747	334645646230902
334645650522861	334645662395080	334645660184361
334645667434027	334645679078413	334645677334319
334645685637944	334645695761746	334645695626569
334645700887402	334645712445079	334645710803194
334645717341819	334645729128412	334645727230736
334645732229527	334645745811745	334645741964902
334645749524944	334645762495078	334645759315986
334645776086277	334645779178411	334645783580319
334645786928152	334645795861744	334645794314777
334645799377986	334645812545077	334645806862027
334645816518736	334645829228410	334645824062027
334645833700111	334645845911743	334645841153486
334645850779986	334645862595076	334645858222486
334645866596819	334645879278409	334645874045736
334645883654861	334645895961742	334645891113694
334645901320652	334645912645075	334645908762152
334645917783819	334645929328408	334645925222152
334645934868569	334645946011741	334645942314027
334645951982986	334645962695074	334645959325111
334645968536986	334645979378407	334645975995111
334645982791777	334645996061740	334645990206777
334645998178652	334646012745073	334646005578277
334646015582402	334646029428406	334646023010736
334646032157652	334646046111739	334646039537194
334646051086861	334646062795072	334646058547319
334646065898277	334646079478405	334646073342694
334646084367652	334646096161738	334646091779194
334646102302527	334646112845071	334646109614694
334646118032986	334646129528404	334646125465652
334646135623069	334646146211737	334646143196986
334646152619902	334646162895070	334646160087236
334646167120694	334646179578403	334646174964403
334646183874486	334646196261736	334646191365861
334646199966653	334646212945069	334646210498236
334646218139569	334646229628402	334646225625944
334646235484819	334646246311735	334646242924653
334646262152069	334646262995068	334646269630194
334646279113903	334646279678401	334646288909111
334646292997778	334646296361734	334646301918944
334646306828778	334646313045067	334646315131694
334646322724861	334646329728400	334646330609069
334646339411361	334646346411733	334646347014153
334646357570653	334646363095066	334646364980736
334646371745153	334646379778399	334646379112153
334646387731319	334646396461732	334646395071944
334646405465444	334646413145065	334646412837903
334646421517069	334646429828398	334646428793153
334646438400236	334646446511731	334646445636278
334646454916653	334646463195064	334646462270694
334646472144028	334646479878397	334646479412278
334646488759278	334646496561730	334646496144986
334646506536903	334646513245063	334646513881944
334646523480278	334646529928396	334646530773611
334646540505611	334646546611729	334646547834819
334646556229153	334646563295062	334646563522236
334646572401778	334646579978395	334646579706028
334646589788903	334646596661728	334646597089319
334646607221236	334646630028394	334646614454236
334646626429028	334646646711727	334646633715653
334646639932944	334646663395060	334646647236944
334646656780278	334646680078393	334646664080736
334646674468944	334646696761726	334646681759694
334646689927069	334646713445059	334646697241611
334646708171694	334646730128392	334646715441278
334646724787653	334646746811725	334646732083069
334646737183778	334646763495058	334646744470653

===
16683333
334645636376236	334645645711747	334645646230902
334645650522861	334645662395080	334645660184361
334645667434027	334645679078413	334645677334319
334645685637944	334645695761746	334645695626569
334645700887402	334645712445079	334645710803194
334645717341819	334645729128412	334645727230736
334645732229527	334645745811745	334645741964902
334645749524944	334645762495078	334645759315986
334645776086277	334645779178411	334645783580319
334645786928152	334645795861744	334645794314777
334645799377986	334645812545077	334645806862027
334645816518736	334645829228410	334645824062027
334645833700111	334645845911743	334645841153486
334645850779986	334645862595076	334645858222486
334645866596819	334645879278409	334645874045736
334645883654861	334645895961742	334645891113694
334645901320652	334645912645075	334645908762152
334645917783819	334645929328408	334645925222152
334645934868569	334645946011741	334645942314027
334645951982986	334645962695074	334645959325111
334645968536986	334645979378407	334645975995111
334645982791777	334645996061740	334645990206777
334645998178652	334646012745073	334646005578277
334646015582402	334646029428406	334646023010736
334646032157652	334646046111739	334646039537194
334646051086861	334646062795072	334646058547319
334646065898277	334646079478405	334646073342694
334646084367652	334646096161738	334646091779194
334646102302527	334646112845071	334646109614694
334646118032986	334646129528404	334646125465652
334646135623069	334646146211737	334646143196986
334646152619902	334646162895070	334646160087236
334646167120694	334646179578403	334646174964403
334646183874486	334646196261736	334646191365861
334646199966653	334646212945069	334646210498236
334646218139569	334646229628402	334646225625944
334646235484819	334646246311735	334646242924653
334646262152069	334646262995068	334646269630194
334646279113903	334646279678401	334646288909111
334646292997778	334646296361734	334646301918944
334646306828778	334646313045067	334646315131694
334646322724861	334646329728400	334646330609069
334646339411361	334646346411733	334646347014153
334646357570653	334646363095066	334646364980736
334646371745153	334646379778399	334646379112153
334646387731319	334646396461732	334646395071944
334646405465444	334646413145065	334646412837903
334646421517069	334646429828398	334646428793153
334646438400236	334646446511731	334646445636278
334646454916653	334646463195064	334646462270694
334646472144028	334646479878397	334646479412278
334646488759278	334646496561730	334646496144986
334646506536903	334646513245063	334646513881944
334646523480278	334646529928396	334646530773611
334646540505611	334646546611729	334646547834819
334646556229153	334646563295062	334646563522236
334646572401778	334646579978395	334646579706028
334646589788903	334646596661728	334646597089319
334646607221236	334646630028394	334646614454236
334646626429028	334646646711727	334646633715653
334646639932944	334646663395060	334646647236944
334646656780278	334646680078393	334646664080736
334646674468944	334646696761726	334646681759694
334646689927069	334646713445059	334646697241611
334646708171694	334646730128392	334646715441278
334646724787653	334646746811725	334646732083069
334646737183778	334646763495058	334646744470653
334647102600445	334647130528384	334647124526153
334647114211320	334647163895050	334647152310445
334647148713486	334647180578383	334647183113611
334647176503195	334647213945049	334647212908778
334647195041070	334647247311715	334647236050528
334647226387445	334647263995048	334647246225903
334647262591528	334647280678381	334647272396195
334647277950528	334647297361714	334647287785945
334647294328070	334647314045047	334647304214611
334647310842153	334647330728380	334647320739945
334647327719320	334647347411713	334647337508445
334647345734028	334647364095046	334647355537653
334647361698403	334647380778379	334647369151653
334647375722403	334647397461712	334647383162028
334647393036986	334647414145045	334647400420653
334647410457028	334647430828378	334647417871195
334647428501236	334647447511711	334647435920361
334647445517403	334647464195044	334647453007486
334647460854320	334647480878377	334647468337861
334647478373320	334647497561710	334647485790403
334647494534695	334647514245043	334647501958986
334647513953528	334647530928376	334647521388361
334647529055445	334647547611709	334647536537445
334647546248653	334647564295042	334647553698445
334647563871237	334647580978375	334647571274862
334647579510570	334647597661708	334647586897820
334647597024903	334647614345041	334647604438070
334647614346737	334647631028374	334647621726570
334647629914987	334647647711707	334647637319612
334647646700653	334647664395040	334647654119362
334647664476403	334647681078373	334647671748112
334647681569320	334647697761706	334647688960862
334647699907153	334647714445039	334647707276528
334647714848987	334647731128372	334647722198820
334647733147612	334647747811705	334647740522820
334647748488778	334647764495038	334647755875737
334647766446612	334647781178371	334647773816903
334647782129237	334647797861704	334647789545195
334647799728362	334647814545037	334647807133737
334647819076612	334647831228370	334647826707278
334647830924112	334647847911703	334647838414695
334647846898612	334647864595036	334647854328737
334647864305945	334647881278369	334647871826362
334647882385612	334647897961702	334647889974362
334647897615737	334647914645035	334647905040653
334647923841987	334647931328368	334647931453362
334647932763778	334647948011701	334647942320237
334647947350820	334647964695034	334647956304153
334647963746320	334647981378367	334647972027778
334647981927945	334647998061700	334647989805237
334648002518070	334648014745033	334648009842778
334648014889028	334648031428366	334648022281112
334648030461112	334648048111699	334648037861862
334648047224070	334648064795032	334648054554237
334648064074362	334648081478365	334648071364153
334648084768278	334648098161698	334648092154737
334648097630278	334648114845031	334648104973278
334648114450237	334648131528364	334648121772195
334648131332320	334648148211697	334648138645570
334648148240445	334648164895030	334648155492778

===
16683333
334646454916653	334646463195064	334646462270694
334646472144028	334646479878397	334646479412278
334646488759278	334646496561730	334646496144986
334646506536903	334646513245063	334646513881944
334646523480278	334646529928396	334646530773611
334646540505611	334646546611729	334646547834819
334646556229153	334646563295062	334646563522236
334646572401778	334646579978395	334646579706028
334646589788903	334646596661728	334646597089319
334646607221236	334646630028394	334646614454236
334646626429028	334646646711727	334646633715653
334646639932944	334646663395060	334646647236944
334646656780278	334646680078393	334646664080736
334646674468944	334646696761726	334646681759694
334646689927069	334646713445059	334646697241611
334646708171694	334646730128392	334646715441278
334646724787653	334646746811725	334646732083069
334646737183778	334646763495058	334646744470653
334647102600445	334647130528384	334647124526153
334647114211320	334647163895050	334647152310445
334647148713486	334647180578383	334647183113611
334647176503195	334647213945049	334647212908778
334647195041070	334647247311715	334647236050528
334647226387445	334647263995048	334647246225903
334647262591528	334647280678381	334647272396195
334647277950528	334647297361714	334647287785945
334647294328070	334647314045047	334647304214611
334647310842153	334647330728380	334647320739945
334647327719320	334647347411713	334647337508445
334647345734028	334647364095046	334647355537653
334647361698403	334647380778379	334647369151653
334647375722403	334647397461712	334647383162028
334647393036986	334647414145045	334647400420653
334647410457028	334647430828378	334647417871195
334647428501236	334647447511711	334647435920361
334647445517403	334647464195044	334647453007486
334647460854320	334647480878377	334647468337861
334647478373320	334647497561710	334647485790403
334647494534695	334647514245043	334647501958986
334647513953528	334647530928376	334647521388361
334647529055445	334647547611709	334647536537445
334647546248653	334647564295042	334647553698445
334647563871237	334647580978375	334647571274862
334647579510570	334647597661708	334647586897820
334647597024903	334647614345041	334647604438070
334647614346737	334647631028374	334647621726570
334647629914987	334647647711707	334647637319612
334647646700653	334647664395040	334647654119362
334647664476403	334647681078373	334647671748112
334647681569320	334647697761706	334647688960862
334647699907153	334647714445039	334647707276528
334647714848987	334647731128372	334647722198820
334647733147612	334647747811705	334647740522820
334647748488778	334647764495038	334647755875737
334647766446612	334647781178371	334647773816903
334647782129237	334647797861704	334647789545195
334647799728362	334647814545037	334647807133737
334647819076612	334647831228370	334647826707278
334647830924112	334647847911703	334647838414695
334647846898612	334647864595036	334647854328737
334647864305945	334647881278369	334647871826362
334647882385612	334647897961702	334647889974362
334647897615737	334647914645035	334647905040653
334647923841987	334647931328368	334647931453362
334647932763778	334647948011701	334647942320237
334647947350820	334647964695034	334647956304153
334647963746320	334647981378367	334647972027778
334647981927945	334647998061700	334647989805237
334648002518070	334648014745033	334648009842778
334648014889028	334648031428366	334648022281112
334648030461112	334648048111699	334648037861862
334648047224070	334648064795032	334648054554237
334648064074362	334648081478365	334648071364153
334648084768278	334648098161698	334648092154737
334648097630278	334648114845031	334648104973278
334648114450237	334648131528364	334648121772195
334648131332320	334648148211697	334648138645570
334648148240445	334648164895030	334648155492778
334648169615695	334648181578363	334648177027070
334648182628528	334648198261696	334648189995862
334648199879320	334648214945029	334648207308570
334648215801278	334648231628362	334648223077570
334648232591320	334648248311695	334648239897445
334648255141070	334648264995028	334648262424612
334648267121529	334648281678361	334648274291320
334648283883237	334648298361694	334648291112654
334648301602070	334648315045027	334648308847445
334648319163404	334648331728360	334648326354820
334648340466529	334648348411693	334648347745237
334648351956904	334648365095026	334648359179945
334648368680487	334648381778359	334648375925987
334648386424904	334648398461692	334648393756029
334648403493695	334648415145025	334648410622695
334648796254279	334648815545017	334648818148654
334648805588154	334648832228350	334648844610445
334648838086945	334648865595016	334648872058237
334648854854320	334648898961682	334648900299445
334648887799237	334648915645015	334648928643279
334648927122362	334648932328348	334648939214737
334648938852112	334648949011681	334648949003529
334648955321279	334648965695014	334648965141612
334648972465154	334648982378347	334648982348446
334648988718571	334649015745013	334648998668446
334649005674362	334649032428346	334649015464571
334649024225321	334649049111679	334649034036279
334649039877529	334649065795012	334649047318529
334649057127654	334649082478345	334649064575029
334649074292696	334649099161678	334649081607571
334649090688654	334649115845011	334649098114737
334649111032237	334649132528344	334649118458279
334649125258571	334649149211677	334649132646612
334649141441154	334649165895010	334649148862737
334649158547904	334649182578343	334649167531112
334649176188279	334649199261676	334649183585071
334649196960029	334649215945009	334649204289279
334649209618987	334649232628342	334649216996862
334649226257362	334649249311675	334649233588321
334649242873529	334649265995008	334649250335404
334649261002821	334649282678341	334649268307321
334649276761696	334649299361674	334649284126779
334649294599571	334649316045007	334649301985237
334649310310737	334649332728340	334649317731737
334649325653821	334649349411673	334649333079779
334649343111487	334649366095006	334649350497946
334649361314362	334649382778339	334649368727529
334649378497862	334649399461672	334649385931321
334649394431612	334649416145005	334649401839321

===
16683333
334647699907153	334647714445039	334647707276528
334647714848987	334647731128372	334647722198820
334647733147612	334647747811705	334647740522820
334647748488778	334647764495038	334647755875737
334647766446612	334647781178371	334647773816903
334647782129237	334647797861704	334647789545195
334647799728362	334647814545037	334647807133737
334647819076612	334647831228370	334647826707278
334647830924112	334647847911703	334647838414695
334647846898612	334647864595036	334647854328737
334647864305945	334647881278369	334647871826362
334647882385612	334647897961702	334647889974362
334647897615737	334647914645035	334647905040653
334647923841987	334647931328368	334647931453362
334647932763778	334647948011701	334647942320237
334647947350820	334647964695034	334647956304153
334647963746320	334647981378367	334647972027778
334647981927945	334647998061700	334647989805237
334648002518070	334648014745033	334648009842778
334648014889028	334648031428366	334648022281112
334648030461112	334648048111699	334648037861862
334648047224070	334648064795032	334648054554237
334648064074362	334648081478365	334648071364153
334648084768278	334648098161698	334648092154737
334648097630278	334648114845031	334648104973278
334648114450237	334648131528364	334648121772195
334648131332320	334648148211697	334648138645570
334648148240445	334648164895030	334648155492778
334648169615695	334648181578363	334648177027070
334648182628528	334648198261696	334648189995862
334648199879320	334648214945029	334648207308570
334648215801278	334648231628362	334648223077570
334648232591320	334648248311695	334648239897445
334648255141070	334648264995028	334648262424612
334648267121529	334648281678361	334648274291320
334648283883237	334648298361694	334648291112654
334648301602070	334648315045027	334648308847445
334648319163404	334648331728360	334648326354820
334648340466529	334648348411693	334648347745237
334648351956904	334648365095026	334648359179945
334648368680487	334648381778359	334648375925987
334648386424904	334648398461692	334648393756029
334648403493695	334648415145025	334648410622695
334648796254279	334648815545017	334648818148654
334648805588154	334648832228350	334648844610445
334648838086945	334648865595016	334648872058237
334648854854320	334648898961682	334648900299445
334648887799237	334648915645015	334648928643279
334648927122362	334648932328348	334648939214737
334648938852112	334648949011681	334648949003529
334648955321279	334648965695014	334648965141612
334648972465154	334648982378347	334648982348446
334648988718571	334649015745013	334648998668446
334649005674362	334649032428346	334649015464571
334649024225321	334649049111679	334649034036279
334649039877529	334649065795012	334649047318529
334649057127654	334649082478345	334649064575029
334649074292696	334649099161678	334649081607571
334649090688654	334649115845011	334649098114737
334649111032237	334649132528344	334649118458279
334649125258571	334649149211677	334649132646612
334649141441154	334649165895010	334649148862737
334649158547904	334649182578343	334649167531112
334649176188279	334649199261676	334649183585071
334649196960029	334649215945009	334649204289279
334649209618987	334649232628342	334649216996862
334649226257362	334649249311675	334649233588321
334649242873529	334649265995008	334649250335404
334649261002821	334649282678341	334649268307321
334649276761696	334649299361674	334649284126779
334649294599571	334649316045007	334649301985237
334649310310737	334649332728340	334649317731737
334649325653821	334649349411673	334649333079779
334649343111487	334649366095006	334649350497946
334649361314362	334649382778339	334649368727529
334649378497862	334649399461672	334649385931321
334649394431612	334649416145005	334649401839321
334649412658071	334649432828338	334649420092696
334649428790571	334649449511671	334649436308779
334649447299071	334649466195004	334649454612612
334649460989696	334649482878337	334649468380154
334649476776446	334649499561670	334649484191446
334649498849987	334649516245003	334649506280654
334649510452904	334649532928336	334649517683779
334649529170696	334649549611669	334649536693154
334649544290737	334649566295002	334649553890029
334649560368529	334649582978335	334649569264404
334649576501154	334649599661668	334649584818529
334649594862321	334649616345001	334649603985154
334649611178237	334649633028334	334649618789362
334649627523987	334649649711667	334649634975696
334649643444862	334649666395000	334649650785029
334649660291446	334649683078333	334649667637321
334649676975613	334649699761666	334649684294571
334649693777196	334649716444999	334649701123821
334649710621988	334649733128332	334649717940738
334649727380613	334649749811665	334649734717946
334649744072279	334649766494998	334649751387613
334649760905321	334649783178331	334649768238279
334649777722613	334649799861664	334649784995821
334649794980446	334649816544997	334649802356571
334649814347154	334649833228330	334649821633363
334649831318696	334649849911663	334649838590113
334649847106363	334649866594996	334649854371446
334649864140696	334649883278329	334649871370113
334649882033404	334649899961662	334649889280654
334649898236529	334649916644995	334649905509613
334649916600404	334649933328328	334649923773488
334649932159821	334649950011661	334649939407488
334649950211029	334649966694994	334649957585613
334649966905488	334649983378327	334649974154154
334649982712613	334650000061660	334649989996488
334650000656863	334650016744993	334650007845071
334650015923154	334650033428326	334650023214738
334650426176071	334650450511651	334650448088696
334650444134613	334650483878317	334650477800155
334650473777655	334650500561650	334650489712655
334650501089196	334650517244983	334650510627863
334650523763280	334650533928316	334650533640113
334650539060738	334650550611649	334650548805863
334650551356113	334650567294982	334650561170321
334650572206238	334650583978315	334650581988530
334650589176905	334650600661648	334650599039780
334650605860696	334650617344981	334650615752988
334650622587613	334650634028314	334650632499363
334650635400196	334650650711647	334650645240280
334650652613238	334650667394980	334650662426238

===
16683333
334649111032237	334649132528344	334649118458279
334649125258571	334649149211677	334649132646612
334649141441154	334649165895010	334649148862737
334649158547904	334649182578343	334649167531112
334649176188279	334649199261676	334649183585071
334649196960029	334649215945009	334649204289279
334649209618987	334649232628342	334649216996862
334649226257362	334649249311675	334649233588321
334649242873529	334649265995008	334649250335404
334649261002821	334649282678341	334649268307321
334649276761696	334649299361674	334649284126779
334649294599571	334649316045007	334649301985237
334649310310737	334649332728340	334649317731737
334649325653821	334649349411673	334649333079779
334649343111487	334649366095006	334649350497946
334649361314362	334649382778339	334649368727529
334649378497862	334649399461672	334649385931321
334649394431612	334649416145005	334649401839321
334649412658071	334649432828338	334649420092696
334649428790571	334649449511671	334649436308779
334649447299071	334649466195004	334649454612612
334649460989696	334649482878337	334649468380154
334649476776446	334649499561670	334649484191446
334649498849987	334649516245003	334649506280654
334649510452904	334649532928336	334649517683779
334649529170696	334649549611669	334649536693154
334649544290737	334649566295002	334649553890029
334649560368529	334649582978335	334649569264404
334649576501154	334649599661668	334649584818529
334649594862321	334649616345001	334649603985154
334649611178237	334649633028334	334649618789362
334649627523987	334649649711667	334649634975696
334649643444862	334649666395000	334649650785029
334649660291446	334649683078333	334649667637321
334649676975613	334649699761666	334649684294571
334649693777196	334649716444999	334649701123821
334649710621988	334649733128332	334649717940738
334649727380613	334649749811665	334649734717946
334649744072279	334649766494998	334649751387613
334649760905321	334649783178331	334649768238279
334649777722613	334649799861664	334649784995821
334649794980446	334649816544997	334649802356571
334649814347154	334649833228330	334649821633363
334649831318696	334649849911663	334649838590113
334649847106363	334649866594996	334649854371446
334649864140696	334649883278329	334649871370113
334649882033404	334649899961662	334649889280654
334649898236529	334649916644995	334649905509613
334649916600404	334649933328328	334649923773488
334649932159821	334649950011661	334649939407488
334649950211029	334649966694994	334649957585613
334649966905488	334649983378327	334649974154154
334649982712613	334650000061660	334649989996488
334650000656863	334650016744993	334650007845071
334650015923154	334650033428326	334650023214738
334650426176071	334650450511651	334650448088696
334650444134613	334650483878317	334650477800155
334650473777655	334650500561650	334650489712655
334650501089196	334650517244983	334650510627863
334650523763280	334650533928316	334650533640113
334650539060738	334650550611649	334650548805863
334650551356113	334650567294982	334650561170321
334650572206238	334650583978315	334650581988530
334650589176905	334650600661648	334650599039780
334650605860696	334650617344981	334650615752988
334650622587613	334650634028314	334650632499363
334650635400196	334650650711647	334650645240280
334650652613238	334650667394980	334650662426238
334650675350321	334650684078313	334650682820738
334650693179238	334650700761646	334650700606905
334650709329571	334650717444979	334650716834446
334650719309613	334650734128312	334650726692071
334650736244238	334650750811645	334650743666030
334650757639113	334650767494978	334650764875863
334650774655446	334650784178311	334650781879446
334650790882363	334650800861644	334650798326780
334650803424488	334650817544977	334650810890363
334650820385821	334650834228310	334650827839280
334650841412196	334650850911643	334650848875571
334650858658071	334650867594976	334650865827988
334650871692363	334650884278309	334650879129738
334650887670405	334650900961642	334650895080780
334650904365655	334650917644975	334650911871613
334650922113488	334650934328308	334650929501696
334650938353238	334650951011641	334650945765488
334650956393155	334650967694974	334650963803363
334650973670113	334650984378307	334650981080863
334650990375571	334651001061640	334650997776613
334651006699196	334651017744973	334651014092238
334651025021863	334651034428306	334651032417905
334651041150655	334651051111639	334651048545405
334651059085238	334651067794972	334651066504363
334651073061155	334651084478305	334651080427447
334651089863947	334651101161638	334651097281613
334651106590113	334651117844971	334651114015155
334651131376947	334651134528304	334651138795655
334651142956322	334651151211637	334651150416405
334651160908988	334651167894970	334651168271030
334651180911947	334651184578303	334651190512530
334651196968197	334651201261636	334651205893197
334651212677405	334651217944969	334651220922738
334651224541863	334651234628302	334651232442447
334651241172155	334651251311635	334651248764072
334651261814738	334651267994968	334651269005613
334651277130072	334651284678301	334651284439238
334651294020613	334651301361634	334651301402530
334651306738405	334651318044967	334651314047280
334651323372113	334651334728300	334651330623405
334651344147697	334651351411633	334651351550655
334651361391363	334651368094966	334651368747030
334651377653863	334651384778299	334651384989322
334651390763738	334651418144965	334651398096072
334651407217822	334651434828298	334651414526572
334651429419697	334651451511631	334651436890780
334651445752405	334651468194964	334651452961947
334651462130530	334651484878297	334651469381863
334651475308363	334651501561630	334651482605572
334651492567030	334651518244963	334651499847155
334651512585197	334651534928296	334651519902572
334651529590322	334651551611629	334651536839238
334651547505780	334651568294962	334651554816780
334651558722280	334651584978295	334651565998488
334651575607238	334651601661628	334651582918572
334651597628905	334651618344961	334651604927280
334651616111447	334651635028294	334651623333447
334651627285072	334651651711627	334651634597238
334651644637072	334651668394960	334651651928363

===
16683333
334650675350321	334650684078313	334650682820738
334650693179238	334650700761646	334650700606905
334650709329571	334650717444979	334650716834446
334650719309613	334650734128312	334650726692071
334650736244238	334650750811645	334650743666030
334650757639113	334650767494978	334650764875863
334650774655446	334650784178311	334650781879446
334650790882363	334650800861644	334650798326780
334650803424488	334650817544977	334650810890363
334650820385821	334650834228310	334650827839280
334650841412196	334650850911643	334650848875571
334650858658071	334650867594976	334650865827988
334650871692363	334650884278309	334650879129738
334650887670405	334650900961642	334650895080780
334650904365655	334650917644975	334650911871613
334650922113488	334650934328308	334650929501696
334650938353238	334650951011641	334650945765488
334650956393155	334650967694974	334650963803363
334650973670113	334650984378307	334650981080863
334650990375571	334651001061640	334650997776613
334651006699196	334651017744973	334651014092238
334651025021863	334651034428306	334651032417905
334651041150655	334651051111639	334651048545405
334651059085238	334651067794972	334651066504363
334651073061155	334651084478305	334651080427447
334651089863947	334651101161638	334651097281613
334651106590113	334651117844971	334651114015155
334651131376947	334651134528304	334651138795655
334651142956322	334651151211637	334651150416405
334651160908988	334651167894970	334651168271030
334651180911947	334651184578303	334651190512530
334651196968197	334651201261636	334651205893197
334651212677405	334651217944969	334651220922738
334651224541863	334651234628302	334651232442447
334651241172155	334651251311635	334651248764072
334651261814738	334651267994968	334651269005613
334651277130072	334651284678301	334651284439238
334651294020613	334651301361634	334651301402530
334651306738405	334651318044967	334651314047280
334651323372113	334651334728300	334651330623405
334651344147697	334651351411633	334651351550655
334651361391363	334651368094966	334651368747030
334651377653863	334651384778299	334651384989322
334651390763738	334651418144965	334651398096072
334651407217822	334651434828298	334651414526572
334651429419697	334651451511631	334651436890780
334651445752405	334651468194964	334651452961947
334651462130530	334651484878297	334651469381863
334651475308363	334651501561630	334651482605572
334651492567030	334651518244963	334651499847155
334651512585197	334651534928296	334651519902572
334651529590322	334651551611629	334651536839238
334651547505780	334651568294962	334651554816780
334651558722280	334651584978295	334651565998488
334651575607238	334651601661628	334651582918572
334651597628905	334651618344961	334651604927280
334651616111447	334651635028294	334651623333447
334651627285072	334651651711627	334651634597238
334651644637072	334651668394960	334651651928363
334652004915655	334652035428286	334652026836114
334652013563322	334652052111619	334652053308905
334652046735447	334652068794952	334652072428739
334652063358697	334652085478285	334652082056655
334652080786280	334652102161618	334652091866489
334652096885780	334652118844951	334652106619989
334652113702739	334652135528284	334652123331197
334652130356072	334652152211617	334652140174572
334652149139197	334652168894950	334652158991780
334652164446489	334652185578283	334652174318280
334652181236197	334652202261616	334652191053114
334652197860030	334652218944949	334652207760864
334652214161447	334652235628282	334652223955155
334652231567572	334652252311615	334652241358239
334652250247989	334652268994948	334652257661114
334652268124072	334652285678281	334652275493572
334652283513030	334652302361614	334652290942614
334652301176905	334652319044947	334652308604780
334652319322989	334652335728280	334652326817197
334652334832364	334652352411613	334652342255155
334652352887739	334652369094946	334652360295364
334652367543280	334652385778279	334652374979239
334652385234655	334652402461612	334652392663114
334652402846322	334652419144945	334652410335280
334652419053614	334652435828278	334652426449864
334652436102655	334652452511611	334652443405239
334652452967947	334652469194944	334652460394197
334652469480156	334652485878277	334652476841739
334652487758406	334652502561610	334652495245447
334652502927322	334652519244943	334652510398947
334652520719406	334652535928276	334652528134406
334652537210031	334652552611609	334652544632781
334652554271072	334652569294942	334652561660531
334652569963489	334652585978275	334652577348739
334652587670156	334652602661608	334652595174114
334652604845114	334652619344941	334652612238489
334652621252947	334652636028274	334652628733739
334652639503906	334652652711607	334652646652156
334652653126989	334652669394940	334652660631989
334652668998781	334652686078273	334652676454406
334652685738739	334652702761606	334652693272572
334652706729364	334652719444939	334652714164489
334652718437281	334652736128272	334652725877489
334652736411947	334652752811605	334652744025239
334652755343447	334652769494938	334652762853239
334652773906447	334652786178271	334652783368031
334652787538239	334652802861604	334652796549447
334652806147947	334652819544937	334652814483947
334652823159739	334652836228270	334652829092781
334652845576239	334652852911603	334652851874989
334652863033614	334652869594936	334652869156739
334652886103364	334652886278269	334652893597989
334652899981406	334652902961602	334652907585906
334652918885822	334652919644935	334652926415322
334652930709697	334652936328268	334652938278572
334652941598114	334652953011601	334652949128531
334652957667031	334652969694934	334652965212406
334652972697239	334652986378267	334652980219489
334652990670781	334653003061600	334652998197864
334653006981739	334653019744933	334653014410156
334653024441614	334653036428266	334653031901822
334653040473114	334653053111599	334653047933156
334653056896947	334653069794932	334653064355656
334653073420531	334653086478265	334653080880822
334653090144489	334653103161598	334653097661239
334653104573072	334653119844931	334653112023489
334653120984364	334653136528264	334653128212197
334653138574697	334653153211597	334653145816822

===
16683333
334650757639113	334650767494978	334650764875863
334650774655446	334650784178311	334650781879446
334650790882363	334650800861644	334650798326780
334650803424488	334650817544977	334650810890363
334650820385821	334650834228310	334650827839280
334650841412196	334650850911643	334650848875571
334650858658071	334650867594976	334650865827988
334650871692363	334650884278309	334650879129738
334650887670405	334650900961642	334650895080780
334650904365655	334650917644975	334650911871613
334650922113488	334650934328308	334650929501696
334650938353238	334650951011641	334650945765488
334650956393155	334650967694974	334650963803363
334650973670113	334650984378307	334650981080863
334650990375571	334651001061640	334650997776613
334651006699196	334651017744973	334651014092238
334651025021863	334651034428306	334651032417905
334651041150655	334651051111639	334651048545405
334651059085238	334651067794972	334651066504363
334651073061155	334651084478305	334651080427447
334651089863947	334651101161638	334651097281613
334651106590113	334651117844971	334651114015155
334651131376947	334651134528304	334651138795655
334651142956322	334651151211637	334651150416405
334651160908988	334651167894970	334651168271030
334651180911947	334651184578303	334651190512530
334651196968197	334651201261636	334651205893197
334651212677405	334651217944969	334651220922738
334651224541863	334651234628302	334651232442447
334651241172155	334651251311635	334651248764072
334651261814738	334651267994968	334651269005613
334651277130072	334651284678301	334651284439238
334651294020613	334651301361634	334651301402530
334651306738405	334651318044967	334651314047280
334651323372113	334651334728300	334651330623405
334651344147697	334651351411633	334651351550655
334651361391363	334651368094966	334651368747030
334651377653863	334651384778299	334651384989322
334651390763738	334651418144965	334651398096072
334651407217822	334651434828298	334651414526572
334651429419697	334651451511631	334651436890780
334651445752405	334651468194964	334651452961947
334651462130530	334651484878297	334651469381863
334651475308363	334651501561630	334651482605572
334651492567030	334651518244963	334651499847155
334651512585197	334651534928296	334651519902572
334651529590322	334651551611629	334651536839238
334651547505780	334651568294962	334651554816780
334651558722280	334651584978295	334651565998488
334651575607238	334651601661628	334651582918572
334651597628905	334651618344961	334651604927280
334651616111447	334651635028294	334651623333447
334651627285072	334651651711627	334651634597238
334651644637072	334651668394960	334651651928363
334652004915655	334652035428286	334652026836114
334652013563322	334652052111619	334652053308905
334652046735447	334652068794952	334652072428739
334652063358697	334652085478285	334652082056655
334652080786280	334652102161618	334652091866489
334652096885780	334652118844951	334652106619989
334652113702739	334652135528284	334652123331197
334652130356072	334652152211617	334652140174572
334652149139197	334652168894950	334652158991780
334652164446489	334652185578283	334652174318280
334652181236197	334652202261616	334652191053114
334652197860030	334652218944949	334652207760864
334652214161447	334652235628282	334652223955155
334652231567572	334652252311615	334652241358239
334652250247989	334652268994948	334652257661114
334652268124072	334652285678281	334652275493572
334652283513030	334652302361614	334652290942614
334652301176905	334652319044947	334652308604780
334652319322989	334652335728280	334652326817197
334652334832364	334652352411613	334652342255155
334652352887739	334652369094946	334652360295364
334652367543280	334652385778279	334652374979239
334652385234655	334652402461612	334652392663114
334652402846322	334652419144945	334652410335280
334652419053614	334652435828278	334652426449864
334652436102655	334652452511611	334652443405239
334652452967947	334652469194944	334652460394197
334652469480156	334652485878277	334652476841739
334652487758406	334652502561610	334652495245447
334652502927322	334652519244943	334652510398947
334652520719406	334652535928276	334652528134406
334652537210031	334652552611609	334652544632781
334652554271072	334652569294942	334652561660531
334652569963489	334652585978275	334652577348739
334652587670156	334652602661608	334652595174114
334652604845114	334652619344941	334652612238489
334652621252947	334652636028274	334652628733739
334652639503906	334652652711607	334652646652156
334652653126989	334652669394940	334652660631989
334652668998781	334652686078273	334652676454406
334652685738739	334652702761606	334652693272572
334652706729364	334652719444939	334652714164489
334652718437281	334652736128272	334652725877489
334652736411947	334652752811605	334652744025239
334652755343447	334652769494938	334652762853239
334652773906447	334652786178271	334652783368031
334652787538239	334652802861604	334652796549447
334652806147947	334652819544937	334652814483947
334652823159739	334652836228270	334652829092781
334652845576239	334652852911603	334652851874989
334652863033614	334652869594936	334652869156739
334652886103364	334652886278269	334652893597989
334652899981406	334652902961602	334652907585906
334652918885822	334652919644935	334652926415322
334652930709697	334652936328268	334652938278572
334652941598114	334652953011601	334652949128531
334652957667031	334652969694934	334652965212406
334652972697239	334652986378267	334652980219489
334652990670781	334653003061600	334652998197864
334653006981739	334653019744933	334653014410156
334653024441614	334653036428266	334653031901822
334653040473114	334653053111599	334653047933156
334653056896947	334653069794932	334653064355656
334653073420531	334653086478265	334653080880822
334653090144489	334653103161598	334653097661239
334653104573072	334653119844931	334653112023489
334653120984364	334653136528264	334653128212197
334653138574697	334653153211597	334653145816822
334653156228239	334653169894930	334653163506739
334653172669364	334653186578263	334653179783906
334653188986656	334653203261596	334653196241114
334653205156281	334653219944929	334653212364656
334653223040031	334653236628262	334653230236948

===
16683333
334650757639113	334650767494978	334650764875863
334650774655446	334650784178311	334650781879446
334650790882363	334650800861644	334650798326780
334650803424488	334650817544977	334650810890363
334650820385821	334650834228310	334650827839280
334650841412196	334650850911643	334650848875571
334650858658071	334650867594976	334650865827988
334650871692363	334650884278309	334650879129738
334650887670405	334650900961642	334650895080780
334650904365655	334650917644975	334650911871613
334650922113488	334650934328308	334650929501696
334650938353238	334650951011641	334650945765488
334650956393155	334650967694974	334650963803363
334650973670113	334650984378307	334650981080863
334650990375571	334651001061640	334650997776613
334651006699196	334651017744973	334651014092238
334651025021863	334651034428306	334651032417905
334651041150655	334651051111639	334651048545405
334651059085238	334651067794972	334651066504363
334651073061155	334651084478305	334651080427447
334651089863947	334651101161638	334651097281613
334651106590113	334651117844971	334651114015155
334651131376947	334651134528304	334651138795655
334651142956322	334651151211637	334651150416405
334651160908988	334651167894970	334651168271030
334651180911947	334651184578303	334651190512530
334651196968197	334651201261636	334651205893197
334651212677405	334651217944969	334651220922738
334651224541863	334651234628302	334651232442447
334651241172155	334651251311635	334651248764072
334651261814738	334651267994968	334651269005613
334651277130072	334651284678301	334651284439238
334651294020613	334651301361634	334651301402530
334651306738405	334651318044967	334651314047280
334651323372113	334651334728300	334651330623405
334651344147697	334651351411633	334651351550655
334651361391363	334651368094966	334651368747030
334651377653863	334651384778299	334651384989322
334651390763738	334651418144965	334651398096072
334651407217822	334651434828298	334651414526572
334651429419697	334651451511631	334651436890780
334651445752405	334651468194964	334651452961947
334651462130530	334651484878297	334651469381863
334651475308363	334651501561630	334651482605572
334651492567030	334651518244963	334651499847155
334651512585197	334651534928296	334651519902572
334651529590322	334651551611629	334651536839238
334651547505780	334651568294962	334651554816780
334651558722280	334651584978295	334651565998488
334651575607238	334651601661628	334651582918572
334651597628905	334651618344961	334651604927280
334651616111447	334651635028294	334651623333447
334651627285072	334651651711627	334651634597238
334651644637072	334651668394960	334651651928363
334652004915655	334652035428286	334652026836114
334652013563322	334652052111619	334652053308905
334652046735447	334652068794952	334652072428739
334652063358697	334652085478285	334652082056655
334652080786280	334652102161618	334652091866489
334652096885780	334652118844951	334652106619989
334652113702739	334652135528284	334652123331197
334652130356072	334652152211617	334652140174572
334652149139197	334652168894950	334652158991780
334652164446489	334652185578283	334652174318280
334652181236197	334652202261616	334652191053114
334652197860030	334652218944949	334652207760864
334652214161447	334652235628282	334652223955155
334652231567572	334652252311615	334652241358239
334652250247989	334652268994948	334652257661114
334652268124072	334652285678281	334652275493572
334652283513030	334652302361614	334652290942614
334652301176905	334652319044947	334652308604780
334652319322989	334652335728280	334652326817197
334652334832364	334652352411613	334652342255155
334652352887739	334652369094946	334652360295364
334652367543280	334652385778279	334652374979239
334652385234655	334652402461612	334652392663114
334652402846322	334652419144945	334652410335280
334652419053614	334652435828278	334652426449864
334652436102655	334652452511611	334652443405239
334652452967947	334652469194944	334652460394197
334652469480156	334652485878277	334652476841739
334652487758406	334652502561610	334652495245447
334652502927322	334652519244943	334652510398947
334652520719406	334652535928276	334652528134406
334652537210031	334652552611609	334652544632781
334652554271072	334652569294942	334652561660531
334652569963489	334652585978275	334652577348739
334652587670156	334652602661608	334652595174114
334652604845114	334652619344941	334652612238489
334652621252947	334652636028274	334652628733739
334652639503906	334652652711607	334652646652156
334652653126989	334652669394940	334652660631989
334652668998781	334652686078273	334652676454406
334652685738739	334652702761606	334652693272572
334652706729364	334652719444939	334652714164489
334652718437281	334652736128272	334652725877489
334652736411947	334652752811605	334652744025239
334652755343447	334652769494938	334652762853239
334652773906447	334652786178271	334652783368031
334652787538239	334652802861604	334652796549447
334652806147947	334652819544937	334652814483947
334652823159739	334652836228270	334652829092781
334652845576239	334652852911603	334652851874989
334652863033614	334652869594936	334652869156739
334652886103364	334652886278269	334652893597989
334652899981406	334652902961602	334652907585906
334652918885822	334652919644935	334652926415322
334652930709697	334652936328268	334652938278572
334652941598114	334652953011601	334652949128531
334652957667031	334652969694934	334652965212406
334652972697239	334652986378267	334652980219489
334652990670781	334653003061600	334652998197864
334653006981739	334653019744933	334653014410156
334653024441614	334653036428266	334653031901822
334653040473114	334653053111599	334653047933156
334653056896947	334653069794932	334653064355656
334653073420531	334653086478265	334653080880822
334653090144489	334653103161598	334653097661239
334653104573072	334653119844931	334653112023489
334653120984364	334653136528264	334653128212197
334653138574697	334653153211597	334653145816822
334653156228239	334653169894930	334653163506739
334653172669364	334653186578263	334653179783906
334653188986656	334653203261596	334653196241114
334653205156281	334653219944929	334653212364656
334653223040031	334653236628262	334653230236948

