Applications Graphics Acceleration Info:
Uptime: 334860742 Realtime: 369534853

** Graphics info for pid 1873 [com.auroratv.lab] **

Stats since: 334850408067500ns
Total frames rendered: 426
Janky frames: 17 (3.99%)
Janky frames (legacy): 376 (88.26%)
50th percentile: 26ms
90th percentile: 42ms
95th percentile: 53ms
99th percentile: 97ms
Number Missed Vsync: 3
Number High input latency: 815
Number Slow UI thread: 13
Number Slow bitmap uploads: 1
Number Slow issue draw commands: 17
Number Frame deadline missed: 17
Number Frame deadline missed (legacy): 20
HISTOGRAM: 5ms=0 6ms=0 7ms=0 8ms=0 9ms=0 10ms=0 11ms=0 12ms=0 13ms=0 14ms=0 15ms=0 16ms=0 17ms=1 18ms=2 19ms=2 20ms=4 21ms=11 22ms=12 23ms=25 24ms=78 25ms=75 26ms=29 27ms=18 28ms=15 29ms=7 30ms=8 31ms=5 32ms=4 34ms=18 36ms=25 38ms=30 40ms=9 42ms=7 44ms=5 46ms=9 48ms=2 53ms=5 57ms=0 61ms=1 65ms=4 69ms=2 73ms=2 77ms=1 81ms=0 85ms=1 89ms=3 93ms=1 97ms=1 101ms=2 105ms=0 109ms=1 113ms=1 117ms=0 121ms=0 125ms=0 129ms=0 133ms=0 150ms=0 200ms=0 250ms=0 300ms=0 350ms=0 400ms=0 450ms=0 500ms=0 550ms=0 600ms=0 650ms=0 700ms=0 750ms=0 800ms=0 850ms=0 900ms=0 950ms=0 1000ms=0 1050ms=0 1100ms=0 1150ms=0 1200ms=0 1250ms=0 1300ms=0 1350ms=0 1400ms=0 1450ms=0 1500ms=0 1550ms=0 1600ms=0 1650ms=0 1700ms=0 1750ms=0 1800ms=0 1850ms=0 1900ms=0 1950ms=0 2000ms=0 2050ms=0 2100ms=0 2150ms=0 2200ms=0 2250ms=0 2300ms=0 2350ms=0 2400ms=0 2450ms=0 2500ms=0 2550ms=0 2600ms=0 2650ms=0 2700ms=0 2750ms=0 2800ms=0 2850ms=0 2900ms=0 2950ms=0 3000ms=0 3050ms=0 3100ms=0 3150ms=0 3200ms=0 3250ms=0 3300ms=0 3350ms=0 3400ms=0 3450ms=0 3500ms=0 3550ms=0 3600ms=0 3650ms=0 3700ms=0 3750ms=0 3800ms=0 3850ms=0 3900ms=0 3950ms=0 4000ms=0 4050ms=0 4100ms=0 4150ms=0 4200ms=0 4250ms=0 4300ms=0 4350ms=0 4400ms=0 4450ms=0 4500ms=0 4550ms=0 4600ms=0 4650ms=0 4700ms=0 4750ms=0 4800ms=0 4850ms=0 4900ms=0 4950ms=0
50th gpu percentile: 8ms
90th gpu percentile: 11ms
95th gpu percentile: 19ms
99th gpu percentile: 4950ms
GPU HISTOGRAM: 1ms=0 2ms=0 3ms=0 4ms=0 5ms=0 6ms=0 7ms=2 8ms=323 9ms=17 10ms=15 11ms=43 12ms=0 13ms=0 14ms=0 15ms=0 16ms=1 17ms=2 18ms=1 19ms=5 20ms=0 21ms=0 22ms=0 23ms=5 24ms=1 25ms=0 4950ms=11

Pipeline=Skia (OpenGL)
Memory policy:
  Max surface area: 2073600
  Max resource usage: 99.53MB (x48)
  Background retention: 50% (altUiHidden = true)
  GPU Context timeout: 10
Contexts: 1 (stopped = 0)
CPU Caches:
  Glyph Cache: 1.56 MB (1 entry)
  Glyph Count: 102 
Total CPU memory usage:
  1640262 bytes, 1.56 MB (0.00 bytes is purgeable)
GPU Caches:
  Image:
    Texture: 13.84 MB (50 entries)
  Other:
    Other: 174.95 KB (1 entry)
    Buffer Object: 464.00 bytes (2 entries)
    StencilAttachment: 16.00 KB (1 entry)
  Scratch:
    RenderTarget: 68.75 MB (276 entries)
    Texture: 4.04 MB (6 entries)
    Buffer Object: 78.03 KB (3 entries)
Total GPU memory usage:
  91119128 bytes, 86.90 MB (646.70 KB is purgeable)

Profile data in ms:

	com.auroratv.lab/com.auroratv.MainActivity/android.view.ViewRootImpl@70ac8e2 (visibility=0)
Window: com.auroratv.lab/com.auroratv.MainActivity
Stats since: 334850408066542ns
Total frames rendered: 426
Janky frames: 17 (3.99%)
Janky frames (legacy): 376 (88.26%)
50th percentile: 26ms
90th percentile: 42ms
95th percentile: 53ms
99th percentile: 97ms
Number Missed Vsync: 3
Number High input latency: 815
Number Slow UI thread: 13
Number Slow bitmap uploads: 1
Number Slow issue draw commands: 17
Number Frame deadline missed: 17
Number Frame deadline missed (legacy): 20
HISTOGRAM: 5ms=0 6ms=0 7ms=0 8ms=0 9ms=0 10ms=0 11ms=0 12ms=0 13ms=0 14ms=0 15ms=0 16ms=0 17ms=1 18ms=2 19ms=2 20ms=4 21ms=11 22ms=12 23ms=25 24ms=78 25ms=75 26ms=29 27ms=18 28ms=15 29ms=7 30ms=8 31ms=5 32ms=4 34ms=18 36ms=25 38ms=30 40ms=9 42ms=7 44ms=5 46ms=9 48ms=2 53ms=5 57ms=0 61ms=1 65ms=4 69ms=2 73ms=2 77ms=1 81ms=0 85ms=1 89ms=3 93ms=1 97ms=1 101ms=2 105ms=0 109ms=1 113ms=1 117ms=0 121ms=0 125ms=0 129ms=0 133ms=0 150ms=0 200ms=0 250ms=0 300ms=0 350ms=0 400ms=0 450ms=0 500ms=0 550ms=0 600ms=0 650ms=0 700ms=0 750ms=0 800ms=0 850ms=0 900ms=0 950ms=0 1000ms=0 1050ms=0 1100ms=0 1150ms=0 1200ms=0 1250ms=0 1300ms=0 1350ms=0 1400ms=0 1450ms=0 1500ms=0 1550ms=0 1600ms=0 1650ms=0 1700ms=0 1750ms=0 1800ms=0 1850ms=0 1900ms=0 1950ms=0 2000ms=0 2050ms=0 2100ms=0 2150ms=0 2200ms=0 2250ms=0 2300ms=0 2350ms=0 2400ms=0 2450ms=0 2500ms=0 2550ms=0 2600ms=0 2650ms=0 2700ms=0 2750ms=0 2800ms=0 2850ms=0 2900ms=0 2950ms=0 3000ms=0 3050ms=0 3100ms=0 3150ms=0 3200ms=0 3250ms=0 3300ms=0 3350ms=0 3400ms=0 3450ms=0 3500ms=0 3550ms=0 3600ms=0 3650ms=0 3700ms=0 3750ms=0 3800ms=0 3850ms=0 3900ms=0 3950ms=0 4000ms=0 4050ms=0 4100ms=0 4150ms=0 4200ms=0 4250ms=0 4300ms=0 4350ms=0 4400ms=0 4450ms=0 4500ms=0 4550ms=0 4600ms=0 4650ms=0 4700ms=0 4750ms=0 4800ms=0 4850ms=0 4900ms=0 4950ms=0
50th gpu percentile: 8ms
90th gpu percentile: 11ms
95th gpu percentile: 19ms
99th gpu percentile: 4950ms
GPU HISTOGRAM: 1ms=0 2ms=0 3ms=0 4ms=0 5ms=0 6ms=0 7ms=2 8ms=323 9ms=17 10ms=15 11ms=43 12ms=0 13ms=0 14ms=0 15ms=0 16ms=1 17ms=2 18ms=1 19ms=5 20ms=0 21ms=0 22ms=0 23ms=5 24ms=1 25ms=0 4950ms=11



---PROFILEDATA---
Flags,FrameTimelineVsyncId,IntendedVsync,Vsync,InputEventId,HandleInputStart,AnimationStart,PerformTraversalsStart,DrawStart,FrameDeadline,FrameInterval,FrameStartTime,SyncQueued,SyncStart,IssueDrawCommandsStart,SwapBuffers,FrameCompleted,DequeueBufferDuration,QueueBufferDuration,GpuCompleted,SwapBuffersCompleted,DisplayPresentTime,CommandSubmissionCompleted,
0,115901386,334857147756586,334857147756586,0,334857158049503,334857158050378,334857158501753,334857158650420,334857216840090,334857158044045,16800057,334857158839795,334857173524211,334857174629045,334857189669961,334857197316920,10113834,286958,334857197316920,334857190271670,-1,334857189669961,
0,115901394,334857164556643,334857164556643,0,334857174804461,334857174805170,334857175226378,334857175367211,334857233640147,334857174799295,16800057,334857175548336,334857190451045,334857191537420,334857207819920,334857215515836,10234708,365958,334857215515836,334857208601753,-1,334857207819920,
0,115901402,334857181356700,334857181356700,0,334857191754045,334857191755045,334857192229628,334857192369211,334857250440204,334857191748336,16800057,334857192524378,334857208813628,334857210080670,334857225091628,334857232773878,8681459,329792,334857232773878,334857225775586,-1,334857225091628,
0,115901410,334857198156757,334857198156757,0,334857210294336,334857210295420,334857210822503,334857210990545,334857267240261,334857210287545,16800057,334857211194503,334857225985086,334857227258920,334857242466461,334857250133711,8173500,345292,334857250133711,334857243179378,-1,334857242466461,
0,115901418,334857214956814,334857214956814,0,334857227497753,334857227498670,334857228432253,334857228600086,334857284040318,334857227491211,16800057,334857228814420,334857243474086,334857244903086,334857259765878,334857267410795,7435750,686791,334857267410795,334857260970045,-1,334857259765878,
0,115901426,334857231756871,334857231756871,0,334857245096628,334857245098003,334857251912461,334857252287753,334857300840375,334857245090420,16800057,334857252449545,334857261255545,334857262761711,334857276068836,334857283796670,6210292,681708,334857283796670,334857277152753,-1,334857276068836,
0,115901434,334857248556928,334857248556928,0,334857263137336,334857263138961,334857263542545,334857263702836,334857317640432,334857263129628,16800057,334857263743836,334857277360253,334857278481003,334857293808920,334857301487753,7502833,686333,334857301487753,334857294887628,-1,334857293808920,
0,115901442,334857265356985,334857265356985,0,334857279237003,334857279238462,334857279635920,334857279810003,334857334440489,334857279227253,16800057,334857279853420,334857295093253,334857296253503,334857310036503,334857317763837,6472208,717000,334857317763837,334857311236545,-1,334857310036503,
0,115901450,334857282157042,334857282157042,0,334857296460337,334857296461587,334857296931587,334857297133295,334857351240546,334857296453170,16800057,334857297177587,334857311521753,334857312788753,334857326667878,334857334398878,6611458,652916,334857334398878,334857327783337,-1,334857326667878,
0,115901458,334857298957099,334857298957099,0,334857313069212,334857313070462,334857313471712,334857313644337,334857368040603,334857313061837,16800057,334857313689795,334857328136128,334857329342837,334857344101837,334857351759253,7020416,642417,334857351759253,334857345269587,-1,334857344101837,
0,115901466,334857315757156,334857315757156,0,334857329542087,334857329543170,334857329959420,334857330141128,334857384840660,334857329535295,16800057,334857330188545,334857345476212,334857346751295,334857361439253,334857369161545,6468125,731500,334857369161545,334857362592878,-1,334857361439253,
0,115901474,334857332557213,334857332557213,0,334857346950212,334857346951253,334857347370587,334857347538128,334857401640717,334857346942837,16800057,334857347580128,334857362813795,334857364066337,334857379105128,334857386817462,6058500,775542,334857386817462,334857380331670,-1,334857379105128,
0,115901482,334857349357270,334857349357270,0,334857364281628,334857364282670,334857364819503,334857365000420,334857418440774,334857364273712,16800057,334857365046087,334857380553837,334857381775837,334857394053753,334857401792462,4944833,679709,334857401792462,334857395172295,-1,334857394053753,
0,115901490,334857366157327,334857366157327,0,334857381995045,334857381996295,334857382509253,334857382689795,334857435240831,334857381986753,16800057,334857382736212,334857395394670,334857396637128,334857412270462,334857419950003,7096083,731375,334857419950003,334857413603962,-1,334857412270462,
0,115901498,334857382957384,334857382957384,0,334857396860837,334857396862003,334857397313045,334857397510378,334857452040888,334857396853128,16800057,334857397560753,334857413826170,334857415270795,334857428789420,334857436551045,5301125,387916,334857436551045,334857429599712,-1,334857428789420,
0,115901506,334857399757441,334857399757441,0,334857415495962,334857415497420,334857415971503,334857416196670,334857468840945,334857415488212,16800057,334857416245337,334857429826837,334857431029337,334857444658128,334857452405712,6310792,377500,334857452405712,334857445452545,-1,334857444658128,
0,115901514,334857416557498,334857416557498,0,334857431258587,334857431259628,334857431693170,334857431922587,334857485641002,334857431250503,16800057,334857431971587,334857445678170,334857446887837,334857462077545,334857469871628,7486750,371334,334857469871628,334857462866503,-1,334857462077545,
0,115901522,334857433357555,334857433357555,0,334857447106503,334857447108003,334857447532420,334857447712545,334857502441059,334857447098670,16800057,334857447758628,334857463091503,334857464332795,334857478990920,334857486802253,6748083,398083,334857486802253,334857479831295,-1,334857478990920,
0,115901653,334857735758581,334857735758581,-218291119,334857736101795,334857736103087,334857782524128,334857782748628,334857754441914,334857736094962,16800057,334857794697920,334857794869087,334857796771545,334857802488378,334857824735795,21000,698750,334857824735795,334857803517962,-1,334857802488378,
0,115901660,334857752558638,334857786158752,0,334857797134795,334857797135878,334857797774003,334857797943337,334857855242256,334857797122337,16800057,334857798313420,334857803679462,334857804934128,334857820827795,334857847718003,16917,3693667,334857847718003,334857824841962,-1,334857820827795,
0,115901667,334857802958809,334857802958809,0,334857805476170,334857805477712,334857809369295,334857809546503,334857872042313,334857805467920,16800057,334857811446670,334857825020712,334857826216753,334857846884670,334857857040587,13599042,557125,334857857040587,334857847895545,-1,334857846884670,
0,115901675,334857819758866,334857819758866,0,334857826817420,334857826818670,334857827376795,334857827532545,334857888842370,334857826810212,16800057,334857827766378,334857848111878,334857849459337,334857864120545,334857874012087,7395459,543584,334857874012087,334857865017837,-1,334857864120545,
0,115901683,334857836558923,334857836558923,0,334857849753128,334857849754212,334857850264545,334857850403212,334857905642427,334857849746753,16800057,334857850661753,334857865196753,334857867931670,334857888550753,334857898729962,5680292,383959,334857898729962,334857889491545,-1,334857888550753,
0,115901691,334857853358980,334857853358980,0,334857868296087,334857868297253,334857868829628,334857868980962,334857922442484,334857868289462,16800057,334857869305212,334857889677587,334857891155587,334857898211295,334857908543003,19792,336000,334857908543003,334857898927212,-1,334857898211295,
0,115901699,334857870159037,334857886959094,0,334857891417378,334857891418212,334857891874462,334857892047337,334857939242541,334857891404712,16800057,334857892274920,334857899138628,334857900377628,334857913541253,334857923624128,6743791,365083,334857923624128,334857914232795,-1,334857913541253,
0,115901708,334857903759151,334857903759151,0,334857904040253,334857904042128,334857904543087,334857904687295,334857956042598,334857904034003,16800057,334857904907087,334857914437087,334857915658962,334857929823753,334857939963795,8210208,320917,334857939963795,334857930467795,-1,334857929823753,
0,115901716,334857920559208,334857920559208,0,334857920828753,334857920830337,334857921246128,334857921391378,334857972842655,334857920822753,16800057,334857921589462,334857930640920,334857931762462,334857946543170,334857956726045,8946375,304000,334857956726045,334857947165170,-1,334857946543170,
0,115901724,334857937359265,334857937359265,0,334857937620795,334857937622253,334857938036878,334857938242128,334857989642712,334857937614462,16800057,334857938584212,334857947337170,334857948485212,334857963529212,334857973706587,8995083,340250,334857973706587,334857964180670,-1,334857963529212,
0,115901732,334857954159322,334857954159322,0,334857954441587,334857954443045,334857954855128,334857955041712,334858006442769,334857954435378,16800057,334857955242795,334857964354878,334857965573837,334857983581837,334857993742379,8703208,335000,334857993742379,334857984195837,-1,334857983581837,
0,115901740,334857970959379,334857970959379,0,334857971225045,334857971226920,334857971687128,334857971850087,334858023242826,334857971218753,16800057,334857972097087,334857984371170,334857985534212,334857996846754,334858007064004,5508875,283667,334858007064004,334857997431087,-1,334857996846754,
0,115901748,334857987759436,334857987759436,0,334857988044837,334857988046545,334857988541337,334857988688754,334858040042883,334857988038254,16800057,334857988888712,334857997608920,334857998707629,334858013847670,334858024037754,9163000,292334,334858024037754,334858014513670,-1,334858013847670,
0,115901756,334858004559493,334858004559493,0,334858004827962,334858004829129,334858005264420,334858005408920,334858056842940,334858004821962,16800057,334858005611670,334858014684712,334858015901129,334858031706420,334858041886545,9002333,438541,334858041886545,334858032489879,-1,334858031706420,
0,115901764,334858021359550,334858021359550,0,334858021640962,334858021642504,334858022095462,334858022250295,334858073642997,334858021634254,16800057,334858022467087,334858032711962,334858034026087,334858048537920,334858056301129,7702583,328375,334858056301129,334858049212587,-1,334858048537920,
0,115901772,334858038159607,334858038159607,0,334858038466420,334858038467837,334858038901670,334858039065879,334858090443054,334858038459045,16800057,334858039300087,334858049403337,334858050598712,334858069464462,334858077210462,7890416,608209,334858077210462,334858070381170,-1,334858069464462,
0,115901780,334858054959664,334858054959664,0,334858055280545,334858055281879,334858055710379,334858055880837,334858107243111,334858055273045,16800057,334858056162420,334858070572754,334858071875254,334858083042462,334858090825170,3414750,689333,334858090825170,334858084208587,-1,334858083042462,
0,115901788,334858071759721,334858071759721,0,334858072093212,334858072094254,334858072571795,334858072733004,334858124043168,334858072086504,16800057,334858072951795,334858084503045,334858085987045,334858099590254,334858107474462,6131959,655166,334858107474462,334858100694837,-1,334858099590254,
0,115901796,334858088559778,334858088559778,0,334858088853670,334858088855170,334858089382295,334858089551420,334858140843225,334858088846754,16800057,334858089788545,334858100973879,334858102336420,334858117251587,334858125099212,6720166,707334,334858125099212,334858118340545,-1,334858117251587,
0,115901804,334858105359835,334858105359835,0,334858105659045,334858105660879,334858106108045,334858106286754,334858157643282,334858105651837,16800057,334858106640254,334858118543170,334858119964212,334858133446462,334858141318920,5780709,346167,334858141318920,334858134164254,-1,334858133446462,
0,115901812,334858122159892,334858122159892,0,334858122451962,334858122453712,334858122858587,334858123023670,334858174443339,334858122444629,16800057,334858123260420,334858134431795,334858135866962,334858156496254,334858164283629,6778125,365834,334858164283629,334858157246920,-1,334858156496254,
0,115901820,334858138959949,334858138959949,0,334858139286504,334858139288670,334858139736004,334858139912962,334858191243396,334858139278795,16800057,334858140210337,334858157463212,334858159097587,334858167038004,334858174830087,398625,352167,334858174830087,334858167767545,-1,334858167038004,
0,115901828,334858155760006,334858155760006,0,334858159322045,334858159323170,334858159782170,334858159959629,334858208043453,334858159314504,16800057,334858160302045,334858167982295,334858169335420,334858182908129,334858190696254,6902959,334875,334858190696254,334858183600337,-1,334858182908129,
0,115901836,334858172560063,334858172560063,0,334858172891087,334858172892629,334858173319837,334858173487295,334858224843510,334858172883337,16800057,334858173719962,334858183803129,334858185109212,334858200252420,334858208075337,8105875,332375,334858208075337,334858200952087,-1,334858200252420,
0,115901844,334858189360120,334858189360120,0,334858189714462,334858189716629,334858190169837,334858190349504,334858241643567,334858189706379,16800057,334858190715754,334858201154129,334858202404254,334858217001254,334858224872795,7426375,351375,334858224872795,334858217731712,-1,334858217001254,
0,115901852,334858206160177,334858206160177,0,334858206469129,334858206470504,334858206995170,334858207186795,334858258443624,334858206462212,16800057,334858207423670,334858217943129,334858219259420,334858238929087,334858246703420,7565834,348583,334858246703420,334858239622962,-1,334858238929087,
0,115901860,334858222960234,334858222960234,0,334858223313754,334858223315879,334858223803629,334858224064962,334858275243681,334858223305170,16800057,334858224339920,334858239993504,334858241451087,334858252777587,334858260550670,2193125,526375,334858260550670,334858253697795,-1,334858252777587,
0,115901868,334858239760291,334858239760291,0,334858241677754,334858241678795,334858242644920,334858242852962,334858292043738,334858241670504,16800057,334858243255045,334858253914295,334858255387504,334858267817545,334858275699129,4904083,350625,334858275699129,334858268661170,-1,334858267817545,
0,115901876,334858256560348,334858256560348,0,334858256894962,334858256896379,334858257292754,334858257490212,334858308843795,334858256887795,16800057,334858257715670,334858268874712,334858270404837,334858285598295,334858293445587,6804500,343542,334858293445587,334858286429379,-1,334858285598295,
0,115901884,334858273360405,334858273360405,0,334858273733879,334858273736087,334858274116837,334858274309212,334858325643852,334858273725087,16800057,334858274554170,334858286642420,334858288156420,334858301774837,334858309577879,5740083,380333,334858309577879,334858302566837,-1,334858301774837,
0,115901892,334858290160462,334858290160462,0,334858290476879,334858290478545,334858290831837,334858291011962,334858342443909,334858290469254,16800057,334858291244462,334858302797920,334858304245295,334858318367545,334858326137962,6361958,353250,334858326137962,334858319208379,-1,334858318367545,
0,115901900,334858306960519,334858306960519,0,334858307291670,334858307293295,334858307707837,334858307907962,334858359243966,334858307283962,16800057,334858308175004,334858319420712,334858320876504,334858336558837,334858344339795,6683875,348792,334858344339795,334858337290545,-1,334858336558837,
0,115901908,334858323760576,334858323760576,0,334858324149004,334858324150795,334858324537837,334858324761670,334858376044023,334858324140212,16800057,334858325002962,334858337502920,334858339008129,334858353417504,334858361284545,5614458,346917,334858361284545,334858354284254,-1,334858353417504,
0,115901916,334858340560633,334858340560633,0,334858340891420,334858340893045,334858341389004,334858341649754,334858392844080,334858340863337,16800057,334858342033754,334858354499670,334858356045254,334858369819212,334858377618545,5038875,439458,334858377618545,334858370714920,-1,334858369819212,
0,115901924,334858357360690,334858357360690,0,334858357665379,334858357666712,334858358063254,334858358279504,334858409644137,334858357658129,16800057,334858358508045,334858370947670,334858372519670,334858385982254,334858394068045,5454583,376750,334858394068045,334858386849379,-1,334858385982254,
0,115901932,334858374160747,334858374160747,0,334858374501920,334858374503920,334858374887920,334858375109837,334858426444194,334858374493337,16800057,334858375369087,334858387064295,334858388633212,334858402867004,334858410652962,6151208,378292,334858410652962,334858403658837,-1,334858402867004,
0,115901940,334858390960804,334858390960804,0,334858391309379,334858391310795,334858391728629,334858391939295,334858443244251,334858391301587,16800057,334858392261212,334858403891920,334858405348754,334858419353795,334858427115962,6120166,478958,334858427115962,334858420222045,-1,334858419353795,
0,115901948,334858407760861,334858407760861,0,334858408111337,334858408113170,334858408520212,334858408751170,334858460044308,334858408103170,16800057,334858408991170,334858420436629,334858421848129,334858437375295,334858445160045,6537833,485916,334858445160045,334858438281004,-1,334858437375295,
0,115901956,334858424560918,334858424560918,0,334858424882754,334858424884712,334858425240045,334858425458087,334858476844365,334858424875045,16800057,334858425686295,334858438499670,334858439922962,334858452120462,334858459881962,5092458,355417,334858459881962,334858452863087,-1,334858452120462,
0,115901964,334858441360975,334858441360975,0,334858441676712,334858441678254,334858442029504,334858442205504,334858493644422,334858441669670,16800057,334858442428379,334858453074712,334858454377962,334858470279879,334858478130087,7546833,344125,334858478130087,334858471115795,-1,334858470279879,
0,115901972,334858458161032,334858458161032,0,334858458523004,334858458524879,334858458960795,334858459179420,334858510444479,334858458514045,16800057,334858459428170,334858471333920,334858472839545,334858486626212,334858494480962,5949334,394791,334858494480962,334858487439670,-1,334858486626212,
0,115901980,334858474961089,334858474961089,0,334858475286462,334858475287920,334858475662337,334858475839295,334858527244536,334858475278379,16800057,334858476103920,334858487655295,334858489009170,334858503148337,334858510940004,6477375,376708,334858510940004,334858503937754,-1,334858503148337,
0,115901988,334858491761146,334858491761146,0,334858492116170,334858492117712,334858492470379,334858492648212,334858544044593,334858492108254,16800057,334858492870420,334858504205170,334858505648504,334858521448587,334858529256462,6927167,472417,334858529256462,334858522334920,-1,334858521448587,
0,115901996,334858508561203,334858508561203,0,334858508952254,334858508954254,334858509434712,334858509642795,334858560844650,334858508942212,16800057,334858509943212,334858522569212,334858524155545,334858539205295,334858547176712,5124791,422292,334858547176712,334858540210087,-1,334858539205295,
0,115902004,334858525361260,334858525361260,0,334858525739754,334858525741295,334858526118337,334858526310212,334858577644707,334858525731587,16800057,334858526553129,334858540444504,334858542326712,334858554089754,334858561859545,3730917,599791,334858561859545,334858555073170,-1,334858554089754,
0,115902012,334858542161317,334858542161317,0,334858542582129,334858542583837,334858543104879,334858543308004,334858594444764,334858542572962,16800057,334858543653254,334858555278254,334858556616837,334858569216754,334858577058629,6117708,613792,334858577058629,334858570210545,-1,334858569216754,
0,115902020,334858558961374,334858558961374,0,334858559283795,334858559285712,334858559658920,334858559834462,334858611244821,334858559276920,16800057,334858560102504,334858570414545,334858571591712,334858585537795,334858593341504,7603416,333083,334858593341504,334858586240670,-1,334858585537795,
0,115902028,334858575761431,334858575761431,0,334858576104379,334858576105879,334858576455420,334858576617837,334858628044878,334858576097045,16800057,334858576815670,334858586460837,334858587711962,334858602885670,334858610639837,8385166,303708,334858610639837,334858603616254,-1,334858602885670,
0,115902036,334858592561488,334858592561488,0,334858592880670,334858592882045,334858593255545,334858593458004,334858644844935,334858592873879,16800057,334858593661504,334858603806045,334858605622879,334858619642295,334858627523087,7275958,731666,334858627523087,334858620767420,-1,334858619642295,
0,115902044,334858609361545,334858609361545,-542553253,334858609646712,334858609648170,334858609998754,334858610190212,334858661644992,334858609639420,16800057,334858610433295,334858620959004,334858622350379,334858637134920,334858646008045,7957208,302750,334858646008045,334858637820795,-1,334858637134920,
0,115902052,334858626161602,334858626161602,0,334858626483587,334858626485420,334858628883462,334858629069879,334858678445049,334858626476045,16800057,334858630218420,334858638009004,334858639312462,334858653073337,334858660881379,7320750,307583,334858660881379,334858653737879,-1,334858653073337,
0,115902060,334858642961659,334858642961659,0,334858643268087,334858643269504,334858655420754,334858655581004,334858695245106,334858643260962,16800057,334858659061004,334858659222170,334858660500754,334858669314837,334858677216421,2752166,294417,334858677216421,334858669929462,-1,334858669314837,
0,115902068,334858659761716,334858659761716,0,334858660822379,334858660823170,334858666365129,334858666578670,334858712045163,334858660815337,16800057,334858668075504,334858670104754,334858671328545,334858686004421,334858695911796,8535083,299583,334858695911796,334858686619212,-1,334858686004421,
0,115902076,334858676561773,334858676561773,0,334858676877129,334858676878629,334858677449379,334858677606629,334858728845220,334858676870879,16800057,334858677817087,334858686811212,334858687912754,334858702810962,334858712028004,8862334,307750,334858712028004,334858703426629,-1,334858702810962,
0,115902084,334858693361830,334858693361830,0,334858693610462,334858693611712,334858694050254,334858694193754,334858745645277,334858693604379,16800057,334858694395921,334858703600671,334858704904796,334858719324296,334858727951171,8574208,282333,334858727951171,334858719939254,-1,334858719324296,
0,115902092,334858710161887,334858710161887,0,334858710430629,334858710432171,334858710928629,334858711076587,334858762445334,334858710423796,16800057,334858711278171,334858720141754,334858721358462,334858737913921,334858746110046,8917917,286292,334858746110046,334858738502254,-1,334858737913921,
0,115902100,334858726961944,334858726961944,0,334858727227837,334858727229171,334858727673212,334858727816712,334858779245391,334858727221129,16800057,334858728151296,334858738679296,334858739900212,334858754641462,334858762588254,7210250,289375,334858762588254,334858755296796,-1,334858754641462,
0,115902108,334858743762001,334858743762001,0,334858744082129,334858744083462,334858744572129,334858744717879,334858796045448,334858744075212,16800057,334858744966212,334858755495337,334858756749879,334858771028171,334858778760879,7108417,255209,334858778760879,334858771659962,-1,334858771028171,
0,115902116,334858760562058,334858760562058,0,334858760821129,334858760822629,334858761293837,334858761436962,334858812845505,334858760814962,16800057,334858761639337,334858771835129,334858773135171,334858786025379,334858793694004,7505750,284042,334858793694004,334858786619129,-1,334858786025379,
0,115902124,334858777362115,334858777362115,0,334858777631546,334858777632921,334858778130337,334858778278296,334858829645562,334858777624504,16800057,334858778478671,334858786825837,334858788033087,334858802656962,334858810308587,9449375,323250,334858810308587,334858803318962,-1,334858802656962,
0,115902132,334858794162172,334858794162172,0,334858794419712,334858794421004,334858794868087,334858795024337,334858846445619,334858794413087,16800057,334858795267379,334858803495587,334858804687921,334858819624546,334858827259546,9568250,403000,334858827259546,334858820344004,-1,334858819624546,
0,115902140,334858810962229,334858810962229,0,334858811277254,334858811278504,334858811703796,334858811847962,334858863245676,334858811270296,16800057,334858812076712,334858820523712,334858821717171,334858836634004,334858844291337,9322125,313500,334858844291337,334858837289046,-1,334858836634004,
0,115902148,334858827762286,334858827762286,0,334858828045962,334858828047212,334858828476546,334858828627671,334858880045733,334858828037462,16800057,334858828863837,334858837484087,334858838616629,334858853303796,334858860963296,9219625,374500,334858860963296,334858854026712,-1,334858853303796,
0,115902156,334858844562343,334858844562343,0,334858844819337,334858844820587,334858845279546,334858845446837,334858896845790,334858844812212,16800057,334858845652671,334858854208421,334858855386129,334858870186337,334858877805671,9329875,302000,334858877805671,334858870803129,-1,334858870186337,
0,115902164,334858861362400,334858861362400,0,334858861624962,334858861626337,334858862059046,334858862210712,334858913645847,334858861618171,16800057,334858862425129,334858870982546,334858872234129,334858886859004,334858894495462,9205000,320167,334858894495462,334858887545504,-1,334858886859004,
0,115902172,334858878162457,334858878162457,0,334858878426879,334858878428129,334858878914129,334858879067046,334858930445904,334858878420129,16800057,334858879254837,334858887740796,334858888911129,334858903717754,334858911400379,9346041,337500,334858911400379,334858904373921,-1,334858903717754,
0,115902180,334858894962514,334858894962514,0,334858895221587,334858895223379,334858895714796,334858895865921,334858947245961,334858895215046,16800057,334858896084546,334858904552129,334858905793004,334858920643921,334858928276421,9257875,303250,334858928276421,334858921260337,-1,334858920643921,
0,115902188,334858911762571,334858911762571,0,334858912041337,334858912043129,334858912466712,334858912618712,334858964046018,334858912033254,16800057,334858912780921,334858921435837,334858922658587,334858937483796,334858945143212,9297333,315375,334858945143212,334858938161754,-1,334858937483796,
0,115902196,334858928562628,334858928562628,0,334858928827379,334858928828921,334858929668212,334858929869296,334858980846075,334858928820671,16800057,334858930061504,334858938340046,334858939521379,334858956104712,334858963745254,9525333,410208,334858963745254,334858956877796,-1,334858956104712,
0,115902204,334858945362685,334858945362685,0,334858945625629,334858945627212,334858952186296,334858952358712,334858997646132,334858945619296,16800057,334858952491337,334858957169546,334858958733046,334858972452629,334858980144337,7081000,346625,334858980144337,334858973181671,-1,334858972452629,
0,115902212,334858962162742,334858962162742,0,334858962481046,334858962482837,334858962901712,334858963086921,334859014446189,334858962473337,16800057,334858963130837,334858973394462,334858974498754,334858990121171,334858997780254,8143125,340333,334858997780254,334858990847879,-1,334858990121171,
0,115902220,334858978962799,334858978962799,0,334858979301087,334858979303046,334858979748879,334858979937004,334859031246246,334858979292754,16800057,334858979998837,334858991056504,334858992193129,334859008889504,334859016572962,7515583,410917,334859016572962,334859009865379,-1,334859008889504,
0,115902228,334858995762856,334858995762856,0,334858996133796,334858996135587,334858996579171,334858996800379,334859048046303,334858996125296,16800057,334858996845087,334859010075337,334859011370629,334859022925629,334859030640337,4909250,343708,334859030640337,334859023644087,-1,334859022925629,
0,115902236,334859012562913,334859012562913,0,334859012973212,334859012975087,334859013408629,334859013587754,334859064846360,334859012965546,16800057,334859013634337,334859023850504,334859025007379,334859040082254,334859047813671,8224333,345416,334859047813671,334859040878879,-1,334859040082254,
0,115902244,334859029362970,334859029362970,0,334859029752254,334859029754171,334859030189546,334859030420254,334859081646417,334859029743379,16800057,334859030468254,334859041087046,334859042183129,334859058170421,334859065844921,7991959,376042,334859065844921,334859059201046,-1,334859058170421,
0,115902252,334859046163027,334859046163027,0,334859046609962,334859046612046,334859047046629,334859047245962,334859098446474,334859046600129,16800057,334859047295254,334859059429379,334859060668587,334859075607379,334859083298962,6250625,562541,334859083298962,334859076630421,-1,334859075607379,
0,115902260,334859062963084,334859062963084,0,334859063299171,334859063300837,334859063704212,334859063891837,334859115246531,334859063291046,16800057,334859063937629,334859076898379,334859078365504,334859090653462,334859098438046,5236959,337958,334859098438046,334859091438504,-1,334859090653462,
0,115902268,334859079763141,334859079763141,0,334859080165796,334859080167629,334859080572671,334859080820129,334859132046588,334859080156671,16800057,334859080868337,334859091621837,334859092653879,334859106337629,334859114058754,7562833,401791,334859114058754,334859107085337,-1,334859106337629,
0,115902276,334859096563198,334859096563198,0,334859096942546,334859096944212,334859097320379,334859097480337,334859148846645,334859096920671,16800057,334859097522129,334859107268129,334859108426504,334859124515504,334859132160879,8811000,752541,334859132160879,334859125643921,-1,334859124515504,
0,115902284,334859113363255,334859113363255,0,334859113732879,334859113734254,334859114330004,334859114535921,334859165646702,334859113724879,16800057,334859114822754,334859125848796,334859127020046,334859140666129,334859148371462,6798750,659583,334859148371462,334859141727796,-1,334859140666129,
0,115902292,334859130163312,334859130163312,0,334859130481837,334859130483296,334859130968171,334859131144379,334859182446759,334859130474962,16800057,334859131190546,334859141921712,334859142980796,334859157719546,334859165459296,7629458,652625,334859165459296,334859158782796,-1,334859157719546,
0,115902520,334859667765136,334859667765136,0,334859668151004,334859668152879,334859681816004,334859682110088,334859686448469,334859668142463,16800057,334859687837046,334859688084379,334859689529296,334859697677879,334859714355338,28000,465334,334859714355338,334859698782713,-1,334859697677879,
0,115902527,334859684565193,334859684565193,0,334859689847088,334859689848546,334859691366213,334859691581921,334859736848640,334859689838129,16800057,334859691991671,334859699023754,334859700719296,334859717009463,334859735316504,25208,427416,334859735316504,334859717869879,-1,334859717009463,
0,115902534,334859701365250,334859701365250,0,334859701804463,334859701806838,334859703304129,334859704078296,334859753648697,334859701794838,16800057,334859704130463,334859718209588,334859719606379,334859742709463,334859757881629,2982292,379709,334859757881629,334859743455671,-1,334859742709463,
0,115902542,334859718165307,334859718165307,0,334859719862546,334859719864004,334859721684838,334859721925254,334859787248811,334859719853879,16800057,334859721971963,334859743657838,334859744920629,334859762056171,334859768482838,19583,552125,334859768482838,334859763016004,-1,334859762056171,
0,115902550,334859734965364,334859734965364,0,334859746072629,334859746074046,334859747483713,334859747685254,334859804048868,334859746061296,16800057,334859748084004,334859763302046,334859764555046,334859781859129,334859788348046,7797000,347125,334859788348046,334859782575296,-1,334859781859129,
0,115902558,334859751765421,334859751765421,0,334859764909879,334859764911004,334859766044171,334859766222754,334859820848925,334859764902171,16800057,334859766940504,334859782788213,334859787426421,334859807666796,334859815454546,1984041,378250,334859815454546,334859808446963,-1,334859807666796,
0,115902566,334859768565478,334859785365535,0,334859787795088,334859787796588,334859789835254,334859790025921,334859837648982,334859787779796,16800057,334859790469463,334859808746213,334859810081421,334859820647879,334859828435046,24583,333250,334859828435046,334859821362504,-1,334859820647879,
0,115902575,334859802165592,334859802165592,0,334859810435129,334859810436421,334859811738879,334859811935796,334859854449039,334859810427004,16800057,334859812425546,334859821569796,334859822890296,334859833999921,334859841765254,19125,303208,334859841765254,334859834625921,-1,334859833999921,
0,115902583,334859818965649,334859818965649,0,334859823477088,334859823478713,334859824619338,334859824789963,334859871249096,334859823467754,16800057,334859825212088,334859834805504,334859835811088,334859847547504,334859855323254,3440333,331042,334859855323254,334859848197838,-1,334859847547504,
0,115902591,334859835765706,334859835765706,0,334859836206171,334859836207296,334859837248296,334859837407338,334859888049153,334859836199546,16800057,334859837741838,334859848380004,334859849477921,334859865481213,334859873255921,6785666,308042,334859873255921,334859866122338,-1,334859865481213,
0,115902599,334859852565763,334859852565763,0,334859852895879,334859852897921,334859854002963,334859854178671,334859904849210,334859852887338,16800057,334859854516171,334859866398504,334859867458713,334859879430254,334859887235088,5568875,409750,334859887235088,334859880191838,-1,334859879430254,
0,115902607,334859869365820,334859869365820,0,334859869631504,334859869632713,334859870811379,334859870994254,334859921649267,334859869625004,16800057,334859871403254,334859880398879,334859881482588,334859899542254,334859907319629,8109209,631041,334859907319629,334859900509296,-1,334859899542254,
0,115902615,334859886165877,334859886165877,0,334859886443504,334859886444796,334859887562879,334859887724671,334859938449324,334859886436546,16800057,334859888102671,334859900696421,334859901759713,334859916586754,334859924460879,4804333,619333,334859924460879,334859917540671,-1,334859916586754,
0,115902623,334859902965934,334859902965934,0,334859903263088,334859903264463,334859904436713,334859904647004,334859955249381,334859903255754,16800057,334859905009004,334859917734671,334859918785463,334859933848463,334859941619379,4787583,610333,334859941619379,334859934808796,-1,334859933848463,
0,115902631,334859919765991,334859919765991,0,334859920073963,334859920075546,334859921202254,334859921369129,334859972049438,334859920067254,16800057,334859921714254,334859934997004,334859936079796,334859949592504,334859957359088,4019084,633209,334859957359088,334859950608129,-1,334859949592504,
0,115902639,334859936566048,334859936566048,0,334859936847296,334859936848588,334859937971171,334859938138379,334859988849495,334859936840713,16800057,334859938491338,334859950810838,334859951963796,334859965983296,334859973852463,5154334,324334,334859973852463,334859966642463,-1,334859965983296,
0,115902647,334859953366105,334859953366105,0,334859953666546,334859953668088,334859955097713,334859955276296,334860005649552,334859953658713,16800057,334859955659546,334859966835129,334859967885088,334859979717463,334859987631713,5789166,487208,334859987631713,334859980713004,-1,334859979717463,
0,115902655,334859970166162,334859970166162,0,334859970465088,334859970466546,334859970755588,334859970964338,334860022449609,334859970458088,16800057,334859971224463,334859980978129,334859982094963,334859995474338,334860003292004,8307125,329333,334860003292004,334859996143921,-1,334859995474338,
0,115902663,334859986966219,334859986966219,0,334859987303254,334859987305213,334859987682088,334859987871963,334860039249666,334859987295921,16800057,334859988319838,334859996328129,334859997678379,334860012535879,334860020333754,9621667,549125,334860020333754,334860013423546,-1,334860012535879,
0,115902671,334860003766276,334860003766276,0,334860004196129,334860004197588,334860004546963,334860004712129,334860056049723,334860004189254,16800057,334860004963963,334860013603588,334860014614129,334860030468463,334860038266171,9616334,628125,334860038266171,334860031467421,-1,334860030468463,
0,115902679,334860020566333,334860020566333,0,334860020897838,334860020899504,334860021154546,334860021327504,334860072849780,334860020889921,16800057,334860021561921,334860031667171,334860032795379,334860047148213,334860054748504,8300125,642333,334860054748504,334860048158963,-1,334860047148213,
---PROFILEDATA---


View hierarchy:

  com.auroratv.lab/com.auroratv.MainActivity/android.view.ViewRootImpl@70ac8e2
  307 views, 543.87 kB of render nodes


Total ViewRootImpl   : 1
Total attached Views : 307
Total RenderNode     : 543.87 kB (used) / 2150.11 kB (capacity)

