Applications Graphics Acceleration Info:
Uptime: 335291500 Realtime: 369965610

** Graphics info for pid 7571 [com.auroratv.lab] **

Stats since: 335281142847330ns
Total frames rendered: 417
Janky frames: 15 (3.60%)
Janky frames (legacy): 375 (89.93%)
50th percentile: 25ms
90th percentile: 38ms
95th percentile: 46ms
99th percentile: 93ms
Number Missed Vsync: 3
Number High input latency: 804
Number Slow UI thread: 8
Number Slow bitmap uploads: 2
Number Slow issue draw commands: 14
Number Frame deadline missed: 15
Number Frame deadline missed (legacy): 15
HISTOGRAM: 5ms=0 6ms=0 7ms=0 8ms=0 9ms=0 10ms=0 11ms=0 12ms=0 13ms=0 14ms=0 15ms=2 16ms=0 17ms=2 18ms=5 19ms=8 20ms=6 21ms=12 22ms=29 23ms=91 24ms=47 25ms=17 26ms=11 27ms=8 28ms=8 29ms=5 30ms=6 31ms=8 32ms=21 34ms=36 36ms=34 38ms=21 40ms=10 42ms=7 44ms=2 46ms=2 48ms=3 53ms=3 57ms=3 61ms=0 65ms=0 69ms=0 73ms=0 77ms=1 81ms=0 85ms=2 89ms=2 93ms=3 97ms=1 101ms=1 105ms=0 109ms=0 113ms=0 117ms=0 121ms=0 125ms=0 129ms=0 133ms=0 150ms=0 200ms=0 250ms=0 300ms=0 350ms=0 400ms=0 450ms=0 500ms=0 550ms=0 600ms=0 650ms=0 700ms=0 750ms=0 800ms=0 850ms=0 900ms=0 950ms=0 1000ms=0 1050ms=0 1100ms=0 1150ms=0 1200ms=0 1250ms=0 1300ms=0 1350ms=0 1400ms=0 1450ms=0 1500ms=0 1550ms=0 1600ms=0 1650ms=0 1700ms=0 1750ms=0 1800ms=0 1850ms=0 1900ms=0 1950ms=0 2000ms=0 2050ms=0 2100ms=0 2150ms=0 2200ms=0 2250ms=0 2300ms=0 2350ms=0 2400ms=0 2450ms=0 2500ms=0 2550ms=0 2600ms=0 2650ms=0 2700ms=0 2750ms=0 2800ms=0 2850ms=0 2900ms=0 2950ms=0 3000ms=0 3050ms=0 3100ms=0 3150ms=0 3200ms=0 3250ms=0 3300ms=0 3350ms=0 3400ms=0 3450ms=0 3500ms=0 3550ms=0 3600ms=0 3650ms=0 3700ms=0 3750ms=0 3800ms=0 3850ms=0 3900ms=0 3950ms=0 4000ms=0 4050ms=0 4100ms=0 4150ms=0 4200ms=0 4250ms=0 4300ms=0 4350ms=0 4400ms=0 4450ms=0 4500ms=0 4550ms=0 4600ms=0 4650ms=0 4700ms=0 4750ms=0 4800ms=0 4850ms=0 4900ms=0 4950ms=0
50th gpu percentile: 7ms
90th gpu percentile: 9ms
95th gpu percentile: 15ms
99th gpu percentile: 4950ms
GPU HISTOGRAM: 1ms=0 2ms=0 3ms=0 4ms=0 5ms=0 6ms=0 7ms=321 8ms=10 9ms=48 10ms=5 11ms=1 12ms=0 13ms=0 14ms=3 15ms=10 16ms=0 17ms=0 18ms=0 19ms=5 20ms=2 21ms=0 22ms=1 23ms=0 24ms=0 25ms=0 4950ms=11

Pipeline=Skia (OpenGL)
Memory policy:
  Max surface area: 2073600
  Max resource usage: 99.53MB (x48)
  Background retention: 50% (altUiHidden = true)
  GPU Context timeout: 10
Contexts: 1 (stopped = 0)
CPU Caches:
  Glyph Cache: 1.57 MB (1 entry)
  Glyph Count: 103 
Total CPU memory usage:
  1647469 bytes, 1.57 MB (0.00 bytes is purgeable)
GPU Caches:
  Image:
    Texture: 13.83 MB (49 entries)
  Other:
    Other: 175.73 KB (1 entry)
    Buffer Object: 464.00 bytes (2 entries)
    StencilAttachment: 8.00 KB (1 entry)
  Scratch:
    RenderTarget: 68.56 MB (269 entries)
    Texture: 4.03 MB (4 entries)
    Buffer Object: 78.03 KB (3 entries)
Total GPU memory usage:
  90896192 bytes, 86.69 MB (636.70 KB is purgeable)

Profile data in ms:

	com.auroratv.lab/com.auroratv.MainActivity/android.view.ViewRootImpl@9989473 (visibility=0)
Window: com.auroratv.lab/com.auroratv.MainActivity
Stats since: 335281142846122ns
Total frames rendered: 417
Janky frames: 15 (3.60%)
Janky frames (legacy): 375 (89.93%)
50th percentile: 25ms
90th percentile: 38ms
95th percentile: 46ms
99th percentile: 93ms
Number Missed Vsync: 3
Number High input latency: 804
Number Slow UI thread: 8
Number Slow bitmap uploads: 2
Number Slow issue draw commands: 14
Number Frame deadline missed: 15
Number Frame deadline missed (legacy): 15
HISTOGRAM: 5ms=0 6ms=0 7ms=0 8ms=0 9ms=0 10ms=0 11ms=0 12ms=0 13ms=0 14ms=0 15ms=2 16ms=0 17ms=2 18ms=5 19ms=8 20ms=6 21ms=12 22ms=29 23ms=91 24ms=47 25ms=17 26ms=11 27ms=8 28ms=8 29ms=5 30ms=6 31ms=8 32ms=21 34ms=36 36ms=34 38ms=21 40ms=10 42ms=7 44ms=2 46ms=2 48ms=3 53ms=3 57ms=3 61ms=0 65ms=0 69ms=0 73ms=0 77ms=1 81ms=0 85ms=2 89ms=2 93ms=3 97ms=1 101ms=1 105ms=0 109ms=0 113ms=0 117ms=0 121ms=0 125ms=0 129ms=0 133ms=0 150ms=0 200ms=0 250ms=0 300ms=0 350ms=0 400ms=0 450ms=0 500ms=0 550ms=0 600ms=0 650ms=0 700ms=0 750ms=0 800ms=0 850ms=0 900ms=0 950ms=0 1000ms=0 1050ms=0 1100ms=0 1150ms=0 1200ms=0 1250ms=0 1300ms=0 1350ms=0 1400ms=0 1450ms=0 1500ms=0 1550ms=0 1600ms=0 1650ms=0 1700ms=0 1750ms=0 1800ms=0 1850ms=0 1900ms=0 1950ms=0 2000ms=0 2050ms=0 2100ms=0 2150ms=0 2200ms=0 2250ms=0 2300ms=0 2350ms=0 2400ms=0 2450ms=0 2500ms=0 2550ms=0 2600ms=0 2650ms=0 2700ms=0 2750ms=0 2800ms=0 2850ms=0 2900ms=0 2950ms=0 3000ms=0 3050ms=0 3100ms=0 3150ms=0 3200ms=0 3250ms=0 3300ms=0 3350ms=0 3400ms=0 3450ms=0 3500ms=0 3550ms=0 3600ms=0 3650ms=0 3700ms=0 3750ms=0 3800ms=0 3850ms=0 3900ms=0 3950ms=0 4000ms=0 4050ms=0 4100ms=0 4150ms=0 4200ms=0 4250ms=0 4300ms=0 4350ms=0 4400ms=0 4450ms=0 4500ms=0 4550ms=0 4600ms=0 4650ms=0 4700ms=0 4750ms=0 4800ms=0 4850ms=0 4900ms=0 4950ms=0
50th gpu percentile: 7ms
90th gpu percentile: 9ms
95th gpu percentile: 15ms
99th gpu percentile: 4950ms
GPU HISTOGRAM: 1ms=0 2ms=0 3ms=0 4ms=0 5ms=0 6ms=0 7ms=321 8ms=10 9ms=48 10ms=5 11ms=1 12ms=0 13ms=0 14ms=3 15ms=10 16ms=0 17ms=0 18ms=0 19ms=5 20ms=2 21ms=0 22ms=1 23ms=0 24ms=0 25ms=0 4950ms=11



---PROFILEDATA---
Flags,FrameTimelineVsyncId,IntendedVsync,Vsync,InputEventId,HandleInputStart,AnimationStart,PerformTraversalsStart,DrawStart,FrameDeadline,FrameInterval,FrameStartTime,SyncQueued,SyncStart,IssueDrawCommandsStart,SwapBuffers,FrameCompleted,DequeueBufferDuration,QueueBufferDuration,GpuCompleted,SwapBuffersCompleted,DisplayPresentTime,CommandSubmissionCompleted,
0,116082523,335287630904000,335287630904000,0,335287631167792,335287631169250,335287631617833,335287631792000,335287683187333,335287631161167,16800000,335287631999042,335287639439667,335287640613792,335287655480083,335287661897000,10414167,278875,335287661897000,335287656061417,-1,335287655480083,
0,116082531,335287647704000,335287647704000,0,335287647960458,335287647962208,335287648442042,335287648586375,335287699987333,335287647954042,16800000,335287648792167,335287656241292,335287657366875,335287670615208,335287677025042,10455875,279167,335287677025042,335287671184375,-1,335287670615208,
0,116082539,335287664504000,335287664504000,0,335287664771125,335287664772625,335287665230417,335287665375625,335287716787333,335287664764167,16800000,335287665581167,335287671362417,335287672523000,335287687469583,335287693861750,12183584,280542,335287693861750,335287688070958,-1,335287687469583,
0,116082547,335287681304000,335287681304000,0,335287681569583,335287681570958,335287682033583,335287682180167,335287733587333,335287681563000,16800000,335287682387875,335287688248375,335287689357792,335287704248458,335287710652875,12109333,276042,335287710652875,335287704829958,-1,335287704248458,
0,116082555,335287698104000,335287698104000,0,335287698368792,335287698370292,335287698804042,335287698954625,335287750387333,335287698362333,16800000,335287699155000,335287705004750,335287706101875,335287721075458,335287727461375,12229959,279292,335287727461375,335287721639292,-1,335287721075458,
0,116082563,335287714904000,335287714904000,0,335287715170208,335287715171667,335287715628333,335287715796583,335287767187333,335287715163542,16800000,335287716041250,335287721815042,335287722919625,335287737808708,335287744183083,12112625,275583,335287744183083,335287738369792,-1,335287737808708,
0,116082571,335287731704000,335287731704000,0,335287731988375,335287731990208,335287732462625,335287732610083,335287783987333,335287731982208,16800000,335287732807875,335287738547958,335287739663833,335287754594667,335287760971500,12158292,276625,335287760971500,335287755165000,-1,335287754594667,
0,116082579,335287748504000,335287748504000,0,335287748783583,335287748785417,335287749209000,335287749351708,335287800787333,335287748777208,16800000,335287749528542,335287755342250,335287756538750,335287771384417,335287777747458,12138542,280000,335287777747458,335287771949542,-1,335287771384417,
0,116082587,335287765304000,335287765304000,0,335287765570208,335287765571750,335287765995625,335287766138208,335287817587333,335287765563625,16800000,335287766316542,335287772204792,335287773316292,335287788248125,335287794605875,12105750,517625,335287794605875,335287789066625,-1,335287788248125,
0,116082595,335287782104000,335287782104000,0,335287782368792,335287782370625,335287782793417,335287782937583,335287834387333,335287782362583,16800000,335287783091667,335287789243125,335287790340958,335287805066583,335287811420667,11868209,281708,335287811420667,335287805634125,-1,335287805066583,
0,116082603,335287798904000,335287798904000,0,335287799175708,335287799177125,335287799601458,335287799746667,335287851187333,335287799169125,16800000,335287799904500,335287805809833,335287806907875,335287822679792,335287829099875,12227042,686125,335287829099875,335287823805958,-1,335287822679792,
0,116082611,335287815704000,335287815704000,0,335287816095375,335287816096708,335287816827875,335287816980167,335287867987333,335287816088833,16800000,335287817146542,335287824055292,335287825623750,335287840864625,335287847411875,10773833,908542,335287847411875,335287842301167,-1,335287840864625,
0,116082619,335287832504000,335287832504000,0,335287832884667,335287832886667,335287842675125,335287842879708,335287884787333,335287832876292,16800000,335287843051625,335287843372625,335287845285167,335287857276458,335287863689125,7977791,714167,335287863689125,335287858404875,-1,335287857276458,
0,116082627,335287849304000,335287849304000,0,335287849676875,335287849679250,335287850175125,335287850389583,335287901587333,335287849667625,16800000,335287850437542,335287858627458,335287859977583,335287874666375,335287881044583,10189542,798958,335287881044583,335287875849833,-1,335287874666375,
0,116082635,335287866104000,335287866104000,0,335287866484375,335287866486542,335287866961333,335287867164667,335287918387333,335287866474875,16800000,335287867213958,335287876153917,335287877464250,335287892341250,335287898763750,9605333,936334,335287898763750,335287893728500,-1,335287892341250,
0,116082643,335287882904000,335287882904000,0,335287883373667,335287883375917,335287883878708,335287884137875,335287935187333,335287883363042,16800000,335287884188250,335287893971000,335287895348917,335287907745500,335287914204125,8209917,709542,335287914204125,335287908864542,-1,335287907745500,
0,116082651,335287899704000,335287899704000,0,335287900125667,335287900127750,335287900653542,335287900856625,335287951987333,335287900116209,16800000,335287900905375,335287909085209,335287910500834,335287925521292,335287931948375,10440250,727958,335287931948375,335287926717250,-1,335287925521292,
0,116082659,335287916504000,335287916504000,0,335287916980000,335287916982292,335287917484625,335287917702667,335287968787333,335287916969000,16800000,335287917753792,335287926939459,335287928288792,335287942631042,335287949046792,9256750,469833,335287949046792,335287943539000,-1,335287942631042,
0,116082667,335287933304000,335287933304000,0,335287933671792,335287933673625,335287934266042,335287934509375,335287985587333,335287933662834,16800000,335287934562042,335287943863917,335287945264584,335287958989084,335287965413542,8740125,625667,335287965413542,335287960173000,-1,335287958989084,
0,116082675,335287950104000,335287950104000,0,335287950516417,335287950518375,335287950981500,335287951167959,335288002387333,335287950507334,16800000,335287951213167,335287960435750,335287962000250,335287975001917,335287981536625,8715250,986083,335287981536625,335287976516167,-1,335287975001917,
0,116082683,335287966904000,335287966904000,0,335287967251834,335287967253750,335287967694959,335287967965417,335288019187333,335287967243500,16800000,335287968046334,335287976780667,335287978324125,335287991597500,335287998007875,9251416,793750,335287998007875,335287992775125,-1,335287991597500,
0,116082691,335287983704000,335287983704000,0,335287984146709,335287984149292,335287984646209,335287984831334,335288035987333,335287984136167,16800000,335287984875917,335287992997625,335287994325167,335288008784042,335288015423375,10407375,682375,335288015423375,335288009883375,-1,335288008784042,
0,116082699,335288000504000,335288000504000,0,335288000916334,335288000918667,335288001418625,335288001632500,335288052787333,335288000906209,16800000,335288001682250,335288010159292,335288011435625,335288026229792,335288032714959,10091917,736875,335288032714959,335288027420917,-1,335288026229792,
0,116082707,335288017304000,335288017304000,0,335288017711792,335288017714084,335288018272959,335288018487167,335288069587333,335288017701417,16800000,335288018536834,335288027641834,335288028972417,335288043113709,335288049526375,9417958,440500,335288049526375,335288044065750,-1,335288043113709,
0,116082872,335288403704000,335288403704000,-976013734,335288404054000,335288404055542,335288452226167,335288452483000,335288422387333,335288404047250,16800000,335288464369625,335288464548959,335288466598584,335288470111584,335288488649417,22416,303375,335288488649417,335288470744375,-1,335288470111584,
0,116082879,335288420504000,335288454104000,0,335288466991250,335288466992375,335288467660709,335288467842584,335288523187333,335288466977167,16800000,335288468207834,335288471012375,335288472397792,335288477186375,335288511405417,19625,11243916,335288511405417,335288488751125,-1,335288477186375,
0,116082886,335288470904000,335288470904000,0,335288473066042,335288473067875,335288473630750,335288473777709,335288539987333,335288473056375,16800000,335288473995709,335288488923000,335288490218209,335288495596709,335288528078459,937458,15588875,335288528078459,335288511531209,-1,335288495596709,
0,116082894,335288487704000,335288487704000,0,335288490537875,335288490539042,335288494930250,335288495135750,335288556787333,335288490529750,16800000,335288497046292,335288511702667,335288512907167,335288528958000,335288537628167,11742500,282083,335288537628167,335288529544709,-1,335288528958000,
0,116082902,335288504504000,335288504504000,0,335288513293917,335288513295167,335288513826375,335288513972167,335288573587333,335288513287250,16800000,335288514251792,335288529723125,335288530978042,335288545565250,335288554331834,10414917,358167,335288554331834,335288546238709,-1,335288545565250,
0,116082910,335288521304000,335288521304000,0,335288531409084,335288531410292,335288531861125,335288531997584,335288590387333,335288531402417,16800000,335288532260042,335288546414750,335288547644709,335288562325375,335288571294250,10543375,277416,335288571294250,335288562971459,-1,335288562325375,
0,116082918,335288538104000,335288538104000,0,335288547912417,335288547913375,335288548449625,335288548584959,335288607187333,335288547906375,16800000,335288548818667,335288563149917,335288564382792,335288579045834,335288587878375,10590791,278084,335288587878375,335288579626334,-1,335288579045834,
0,116082926,335288554904000,335288554904000,0,335288564659334,335288564660209,335288565128959,335288565267542,335288623987333,335288564652584,16800000,335288565472459,335288579869834,335288581097959,335288595877709,335288604785709,10855542,295000,335288604785709,335288596559542,-1,335288595877709,
0,116082934,335288571704000,335288571704000,0,335288581363292,335288581364250,335288581818209,335288581952792,335288640787333,335288581357042,16800000,335288582154292,335288596742167,335288597928167,335288615063667,335288624051167,13117583,316459,335288624051167,335288615706417,-1,335288615063667,
0,116082942,335288588504000,335288588504000,0,335288598574709,335288598576126,335288599062542,335288599217584,335288657587333,335288598566251,16800000,335288599556709,335288615886709,335288617114959,335288629714501,335288638647542,8797125,535500,335288638647542,335288630552126,-1,335288629714501,
0,116082950,335288605304000,335288605304000,0,335288617391751,335288617392501,335288617857042,335288618004209,335288674387333,335288617385542,16800000,335288618209667,335288630726917,335288631843542,335288645786542,335288654719459,10384625,515083,335288654719459,335288646603542,-1,335288645786542,
0,116082958,335288622104000,335288622104000,0,335288632218292,335288632219417,335288632869167,335288633012209,335288691187333,335288632212417,16800000,335288633214334,335288646777584,335288647893709,335288662491209,335288671411001,11103542,524750,335288671411001,335288663311792,-1,335288662491209,
0,116082966,335288638904000,335288638904000,0,335288648195626,335288648196584,335288648615001,335288648840167,335288707987333,335288648189459,16800000,335288649118751,335288663486792,335288664647001,335288679534709,335288688506167,11186542,559042,335288688506167,335288680403709,-1,335288679534709,
0,116082974,335288655704000,335288655704000,0,335288664954001,335288664955126,335288665416209,335288665554834,335288724787333,335288664947417,16800000,335288665753959,335288680576459,335288681693292,335288698203417,335288707092584,11434084,704834,335288707092584,335288699303334,-1,335288698203417,
0,116082982,335288672504000,335288672504000,0,335288681960876,335288681961709,335288682431917,335288682567209,335288741587333,335288681955459,16800000,335288682761667,335288699535376,335288701089626,335288715832126,335288724773792,9045833,761625,335288724773792,335288717031084,-1,335288715832126,
0,116082990,335288689304000,335288689304000,0,335288701476417,335288701478167,335288702240084,335288702436626,335288758387333,335288701466876,16800000,335288702765501,335288717262667,335288719045167,335288732700001,335288739308042,7974292,373209,335288739308042,335288733475626,-1,335288732700001,
0,116082998,335288706104000,335288706104000,0,335288719636251,335288719638167,335288720311917,335288720509126,335288775187333,335288719625459,16800000,335288720796126,335288733711251,335288735164251,335288749833709,335288756469501,8742375,440500,335288756469501,335288750733542,-1,335288749833709,
0,116083006,335288722904000,335288722904000,0,335288735527584,335288735528917,335288736155417,335288736341626,335288791987333,335288735519501,16800000,335288736611751,335288751011917,335288752761917,335288765941001,335288772565167,7736958,372875,335288772565167,335288766704959,-1,335288765941001,
0,116083014,335288739704000,335288739704000,0,335288753206459,335288753207876,335288753844209,335288754041501,335288808787333,335288753197834,16800000,335288754331501,335288767036959,335288768626917,335288783785292,335288790379709,8890917,374166,335288790379709,335288784592209,-1,335288783785292,
0,116083022,335288756504000,335288756504000,0,335288768854459,335288768855959,335288769352959,335288769535542,335288825587333,335288768846334,16800000,335288769803584,335288784927376,335288786527417,335288801134376,335288807761376,7814542,439042,335288807761376,335288802147126,-1,335288801134376,
0,116083030,335288773304000,335288773304000,0,335288786748709,335288786750001,335288787249292,335288787470334,335288842387333,335288786740876,16800000,335288787738292,335288802423459,335288804206542,335288816567126,335288823223709,6510042,403000,335288823223709,335288817517459,-1,335288816567126,
0,116083038,335288790104000,335288790104000,0,335288804438501,335288804440376,335288804947542,335288805134292,335288859187333,335288804430584,16800000,335288805420501,335288817773376,335288819525834,335288833021667,335288839728542,8010792,419083,335288839728542,335288833977542,-1,335288833021667,
0,116083046,335288806904000,335288806904000,0,335288819766001,335288819767584,335288820323876,335288820523667,335288875987333,335288819757459,16800000,335288820818126,335288834240792,335288836113251,335288849616667,335288856223042,8569583,372500,335288856223042,335288850385584,-1,335288849616667,
0,116083054,335288823704000,335288823704000,0,335288836365126,335288836366542,335288836898917,335288837097626,335288892787333,335288836355501,16800000,335288837387459,335288850618376,335288852149292,335288867505209,335288874155084,9335583,422541,335288874155084,335288868429876,-1,335288867505209,
0,116083062,335288840504000,335288840504000,0,335288852371751,335288852372876,335288852864792,335288853048251,335288909587333,335288852363792,16800000,335288853317626,335288868666959,335288870380834,335288884345042,335288890985459,7893334,379958,335288890985459,335288885169001,-1,335288884345042,
0,116083070,335288857304000,335288857304000,0,335288870594917,335288870596584,335288871089334,335288871274334,335288926387333,335288870587417,16800000,335288871643834,335288885402584,335288886887292,335288900978209,335288907614417,7979958,437792,335288907614417,335288901885251,-1,335288900978209,
0,116083078,335288874104000,335288874104000,0,335288887108292,335288887109542,335288887597292,335288887874876,335288943187333,335288887100376,16800000,335288888189167,335288902162917,335288903870667,335288916737417,335288923369876,7691166,444541,335288923369876,335288917644709,-1,335288916737417,
0,116083086,335288890904000,335288890904000,0,335288904262251,335288904264001,335288904923084,335288905149001,335288959987333,335288904252709,16800000,335288905427626,335288917923709,335288919645417,335288933493834,335288940160292,8686917,474042,335288940160292,335288934367792,-1,335288933493834,
0,116083094,335288907704000,335288907704000,0,335288919910084,335288919911876,335288920645876,335288920857167,335288976787333,335288919899959,16800000,335288921171959,335288934602501,335288936577001,335288950189209,335288956758584,8922166,368917,335288956758584,335288950949126,-1,335288950189209,
0,116083102,335288924504000,335288924504000,0,335288936942376,335288936944376,335288937396209,335288937609501,335288993587333,335288936932542,16800000,335288937893001,335288951183334,335288952681792,335288967665959,335288974250417,9590458,417792,335288974250417,335288968479667,-1,335288967665959,
0,116083110,335288941304000,335288941304000,0,335288952908042,335288952909209,335288953296876,335288953482001,335289010387333,335288952899834,16800000,335288953724001,335288968715126,335288970205501,335288984863834,335288991480417,8910166,459250,335288991480417,335288985784542,-1,335288984863834,
0,116083118,335288958104000,335288958104000,0,335288970426876,335288970428167,335288970840834,335288971027876,335289027187333,335288970419292,16800000,335288971270084,335288986065792,335288987605626,335289001062167,335289007673376,7903458,454042,335289007673376,335289001984209,-1,335289001062167,
0,116083126,335288974904000,335288974904000,0,335288987915042,335288987916501,335288988353251,335288988553167,335289043987333,335288987907126,16800000,335288988832626,335289002264876,335289004043292,335289018343876,335289025033959,8309417,440250,335289025033959,335289019304792,-1,335289018343876,
0,116083134,335288991704000,335288991704000,0,335289004383834,335289004385959,335289004956751,335289005183917,335289060787333,335289004374167,16800000,335289005671917,335289019705709,335289021667126,335289034547917,335289041145917,7546583,370333,335289041145917,335289035405834,-1,335289034547917,
0,116083142,335289008504000,335289008504000,0,335289022009167,335289022011292,335289022487126,335289022698876,335289077587333,335289021977084,16800000,335289023022376,335289035659626,335289037389751,335289051279959,335289057841667,8975625,371625,335289057841667,335289052086584,-1,335289051279959,
0,116083150,335289025304000,335289025304000,0,335289037698459,335289037700376,335289038211584,335289038482459,335289094387333,335289037688542,16800000,335289038768251,335289052327834,335289053753459,335289068786959,335289075368126,9297000,372458,335289075368126,335289069567917,-1,335289068786959,
0,116083158,335289042104000,335289042104000,0,335289053999876,335289054001126,335289054461584,335289054647667,335289111187333,335289053992209,16800000,335289054917292,335289069804876,335289071248001,335289085754751,335289092353751,8493666,570417,335289092353751,335289086797209,-1,335289085754751,
0,116083166,335289058904000,335289058904000,0,335289071475459,335289071476626,335289071902084,335289072123251,335289127987333,335289071467709,16800000,335289072417251,335289087075959,335289088972376,335289101992917,335289108656542,7405375,794375,335289108656542,335289103245751,-1,335289101992917,
0,116083174,335289075704000,335289075704000,0,335289089194376,335289089195667,335289089587167,335289089803167,335289144787333,335289089186667,16800000,335289090044334,335289103520709,335289105423209,335289117962334,335289124602417,7972541,384083,335289124602417,335289118736001,-1,335289117962334,
0,116083182,335289092504000,335289092504000,0,335289105763542,335289105766209,335289106244001,335289106508292,335289161587333,335289105753501,16800000,335289106953667,335289118998626,335289120568417,335289134274542,335289140895126,9323292,398333,335289140895126,335289135094584,-1,335289134274542,
0,116083190,335289109304000,335289109304000,0,335289120760084,335289120761626,335289121117584,335289121281792,335289178387333,335289120754251,16800000,335289121490667,335289135304542,335289136780959,335289150562584,335289157164667,9711458,655459,335289157164667,335289151534584,-1,335289150562584,
0,116083198,335289126104000,335289126104000,0,335289136994251,335289136995626,335289137374917,335289137548876,335289195187333,335289136987959,16800000,335289137770126,335289151720626,335289152939084,335289167415251,335289173919001,10347583,276916,335289173919001,335289168112834,-1,335289167415251,
0,116083206,335289142904000,335289142904000,0,335289153142667,335289153143792,335289153479584,335289153628876,335289211987333,335289153136667,16800000,335289153824209,335289168289209,335289169524042,335289183267126,335289189781709,10390833,281541,335289189781709,335289183846834,-1,335289183267126,
0,116083214,335289159704000,335289159704000,-330321791,335289169930792,335289169931959,335289170237209,335289170381167,335289228787333,335289169923751,16800000,335289170564209,335289184093251,335289185255709,335289200155334,335289206686917,11503958,280125,335289206686917,335289200727167,-1,335289200155334,
0,116083222,335289176504000,335289176504000,0,335289186108251,335289186109917,335289186419042,335289186690542,335289245587333,335289186102209,16800000,335289186904167,335289200900917,335289202058751,335289216852042,335289223396709,11386292,325791,335289223396709,335289217477167,-1,335289216852042,
0,116083230,335289193304000,335289193304000,-52160748,335289202482626,335289202483709,335289202783459,335289202926876,335289262387333,335289202476417,16800000,335289203205917,335289217668042,335289218841042,335289234164167,335289240895709,11640333,316125,335289240895709,335289234968626,-1,335289234164167,
0,116083238,335289210104000,335289210104000,0,335289219920876,335289219922292,335289220282667,335289220447459,335289279187333,335289219914251,16800000,335289220668001,335289235176876,335289236415001,335289250443626,335289257150126,10745125,556375,335289257150126,335289251328626,-1,335289250443626,
0,116083246,335289226904000,335289226904000,0,335289236612584,335289236613542,335289238524917,335289238748001,335289295987333,335289236606376,16800000,335289239487334,335289251508417,335289252713292,335289267959251,335289274606584,11202916,302791,335289274606584,335289268706542,-1,335289267959251,
0,116083254,335289243704000,335289243704000,0,335289252958042,335289252958876,335289266240459,335289266402584,335289312787333,335289252951917,16800000,335289270145084,335289270306584,335289271729542,335289284626792,335289291270501,8990708,525458,335289291270501,335289285531334,-1,335289284626792,
0,116083262,335289260504000,335289260504000,0,335289272282792,335289272284584,335289275730959,335289275933917,335289329587333,335289272274876,16800000,335289277281917,335289285708376,335289286999417,335289304731959,335289313341793,10511375,586791,335289313341793,335289305615418,-1,335289304731959,
0,116083270,335289277304000,335289277304000,0,335289287333542,335289287334626,335289287805834,335289287956001,335289346387333,335289287327459,16800000,335289288208876,335289305789751,335289307048751,335289323786126,335289331713751,7176083,638791,335289331713751,335289324693501,-1,335289323786126,
0,116083278,335289294104000,335289294104000,0,335289307321418,335289307322543,335289307780834,335289307913543,335289363187333,335289307315501,16800000,335289308166084,335289324872626,335289326142584,335289339046376,335289346350876,4944458,543291,335289346350876,335289339857293,-1,335289339046376,
0,116083286,335289310904000,335289310904000,0,335289326461501,335289326462584,335289326905709,335289327039918,335289379987333,335289326455126,16800000,335289327247209,335289340065793,335289341239626,335289353089376,335289360031584,6691291,555166,335289360031584,335289353933876,-1,335289353089376,
0,116083294,335289327704000,335289327704000,0,335289341536501,335289341537709,335289342059584,335289342198376,335289396787333,335289341529543,16800000,335289342409168,335289354111043,335289355275709,335289370632334,335289377321043,9796542,322042,335289377321043,335289371314543,-1,335289370632334,
0,116083302,335289344504000,335289344504000,0,335289355537209,335289355538168,335289356160168,335289356307293,335289413587333,335289355531168,16800000,335289356538876,335289371503084,335289372769876,335289386554834,335289392984334,8655875,293459,335289392984334,335289387131709,-1,335289386554834,
0,116083310,335289361304000,335289361304000,0,335289373088043,335289373089001,335289373628668,335289373775751,335289430387333,335289373081584,16800000,335289374000209,335289387385709,335289388623834,335289404452751,335289410846126,9557000,294709,335289410846126,335289405027626,-1,335289404452751,
0,116083318,335289378104000,335289378104000,0,335289389026459,335289389027543,335289389482668,335289389619626,335289447187333,335289389019209,16800000,335289389822001,335289405204751,335289406367126,335289420676126,335289427046043,8593875,292750,335289427046043,335289421304251,-1,335289420676126,
0,116083326,335289394904000,335289394904000,0,335289406533459,335289406534459,335289407002543,335289407144168,335289463987333,335289406528126,16800000,335289407348209,335289421484959,335289422696876,335289435038793,335289441434459,9079375,289542,335289441434459,335289435632459,-1,335289435038793,
0,116083334,335289411704000,335289411704000,0,335289422871959,335289422873209,335289423314668,335289423465584,335289480787333,335289422866543,16800000,335289423691626,335289435808543,335289437060959,335289451924418,335289458381668,11583459,287500,335289458381668,335289452607001,-1,335289451924418,
0,116083342,335289428504000,335289428504000,0,335289437237543,335289437238418,335289437648584,335289437789168,335289497587333,335289437232251,16800000,335289437988001,335289452788459,335289453993668,335289468650668,335289475038209,11434541,290083,335289475038209,335289469248501,-1,335289468650668,
0,116083350,335289445304000,335289445304000,0,335289454161543,335289454162459,335289454573209,335289454712876,335289514387333,335289454155834,16800000,335289454908793,335289469491209,335289470683626,335289489643376,335289496074959,11480875,359792,335289496074959,335289490357668,-1,335289489643376,
0,116083358,335289462104000,335289462104000,0,335289470860459,335289470861751,335289471268793,335289471408168,335289531187333,335289470855251,16800000,335289471585709,335289490578168,335289491968168,335289507714751,335289514116584,7578083,376625,335289514116584,335289508500251,-1,335289507714751,
0,116083366,335289478904000,335289478904000,0,335289492221793,335289492223084,335289492722709,335289493007501,335289547987333,335289492214751,16800000,335289493313376,335289508740834,335289510247334,335289520398418,335289526819543,6075625,479000,335289526819543,335289521246334,-1,335289520398418,
0,116083374,335289495704000,335289495704000,0,335289510665959,335289510667334,335289511269793,335289511439418,335289564787333,335289510658043,16800000,335289511615459,335289521481751,335289523153751,335289537928001,335289544378418,10129458,480042,335289544378418,335289538875043,-1,335289537928001,
0,116083382,335289512504000,335289512504000,0,335289523381251,335289523382418,335289523916876,335289524138501,335289581587333,335289523373834,16800000,335289524331668,335289539130001,335289541026334,335289554620043,335289561081376,9056875,796000,335289561081376,335289555854459,-1,335289554620043,
0,116083390,335289529304000,335289529304000,0,335289541270168,335289541271876,335289542400334,335289542592459,335289598387333,335289541261584,16800000,335289542798876,335289556174626,335289557822834,335289577257293,335289583764834,9015792,818375,335289583764834,335289578490334,-1,335289577257293,
0,116083398,335289546104000,335289546104000,0,335289558060001,335289558061543,335289568683334,335289568868334,335289615187333,335289558051501,16800000,335289569018709,335289578744918,335289581196709,335289592475126,335289598857126,2624417,917416,335289598857126,335289593781876,-1,335289592475126,
0,116083406,335289562904000,335289579704000,0,335289581614751,335289581616418,335289583970751,335289584203293,335289631987333,335289581597209,16800000,335289584255334,335289594131209,335289595601126,335289604988459,335289611482334,4998334,691209,335289611482334,335289606092501,-1,335289604988459,
0,116083415,335289596504000,335289596504000,0,335289596899834,335289596902001,335289597401668,335289597664793,335289648787333,335289596889876,16800000,335289597736918,335289606332168,335289607565043,335289622313709,335289628720959,9870791,794375,335289628720959,335289623533168,-1,335289622313709,
0,116083423,335289613304000,335289613304000,0,335289613730918,335289613733209,335289614221751,335289614451126,335289665587333,335289613700084,16800000,335289614500251,335289623753418,335289625036293,335289643904584,335289650443293,9078375,744500,335289650443293,335289645209293,-1,335289643904584,
0,116083431,335289630104000,335289630104000,0,335289630473001,335289630475126,335289630888959,335289631072293,335289682387333,335289630464209,16800000,335289631116168,335289645457001,335289646802209,335289659916001,335289666454209,4193625,702666,335289666454209,335289661187751,-1,335289659916001,
0,116083439,335289646904000,335289646904000,0,335289647269251,335289647271084,335289647744293,335289647995501,335289699187333,335289647260668,16800000,335289648122001,335289661494709,335289662830668,335289673326001,335289679753793,5105708,851959,335289679753793,335289674852376,-1,335289673326001,
0,116083447,335289663704000,335289663704000,0,335289664098918,335289664100751,335289664581584,335289664826501,335289715987333,335289664091043,16800000,335289664877709,335289675094584,335289676599876,335289688597876,335289694997001,7897291,710125,335289694997001,335289689706793,-1,335289688597876,
0,116083455,335289680504000,335289680504000,0,335289680880668,335289680882751,335289681327751,335289681558459,335289732787333,335289680871501,16800000,335289681606959,335289689926043,335289691155126,335289706721043,335289713212376,10325667,854042,335289713212376,335289708047459,-1,335289706721043,
0,116083463,335289697304000,335289697304000,0,335289697719876,335289697722168,335289698222751,335289698516043,335289749587333,335289697709001,16800000,335289698567293,335289708288334,335289709871376,335289727532876,335289734072501,8070791,897375,335289734072501,335289728905459,-1,335289727532876,
0,116083471,335289714104000,335289714104000,0,335289714523709,335289714525793,335289714985543,335289715283418,335289766387333,335289714514043,16800000,335289715331293,335289729174834,335289730630626,335289739112376,335289745531126,4454375,760584,335289745531126,335289740266501,-1,335289739112376,
0,116083479,335289730904000,335289730904000,0,335289731298043,335289731299918,335289731775126,335289732124501,335289783187333,335289731288251,16800000,335289732178668,335289740485043,335289741707834,335289757169626,335289763646668,10126333,795833,335289763646668,335289758401293,-1,335289757169626,
0,116083735,335290335704000,335290335704000,0,335290336263085,335290336265501,335290351437918,335290351680793,335290354387333,335290336251043,16800000,335290360670668,335290360838835,335290362025126,335290364713251,335290377849835,23917,386792,335290377849835,335290365501210,-1,335290364713251,
0,116083742,335290352504000,335290352504000,0,335290362465668,335290362467376,335290364254585,335290364486001,335290404787333,335290362456168,16800000,335290364904418,335290365688043,335290366870543,335290381221835,335290395818876,43208,614667,335290395818876,335290382227210,-1,335290381221835,
0,116083750,335290386104000,335290386104000,0,335290386482668,335290386484626,335290388134085,335290388415710,335290421587333,335290386474668,16800000,335290389016876,335290389187335,335290390312585,335290404360751,335290418989960,23917,724583,335290418989960,335290405505418,-1,335290404360751,
0,116083758,335290402904000,335290402904000,0,335290403355210,335290403358126,335290405211585,335290405479501,335290438387333,335290403343543,16800000,335290406081126,335290406299793,335290410907460,335290425968293,335290439223376,24125,842750,335290439223376,335290427212585,-1,335290425968293,
0,116083766,335290419704000,335290419704000,0,335290420146710,335290420149335,335290423566501,335290424110293,335290471987333,335290420135918,16800000,335290424770793,335290427411168,335290428542710,335290441862960,335290448467085,43625,911042,335290448467085,335290443141876,-1,335290441862960,
0,116083774,335290436504000,335290436504000,0,335290436908918,335290436911335,335290438453293,335290438689835,335290488787333,335290436899793,16800000,335290440200168,335290443340043,335290445626376,335290464898293,335290471461876,11789750,326041,335290471461876,335290465553376,-1,335290464898293,
0,116083782,335290453304000,335290453304000,0,335290453617876,335290453619293,335290454540585,335290454716168,335290505587333,335290453611043,16800000,335290455069710,335290465731876,335290466777918,335290479650876,335290486186918,6843542,605875,335290486186918,335290480580626,-1,335290479650876,
0,116083790,335290470104000,335290470104000,0,335290470399835,335290470401751,335290471391460,335290471560876,335290522387333,335290470393210,16800000,335290471958918,335290480749960,335290481817668,335290500239460,335290506702210,8699000,642833,335290506702210,335290501199835,-1,335290500239460,
0,116083798,335290486904000,335290486904000,0,335290487192335,335290487193835,335290488150626,335290488298585,335290539187333,335290487185918,16800000,335290488578501,335290501377376,335290502579251,335290513219085,335290519697793,4539083,535292,335290519697793,335290514066918,-1,335290513219085,
0,116083806,335290503704000,335290503704000,0,335290503959210,335290503960585,335290504939418,335290505100543,335290555987333,335290503952293,16800000,335290505408001,335290514281251,335290515364376,335290531856126,335290538369210,8515667,533083,335290538369210,335290532744501,-1,335290531856126,
0,116083814,335290520504000,335290520504000,0,335290520801626,335290520803293,335290521807585,335290521963751,335290572787333,335290520795168,16800000,335290522257460,335290532925710,335290534104376,335290544315751,335290550797710,6875792,552833,335290550797710,335290545179001,-1,335290544315751,
0,116083822,335290537304000,335290537304000,0,335290537622835,335290537624460,335290538572293,335290538810668,335290589587333,335290537615710,16800000,335290539111960,335290545426626,335290546525543,335290565733168,335290572211293,12085042,601666,335290572211293,335290566648001,-1,335290565733168,
0,116083830,335290554104000,335290554104000,0,335290554386168,335290554387460,335290555341460,335290555526876,335290606387333,335290554379126,16800000,335290555839710,335290566835626,335290567972626,335290582152085,335290588677960,6519875,794167,335290588677960,335290583303918,-1,335290582152085,
0,116083838,335290570904000,335290570904000,0,335290571251835,335290571253543,335290572599210,335290572772668,335290623187333,335290571244293,16800000,335290573128751,335290583624626,335290584827543,335290599075251,335290605634001,6449167,711125,335290605634001,335290600114335,-1,335290599075251,
0,116083846,335290587704000,335290587704000,0,335290588343210,335290588345876,335290589506876,335290591271043,335290639987333,335290588330668,16800000,335290591710918,335290600297876,335290601379460,335290614805251,335290621278835,6732667,531542,335290621278835,335290615634001,-1,335290614805251,
0,116083854,335290604504000,335290604504000,0,335290604913918,335290604915626,335290605951126,335290606130543,335290656787333,335290604906335,16800000,335290606475876,335290615808585,335290616825876,335290632048751,335290638532210,8549042,595417,335290638532210,335290632986585,-1,335290632048751,
0,116083862,335290621304000,335290621304000,0,335290621578876,335290621580460,335290622979335,335290623137501,335290673587333,335290621572376,16800000,335290623474418,335290633188751,335290634435751,335290644857585,335290651342126,7201875,552375,335290651342126,335290645726085,-1,335290644857585,
0,116083870,335290638104000,335290638104000,0,335290638403668,335290638405168,335290638699335,335290638866668,335290690387333,335290638397168,16800000,335290639113210,335290645913043,335290646941501,335290662248960,335290668744751,11938125,637708,335290668744751,335290663251501,-1,335290662248960,
0,116083878,335290654904000,335290654904000,0,335290655254335,335290655255876,335290655516251,335290655692543,335290707187333,335290655246418,16800000,335290655924126,335290663463043,335290664709418,335290679521126,335290685818626,10808625,650292,335290685818626,335290680515126,-1,335290679521126,
---PROFILEDATA---


View hierarchy:

  com.auroratv.lab/com.auroratv.MainActivity/android.view.ViewRootImpl@9989473
  307 views, 543.87 kB of render nodes


Total ViewRootImpl   : 1
Total attached Views : 307
Total RenderNode     : 543.87 kB (used) / 2150.11 kB (capacity)

