16683333
0	0	0
0	0	0
0	0	0
0	0	0
0	0	0
0	0	0
0	0	0
0	0	0
0	0	0
0	0	0
0	0	0
0	0	0
0	0	0
0	0	0
0	0	0
0	0	0
0	0	0
0	0	0
0	0	0
0	0	0
0	0	0
0	0	0
0	0	0
0	0	0
0	0	0
0	0	0
0	0	0
0	0	0
0	0	0
0	0	0
0	0	0
0	0	0
0	0	0
0	0	0
0	0	0
0	0	0
0	0	0
0	0	0
0	0	0
0	0	0
0	0	0
0	0	0
0	0	0
0	0	0
0	0	0
0	0	0
0	0	0
0	0	0
0	0	0
0	0	0
0	0	0
0	0	0
0	0	0
0	0	0
0	0	0
0	0	0
0	0	0
0	0	0
0	0	0
0	0	0
0	0	0
0	0	0
0	0	0
0	0	0
0	0	0
0	0	0
0	0	0
0	0	0
0	0	0
0	0	0
0	0	0
0	0	0
0	0	0
0	0	0
0	0	0
0	0	0
0	0	0
0	0	0
0	0	0
0	0	0
0	0	0
0	0	0
0	0	0
0	0	0
0	0	0
0	0	0
0	0	0
0	0	0
0	0	0
0	0	0
0	0	0
0	0	0
0	0	0
0	0	0
0	0	0
0	0	0
0	0	0
0	0	0
0	0	0
0	0	0
0	0	0
0	0	0
0	0	0
0	0	0
0	0	0
0	0	0
0	0	0
0	0	0
0	0	0
0	0	0
0	0	0
0	0	0
0	0	0
0	0	0
0	0	0
0	0	0
0	0	0
0	0	0
0	0	0
0	0	0
0	0	0
0	0	0
0	0	0
0	0	0
0	0	0
0	0	0
0	0	0

===
16683333
0	0	0
0	0	0
0	0	0
0	0	0
0	0	0
0	0	0
0	0	0
0	0	0
0	0	0
0	0	0
0	0	0
0	0	0
0	0	0
0	0	0
0	0	0
0	0	0
0	0	0
0	0	0
0	0	0
0	0	0
0	0	0
0	0	0
0	0	0
0	0	0
0	0	0
0	0	0
0	0	0
0	0	0
0	0	0
0	0	0
0	0	0
0	0	0
0	0	0
0	0	0
0	0	0
0	0	0
0	0	0
0	0	0
0	0	0
0	0	0
0	0	0
0	0	0
0	0	0
0	0	0
0	0	0
0	0	0
0	0	0
0	0	0
0	0	0
0	0	0
0	0	0
0	0	0
0	0	0
0	0	0
0	0	0
0	0	0
0	0	0
0	0	0
0	0	0
0	0	0
0	0	0
0	0	0
0	0	0
0	0	0
0	0	0
0	0	0
0	0	0
0	0	0
0	0	0
0	0	0
0	0	0
0	0	0
0	0	0
0	0	0
0	0	0
0	0	0
0	0	0
0	0	0
0	0	0
0	0	0
335080899158693	335080912368782	335080911634318
335080932157110	335080945735448	335080946424485
335080954610026	335080962418781	335080960973651
335080978632485	335080979102114	335080984850610
335080995094985	335080995785447	335081001363777
335081006322693	335081012468780	335081012496860
335081023879152	335081029152113	335081030229818
335081038919943	335081045835446	335081045144360
335081051962152	335081062518779	335081058203902
335081068144777	335081079202112	335081074300652
335081087508568	335081095885445	335081093834193
335081103371777	335081112568778	335081109618860
335081120874610	335081129252111	335081127096860
335081136272943	335081145935444	335081142498777
335081206255443	335081212668776	335081212280943
335081231620152	335081246035442	335081239649235
335081251266527	335081262718775	335081259570318
335081267000902	335081279402108	335081275462360
335081281739443	335081296085441	335081290312193
335081293740485	335081312768774	335081302340152
335081306243610	335081329452107	335081314736652
335081322802818	335081346135440	335081331370068
335081338970610	335081362818773	335081347546860
335081355944110	335081379502106	335081364533860
335081372265402	335081396185439	335081380878777
335081388999110	335081412868772	335081397530943
335081405826402	335081429552105	335081414359402
335081423619735	335081446235438	335081432154568
335081441878985	335081462918771	335081448160943
335081455751568	335081479602104	335081462022652
335081472988277	335081496285437	335081479203860
335081489255860	335081512968770	335081495532485
335081506506402	335081529652103	335081512734027
335081523584318	335081546335436	335081529807943
335081537418193	335081563018769	335081543572235
335081553015735	335081579702102	335081559210152
335081570502693	335081596385435	335081576665485
335081587643193	335081613068768	335081593809735
335081605280818	335081629752101	335081611390443
335081621551652	335081646435434	335081627712110
335081639197152	335081663118767	335081645379110
335081655441527	335081679802100	335081661618277
335081671769235	335081696485433	335081677960319
335081689203360	335081713168766	335081695356735
335081707127985	335081729852099	335081713286569
335081723535819	335081746535432	335081729731402
335081739751902	335081763218765	335081745900610

===
16683333
0	0	0
0	0	0
0	0	0
0	0	0
0	0	0
0	0	0
0	0	0
0	0	0
0	0	0
0	0	0
0	0	0
0	0	0
0	0	0
0	0	0
0	0	0
0	0	0
0	0	0
0	0	0
0	0	0
0	0	0
0	0	0
0	0	0
0	0	0
0	0	0
0	0	0
0	0	0
0	0	0
0	0	0
0	0	0
335080899158693	335080912368782	335080911634318
335080932157110	335080945735448	335080946424485
335080954610026	335080962418781	335080960973651
335080978632485	335080979102114	335080984850610
335080995094985	335080995785447	335081001363777
335081006322693	335081012468780	335081012496860
335081023879152	335081029152113	335081030229818
335081038919943	335081045835446	335081045144360
335081051962152	335081062518779	335081058203902
335081068144777	335081079202112	335081074300652
335081087508568	335081095885445	335081093834193
335081103371777	335081112568778	335081109618860
335081120874610	335081129252111	335081127096860
335081136272943	335081145935444	335081142498777
335081206255443	335081212668776	335081212280943
335081231620152	335081246035442	335081239649235
335081251266527	335081262718775	335081259570318
335081267000902	335081279402108	335081275462360
335081281739443	335081296085441	335081290312193
335081293740485	335081312768774	335081302340152
335081306243610	335081329452107	335081314736652
335081322802818	335081346135440	335081331370068
335081338970610	335081362818773	335081347546860
335081355944110	335081379502106	335081364533860
335081372265402	335081396185439	335081380878777
335081388999110	335081412868772	335081397530943
335081405826402	335081429552105	335081414359402
335081423619735	335081446235438	335081432154568
335081441878985	335081462918771	335081448160943
335081455751568	335081479602104	335081462022652
335081472988277	335081496285437	335081479203860
335081489255860	335081512968770	335081495532485
335081506506402	335081529652103	335081512734027
335081523584318	335081546335436	335081529807943
335081537418193	335081563018769	335081543572235
335081553015735	335081579702102	335081559210152
335081570502693	335081596385435	335081576665485
335081587643193	335081613068768	335081593809735
335081605280818	335081629752101	335081611390443
335081621551652	335081646435434	335081627712110
335081639197152	335081663118767	335081645379110
335081655441527	335081679802100	335081661618277
335081671769235	335081696485433	335081677960319
335081689203360	335081713168766	335081695356735
335081707127985	335081729852099	335081713286569
335081723535819	335081746535432	335081729731402
335081739751902	335081763218765	335081745900610
335081756645527	335081779902098	335081762856235
335081771723694	335081796585431	335081778073194
335081789177902	335081813268764	335081795419069
335081805713694	335081829952097	335081811989319
335081822212860	335081846635430	335081828455694
335081838452652	335081863318763	335081844672652
335081855342110	335081880002096	335081861533777
335081876640902	335081896685429	335081882997944
335081889282902	335081913368762	335081895660569
335081920730319	335081930052095	335081927064610
335081934581444	335081946735428	335081942866235
335081948155069	335081963418761	335081955794527
335081962293860	335081980102094	335081969309777
335081978828235	335081996785427	335081985391777
335081994958860	335082013468760	335082001543902
335082013545277	335082030152093	335082019631569
335082026439569	335082046835426	335082032550110
335082042554569	335082063518759	335082048653819
335082060743277	335082080202092	335082066833485
335082077013277	335082096885425	335082083095277
335082093130694	335082113568758	335082099222735
335082110618569	335082130252091	335082116698860
335082128152527	335082146935424	335082134229985
335082144131610	335082163618757	335082150111110
335082161155194	335082180302090	335082167259610
335082178763277	335082196985423	335082184831694
335082195335610	335082213668756	335082201368360
335082211662694	335082230352089	335082217643152
335082228595069	335082247035422	335082234624277
335082245477860	335082263718755	335082251507985
335082263440319	335082280402088	335082269429194
335082278820235	335082297085421	335082284842194
335082297466694	335082313768754	335082303487152
335082314777819	335082330452087	335082320845152
335082329886069	335082347135420	335082335967235
335082347150527	335082363818753	335082353163777
335082364757610	335082380502086	335082370786527
335082380730361	335082397185419	335082386748361
335082393868652	335082413868752	335082399861319
335082756116194	335082780902078	335082774288569
335082776262902	335082797585411	335082800787194
335082803169569	335082830952077	335082828298236
335082822436694	335082847635410	335082856096361
335082853757777	335082881002076	335082884385902
335082867766861	335082897685409	335082898852819
335082900855027	335082914368742	335082909421069
335082917645986	335082931052075	335082926236569
335082935116486	335082947735408	335082943699361
335082951426652	335082964418741	335082960055152
335082968146194	335082981102074	335082976709652
335082984636027	335082997785407	335082993223736

===
16683333
335081489255860	335081512968770	335081495532485
335081506506402	335081529652103	335081512734027
335081523584318	335081546335436	335081529807943
335081537418193	335081563018769	335081543572235
335081553015735	335081579702102	335081559210152
335081570502693	335081596385435	335081576665485
335081587643193	335081613068768	335081593809735
335081605280818	335081629752101	335081611390443
335081621551652	335081646435434	335081627712110
335081639197152	335081663118767	335081645379110
335081655441527	335081679802100	335081661618277
335081671769235	335081696485433	335081677960319
335081689203360	335081713168766	335081695356735
335081707127985	335081729852099	335081713286569
335081723535819	335081746535432	335081729731402
335081739751902	335081763218765	335081745900610
335081756645527	335081779902098	335081762856235
335081771723694	335081796585431	335081778073194
335081789177902	335081813268764	335081795419069
335081805713694	335081829952097	335081811989319
335081822212860	335081846635430	335081828455694
335081838452652	335081863318763	335081844672652
335081855342110	335081880002096	335081861533777
335081876640902	335081896685429	335081882997944
335081889282902	335081913368762	335081895660569
335081920730319	335081930052095	335081927064610
335081934581444	335081946735428	335081942866235
335081948155069	335081963418761	335081955794527
335081962293860	335081980102094	335081969309777
335081978828235	335081996785427	335081985391777
335081994958860	335082013468760	335082001543902
335082013545277	335082030152093	335082019631569
335082026439569	335082046835426	335082032550110
335082042554569	335082063518759	335082048653819
335082060743277	335082080202092	335082066833485
335082077013277	335082096885425	335082083095277
335082093130694	335082113568758	335082099222735
335082110618569	335082130252091	335082116698860
335082128152527	335082146935424	335082134229985
335082144131610	335082163618757	335082150111110
335082161155194	335082180302090	335082167259610
335082178763277	335082196985423	335082184831694
335082195335610	335082213668756	335082201368360
335082211662694	335082230352089	335082217643152
335082228595069	335082247035422	335082234624277
335082245477860	335082263718755	335082251507985
335082263440319	335082280402088	335082269429194
335082278820235	335082297085421	335082284842194
335082297466694	335082313768754	335082303487152
335082314777819	335082330452087	335082320845152
335082329886069	335082347135420	335082335967235
335082347150527	335082363818753	335082353163777
335082364757610	335082380502086	335082370786527
335082380730361	335082397185419	335082386748361
335082393868652	335082413868752	335082399861319
335082756116194	335082780902078	335082774288569
335082776262902	335082797585411	335082800787194
335082803169569	335082830952077	335082828298236
335082822436694	335082847635410	335082856096361
335082853757777	335082881002076	335082884385902
335082867766861	335082897685409	335082898852819
335082900855027	335082914368742	335082909421069
335082917645986	335082931052075	335082926236569
335082935116486	335082947735408	335082943699361
335082951426652	335082964418741	335082960055152
335082968146194	335082981102074	335082976709652
335082984636027	335082997785407	335082993223736
335083003413777	335083014468740	335083011935152
335083020209486	335083031152073	335083026346361
335083039709902	335083047835406	335083045986527
335083052993527	335083064518739	335083059202111
335083068922111	335083081202072	335083075181319
335083085134986	335083097885405	335083091337694
335083102524569	335083114568738	335083108734653
335083120182069	335083131252071	335083126346153
335083136065819	335083147935404	335083142250153
335083153665486	335083164618737	335083159872236
335083170684944	335083181302070	335083176869569
335083186986611	335083197985403	335083193272361
335083204368903	335083214668736	335083210553944
335083216755944	335083231352069	335083222928903
335083234322986	335083248035402	335083240487236
335083250518194	335083264718735	335083256721819
335083267598069	335083281402068	335083273844944
335083286146069	335083298085401	335083292278528
335083301911861	335083314768734	335083308066569
335083317677111	335083331452067	335083323855403
335083335136028	335083348135400	335083341322653
335083352178694	335083364818733	335083358322903
335083369118486	335083381502066	335083375291236
335083386233444	335083398185399	335083392395278
335083401551153	335083414868732	335083407796528
335083418610944	335083431552065	335083424893819
335083434712403	335083448235398	335083440911653
335083451139069	335083464918731	335083457398319
335083468456069	335083481602064	335083474735028
335083485716278	335083498285397	335083492110278
335083502152444	335083514968730	335083508458778
335083519257403	335083531652063	335083527551861
335083535396236	335083548335396	335083542950069
335083552109153	335083565018729	335083559068153
335083570255444	335083581702062	335083576868944
335083586791528	335083598385395	335083593127778
335083603373111	335083615068728	335083609417903
335083618480944	335083631752061	335083624589778
335083635219278	335083665118727	335083641310903
335083652190986	335083681802060	335083658251486
335083668562569	335083698485393	335083674649736
335083685425194	335083715168726	335083691505069
335083702183569	335083731852059	335083708251694
335083719110486	335083748535392	335083725172778
335083735881486	335083765218725	335083741951403
335083752732694	335083781902058	335083758810569
335083772807861	335083798585391	335083778962945
335083788556778	335083815268724	335083794562278
335083805335570	335083831952057	335083811407320
335083822484653	335083848635390	335083828479611
335083840237403	335083865318723	335083846099945
335083855443570	335083882002056	335083861436653
335083872616361	335083898685389	335083878634278
335083890476236	335083915368722	335083896432111
335083907197528	335083932052055	335083913232153
335083923012986	335083948735388	335083929002028
335083939190361	335083965418721	335083945102111
335083956702320	335083982102054	335083962689236
335083974164111	335083998785387	335083980155403
335083990969320	335084015468720	335083996907695

===
16683333
335082935116486	335082947735408	335082943699361
335082951426652	335082964418741	335082960055152
335082968146194	335082981102074	335082976709652
335082984636027	335082997785407	335082993223736
335083003413777	335083014468740	335083011935152
335083020209486	335083031152073	335083026346361
335083039709902	335083047835406	335083045986527
335083052993527	335083064518739	335083059202111
335083068922111	335083081202072	335083075181319
335083085134986	335083097885405	335083091337694
335083102524569	335083114568738	335083108734653
335083120182069	335083131252071	335083126346153
335083136065819	335083147935404	335083142250153
335083153665486	335083164618737	335083159872236
335083170684944	335083181302070	335083176869569
335083186986611	335083197985403	335083193272361
335083204368903	335083214668736	335083210553944
335083216755944	335083231352069	335083222928903
335083234322986	335083248035402	335083240487236
335083250518194	335083264718735	335083256721819
335083267598069	335083281402068	335083273844944
335083286146069	335083298085401	335083292278528
335083301911861	335083314768734	335083308066569
335083317677111	335083331452067	335083323855403
335083335136028	335083348135400	335083341322653
335083352178694	335083364818733	335083358322903
335083369118486	335083381502066	335083375291236
335083386233444	335083398185399	335083392395278
335083401551153	335083414868732	335083407796528
335083418610944	335083431552065	335083424893819
335083434712403	335083448235398	335083440911653
335083451139069	335083464918731	335083457398319
335083468456069	335083481602064	335083474735028
335083485716278	335083498285397	335083492110278
335083502152444	335083514968730	335083508458778
335083519257403	335083531652063	335083527551861
335083535396236	335083548335396	335083542950069
335083552109153	335083565018729	335083559068153
335083570255444	335083581702062	335083576868944
335083586791528	335083598385395	335083593127778
335083603373111	335083615068728	335083609417903
335083618480944	335083631752061	335083624589778
335083635219278	335083665118727	335083641310903
335083652190986	335083681802060	335083658251486
335083668562569	335083698485393	335083674649736
335083685425194	335083715168726	335083691505069
335083702183569	335083731852059	335083708251694
335083719110486	335083748535392	335083725172778
335083735881486	335083765218725	335083741951403
335083752732694	335083781902058	335083758810569
335083772807861	335083798585391	335083778962945
335083788556778	335083815268724	335083794562278
335083805335570	335083831952057	335083811407320
335083822484653	335083848635390	335083828479611
335083840237403	335083865318723	335083846099945
335083855443570	335083882002056	335083861436653
335083872616361	335083898685389	335083878634278
335083890476236	335083915368722	335083896432111
335083907197528	335083932052055	335083913232153
335083923012986	335083948735388	335083929002028
335083939190361	335083965418721	335083945102111
335083956702320	335083982102054	335083962689236
335083974164111	335083998785387	335083980155403
335083990969320	335084015468720	335083996907695
335084399910278	335084415868712	335084418120736
335084411866861	335084449235378	335084444107445
335084432110986	335084482602044	335084471310862
335084459200028	335084499285377	335084495881612
335084492976987	335084515968710	335084521000612
335084513032862	335084549335376	335084537850487
335084530388862	335084566018709	335084547065403
335084560057195	335084582702042	335084568535445
335084580180403	335084599385375	335084588715445
335084596787987	335084616068708	335084605396487
335084613912570	335084632752041	335084622541570
335084628274612	335084649435374	335084636783195
335084646420820	335084666118707	335084654909112
335084667240445	335084682802040	335084673458445
335084684766070	335084699485373	335084690848278
335084700803028	335084716168706	335084706938070
335084715656362	335084732852039	335084721866153
335084733808862	335084749535372	335084740118028
335084750476070	335084766218705	335084756664487
335084766445278	335084782902038	335084772659987
335084779340695	335084799585371	335084785685737
335084795566612	335084816268704	335084801787820
335084817600403	335084832952037	335084823808320
335084835291612	335084849635370	335084841507737
335084847845320	335084866318703	335084854052528
335084863508737	335084883002036	335084869738612
335084880743820	335084899685369	335084886893195
335084896984487	335084916368702	335084903298653
335084914960445	335084933052035	335084921153487
335084932389195	335084949735368	335084938644778
335084949329653	335084966418701	335084955519987
335084966500945	335084983102034	335084972768903
335084983846862	335084999785367	335084989880903
335084999838237	335085016468700	335085005878195
335085015654028	335085033152033	335085021829528
335085033381195	335085049835366	335085039516237
335085048804820	335085066518699	335085055061528
335085065555778	335085083202032	335085071698695
335085081067112	335085099885365	335085087268320
335085097579570	335085116568698	335085103875945
335085116919403	335085133252031	335085123081153
335085131615737	335085149935364	335085137860028
335085155463028	335085166618697	335085161759362
335085171526570	335085183302030	335085179836279
335085187894779	335085199985363	335085195528862
335085198374737	335085216668696	335085205363112
335085217110737	335085233352029	335085223720737
335085237274070	335085250035362	335085243626070
335085253616195	335085266718695	335085259747945
335085268285320	335085283402028	335085274395237
335085281743737	335085300085361	335085287837570
335085298393570	335085316768694	335085304485404
335085318686029	335085333452027	335085324762279
335085335149862	335085350135360	335085341161737
335085351923570	335085366818693	335085357993112
335085365725529	335085383502026	335085371796695
335085382455779	335085400185359	335085388528487
335085402504112	335085416868692	335085408569612
335085422144612	335085433552025	335085428259154
335085439178529	335085450235358	335085445247612
335085451495987	335085466918691	335085457451112
335085467674362	335085483602024	335085473678737
335085491650654	335085500285357	335085497647529

===
16683333
335083840237403	335083865318723	335083846099945
335083855443570	335083882002056	335083861436653
335083872616361	335083898685389	335083878634278
335083890476236	335083915368722	335083896432111
335083907197528	335083932052055	335083913232153
335083923012986	335083948735388	335083929002028
335083939190361	335083965418721	335083945102111
335083956702320	335083982102054	335083962689236
335083974164111	335083998785387	335083980155403
335083990969320	335084015468720	335083996907695
335084399910278	335084415868712	335084418120736
335084411866861	335084449235378	335084444107445
335084432110986	335084482602044	335084471310862
335084459200028	335084499285377	335084495881612
335084492976987	335084515968710	335084521000612
335084513032862	335084549335376	335084537850487
335084530388862	335084566018709	335084547065403
335084560057195	335084582702042	335084568535445
335084580180403	335084599385375	335084588715445
335084596787987	335084616068708	335084605396487
335084613912570	335084632752041	335084622541570
335084628274612	335084649435374	335084636783195
335084646420820	335084666118707	335084654909112
335084667240445	335084682802040	335084673458445
335084684766070	335084699485373	335084690848278
335084700803028	335084716168706	335084706938070
335084715656362	335084732852039	335084721866153
335084733808862	335084749535372	335084740118028
335084750476070	335084766218705	335084756664487
335084766445278	335084782902038	335084772659987
335084779340695	335084799585371	335084785685737
335084795566612	335084816268704	335084801787820
335084817600403	335084832952037	335084823808320
335084835291612	335084849635370	335084841507737
335084847845320	335084866318703	335084854052528
335084863508737	335084883002036	335084869738612
335084880743820	335084899685369	335084886893195
335084896984487	335084916368702	335084903298653
335084914960445	335084933052035	335084921153487
335084932389195	335084949735368	335084938644778
335084949329653	335084966418701	335084955519987
335084966500945	335084983102034	335084972768903
335084983846862	335084999785367	335084989880903
335084999838237	335085016468700	335085005878195
335085015654028	335085033152033	335085021829528
335085033381195	335085049835366	335085039516237
335085048804820	335085066518699	335085055061528
335085065555778	335085083202032	335085071698695
335085081067112	335085099885365	335085087268320
335085097579570	335085116568698	335085103875945
335085116919403	335085133252031	335085123081153
335085131615737	335085149935364	335085137860028
335085155463028	335085166618697	335085161759362
335085171526570	335085183302030	335085179836279
335085187894779	335085199985363	335085195528862
335085198374737	335085216668696	335085205363112
335085217110737	335085233352029	335085223720737
335085237274070	335085250035362	335085243626070
335085253616195	335085266718695	335085259747945
335085268285320	335085283402028	335085274395237
335085281743737	335085300085361	335085287837570
335085298393570	335085316768694	335085304485404
335085318686029	335085333452027	335085324762279
335085335149862	335085350135360	335085341161737
335085351923570	335085366818693	335085357993112
335085365725529	335085383502026	335085371796695
335085382455779	335085400185359	335085388528487
335085402504112	335085416868692	335085408569612
335085422144612	335085433552025	335085428259154
335085439178529	335085450235358	335085445247612
335085451495987	335085466918691	335085457451112
335085467674362	335085483602024	335085473678737
335085491650654	335085500285357	335085497647529
335085506572904	335085516968690	335085512662695
335085522116487	335085533652023	335085528154320
335085534921695	335085550335356	335085540940279
335085551317279	335085567018689	335085557325695
335085572979570	335085583702022	335085578983945
335085590821445	335085600385355	335085596857112
335085607642362	335085617068688	335085613618404
335085618880737	335085633752021	335085624930237
335085636899320	335085650435354	335085642872779
335085979957904	335085984102014	335085998107529
335085987945571	335086017468680	335086020451779
335086005660154	335086050835346	335086028502654
335086038860487	335086067518679	335086047126904
335086055575321	335086084202012	335086063996529
335086077687654	335086100885345	335086086236612
335086089014821	335086117568678	335086097510112
335086105797154	335086134252011	335086114233154
335086122477571	335086150935344	335086131038487
335086139325029	335086167618677	335086147806196
335086156090487	335086184302010	335086164628196
335086172964154	335086200985343	335086181579571
335086189749487	335086217668676	335086198360404
335086207127571	335086234352009	335086215629779
335086226414779	335086251035342	335086234970737
335086243030821	335086267718675	335086249278071
335086258822029	335086284402008	335086264989529
335086276115987	335086301085341	335086282389529
335086293349196	335086317768674	335086299548362
335086310928154	335086334452007	335086317030404
335086326456321	335086351135340	335086332714987
335086342782779	335086367818673	335086348977779
335086361514071	335086384502006	335086367656696
335086376967862	335086401185339	335086383174862
335086394596862	335086417868672	335086400807404
335086411714279	335086434552005	335086417790779
335086427328529	335086451235338	335086433516946
335086445221029	335086467918671	335086451400112
335086462133362	335086484602004	335086468184696
335086477651696	335086501285337	335086483860112
335086495646362	335086517968670	335086501780862
335086511892279	335086534652003	335086518051071
335086528983904	335086551335336	335086535131071
335086544646362	335086568018669	335086550675946
335086562070946	335086584702002	335086568195446
335086578404404	335086601385335	335086584529404
335086594817154	335086618068668	335086601042488
335086611930404	335086634752001	335086618105154
335086629551821	335086651435334	335086635719029
335086646800446	335086668118667	335086652934446
335086663015571	335086684802000	335086669171571
335086678672488	335086701485333	335086684834821
335086695605738	335086718168666	335086701782863
335086711537779	335086734851999	335086717777363
335086727710779	335086751535332	335086733913863

===
16683333
335085171526570	335085183302030	335085179836279
335085187894779	335085199985363	335085195528862
335085198374737	335085216668696	335085205363112
335085217110737	335085233352029	335085223720737
335085237274070	335085250035362	335085243626070
335085253616195	335085266718695	335085259747945
335085268285320	335085283402028	335085274395237
335085281743737	335085300085361	335085287837570
335085298393570	335085316768694	335085304485404
335085318686029	335085333452027	335085324762279
335085335149862	335085350135360	335085341161737
335085351923570	335085366818693	335085357993112
335085365725529	335085383502026	335085371796695
335085382455779	335085400185359	335085388528487
335085402504112	335085416868692	335085408569612
335085422144612	335085433552025	335085428259154
335085439178529	335085450235358	335085445247612
335085451495987	335085466918691	335085457451112
335085467674362	335085483602024	335085473678737
335085491650654	335085500285357	335085497647529
335085506572904	335085516968690	335085512662695
335085522116487	335085533652023	335085528154320
335085534921695	335085550335356	335085540940279
335085551317279	335085567018689	335085557325695
335085572979570	335085583702022	335085578983945
335085590821445	335085600385355	335085596857112
335085607642362	335085617068688	335085613618404
335085618880737	335085633752021	335085624930237
335085636899320	335085650435354	335085642872779
335085979957904	335085984102014	335085998107529
335085987945571	335086017468680	335086020451779
335086005660154	335086050835346	335086028502654
335086038860487	335086067518679	335086047126904
335086055575321	335086084202012	335086063996529
335086077687654	335086100885345	335086086236612
335086089014821	335086117568678	335086097510112
335086105797154	335086134252011	335086114233154
335086122477571	335086150935344	335086131038487
335086139325029	335086167618677	335086147806196
335086156090487	335086184302010	335086164628196
335086172964154	335086200985343	335086181579571
335086189749487	335086217668676	335086198360404
335086207127571	335086234352009	335086215629779
335086226414779	335086251035342	335086234970737
335086243030821	335086267718675	335086249278071
335086258822029	335086284402008	335086264989529
335086276115987	335086301085341	335086282389529
335086293349196	335086317768674	335086299548362
335086310928154	335086334452007	335086317030404
335086326456321	335086351135340	335086332714987
335086342782779	335086367818673	335086348977779
335086361514071	335086384502006	335086367656696
335086376967862	335086401185339	335086383174862
335086394596862	335086417868672	335086400807404
335086411714279	335086434552005	335086417790779
335086427328529	335086451235338	335086433516946
335086445221029	335086467918671	335086451400112
335086462133362	335086484602004	335086468184696
335086477651696	335086501285337	335086483860112
335086495646362	335086517968670	335086501780862
335086511892279	335086534652003	335086518051071
335086528983904	335086551335336	335086535131071
335086544646362	335086568018669	335086550675946
335086562070946	335086584702002	335086568195446
335086578404404	335086601385335	335086584529404
335086594817154	335086618068668	335086601042488
335086611930404	335086634752001	335086618105154
335086629551821	335086651435334	335086635719029
335086646800446	335086668118667	335086652934446
335086663015571	335086684802000	335086669171571
335086678672488	335086701485333	335086684834821
335086695605738	335086718168666	335086701782863
335086711537779	335086734851999	335086717777363
335086727710779	335086751535332	335086733913863
335086744268488	335086768218665	335086750546863
335086761030238	335086784901998	335086767290154
335086778051363	335086801585331	335086784269279
335086794131113	335086818268664	335086800372613
335086810901738	335086834951997	335086817168279
335086829109529	335086851635330	335086835356904
335086846735529	335086868318663	335086852866738
335086861349029	335086885001996	335086867590821
335086881265821	335086901685329	335086889547696
335086897329779	335086918368662	335086904959613
335086913561488	335086935051995	335086920580321
335086930429446	335086951735328	335086937066196
335086947172738	335086968418661	335086953510279
335086963304279	335086985101994	335086969424279
335086979644654	335087001785327	335086985737821
335086995110279	335087018468660	335087001185321
335087011849821	335087035151993	335087017914321
335087028614946	335087051835326	335087034697154
335087045664404	335087068518659	335087051713904
335087062651279	335087085201992	335087068727321
335087081871363	335087101885325	335087087897904
335087099207696	335087118568658	335087105224488
335087114929988	335087135251991	335087120940654
335087130971071	335087151935324	335087137024571
335087148986654	335087168618657	335087154975196
335087166087571	335087185301990	335087172071654
335087183649821	335087201985323	335087189604279
335087199554988	335087218668656	335087205517071
335087216040321	335087235351989	335087222015821
335087232594529	335087252035322	335087238604571
335087250187071	335087268718655	335087256179404
335087266896488	335087285401988	335087272922488
335087283334405	335087302085321	335087289293488
335087300279488	335087318768654	335087306281738
335087316497655	335087335451987	335087322615655
335087333675780	335087352135320	335087339753321
335087351228821	335087368818653	335087357292780
335087367691113	335087385501986	335087373698446
335087691113363	335087702485313	335087709328488
335087698992946	335087735851979	335087732046613
335087718453113	335087752535312	335087755826988
335087751984488	335087785901978	335087780436030
335087776410321	335087802585311	335087808675071
335087807478946	335087835951977	335087833896655
335087819333488	335087852635310	335087842377530
335087852634321	335087869318643	335087861193696
335087869405405	335087886001976	335087878024238
335087886213155	335087902685309	335087894827363
335087903029155	335087919368642	335087911666405
335087921931738	335087936051975	335087930414113
335087943571488	335087952735308	335087952103196
335087956422696	335087969418641	335087962588488
335087972085697	335087986101974	335087978261530

===
16683333
335086562070946	335086584702002	335086568195446
335086578404404	335086601385335	335086584529404
335086594817154	335086618068668	335086601042488
335086611930404	335086634752001	335086618105154
335086629551821	335086651435334	335086635719029
335086646800446	335086668118667	335086652934446
335086663015571	335086684802000	335086669171571
335086678672488	335086701485333	335086684834821
335086695605738	335086718168666	335086701782863
335086711537779	335086734851999	335086717777363
335086727710779	335086751535332	335086733913863
335086744268488	335086768218665	335086750546863
335086761030238	335086784901998	335086767290154
335086778051363	335086801585331	335086784269279
335086794131113	335086818268664	335086800372613
335086810901738	335086834951997	335086817168279
335086829109529	335086851635330	335086835356904
335086846735529	335086868318663	335086852866738
335086861349029	335086885001996	335086867590821
335086881265821	335086901685329	335086889547696
335086897329779	335086918368662	335086904959613
335086913561488	335086935051995	335086920580321
335086930429446	335086951735328	335086937066196
335086947172738	335086968418661	335086953510279
335086963304279	335086985101994	335086969424279
335086979644654	335087001785327	335086985737821
335086995110279	335087018468660	335087001185321
335087011849821	335087035151993	335087017914321
335087028614946	335087051835326	335087034697154
335087045664404	335087068518659	335087051713904
335087062651279	335087085201992	335087068727321
335087081871363	335087101885325	335087087897904
335087099207696	335087118568658	335087105224488
335087114929988	335087135251991	335087120940654
335087130971071	335087151935324	335087137024571
335087148986654	335087168618657	335087154975196
335087166087571	335087185301990	335087172071654
335087183649821	335087201985323	335087189604279
335087199554988	335087218668656	335087205517071
335087216040321	335087235351989	335087222015821
335087232594529	335087252035322	335087238604571
335087250187071	335087268718655	335087256179404
335087266896488	335087285401988	335087272922488
335087283334405	335087302085321	335087289293488
335087300279488	335087318768654	335087306281738
335087316497655	335087335451987	335087322615655
335087333675780	335087352135320	335087339753321
335087351228821	335087368818653	335087357292780
335087367691113	335087385501986	335087373698446
335087691113363	335087702485313	335087709328488
335087698992946	335087735851979	335087732046613
335087718453113	335087752535312	335087755826988
335087751984488	335087785901978	335087780436030
335087776410321	335087802585311	335087808675071
335087807478946	335087835951977	335087833896655
335087819333488	335087852635310	335087842377530
335087852634321	335087869318643	335087861193696
335087869405405	335087886001976	335087878024238
335087886213155	335087902685309	335087894827363
335087903029155	335087919368642	335087911666405
335087921931738	335087936051975	335087930414113
335087943571488	335087952735308	335087952103196
335087956422696	335087969418641	335087962588488
335087972085697	335087986101974	335087978261530
335087989398738	335088019468640	335087995600530
335088004888488	335088019468640	335088011253530
335088029520447	335088036151973	335088035840655
335088038962988	335088052835306	335088045176863
335088054952572	335088069518639	335088061133613
335088073578363	335088086201972	335088079803363
335088096695988	335088102885305	335088102875447
335088107922238	335088119568638	335088114058863
335088123691155	335088136251971	335088129852363
335088141263363	335088152935304	335088147506947
335088158212822	335088169618637	335088164344947
335088173563572	335088186301970	335088179751155
335088190632655	335088202985303	335088196819572
335088207818697	335088219668636	335088213980405
335088226826030	335088236351969	335088233042697
335088242264280	335088253035302	335088248417113
335088259774322	335088269718635	335088265877447
335088276857280	335088286401968	335088282883447
335088292447863	335088303085301	335088298471988
335088308549655	335088319768634	335088314746905
335088325475030	335088336451967	335088331669988
335088342707030	335088353135300	335088348877363
335088359877030	335088369818633	335088366014655
335088376551197	335088403185299	335088382678780
335088392901863	335088419868632	335088399036488
335088408858488	335088436551965	335088415028947
335088426507738	335088453235298	335088432810613
335088444561488	335088469918631	335088450854697
335088458067613	335088486601964	335088464293655
335088474901197	335088503285297	335088481162655
335088491413363	335088519968630	335088497627363
335088508958363	335088536651963	335088515420780
335088525044655	335088553335296	335088531254322
335088542222488	335088570018629	335088548530447
335088561076072	335088586701962	335088567381113
335088578577155	335088603385295	335088586890738
335088593985238	335088620068628	335088601616738
335088610463447	335088636751961	335088617517488
335088627161363	335088653435294	335088633765488
335088643679697	335088670118627	335088650023322
335088658628947	335088686801960	335088664757364
335088675454489	335088703485293	335088681543364
335088692173030	335088720168626	335088698225405
335088709067697	335088736851959	335088715210114
335088726046155	335088753535292	335088732048822
335088742629864	335088770218625	335088748696697
335088759411614	335088786901958	335088765486155
335088776262489	335088803585291	335088782325364
335088793119447	335088820268624	335088799171530
335088810104614	335088836951957	335088816102447
335088829138905	335088853635290	335088835170864
335088846503822	335088870318623	335088852490197
335088863103614	335088887001956	335088869078322
335088878930364	335088903685289	335088884992197
335088895367197	335088920368622	335088901361322
335088912504572	335088937051955	335088918625155
335088930195905	335088953735288	335088936209322
335088947360364	335088970418621	335088953316197
335088963410072	335088987101954	335088969436614
335088980129239	335089003785287	335088985952530
335088996368239	335089020468620	335089002609780
335089013396114	335089037151953	335089019389947
335089030780780	335089053835286	335089036769905

===
16683333
335086881265821	335086901685329	335086889547696
335086897329779	335086918368662	335086904959613
335086913561488	335086935051995	335086920580321
335086930429446	335086951735328	335086937066196
335086947172738	335086968418661	335086953510279
335086963304279	335086985101994	335086969424279
335086979644654	335087001785327	335086985737821
335086995110279	335087018468660	335087001185321
335087011849821	335087035151993	335087017914321
335087028614946	335087051835326	335087034697154
335087045664404	335087068518659	335087051713904
335087062651279	335087085201992	335087068727321
335087081871363	335087101885325	335087087897904
335087099207696	335087118568658	335087105224488
335087114929988	335087135251991	335087120940654
335087130971071	335087151935324	335087137024571
335087148986654	335087168618657	335087154975196
335087166087571	335087185301990	335087172071654
335087183649821	335087201985323	335087189604279
335087199554988	335087218668656	335087205517071
335087216040321	335087235351989	335087222015821
335087232594529	335087252035322	335087238604571
335087250187071	335087268718655	335087256179404
335087266896488	335087285401988	335087272922488
335087283334405	335087302085321	335087289293488
335087300279488	335087318768654	335087306281738
335087316497655	335087335451987	335087322615655
335087333675780	335087352135320	335087339753321
335087351228821	335087368818653	335087357292780
335087367691113	335087385501986	335087373698446
335087691113363	335087702485313	335087709328488
335087698992946	335087735851979	335087732046613
335087718453113	335087752535312	335087755826988
335087751984488	335087785901978	335087780436030
335087776410321	335087802585311	335087808675071
335087807478946	335087835951977	335087833896655
335087819333488	335087852635310	335087842377530
335087852634321	335087869318643	335087861193696
335087869405405	335087886001976	335087878024238
335087886213155	335087902685309	335087894827363
335087903029155	335087919368642	335087911666405
335087921931738	335087936051975	335087930414113
335087943571488	335087952735308	335087952103196
335087956422696	335087969418641	335087962588488
335087972085697	335087986101974	335087978261530
335087989398738	335088019468640	335087995600530
335088004888488	335088019468640	335088011253530
335088029520447	335088036151973	335088035840655
335088038962988	335088052835306	335088045176863
335088054952572	335088069518639	335088061133613
335088073578363	335088086201972	335088079803363
335088096695988	335088102885305	335088102875447
335088107922238	335088119568638	335088114058863
335088123691155	335088136251971	335088129852363
335088141263363	335088152935304	335088147506947
335088158212822	335088169618637	335088164344947
335088173563572	335088186301970	335088179751155
335088190632655	335088202985303	335088196819572
335088207818697	335088219668636	335088213980405
335088226826030	335088236351969	335088233042697
335088242264280	335088253035302	335088248417113
335088259774322	335088269718635	335088265877447
335088276857280	335088286401968	335088282883447
335088292447863	335088303085301	335088298471988
335088308549655	335088319768634	335088314746905
335088325475030	335088336451967	335088331669988
335088342707030	335088353135300	335088348877363
335088359877030	335088369818633	335088366014655
335088376551197	335088403185299	335088382678780
335088392901863	335088419868632	335088399036488
335088408858488	335088436551965	335088415028947
335088426507738	335088453235298	335088432810613
335088444561488	335088469918631	335088450854697
335088458067613	335088486601964	335088464293655
335088474901197	335088503285297	335088481162655
335088491413363	335088519968630	335088497627363
335088508958363	335088536651963	335088515420780
335088525044655	335088553335296	335088531254322
335088542222488	335088570018629	335088548530447
335088561076072	335088586701962	335088567381113
335088578577155	335088603385295	335088586890738
335088593985238	335088620068628	335088601616738
335088610463447	335088636751961	335088617517488
335088627161363	335088653435294	335088633765488
335088643679697	335088670118627	335088650023322
335088658628947	335088686801960	335088664757364
335088675454489	335088703485293	335088681543364
335088692173030	335088720168626	335088698225405
335088709067697	335088736851959	335088715210114
335088726046155	335088753535292	335088732048822
335088742629864	335088770218625	335088748696697
335088759411614	335088786901958	335088765486155
335088776262489	335088803585291	335088782325364
335088793119447	335088820268624	335088799171530
335088810104614	335088836951957	335088816102447
335088829138905	335088853635290	335088835170864
335088846503822	335088870318623	335088852490197
335088863103614	335088887001956	335088869078322
335088878930364	335088903685289	335088884992197
335088895367197	335088920368622	335088901361322
335088912504572	335088937051955	335088918625155
335088930195905	335088953735288	335088936209322
335088947360364	335088970418621	335088953316197
335088963410072	335088987101954	335088969436614
335088980129239	335089003785287	335088985952530
335088996368239	335089020468620	335089002609780
335089013396114	335089037151953	335089019389947
335089030780780	335089053835286	335089036769905
335089890867281	335089904685269	335089903530239
335089906852114	335089921368602	335089921231156
335089926427031	335089938051935	335089940802614
335089943357739	335089954735268	335089957642739
335089960735739	335089971418601	335089980144322
335089974556822	335090004785267	335090000672906
335089991295864	335090021468600	335090020985822
335090024920989	335090038151933	335090036057864
335090042485822	335090054835266	335090048661072
335090056284114	335090071518599	335090062442281
335090073328823	335090088201932	335090079488573
335090086848906	335090104885265	335090093001239
335090106489698	335090121568598	335090112633614
335090123924864	335090138251931	335090130065614
335090140719531	335090154935264	335090146854739
335090157988698	335090171618597	335090164134864
335090175613114	335090188301930	335090181796323
335090188340364	335090204985263	335090194462406
335090204620906	335090221668596	335090210637323

