Applications Graphics Acceleration Info:
Uptime: 334885738 Realtime: 369559848

** Graphics info for pid 2305 [com.auroratv.lab] **

Stats since: 334875399277762ns
Total frames rendered: 418
Janky frames: 15 (3.59%)
Janky frames (legacy): 379 (90.67%)
50th percentile: 24ms
90th percentile: 38ms
95th percentile: 48ms
99th percentile: 85ms
Number Missed Vsync: 2
Number High input latency: 806
Number Slow UI thread: 12
Number Slow bitmap uploads: 0
Number Slow issue draw commands: 15
Number Frame deadline missed: 15
Number Frame deadline missed (legacy): 15
HISTOGRAM: 5ms=0 6ms=0 7ms=0 8ms=0 9ms=0 10ms=0 11ms=0 12ms=0 13ms=0 14ms=0 15ms=0 16ms=0 17ms=3 18ms=6 19ms=2 20ms=3 21ms=15 22ms=46 23ms=83 24ms=53 25ms=21 26ms=14 27ms=8 28ms=5 29ms=6 30ms=4 31ms=11 32ms=23 34ms=38 36ms=27 38ms=12 40ms=9 42ms=0 44ms=2 46ms=2 48ms=5 53ms=4 57ms=3 61ms=2 65ms=0 69ms=1 73ms=0 77ms=0 81ms=2 85ms=4 89ms=3 93ms=0 97ms=1 101ms=0 105ms=0 109ms=0 113ms=0 117ms=0 121ms=0 125ms=0 129ms=0 133ms=0 150ms=0 200ms=0 250ms=0 300ms=0 350ms=0 400ms=0 450ms=0 500ms=0 550ms=0 600ms=0 650ms=0 700ms=0 750ms=0 800ms=0 850ms=0 900ms=0 950ms=0 1000ms=0 1050ms=0 1100ms=0 1150ms=0 1200ms=0 1250ms=0 1300ms=0 1350ms=0 1400ms=0 1450ms=0 1500ms=0 1550ms=0 1600ms=0 1650ms=0 1700ms=0 1750ms=0 1800ms=0 1850ms=0 1900ms=0 1950ms=0 2000ms=0 2050ms=0 2100ms=0 2150ms=0 2200ms=0 2250ms=0 2300ms=0 2350ms=0 2400ms=0 2450ms=0 2500ms=0 2550ms=0 2600ms=0 2650ms=0 2700ms=0 2750ms=0 2800ms=0 2850ms=0 2900ms=0 2950ms=0 3000ms=0 3050ms=0 3100ms=0 3150ms=0 3200ms=0 3250ms=0 3300ms=0 3350ms=0 3400ms=0 3450ms=0 3500ms=0 3550ms=0 3600ms=0 3650ms=0 3700ms=0 3750ms=0 3800ms=0 3850ms=0 3900ms=0 3950ms=0 4000ms=0 4050ms=0 4100ms=0 4150ms=0 4200ms=0 4250ms=0 4300ms=0 4350ms=0 4400ms=0 4450ms=0 4500ms=0 4550ms=0 4600ms=0 4650ms=0 4700ms=0 4750ms=0 4800ms=0 4850ms=0 4900ms=0 4950ms=0
50th gpu percentile: 7ms
90th gpu percentile: 9ms
95th gpu percentile: 19ms
99th gpu percentile: 4950ms
GPU HISTOGRAM: 1ms=0 2ms=0 3ms=0 4ms=0 5ms=0 6ms=0 7ms=325 8ms=9 9ms=45 10ms=4 11ms=1 12ms=1 13ms=0 14ms=4 15ms=6 16ms=1 17ms=0 18ms=0 19ms=5 20ms=1 21ms=0 22ms=0 23ms=0 24ms=1 25ms=1 4950ms=14

Pipeline=Skia (OpenGL)
Memory policy:
  Max surface area: 2073600
  Max resource usage: 99.53MB (x48)
  Background retention: 50% (altUiHidden = true)
  GPU Context timeout: 10
Contexts: 1 (stopped = 0)
CPU Caches:
  Glyph Cache: 1.53 MB (1 entry)
  Glyph Count: 90 
Total CPU memory usage:
  1603712 bytes, 1.53 MB (0.00 bytes is purgeable)
GPU Caches:
  Image:
    Texture: 13.83 MB (49 entries)
  Other:
    Other: 171.00 KB (1 entry)
    Buffer Object: 464.00 bytes (2 entries)
    StencilAttachment: 8.00 KB (1 entry)
  Scratch:
    Texture: 4.04 MB (6 entries)
    RenderTarget: 67.69 MB (265 entries)
    Buffer Object: 78.03 KB (3 entries)
Total GPU memory usage:
  89982544 bytes, 85.81 MB (636.70 KB is purgeable)

Profile data in ms:

	com.auroratv.lab/com.auroratv.MainActivity/android.view.ViewRootImpl@7a4b1d7 (visibility=0)
Window: com.auroratv.lab/com.auroratv.MainActivity
Stats since: 334875399276637ns
Total frames rendered: 418
Janky frames: 15 (3.59%)
Janky frames (legacy): 379 (90.67%)
50th percentile: 24ms
90th percentile: 38ms
95th percentile: 48ms
99th percentile: 85ms
Number Missed Vsync: 2
Number High input latency: 806
Number Slow UI thread: 12
Number Slow bitmap uploads: 0
Number Slow issue draw commands: 15
Number Frame deadline missed: 15
Number Frame deadline missed (legacy): 15
HISTOGRAM: 5ms=0 6ms=0 7ms=0 8ms=0 9ms=0 10ms=0 11ms=0 12ms=0 13ms=0 14ms=0 15ms=0 16ms=0 17ms=3 18ms=6 19ms=2 20ms=3 21ms=15 22ms=46 23ms=83 24ms=53 25ms=21 26ms=14 27ms=8 28ms=5 29ms=6 30ms=4 31ms=11 32ms=23 34ms=38 36ms=27 38ms=12 40ms=9 42ms=0 44ms=2 46ms=2 48ms=5 53ms=4 57ms=3 61ms=2 65ms=0 69ms=1 73ms=0 77ms=0 81ms=2 85ms=4 89ms=3 93ms=0 97ms=1 101ms=0 105ms=0 109ms=0 113ms=0 117ms=0 121ms=0 125ms=0 129ms=0 133ms=0 150ms=0 200ms=0 250ms=0 300ms=0 350ms=0 400ms=0 450ms=0 500ms=0 550ms=0 600ms=0 650ms=0 700ms=0 750ms=0 800ms=0 850ms=0 900ms=0 950ms=0 1000ms=0 1050ms=0 1100ms=0 1150ms=0 1200ms=0 1250ms=0 1300ms=0 1350ms=0 1400ms=0 1450ms=0 1500ms=0 1550ms=0 1600ms=0 1650ms=0 1700ms=0 1750ms=0 1800ms=0 1850ms=0 1900ms=0 1950ms=0 2000ms=0 2050ms=0 2100ms=0 2150ms=0 2200ms=0 2250ms=0 2300ms=0 2350ms=0 2400ms=0 2450ms=0 2500ms=0 2550ms=0 2600ms=0 2650ms=0 2700ms=0 2750ms=0 2800ms=0 2850ms=0 2900ms=0 2950ms=0 3000ms=0 3050ms=0 3100ms=0 3150ms=0 3200ms=0 3250ms=0 3300ms=0 3350ms=0 3400ms=0 3450ms=0 3500ms=0 3550ms=0 3600ms=0 3650ms=0 3700ms=0 3750ms=0 3800ms=0 3850ms=0 3900ms=0 3950ms=0 4000ms=0 4050ms=0 4100ms=0 4150ms=0 4200ms=0 4250ms=0 4300ms=0 4350ms=0 4400ms=0 4450ms=0 4500ms=0 4550ms=0 4600ms=0 4650ms=0 4700ms=0 4750ms=0 4800ms=0 4850ms=0 4900ms=0 4950ms=0
50th gpu percentile: 7ms
90th gpu percentile: 9ms
95th gpu percentile: 19ms
99th gpu percentile: 4950ms
GPU HISTOGRAM: 1ms=0 2ms=0 3ms=0 4ms=0 5ms=0 6ms=0 7ms=325 8ms=9 9ms=45 10ms=4 11ms=1 12ms=1 13ms=0 14ms=4 15ms=6 16ms=1 17ms=0 18ms=0 19ms=5 20ms=1 21ms=0 22ms=0 23ms=0 24ms=1 25ms=1 4950ms=14



---PROFILEDATA---
Flags,FrameTimelineVsyncId,IntendedVsync,Vsync,InputEventId,HandleInputStart,AnimationStart,PerformTraversalsStart,DrawStart,FrameDeadline,FrameInterval,FrameStartTime,SyncQueued,SyncStart,IssueDrawCommandsStart,SwapBuffers,FrameCompleted,DequeueBufferDuration,QueueBufferDuration,GpuCompleted,SwapBuffersCompleted,DisplayPresentTime,CommandSubmissionCompleted,
0,115911787,334881893834255,334881893834255,0,334881894098973,334881894100765,334881894653765,334881894806057,334881962916814,334881894092348,16799742,334881895027848,334881901008640,334881902109473,334881916731973,334881923115265,11774125,559000,334881923115265,334881917583348,-1,334881916731973,
0,115911795,334881910633997,334881910633997,0,334881910926640,334881910928182,334881911392557,334881911542265,334881979716556,334881910919640,16799742,334881911759390,334881917757682,334881918869473,334881933588473,334881939958515,11823209,503667,334881939958515,334881934381557,-1,334881933588473,
0,115911803,334881927433739,334881927433739,0,334881927692848,334881927694182,334881928233348,334881928387307,334881996516298,334881927686848,16799742,334881928595932,334881934555848,334881935651348,334881950589682,334881957026515,11854791,488958,334881957026515,334881951436432,-1,334881950589682,
0,115911811,334881944233481,334881944233481,0,334881944502140,334881944503890,334881944960515,334881945112682,334882013316040,334881944495973,16799742,334881945363723,334881951609265,334881952853557,334881967335432,334881973701557,11439667,552542,334881973701557,334881968238682,-1,334881967335432,
0,115911819,334881961033223,334881961033223,0,334881961300223,334881961301598,334881961784932,334881961934598,334882030115782,334881961293890,16799742,334881962129473,334881968413640,334881969525515,334881983960098,334881990357473,11625917,503416,334881990357473,334881984784098,-1,334881983960098,
0,115911827,334881977832965,334881977832965,0,334881978093307,334881978094807,334881978561307,334881978716057,334882046915524,334881978087223,16799742,334881978881973,334881984957473,334881986143682,334882000890765,334882007253765,11738500,490042,334882007253765,334882001674182,-1,334882000890765,
0,115911835,334881994632707,334881994632707,0,334881994897098,334881994898432,334881995398765,334881995550265,334882063715266,334881994891015,16799742,334881995714557,334882001847432,334882002943182,334882018088557,334882024538640,11831792,320916,334882024538640,334882018809557,-1,334882018088557,
0,115911843,334882011432449,334882011432449,0,334882011694598,334882011696390,334882012593432,334882012748390,334882080515008,334882011688890,16799742,334882012924765,334882019084140,334882020640432,334882038378390,334882044825057,11889500,514500,334882044825057,334882039363140,-1,334882038378390,
0,115911851,334882028232191,334882028232191,0,334882028626307,334882028628557,334882040113598,334882040383682,334882097314750,334882028617557,16799742,334882040564807,334882040807390,334882042728557,334882053613098,334882060131223,6374709,469416,334882060131223,334882054474223,-1,334882053613098,
0,115911859,334882045031933,334882045031933,0,334882045402057,334882045404307,334882045935182,334882046150223,334882114114492,334882045392515,16799742,334882046197307,334882054699473,334882056113098,334882070719098,334882077106307,9736833,512792,334882077106307,334882071629307,-1,334882070719098,
0,115911867,334882061831675,334882061831675,0,334882062223515,334882062225848,334882062697140,334882062923682,334882130914234,334882062214057,16799742,334882063004807,334882071854015,334882073234098,334882087630640,334882094050807,9541667,511375,334882094050807,334882088601182,-1,334882087630640,
0,115911875,334882078631417,334882078631417,0,334882078986307,334882078988390,334882079562015,334882079749682,334882147713976,334882078977182,16799742,334882079794557,334882088866682,334882090336390,334882104241640,334882110631557,9299667,382917,334882110631557,334882105114765,-1,334882104241640,
0,115911883,334882095431159,334882095431159,0,334882095812015,334882095814140,334882096463723,334882096675890,334882164513718,334882095802473,16799742,334882096727182,334882105342682,334882106737557,334882121820348,334882128242515,9676250,387208,334882128242515,334882122604098,-1,334882121820348,
0,115911891,334882112230901,334882112230901,0,334882112675848,334882112678182,334882113180973,334882113481598,334882181313460,334882112664932,16799742,334882113557515,334882122923473,334882124263557,334882137952890,334882144367723,8919458,812958,334882144367723,334882139214765,-1,334882137952890,
0,115911899,334882129030643,334882129030643,0,334882129429515,334882129431515,334882129906265,334882130091390,334882198113202,334882129420807,16799742,334882130137098,334882139475140,334882141077598,334882154647598,334882161086557,8842916,781666,334882161086557,334882155999098,-1,334882154647598,
0,115911907,334882145830385,334882145830385,0,334882146210390,334882146212473,334882146712640,334882146912598,334882214912944,334882146200973,16799742,334882146960432,334882156342223,334882157773140,334882170315765,334882176713348,8650917,664250,334882176713348,334882171364765,-1,334882170315765,
0,115911915,334882162630127,334882162630127,0,334882162988432,334882162990265,334882163430265,334882163669432,334882231712686,334882162979932,16799742,334882163733140,334882171586973,334882173063682,334882187704182,334882194102682,10951458,366542,334882194102682,334882188493140,-1,334882187704182,
0,115911923,334882179429869,334882179429869,0,334882179887348,334882179889932,334882180493807,334882180710390,334882248512428,334882179855390,16799742,334882180760432,334882188720140,334882189948015,334882206056723,334882212507265,10444583,651958,334882212507265,334882207219098,-1,334882206056723,
0,115911931,334882196229611,334882196229611,0,334882196653473,334882196656098,334882197186807,334882197400348,334882265312170,334882196643265,16799742,334882197449473,334882207467598,334882208894765,334882222031765,334882228457390,8291084,802583,334882228457390,334882223285682,-1,334882222031765,
0,115911939,334882213029353,334882213029353,0,334882213379807,334882213381973,334882213931765,334882214162307,334882282111912,334882213371390,16799742,334882214208640,334882223544223,334882225194807,334882238687807,334882245158265,8431417,829666,334882245158265,334882239999598,-1,334882238687807,
0,115911947,334882229829095,334882229829095,0,334882230180265,334882230181973,334882230743348,334882230940557,334882298911654,334882230171682,16799742,334882230989640,334882240347223,334882241909848,334882254246848,334882260647473,8500917,665500,334882260647473,334882255299223,-1,334882254246848,
0,115912105,334882599423419,334882599423419,-990379638,334882599726390,334882599727807,334882646349265,334882646571390,334882618106752,334882599720057,16799742,334882658342765,334882658510724,334882660491432,334882663421099,334882681875265,21125,411500,334882681875265,334882664134057,-1,334882663421099,
0,115912112,334882616223161,334882649822645,0,334882660874015,334882660875265,334882661591682,334882661760640,334882702105462,334882660861015,16799742,334882662188890,334882664314224,334882665480724,334882669550432,334882704609349,18250,12074667,334882704609349,334882681965390,-1,334882669550432,
0,115912119,334882666622387,334882666622387,0,334882666971349,334882666972849,334882667568307,334882667727224,334882735704946,334882666964682,16799742,334882667982099,334882682141224,334882683257015,334882691176807,334882717642974,3617667,13200459,334882717642974,334882704720307,-1,334882691176807,
0,115912127,334882683422129,334882683422129,0,334882683659224,334882683660224,334882687507807,334882687686724,334882752504688,334882683653599,16799742,334882689294724,334882704916474,334882706293974,334882724968765,334882733599807,14228917,297084,334882733599807,334882725635224,-1,334882724968765,
0,115912135,334882700221871,334882700221871,0,334882706557474,334882706558599,334882707060515,334882707239932,334882769304430,334882706551015,16799742,334882707513265,334882725809557,334882727095349,334882741505890,334882750358890,10240667,289709,334882750358890,334882742113182,-1,334882741505890,
0,115912143,334882717021613,334882717021613,0,334882727750015,334882727752182,334882728496140,334882728694557,334882786104172,334882727739474,16799742,334882729019515,334882742346557,334882743655849,334882757963265,334882766862557,10316458,286666,334882766862557,334882758561724,-1,334882757963265,
0,115912151,334882733821355,334882733821355,0,334882744039224,334882744041057,334882744727140,334882744995349,334882802903914,334882744030932,16799742,334882745266349,334882758825015,334882760035640,334882775010474,334882783900057,10885000,320083,334882783900057,334882775654807,-1,334882775010474,
0,115912159,334882750621097,334882750621097,0,334882760373932,334882760375224,334882760922182,334882761080390,334882819703656,334882760367140,16799742,334882761301432,334882775836515,334882777160682,334882791583307,334882800390015,10399417,324792,334882800390015,334882792219515,-1,334882791583307,
0,115912167,334882767420839,334882767420839,0,334882777599515,334882777600932,334882778152890,334882778307015,334882836503398,334882777590224,16799742,334882778536807,334882792398599,334882793521182,334882808258807,334882817112890,10883917,330750,334882817112890,334882808971265,-1,334882808258807,
0,115912175,334882784220581,334882784220581,0,334882793953224,334882793954890,334882794470057,334882794618265,334882853303140,334882793945224,16799742,334882794827515,334882809149474,334882810367724,334882824844515,334882833742099,10920875,280125,334882833742099,334882825419515,-1,334882824844515,
0,115912183,334882801020323,334882801020323,0,334882810645224,334882810646390,334882811117307,334882811261140,334882870102882,334882810637932,16799742,334882811470557,334882825596224,334882826720474,334882841628099,334882850658349,11257333,324417,334882850658349,334882842298057,-1,334882841628099,
0,115912191,334882817820065,334882817820065,0,334882826998015,334882826999224,334882827428474,334882827567849,334882886902624,334882826991015,16799742,334882827773057,334882842483599,334882843693099,334882859315432,334882868458974,11180417,685750,334882868458974,334882860333932,-1,334882859315432,
0,115912199,334882834619807,334882834619807,0,334882844046849,334882844048140,334882844576432,334882844745682,334882903702366,334882844036807,16799742,334882844982224,334882860509974,334882861732807,334882875461724,334882884431640,9837834,371292,334882884431640,334882876165182,-1,334882875461724,
0,115912207,334882851419549,334882851419549,0,334882862024765,334882862025932,334882863611640,334882863887765,334882920502108,334882862017099,16799742,334882864247974,334882876349432,334882877655432,334882892357432,334882901200890,10863750,551125,334882901200890,334882893390765,-1,334882892357432,
0,115912215,334882868219291,334882868219291,0,334882877957307,334882877958849,334882878741807,334882878994265,334882937301850,334882877950265,16799742,334882879222599,334882893575432,334882894787140,334882909799724,334882918698682,10645459,611208,334882918698682,334882910770640,-1,334882909799724,
0,115912223,334882885019033,334882885019033,0,334882895146682,334882895147974,334882895619307,334882895769432,334882954101592,334882895139307,16799742,334882896075182,334882910970515,334882912307557,334882927640057,334882934356849,10292834,400417,334882934356849,334882928589349,-1,334882927640057,
0,115912231,334882901818775,334882901818775,0,334882912949890,334882912951724,334882913437182,334882913750599,334882970901334,334882912940307,16799742,334882914037349,334882928829765,334882930310599,334882945448057,334882952088224,9204708,400916,334882952088224,334882946234515,-1,334882945448057,
0,115912239,334882918618517,334882918618517,0,334882930716515,334882930718474,334882931320807,334882931622432,334882987701076,334882930705932,16799742,334882931899807,334882946469474,334882947920390,334882961865599,334882968491140,8257542,432417,334882968491140,334882962729557,-1,334882961865599,
0,115912247,334882935418259,334882935418259,0,334882948272432,334882948274515,334882948794765,334882948986265,334883004500818,334882948263807,16799742,334882949381974,334882962985640,334882964707182,334882978518599,334882985117515,8232375,409417,334882985117515,334882979346349,-1,334882978518599,
0,115912255,334882952218001,334882952218001,0,334882964974807,334882964976974,334882965538474,334882965828849,334883021300560,334882964966182,16799742,334882966158932,334882979704974,334882981525099,334882994492890,334883001113974,8242667,378458,334883001113974,334882995263974,-1,334882994492890,
0,115912263,334882969017743,334882969017743,0,334882981774807,334882981776765,334882982344265,334882982548474,334883038100302,334882981765724,16799742,334882982852349,334882995500349,334882997312057,334883011718015,334883018320182,9236375,385916,334883018320182,334883012584932,-1,334883011718015,
0,115912271,334882985817485,334882985817485,0,334882997566474,334882997568182,334882998244849,334882998448349,334883054900044,334882997557432,16799742,334882998750557,334883012828765,334883014279599,334883029408932,334883035993265,9288875,391583,334883035993265,334883030193432,-1,334883029408932,
0,115912279,334883002617227,334883002617227,0,334883014602432,334883014604265,334883015119765,334883015306640,334883071699786,334883014593265,16799742,334883015714057,334883030430140,334883031877474,334883046619640,334883053240182,8592250,439125,334883053240182,334883047617057,-1,334883046619640,
0,115912287,334883019416969,334883019416969,0,334883032162349,334883032163974,334883032821390,334883033025932,334883088499528,334883032152515,16799742,334883033324349,334883047897265,334883049934099,334883062186182,334883068798849,7099917,374500,334883068798849,334883062944265,-1,334883062186182,
0,115912295,334883036216711,334883036216711,0,334883050198140,334883050199849,334883050755349,334883050958974,334883105299270,334883050188932,16799742,334883051267515,334883063176099,334883064687057,334883080402182,334883087034849,9318167,407750,334883087034849,334883081231432,-1,334883080402182,
0,115912303,334883053016453,334883053016453,0,334883065000682,334883065002307,334883065521724,334883065709974,334883122099012,334883064991640,16799742,334883066046599,334883081485099,334883083065182,334883095435682,334883102130932,7616459,698417,334883102130932,334883096529640,-1,334883095435682,
0,115912311,334883069816195,334883069816195,0,334883083309140,334883083310724,334883083870265,334883084132349,334883138898754,334883083299807,16799742,334883084440640,334883096760224,334883098203807,334883112995224,334883119582890,9505459,682958,334883119582890,334883114078182,-1,334883112995224,
0,115912319,334883086615937,334883086615937,0,334883098479057,334883098480349,334883099045390,334883099266974,334883155698496,334883098471057,16799742,334883099700057,334883114311474,334883115756974,334883130490432,334883137090849,8749542,689500,334883137090849,334883131580057,-1,334883130490432,
0,115912327,334883103415679,334883103415679,0,334883115990599,334883115992349,334883116660724,334883116848974,334883172498238,334883115982474,16799742,334883117121932,334883131811474,334883133359057,334883147682807,334883154370349,7905333,819959,334883154370349,334883149152307,-1,334883147682807,
0,115912335,334883120215421,334883120215421,0,334883133584557,334883133586224,334883134007140,334883134197557,334883189297980,334883133576682,16799742,334883134535849,334883149426932,334883151236641,334883163098057,334883169711932,6468792,861167,334883169711932,334883164420182,-1,334883163098057,
0,115912343,334883137015163,334883137015163,0,334883151461974,334883151463516,334883151874557,334883152122516,334883206097722,334883151453807,16799742,334883152426557,334883164693682,334883166386307,334883179241557,334883185900016,8218250,752708,334883185900016,334883180389432,-1,334883179241557,
0,115912351,334883153814905,334883153814905,0,334883166710349,334883166712224,334883167175474,334883167391307,334883222897464,334883166700141,16799742,334883167806391,334883180625141,334883182479182,334883196710932,334883203383266,9538625,677917,334883203383266,334883197776724,-1,334883196710932,
0,115912359,334883170614647,334883170614647,0,334883182799224,334883182801391,334883183369557,334883183589474,334883239697206,334883182789432,16799742,334883183883391,334883198010641,334883199639974,334883213908974,334883220491557,8731125,690500,334883220491557,334883214990099,-1,334883213908974,
0,115912367,334883187414389,334883187414389,0,334883199867141,334883199868724,334883200354224,334883200549432,334883256496948,334883199858807,16799742,334883200805974,334883215222516,334883216707016,334883230909266,334883237507599,8457750,1036625,334883237507599,334883232399724,-1,334883230909266,
0,115912375,334883204214131,334883204214131,0,334883216974266,334883216975766,334883217581724,334883217770891,334883273296690,334883216965141,16799742,334883218020807,334883232655141,334883234219141,334883246798307,334883253368974,7587666,692833,334883253368974,334883247884016,-1,334883246798307,
0,115912383,334883221013873,334883221013873,0,334883234470932,334883234472682,334883234917474,334883235223974,334883290096432,334883234461391,16799742,334883235497474,334883248152516,334883249592266,334883264647516,334883271238557,9109834,739250,334883271238557,334883265817932,-1,334883264647516,
0,115912391,334883237813615,334883237813615,0,334883249885974,334883249887641,334883250328057,334883250519266,334883306896174,334883249877682,16799742,334883250889057,334883266073557,334883267636307,334883281396974,334883288031724,7873375,805333,334883288031724,334883282670891,-1,334883281396974,
0,115912399,334883254613357,334883254613357,0,334883267920766,334883267922641,334883268422932,334883268625182,334883323695916,334883267912224,16799742,334883269007432,334883282946432,334883284798432,334883298930266,334883305590599,7568583,492167,334883305590599,334883299994807,-1,334883298930266,
0,115912407,334883271413099,334883271413099,0,334883285047016,334883285048766,334883285594224,334883285796599,334883340495658,334883285037807,16799742,334883286069432,334883300488974,334883302723099,334883314074932,334883320735432,5985208,331625,334883320735432,334883314808682,-1,334883314074932,
0,115912415,334883288212841,334883288212841,0,334883302989724,334883302991599,334883303472016,334883303690474,334883357295400,334883302980641,16799742,334883303972766,334883315011432,334883316605807,334883328996974,334883335590516,8718250,565375,334883335590516,334883329899849,-1,334883328996974,
0,115912423,334883305012583,334883305012583,0,334883316804641,334883316805974,334883317192682,334883317359141,334883374095142,334883316798141,16799742,334883317576266,334883330093974,334883331279974,334883345980391,334883352534307,10791083,573250,334883352534307,334883346889599,-1,334883345980391,
0,115912431,334883321812325,334883321812325,0,334883331477724,334883331478891,334883331918474,334883332122849,334883390894884,334883331471641,16799742,334883332336932,334883347085766,334883348365266,334883361888432,334883368407641,10321750,504792,334883368407641,334883362689974,-1,334883361888432,
0,115912439,334883338612067,334883338612067,0,334883348572766,334883348574016,334883348959141,334883349239391,334883407694626,334883348566391,16799742,334883349466141,334883362863682,334883363930307,334883378838474,334883385389432,11554834,493792,334883385389432,334883379621307,-1,334883378838474,
0,115912447,334883355411809,334883355411809,-338663777,334883364386432,334883364388057,334883364779266,334883364961391,334883424494368,334883364379016,16799742,334883365154932,334883379865849,334883381041099,334883395615891,334883402121307,11302708,584916,334883402121307,334883396497807,-1,334883395615891,
0,115912455,334883372211551,334883372211551,0,334883381875307,334883381876974,334883382207974,334883382395599,334883441294110,334883381869182,16799742,334883382619224,334883396677516,334883397813932,334883412308349,334883418905724,11293083,506084,334883418905724,334883413111141,-1,334883412308349,
0,115912463,334883389011293,334883389011293,-232589096,334883398238349,334883398240016,334883398572641,334883398721057,334883458093852,334883398232516,16799742,334883398914099,334883413285932,334883414345807,334883430628307,334883437255807,11673750,441292,334883437255807,334883431429682,-1,334883430628307,
0,115912471,334883405811035,334883405811035,0,334883415469682,334883415471141,334883415814182,334883416067391,334883474893594,334883415462766,16799742,334883416344057,334883431618641,334883432942641,334883446786057,334883453404349,9808583,552458,334883453404349,334883447662307,-1,334883446786057,
0,115912479,334883422610777,334883422610777,0,334883433139099,334883433140016,334883435071182,334883435265641,334883491693336,334883433133766,16799742,334883436367557,334883447911932,334883449239932,334883463603474,334883470152307,10429125,357542,334883470152307,334883464374516,-1,334883463603474,
0,115912487,334883439410519,334883439410519,0,334883449511474,334883449512474,334883461192141,334883461351724,334883508493078,334883449505057,16799742,334883465091599,334883465248724,334883466641599,334883480163016,334883486790932,9709666,352125,334883486790932,334883480819891,-1,334883480163016,
0,115912495,334883456210261,334883456210261,0,334883467176682,334883467178432,334883471105516,334883471281849,334883525292820,334883467168641,16799742,334883472767224,334883481058182,334883482292724,334883497390307,334883506015891,10816333,287833,334883506015891,334883497976057,-1,334883497390307,
0,115912503,334883473010003,334883473010003,0,334883482700557,334883482701724,334883483267141,334883483430641,334883542092562,334883482692349,16799742,334883483676599,334883498153932,334883499421849,334883513512599,334883521444391,10445625,286333,334883521444391,334883514094266,-1,334883513512599,
0,115912511,334883489809745,334883489809745,0,334883499704099,334883499705099,334883500210391,334883500349516,334883558892304,334883499697224,16799742,334883500579932,334883514271016,334883515408432,334883530250057,334883537580266,11281209,354667,334883537580266,334883530911849,-1,334883530250057,
0,115912519,334883506609487,334883506609487,0,334883515681516,334883515682432,334883516148891,334883516281849,334883575692046,334883515675682,16799742,334883516556057,334883531095474,334883532382391,334883547872057,334883554779057,11134458,499833,334883554779057,334883548690849,-1,334883547872057,
0,115912527,334883523409229,334883523409229,0,334883532685391,334883532686807,334883533137266,334883533275057,334883592491788,334883532679724,16799742,334883533554182,334883548871266,334883549995266,334883564615391,334883571274557,10281125,585959,334883571274557,334883565506016,-1,334883564615391,
0,115912535,334883540208971,334883540208971,0,334883550265474,334883550266516,334883550807224,334883550975641,334883609291530,334883550259682,16799742,334883551228599,334883565685266,334883566879057,334883581060432,334883587483807,10199208,502125,334883587483807,334883581848349,-1,334883581060432,
0,115912543,334883557008713,334883557008713,0,334883567150807,334883567151766,334883567588849,334883567727307,334883626091272,334883567145099,16799742,334883567969016,334883582061891,334883583169724,334883596701016,334883603119057,10694208,503750,334883603119057,334883597498474,-1,334883596701016,
0,115912551,334883573808455,334883573808455,0,334883583632224,334883583633432,334883584125307,334883584262516,334883642891014,334883583624349,16799742,334883584520432,334883597674974,334883598776682,334883613794474,334883620208474,11891500,494125,334883620208474,334883614631349,-1,334883613794474,
0,115912559,334883590608197,334883590608197,0,334883598947224,334883598947932,334883599404182,334883599544099,334883659690756,334883598941932,16799742,334883599809432,334883614825932,334883616016391,334883630279641,334883636676141,11461541,519208,334883636676141,334883631088432,-1,334883630279641,
0,115912567,334883607407939,334883607407939,0,334883616183516,334883616184641,334883616625724,334883616776891,334883676490498,334883616178307,16799742,334883616987016,334883631303266,334883632450641,334883647277057,334883653670766,11866167,524750,334883653670766,334883648100641,-1,334883647277057,
0,115912575,334883624207681,334883624207681,0,334883632620432,334883632621141,334883633027474,334883633235974,334883693290240,334883632615516,16799742,334883633432307,334883648337641,334883649512182,334883663883891,334883670298474,11615125,500208,334883670298474,334883664713724,-1,334883663883891,
0,115912583,334883641007423,334883641007423,0,334883649681557,334883649682432,334883650095974,334883650234266,334883710089982,334883649676266,16799742,334883650452766,334883664892141,334883665991974,334883682537141,334883688998807,12398292,743000,334883688998807,334883683720182,-1,334883682537141,
0,115912591,334883657807165,334883657807165,0,334883666324266,334883666325349,334883666789891,334883666927974,334883726889724,334883666317932,16799742,334883667097349,334883683974224,334883685636974,334883699638599,334883706174557,9532708,689958,334883706174557,334883700910474,-1,334883699638599,
0,115912599,334883674606907,334883674606907,0,334883685875224,334883685876641,334883686688266,334883686883682,334883743689466,334883685866141,16799742,334883687128432,334883701213516,334883702889599,334883716494599,334883722996932,9331125,374667,334883722996932,334883717261141,-1,334883716494599,
0,115912607,334883691406649,334883691406649,0,334883703135599,334883703137182,334883703715016,334883704044682,334883760489208,334883703126974,16799742,334883704264307,334883717498932,334883718984016,334883733992182,334883740504349,10025166,375541,334883740504349,334883734754932,-1,334883733992182,
0,115912615,334883708206391,334883708206391,0,334883719219432,334883719221266,334883719861891,334883720158307,334883777288950,334883719210891,16799742,334883720360057,334883734993141,334883736535641,334883748759224,334883755264766,8990750,301709,334883755264766,334883749470349,-1,334883748759224,
0,115912623,334883725006133,334883725006133,0,334883736769641,334883736771307,334883737804516,334883738001766,334883794088692,334883736761474,16799742,334883738215141,334883749662599,334883750877557,334883767063682,334883773477682,11625833,421709,334883773477682,334883767909474,-1,334883767063682,
0,115912631,334883741805875,334883741805875,0,334883751061141,334883751062307,334883758100141,334883758284432,334883810888434,334883751055099,16799742,334883758434599,334883768210724,334883769960224,334883783859682,334883790329974,9326250,389000,334883790329974,334883784703974,-1,334883783859682,
0,115912639,334883758605617,334883758605617,0,334883771070641,334883771072682,334883771586474,334883771793307,334883827688176,334883771058599,16799742,334883771841391,334883785088557,334883786620266,334883801685932,334883808220474,9855958,437417,334883808220474,334883802690724,-1,334883801685932,
0,115912647,334883775405359,334883775405359,0,334883786862766,334883786864266,334883787307891,334883787500557,334883844487918,334883786854099,16799742,334883787550057,334883803035932,334883804692891,334883816987474,334883823405141,8125333,407041,334883823405141,334883817813516,-1,334883816987474,
0,115912655,334883792205101,334883792205101,0,334883804947766,334883804949516,334883805543932,334883805720432,334883861287660,334883804938141,16799742,334883805764432,334883818057807,334883819378057,334883834640849,334883841069516,10606334,673708,334883841069516,334883835766641,-1,334883834640849,
0,115912663,334883809004843,334883809004843,0,334883819611016,334883819612557,334883820157266,334883820350266,334883878087402,334883819602891,16799742,334883820491557,334883836042599,334883837363349,334883851495016,334883857909016,9488833,479042,334883857909016,334883852413724,-1,334883851495016,
0,115912671,334883825804585,334883825804585,0,334883837603891,334883837605266,334883838147141,334883838520391,334883894887144,334883837594891,16799742,334883838571057,334883852680641,334883854109974,334883867412933,334883873846474,9081584,491959,334883873846474,334883868363266,-1,334883867412933,
0,115912679,334883842604327,334883842604327,0,334883854369224,334883854370724,334883854834099,334883855038558,334883911686886,334883854359183,16799742,334883855088308,334883868628474,334883870056933,334883883821141,334883890222641,10046208,366292,334883890222641,334883884622266,-1,334883883821141,
0,115912687,334883859404069,334883859404069,0,334883870305933,334883870307808,334883870909599,334883871114599,334883928486628,334883870296266,16799742,334883871163433,334883884849308,334883886111974,334883901238474,334883907640266,11376084,365125,334883907640266,334883901989516,-1,334883901238474,
0,115912695,334883876203811,334883876203811,0,334883886328141,334883886329349,334883886759683,334883886963974,334883945286370,334883886320599,16799742,334883887013558,334883902215349,334883903420974,334883918639058,334883925015641,10595959,374000,334883925015641,334883919389933,-1,334883918639058,
0,115912703,334883893003553,334883893003553,0,334883903658183,334883903659641,334883904202683,334883904388599,334883962086112,334883903650266,16799742,334883904434391,334883919616516,334883920962474,334883935932891,334883942427683,9757375,550959,334883942427683,334883937022683,-1,334883935932891,
0,115912711,334883909803295,334883909803295,0,334883921194224,334883921195683,334883921634933,334883921923433,334883978885854,334883921186516,16799742,334883921976516,334883937289641,334883938935891,334883951800724,334883958297974,8207750,469542,334883958297974,334883952778724,-1,334883951800724,
0,115912719,334883926603037,334883926603037,0,334883939168266,334883939170099,334883939612766,334883939793933,334883995685596,334883939160058,16799742,334883939840183,334883953042724,334883954466516,334883967644558,334883974041808,9496958,660916,334883974041808,334883968707391,-1,334883967644558,
0,115912983,334884548193491,334884548193491,0,334884548590933,334884548593100,334884562951350,334884563182891,334884566876824,334884548580891,16799742,334884567543683,334884567930933,334884569518808,334884573134391,334884586196391,30250,497791,334884586196391,334884574096391,-1,334884573134391,
0,115912990,334884564993233,334884564993233,0,334884569999058,334884570001308,334884571516391,334884571844641,334884617276050,334884569988141,16799742,334884572556225,334884574344266,334884575842933,334884587265100,334884601921308,26166,436959,334884601921308,334884588141058,-1,334884587265100,
0,115912997,334884581792975,334884581792975,0,334884582187058,334884582189141,334884583464600,334884583688975,334884634075792,334884582177225,16799742,334884583734891,334884588562433,334884590057850,334884612137308,334884626761308,12463250,522625,334884626761308,334884613107975,-1,334884612137308,
0,115913005,334884598592717,334884598592717,0,334884599047766,334884599049641,334884600283641,334884600486891,334884650875534,334884599039308,16799742,334884600528391,334884613363141,334884614970933,334884628370350,334884642990891,4806750,477583,334884642990891,334884629484975,-1,334884628370350,
0,115913013,334884615392459,334884615392459,0,334884616538391,334884616540683,334884618308641,334884618569808,334884667675276,334884616528058,16799742,334884619156391,334884629740933,334884631220141,334884642651933,334884648737725,5248625,411083,334884648737725,334884643429308,-1,334884642651933,
0,115913021,334884632192201,334884632192201,0,334884632603808,334884632606475,334884634491600,334884634738433,334884684475018,334884632593558,16799742,334884635558683,334884643647766,334884649310725,334884662615391,334884669162600,3949084,395208,334884669162600,334884663400558,-1,334884662615391,
0,115913029,334884648991943,334884648991943,0,334884649739766,334884649741933,334884651792558,334884652125725,334884701274760,334884649728475,16799742,334884652786433,334884663633016,334884665021016,334884679884558,334884686574600,5052083,387916,334884686574600,334884680742475,-1,334884679884558,
0,115913037,334884665791685,334884665791685,0,334884666193600,334884666195308,334884667656266,334884668028433,334884718074502,334884666185350,16799742,334884668657058,334884680974891,334884682273808,334884690602058,334884697181766,4293583,395791,334884697181766,334884691385308,-1,334884690602058,
0,115913045,334884682591427,334884682591427,0,334884683022683,334884683024475,334884684462100,334884684849391,334884734874244,334884683014266,16799742,334884685436350,334884691615350,334884692982933,334884710108975,334884716671975,10762416,370333,334884716671975,334884710858100,-1,334884710108975,
0,115913053,334884699391169,334884699391169,0,334884699805600,334884699808141,334884701209266,334884701579016,334884751673986,334884699795725,16799742,334884702250766,334884711088016,334884712437683,334884724780766,334884731314933,7803167,739208,334884731314933,334884725952475,-1,334884724780766,
0,115913061,334884716190911,334884716190911,0,334884716594975,334884716597058,334884718045433,334884718422766,334884768473728,334884716584975,16799742,334884718984266,334884726199308,334884727763891,334884741605433,334884748145100,9368083,748250,334884748145100,334884742794475,-1,334884741605433,
0,115913069,334884732990653,334884732990653,0,334884733398891,334884733400683,334884734822891,334884735153016,334884785273470,334884733389766,16799742,334884735756516,334884743041016,334884744470475,334884758122433,334884764650141,9214500,703500,334884764650141,334884759221016,-1,334884758122433,
0,115913077,334884749790395,334884749790395,0,334884750165475,334884750167391,334884751491350,334884751837433,334884802073212,334884750156516,16799742,334884752412808,334884759451433,334884760764683,334884775078558,334884781725475,9850375,713334,334884781725475,334884776182141,-1,334884775078558,
0,115913085,334884766590137,334884766590137,0,334884766989266,334884766991850,334884768446308,334884768815433,334884818872954,334884766980183,16799742,334884769381183,334884776411141,334884777679516,334884792846100,334884799380100,9972917,675833,334884799380100,334884793925683,-1,334884792846100,
0,115913093,334884783389879,334884783389879,0,334884783815600,334884783818308,334884785754266,334884786066058,334884835672696,334884783804683,16799742,334884786604725,334884794153850,334884795423933,334884809698308,334884816238016,9131375,443416,334884816238016,334884810590558,-1,334884809698308,
0,115913101,334884800189621,334884800189621,0,334884800546766,334884800548683,334884801882850,334884802232183,334884852472438,334884800538350,16799742,334884802764683,334884810860766,334884812485641,334884826560183,334884833129933,8514666,807084,334884833129933,334884827839100,-1,334884826560183,
0,115913109,334884816989363,334884816989363,0,334884817349600,334884817351516,334884818780225,334884819135808,334884869272180,334884817340516,16799742,334884819644391,334884828150808,334884829618183,334884842233558,334884848964183,8322125,398166,334884848964183,334884843035600,-1,334884842233558,
0,115913117,334884833789105,334884833789105,0,334884834144558,334884834146516,334884836071266,334884836282600,334884886071922,334884834135433,16799742,334884836898308,334884843270475,334884844790891,334884858700808,334884865233808,9836666,377959,334884865233808,334884859471308,-1,334884858700808,
0,115913125,334884850588847,334884850588847,0,334884850995808,334884850998058,334884851388766,334884851609391,334884902871664,334884850985391,16799742,334884851986016,334884859702016,334884861008016,334884876786558,334884883377266,11171292,350458,334884883377266,334884877501891,-1,334884876786558,
0,115913133,334884867388589,334884867388589,0,334884867951683,334884867954850,334884868473725,334884868716891,334884919671406,334884867898850,16799742,334884869097600,334884877705141,334884878799975,334884891021975,334884897522475,9060334,298125,334884897522475,334884891672641,-1,334884891021975,
0,115913141,334884884188331,334884884188331,0,334884884565766,334884884567308,334884885096141,334884885317600,334884936471148,334884884557683,16799742,334884885589058,334884891868641,334884892941391,334884907333683,334884913649183,11619917,290583,334884913649183,334884907932516,-1,334884907333683,
---PROFILEDATA---


View hierarchy:

  com.auroratv.lab/com.auroratv.MainActivity/android.view.ViewRootImpl@7a4b1d7
  307 views, 543.87 kB of render nodes


Total ViewRootImpl   : 1
Total attached Views : 307
Total RenderNode     : 543.87 kB (used) / 2150.11 kB (capacity)

