Applications Graphics Acceleration Info:
Uptime: 335091005 Realtime: 369765115

** Graphics info for pid 4961 [com.auroratv.lab] **

Stats since: 335080539816568ns
Total frames rendered: 410
Janky frames: 17 (4.15%)
Janky frames (legacy): 377 (91.95%)
50th percentile: 26ms
90th percentile: 40ms
95th percentile: 53ms
99th percentile: 85ms
Number Missed Vsync: 2
Number High input latency: 786
Number Slow UI thread: 14
Number Slow bitmap uploads: 0
Number Slow issue draw commands: 17
Number Frame deadline missed: 17
Number Frame deadline missed (legacy): 17
HISTOGRAM: 5ms=0 6ms=0 7ms=0 8ms=0 9ms=0 10ms=0 11ms=0 12ms=0 13ms=0 14ms=0 15ms=0 16ms=0 17ms=2 18ms=1 19ms=6 20ms=5 21ms=11 22ms=32 23ms=84 24ms=47 25ms=17 26ms=12 27ms=4 28ms=6 29ms=3 30ms=6 31ms=7 32ms=31 34ms=47 36ms=21 38ms=21 40ms=10 42ms=5 44ms=4 46ms=2 48ms=3 53ms=5 57ms=2 61ms=4 65ms=1 69ms=1 73ms=1 77ms=0 81ms=2 85ms=4 89ms=2 93ms=1 97ms=0 101ms=0 105ms=0 109ms=0 113ms=0 117ms=0 121ms=0 125ms=0 129ms=0 133ms=0 150ms=0 200ms=0 250ms=0 300ms=0 350ms=0 400ms=0 450ms=0 500ms=0 550ms=0 600ms=0 650ms=0 700ms=0 750ms=0 800ms=0 850ms=0 900ms=0 950ms=0 1000ms=0 1050ms=0 1100ms=0 1150ms=0 1200ms=0 1250ms=0 1300ms=0 1350ms=0 1400ms=0 1450ms=0 1500ms=0 1550ms=0 1600ms=0 1650ms=0 1700ms=0 1750ms=0 1800ms=0 1850ms=0 1900ms=0 1950ms=0 2000ms=0 2050ms=0 2100ms=0 2150ms=0 2200ms=0 2250ms=0 2300ms=0 2350ms=0 2400ms=0 2450ms=0 2500ms=0 2550ms=0 2600ms=0 2650ms=0 2700ms=0 2750ms=0 2800ms=0 2850ms=0 2900ms=0 2950ms=0 3000ms=0 3050ms=0 3100ms=0 3150ms=0 3200ms=0 3250ms=0 3300ms=0 3350ms=0 3400ms=0 3450ms=0 3500ms=0 3550ms=0 3600ms=0 3650ms=0 3700ms=0 3750ms=0 3800ms=0 3850ms=0 3900ms=0 3950ms=0 4000ms=0 4050ms=0 4100ms=0 4150ms=0 4200ms=0 4250ms=0 4300ms=0 4350ms=0 4400ms=0 4450ms=0 4500ms=0 4550ms=0 4600ms=0 4650ms=0 4700ms=0 4750ms=0 4800ms=0 4850ms=0 4900ms=0 4950ms=0
50th gpu percentile: 7ms
90th gpu percentile: 9ms
95th gpu percentile: 20ms
99th gpu percentile: 4950ms
GPU HISTOGRAM: 1ms=0 2ms=0 3ms=0 4ms=0 5ms=0 6ms=0 7ms=318 8ms=9 9ms=48 10ms=2 11ms=0 12ms=1 13ms=0 14ms=2 15ms=4 16ms=0 17ms=1 18ms=0 19ms=4 20ms=1 21ms=0 22ms=0 23ms=0 24ms=2 25ms=1 4950ms=17

Pipeline=Skia (OpenGL)
Memory policy:
  Max surface area: 2073600
  Max resource usage: 99.53MB (x48)
  Background retention: 50% (altUiHidden = true)
  GPU Context timeout: 10
Contexts: 1 (stopped = 0)
CPU Caches:
  Glyph Cache: 1.56 MB (1 entry)
  Glyph Count: 101 
Total CPU memory usage:
  1640190 bytes, 1.56 MB (0.00 bytes is purgeable)
GPU Caches:
  Image:
    Texture: 13.83 MB (49 entries)
  Other:
    Other: 180.46 KB (1 entry)
    Buffer Object: 464.00 bytes (2 entries)
    StencilAttachment: 8.00 KB (1 entry)
  Scratch:
    Texture: 4.03 MB (4 entries)
    RenderTarget: 68.69 MB (266 entries)
    Buffer Object: 78.03 KB (3 entries)
Total GPU memory usage:
  91032112 bytes, 86.81 MB (636.70 KB is purgeable)

Profile data in ms:

	com.auroratv.lab/com.auroratv.MainActivity/android.view.ViewRootImpl@2996ac4 (visibility=0)
Window: com.auroratv.lab/com.auroratv.MainActivity
Stats since: 335080539816026ns
Total frames rendered: 410
Janky frames: 17 (4.15%)
Janky frames (legacy): 377 (91.95%)
50th percentile: 26ms
90th percentile: 40ms
95th percentile: 53ms
99th percentile: 85ms
Number Missed Vsync: 2
Number High input latency: 786
Number Slow UI thread: 14
Number Slow bitmap uploads: 0
Number Slow issue draw commands: 17
Number Frame deadline missed: 17
Number Frame deadline missed (legacy): 17
HISTOGRAM: 5ms=0 6ms=0 7ms=0 8ms=0 9ms=0 10ms=0 11ms=0 12ms=0 13ms=0 14ms=0 15ms=0 16ms=0 17ms=2 18ms=1 19ms=6 20ms=5 21ms=11 22ms=32 23ms=84 24ms=47 25ms=17 26ms=12 27ms=4 28ms=6 29ms=3 30ms=6 31ms=7 32ms=31 34ms=47 36ms=21 38ms=21 40ms=10 42ms=5 44ms=4 46ms=2 48ms=3 53ms=5 57ms=2 61ms=4 65ms=1 69ms=1 73ms=1 77ms=0 81ms=2 85ms=4 89ms=2 93ms=1 97ms=0 101ms=0 105ms=0 109ms=0 113ms=0 117ms=0 121ms=0 125ms=0 129ms=0 133ms=0 150ms=0 200ms=0 250ms=0 300ms=0 350ms=0 400ms=0 450ms=0 500ms=0 550ms=0 600ms=0 650ms=0 700ms=0 750ms=0 800ms=0 850ms=0 900ms=0 950ms=0 1000ms=0 1050ms=0 1100ms=0 1150ms=0 1200ms=0 1250ms=0 1300ms=0 1350ms=0 1400ms=0 1450ms=0 1500ms=0 1550ms=0 1600ms=0 1650ms=0 1700ms=0 1750ms=0 1800ms=0 1850ms=0 1900ms=0 1950ms=0 2000ms=0 2050ms=0 2100ms=0 2150ms=0 2200ms=0 2250ms=0 2300ms=0 2350ms=0 2400ms=0 2450ms=0 2500ms=0 2550ms=0 2600ms=0 2650ms=0 2700ms=0 2750ms=0 2800ms=0 2850ms=0 2900ms=0 2950ms=0 3000ms=0 3050ms=0 3100ms=0 3150ms=0 3200ms=0 3250ms=0 3300ms=0 3350ms=0 3400ms=0 3450ms=0 3500ms=0 3550ms=0 3600ms=0 3650ms=0 3700ms=0 3750ms=0 3800ms=0 3850ms=0 3900ms=0 3950ms=0 4000ms=0 4050ms=0 4100ms=0 4150ms=0 4200ms=0 4250ms=0 4300ms=0 4350ms=0 4400ms=0 4450ms=0 4500ms=0 4550ms=0 4600ms=0 4650ms=0 4700ms=0 4750ms=0 4800ms=0 4850ms=0 4900ms=0 4950ms=0
50th gpu percentile: 7ms
90th gpu percentile: 9ms
95th gpu percentile: 20ms
99th gpu percentile: 4950ms
GPU HISTOGRAM: 1ms=0 2ms=0 3ms=0 4ms=0 5ms=0 6ms=0 7ms=318 8ms=9 9ms=48 10ms=2 11ms=0 12ms=1 13ms=0 14ms=2 15ms=4 16ms=0 17ms=1 18ms=0 19ms=4 20ms=1 21ms=0 22ms=0 23ms=0 24ms=2 25ms=1 4950ms=17



---PROFILEDATA---
Flags,FrameTimelineVsyncId,IntendedVsync,Vsync,InputEventId,HandleInputStart,AnimationStart,PerformTraversalsStart,DrawStart,FrameDeadline,FrameInterval,FrameStartTime,SyncQueued,SyncStart,IssueDrawCommandsStart,SwapBuffers,FrameCompleted,DequeueBufferDuration,QueueBufferDuration,GpuCompleted,SwapBuffersCompleted,DisplayPresentTime,CommandSubmissionCompleted,
0,115997896,335086955075309,335086955075309,0,335086965435863,335086965436904,335086966058279,335086966201071,335087024159155,335086965429404,16800171,335086966442988,335086980351238,335086981462988,335086994799988,335087001185321,10511542,279250,335087001185321,335086995374446,-1,335086994799988,
0,115997904,335086971875480,335086971875480,0,335086981925321,335086981926529,335086982399696,335086982544613,335087040959326,335086981917821,16800171,335086982762321,335086995552946,335086996705321,335087011543613,335087017914321,12051083,299583,335087017914321,335087012134238,-1,335087011543613,
0,115997912,335086988675651,335086988675651,0,335086996872238,335086996873029,335086997443446,335086997591363,335087057759497,335086996867654,16800171,335086997807946,335087012315071,335087013468071,335087028306154,335087034697154,12053333,279834,335087034697154,335087028876404,-1,335087028306154,
0,115997920,335087005475822,335087005475822,0,335087013638904,335087013639863,335087014114113,335087014261154,335087074559668,335087013634029,16800171,335087014481863,335087029052238,335087030157238,335087045320196,335087051713904,12195167,330625,335087051713904,335087045979238,-1,335087045320196,
0,115997928,335087022275993,335087022275993,0,335087030326988,335087030327946,335087030879113,335087031026446,335087091359839,335087030321779,16800171,335087031232821,335087046159863,335087047337404,335087062342029,335087068727321,11849000,277125,335087068727321,335087062964238,-1,335087062342029,
0,115997936,335087039076164,335087039076164,0,335087047503821,335087047504779,335087047960321,335087048152779,335087108160010,335087047498821,16800171,335087048346404,335087063166404,335087064402196,335087081426071,335087087897904,12318459,421417,335087087897904,335087082285904,-1,335087081426071,
0,115997944,335087055876335,335087055876335,0,335087064570571,335087064571321,335087065025571,335087065175279,335087124960181,335087064565446,16800171,335087065405571,335087082543904,335087084282779,335087098676946,335087105224488,9093292,846042,335087105224488,335087100172113,-1,335087098676946,
0,115997952,335087072676506,335087072676506,0,335087084508613,335087084509779,335087085173571,335087085389863,335087141760352,335087084501154,16800171,335087085595404,335087100426988,335087102321279,335087114480154,335087120940654,7880042,783250,335087120940654,335087115704654,-1,335087114480154,
0,115997960,335087089476677,335087089476677,0,335087102553071,335087102554696,335087103150196,335087103347363,335087158560523,335087102545529,16800171,335087103559238,335087115955821,335087117656738,335087130613446,335087137024571,9104542,632042,335087137024571,335087131597238,-1,335087130613446,
0,115997968,335087106276848,335087106276848,0,335087117970904,335087117972571,335087119155321,335087119358904,335087175360694,335087117963071,16800171,335087119586196,335087131799363,335087133177779,335087148581446,335087154975196,11019417,712416,335087154975196,335087149691154,-1,335087148581446,
0,115997976,335087123077019,335087123077019,0,335087133365113,335087133366196,335087142609988,335087142944279,335087192160865,335087133359571,16800171,335087143131904,335087149924488,335087151529196,335087165679446,335087172071654,9448500,728583,335087172071654,335087166805154,-1,335087165679446,
0,115997984,335087139877190,335087139877190,0,335087152521654,335087152523279,335087153066321,335087153260904,335087208961036,335087152511196,16800171,335087153307863,335087167026529,335087168315613,335087183183488,335087189604279,9533833,623125,335087189604279,335087184273279,-1,335087183183488,
0,115997992,335087156677361,335087156677361,0,335087168662696,335087168664113,335087169086363,335087169265779,335087225761207,335087168655363,16800171,335087169311904,335087184538738,335087186060154,335087199091321,335087205517071,8036291,598583,335087205517071,335087200157738,-1,335087199091321,
0,115998000,335087173477532,335087173477532,0,335087186272696,335087186274321,335087186716321,335087186898988,335087242561378,335087186265738,16800171,335087186944988,335087200423363,335087202002446,335087215554321,335087222015821,8799167,387167,335087222015821,335087216400696,-1,335087215554321,
0,115998008,335087190277703,335087190277703,0,335087202260363,335087202262071,335087202770571,335087203022196,335087259361549,335087202250946,16800171,335087203074321,335087216690988,335087218387154,335087232197529,335087238604571,9491541,445292,335087238604571,335087233032154,-1,335087232197529,
0,115998016,335087207077874,335087207077874,0,335087218636321,335087218637988,335087219134321,335087219344238,335087276161720,335087218627946,16800171,335087219395654,335087233300238,335087234648946,335087249785321,335087256179404,10225000,473791,335087256179404,335087250652196,-1,335087249785321,
0,115998024,335087223878045,335087223878045,0,335087234860613,335087234861738,335087235286154,335087235466113,335087292961891,335087234853613,16800171,335087235512613,335087250878529,335087252272529,335087266437113,335087272922488,9381208,448417,335087272922488,335087267342571,-1,335087266437113,
0,115998032,335087240678216,335087240678216,0,335087252485571,335087252486738,335087252922613,335087253105071,335087309762062,335087252478571,16800171,335087253151696,335087267608363,335087268979988,335087282867446,335087289293488,9123875,453458,335087289293488,335087283782530,-1,335087282867446,
0,115998040,335087257478387,335087257478387,0,335087269191488,335087269192780,335087269622863,335087269803321,335087326562233,335087269184446,16800171,335087269850488,335087284113821,335087285562488,335087299689030,335087306281738,9340875,447208,335087306281738,335087300714988,-1,335087299689030,
0,115998048,335087274278558,335087274278558,0,335087285814863,335087285816488,335087286310071,335087286518488,335087343362404,335087285806238,16800171,335087286569613,335087301089988,335087302670946,335087316093363,335087322615655,9031625,438584,335087322615655,335087316929071,-1,335087316093363,
0,115998056,335087291078729,335087291078729,0,335087302914113,335087302915655,335087303418905,335087303628488,335087360162575,335087302905321,16800171,335087303679363,335087317193738,335087318518988,335087333275655,335087339753321,10345208,479541,335087339753321,335087334164113,-1,335087333275655,
0,115998064,335087307878900,335087307878900,0,335087318732571,335087318733613,335087319189780,335087319402821,335087376962746,335087318725280,16800171,335087319456821,335087334390988,335087335736196,335087350735946,335087357292780,9938250,380042,335087357292780,335087351600571,-1,335087350735946,
0,115998072,335087324679071,335087324679071,0,335087335944113,335087335945321,335087336435530,335087336615571,335087393762917,335087335937113,16800171,335087336663738,335087351829696,335087353279571,335087367225280,335087373698446,9193625,493833,335087373698446,335087368176613,-1,335087367225280,
0,115998203,335087627082149,335087627082149,-63929525,335087627366946,335087627368280,335087673128446,335087673359030,335087645765482,335087627361238,16800171,335087684903446,335087685072363,335087687140905,335087690703280,335087709328488,21375,318833,335087709328488,335087691425488,-1,335087690703280,
0,115998210,335087643882320,335087677482662,0,335087687481988,335087687482863,335087688165488,335087688342988,335087729766337,335087687470405,16800171,335087688692363,335087691610238,335087692964321,335087698543155,335087732046613,17250,10556334,335087732046613,335087709455905,-1,335087698543155,
0,115998217,335087694282833,335087694282833,0,335087694580780,335087694582405,335087698713946,335087698923946,335087763366679,335087694575071,16800171,335087700538655,335087709627405,335087710783696,335087718131863,335087755826988,3622792,13712708,335087755826988,335087732191196,-1,335087718131863,
0,115998225,335087711083004,335087711083004,0,335087711330530,335087711331863,335087711895071,335087712081405,335087780166850,335087711325571,16800171,335087712309155,335087732399488,335087733604821,335087751660363,335087780436030,14363500,3960625,335087780436030,335087755944280,-1,335087751660363,
0,115998233,335087727883175,335087727883175,0,335087733777363,335087733778280,335087734241696,335087734380196,335087813767192,335087733772613,16800171,335087734599155,335087756153613,335087757319571,335087775829113,335087808675071,7520625,4133708,335087808675071,335087780554155,-1,335087775829113,
0,115998241,335087744683346,335087744683346,0,335087757584696,335087757585696,335087758025738,335087758157071,335087830567363,335087757579571,16800171,335087758362780,335087780778655,335087782094196,335087807201405,335087833896655,16277375,1285042,335087833896655,335087808755613,-1,335087807201405,
0,115998249,335087761483517,335087778283688,0,335087782371530,335087782372696,335087782963321,335087783104738,335087864167705,335087782360238,16800171,335087783312821,335087808960696,335087810525946,335087819002988,335087842377530,4657541,14665083,335087842377530,335087834011655,-1,335087819002988,
0,115998258,335087795083859,335087795083859,0,335087810930280,335087810931571,335087811416946,335087811567446,335087880967876,335087810923363,16800171,335087811834821,335087834190530,335087835348530,335087852315905,335087861193696,13453666,284084,335087861193696,335087852895488,-1,335087852315905,
0,115998266,335087811884030,335087828684201,0,335087835775071,335087835776530,335087836420321,335087836632196,335087897768047,335087835762113,16800171,335087836849405,335087853071530,335087854184613,335087869094446,335087878024238,11389417,285125,335087878024238,335087869670613,-1,335087869094446,
0,115998275,335087845484372,335087845484372,0,335087854526571,335087854528113,335087855095071,335087855233321,335087914568218,335087854520613,16800171,335087855443030,335087869847530,335087870967530,335087885901446,335087894827363,11424167,280958,335087894827363,335087886474280,-1,335087885901446,
0,115998283,335087862284543,335087862284543,0,335087871239571,335087871240488,335087871750363,335087871888571,335087931368389,335087871233780,16800171,335087872207613,335087886650905,335087887770405,335087902703571,335087911666405,11372250,281875,335087911666405,335087903289155,-1,335087902703571,
0,115998291,335087879084714,335087879084714,0,335087888086071,335087888087071,335087888532488,335087888674821,335087948168560,335087888078863,16800171,335087888952696,335087903466113,335087904621946,335087921521946,335087930414113,11937292,378709,335087930414113,335087922291655,-1,335087921521946,
0,115998299,335087895884885,335087895884885,0,335087904981863,335087904982821,335087905458280,335087905597696,335087964968731,335087904975821,16800171,335087905850821,335087922521196,335087924071363,335087943196238,335087952103196,9438375,374708,335087952103196,335087943928946,-1,335087943196238,
0,115998307,335087912685056,335087912685056,0,335087924431738,335087924432988,335087925031113,335087925213946,335087981768902,335087924423821,16800171,335087925487196,335087944202696,335087945731238,335087955928863,335087962588488,4756500,407291,335087962588488,335087956816113,-1,335087955928863,
0,115998315,335087929485227,335087929485227,0,335087946092113,335087946093613,335087946807280,335087946989780,335087998569073,335087946083946,16800171,335087947272780,335087957074696,335087958657196,335087971634280,335087978261530,8311750,432667,335087978261530,335087972452947,-1,335087971634280,
0,115998323,335087946285398,335087946285398,0,335087959348321,335087959349988,335087959853655,335087960068905,335088015369244,335087959337196,16800171,335087960505363,335087972686905,335087974143363,335087988988572,335087995600530,9751875,378917,335087995600530,335087989763488,-1,335087988988572,
0,115998331,335087963085569,335087963085569,0,335087974371572,335087974372988,335087974917405,335087975106738,335088032169415,335087974364113,16800171,335087975390322,335087990003238,335087991514572,335088004490822,335088011253530,8817666,617833,335088011253530,335088005495322,-1,335088004490822,
0,115998339,335087979885740,335087979885740,0,335087991763863,335087991765405,335087992406863,335087992615488,335088048969586,335087991756280,16800171,335087992916322,335088005708655,335088007058030,335088029185113,335088035840655,14119458,329417,335088035840655,335088029811988,-1,335088029185113,
0,115998347,335087996685911,335087996685911,0,335088007283030,335088007284488,335088007792988,335088007970405,335088065769757,335088007276488,16800171,335088008327947,335088030010447,335088031692197,335088038599363,335088045176863,2189500,638792,335088045176863,335088039575447,-1,335088038599363,
0,115998355,335088013486082,335088030286253,0,335088031900197,335088031901488,335088032424155,335088032603905,335088082569928,335088031887488,16800171,335088032949572,335088039960530,335088041300697,335088054581530,335088061133613,9209541,637875,335088061133613,335088055560905,-1,335088054581530,
0,115998364,335088047086424,335088047086424,0,335088047415947,335088047417572,335088047877280,335088048067738,335088099370099,335088047410030,16800171,335088048285697,335088055747655,335088057133697,335088073154280,335088079803363,10649208,873000,335088079803363,335088074419113,-1,335088073154280,
0,115998372,335088063886595,335088063886595,0,335088064253738,335088064255280,335088064705530,335088064897405,335088116170270,335088064246738,16800171,335088065238488,335088074649155,335088076302405,335088096282780,335088102875447,8437917,750125,335088102875447,335088097416488,-1,335088096282780,
0,115998380,335088080686766,335088080686766,0,335088081058738,335088081060572,335088081587863,335088081790863,335088132970441,335088081049822,16800171,335088082132572,335088097765447,335088099334613,335088107461488,335088114058863,2224333,1080209,335088114058863,335088108970447,-1,335088107461488,
0,115998388,335088097486937,335088097486937,0,335088099570072,335088099571113,335088100136905,335088100338363,335088149770612,335088099563155,16800171,335088100626113,335088109224405,335088110922197,335088123256238,335088129852363,7180334,820459,335088129852363,335088124487322,-1,335088123256238,
0,115998396,335088114287108,335088114287108,0,335088114626613,335088114628322,335088115128530,335088115321822,335088166570783,335088114619363,16800171,335088115594405,335088124720030,335088126254238,335088140852113,335088147506947,8827209,799167,335088147506947,335088142054280,-1,335088140852113,
0,115998404,335088131087279,335088131087279,0,335088131474572,335088131476572,335088132111947,335088132322738,335088183370954,335088131466030,16800171,335088132617113,335088142284030,335088143875113,335088157767613,335088164344947,8013375,914667,335088164344947,335088159123155,-1,335088157767613,
0,115998412,335088147887450,335088147887450,0,335088148266613,335088148268197,335088148658155,335088148847738,335088200171125,335088148259280,16800171,335088149086572,335088159373655,335088161008738,335088173159238,335088179751155,7568250,377291,335088179751155,335088173925072,-1,335088173159238,
0,115998420,335088164687621,335088164687621,0,335088165050488,335088165051947,335088165431697,335088165622030,335088216971296,335088165043280,16800171,335088165864072,335088174158488,335088175689655,335088190228655,335088196819572,9877791,377042,335088196819572,335088190994197,-1,335088190228655,
0,115998428,335088181487792,335088181487792,0,335088181858947,335088181860655,335088182278030,335088182483947,335088233771467,335088181850447,16800171,335088182748405,335088191228322,335088192714738,335088207406280,335088213980405,9589375,420375,335088213980405,335088208225738,-1,335088207406280,
0,115998436,335088198287963,335088198287963,0,335088198647988,335088198649572,335088199140738,335088199343280,335088250571638,335088198640488,16800171,335088199715322,335088208459030,335088209889822,335088226314613,335088233042697,9299625,1128292,335088233042697,335088227907613,-1,335088226314613,
0,115998444,335088215088134,335088215088134,0,335088215456947,335088215458697,335088215818030,335088216042447,335088267371809,335088215449780,16800171,335088216470072,335088228277572,335088230379905,335088241833488,335088248417113,5902959,370875,335088248417113,335088242617780,-1,335088241833488,
0,115998452,335088231888305,335088231888305,0,335088232303905,335088232305697,335088232722822,335088232933030,335088284171980,335088232296197,16800171,335088233206780,335088242914947,335088244516405,335088259304697,335088265877447,8541959,508000,335088265877447,335088260206280,-1,335088259304697,
0,115998460,335088248688476,335088248688476,0,335088249146613,335088249148572,335088249595155,335088249815113,335088300972151,335088249137280,16800171,335088250100488,335088260442238,335088262089072,335088276269155,335088282883447,7760834,554125,335088282883447,335088277285072,-1,335088276269155,
0,115998468,335088265488647,335088265488647,0,335088265845530,335088265847072,335088266245697,335088266472030,335088317772322,335088265837947,16800171,335088266713488,335088277566405,335088279406905,335088291822613,335088298471988,6791333,545667,335088298471988,335088292874113,-1,335088291822613,
0,115998476,335088282288818,335088282288818,0,335088282639655,335088282641572,335088283111697,335088283341280,335088334572493,335088282632280,16800171,335088283666447,335088293147988,335088295104905,335088308055363,335088314746905,7876500,374166,335088314746905,335088308910572,-1,335088308055363,
0,115998484,335088299088989,335088299088989,0,335088299514280,335088299516322,335088299963822,335088300238030,335088351372664,335088299505530,16800171,335088300522447,335088309144738,335088311063155,335088325050822,335088331669988,9292916,375250,335088331669988,335088325848738,-1,335088325050822,
0,115998492,335088315889160,335088315889160,0,335088316369280,335088316371655,335088316835363,335088317060947,335088368172835,335088316359988,16800171,335088317357072,335088326083322,335088327513155,335088342305155,335088348877363,9568458,373459,335088348877363,335088343070280,-1,335088342305155,
0,115998500,335088332689331,335088332689331,0,335088333119988,335088333122363,335088333609655,335088333845447,335088384973006,335088333110280,16800171,335088334146405,335088343301613,335088344798030,335088359406113,335088366014655,8946959,525583,335088366014655,335088360377738,-1,335088359406113,
0,115998508,335088349489502,335088349489502,0,335088349828738,335088349830280,335088350523738,335088350755530,335088401773177,335088349821197,16800171,335088351054738,335088360613947,335088362049947,335088375970405,335088382678780,8237166,444916,335088382678780,335088376985572,-1,335088375970405,
0,115998516,335088366289673,335088366289673,0,335088366624072,335088366625697,335088367034447,335088367230155,335088418573348,335088366616655,16800171,335088367485363,335088377259947,335088378959238,335088392431613,335088399036488,8018791,558792,335088399036488,335088393448905,-1,335088392431613,
0,115998524,335088383089844,335088383089844,0,335088383418072,335088383419738,335088383825572,335088384054488,335088435373519,335088383410697,16800171,335088384316488,335088393727238,335088395684155,335088408454738,335088415028947,8133875,375750,335088415028947,335088409223822,-1,335088408454738,
0,115998532,335088399890015,335088399890015,0,335088400316572,335088400318655,335088400785863,335088401379030,335088452173690,335088400307280,16800171,335088401645405,335088409529405,335088410963488,335088426049905,335088432810613,10055417,667250,335088432810613,335088427168947,-1,335088426049905,
0,115998540,335088416690186,335088416690186,0,335088417126155,335088417128655,335088417593030,335088417821572,335088468973861,335088417116113,16800171,335088418167738,335088427400072,335088428881613,335088444224488,335088450854697,9020375,637750,335088450854697,335088445189905,-1,335088444224488,
0,115998548,335088433490357,335088433490357,0,335088433937405,335088433939863,335088434492322,335088434801197,335088485774032,335088433927155,16800171,335088435149030,335088445399363,335088446853197,335088457709863,335088464293655,7160959,600875,335088464293655,335088458664113,-1,335088457709863,
0,115998556,335088450290528,335088450290528,0,335088450634697,335088450636030,335088451084530,335088451275863,335088502574203,335088450628280,16800171,335088451490655,335088458860280,335088460115655,335088474550947,335088481162655,10651709,302291,335088481162655,335088475184488,-1,335088474550947,
0,115998564,335088467090699,335088467090699,0,335088467413988,335088467415280,335088467765738,335088467933072,335088519374374,335088467407447,16800171,335088468184238,335088475381988,335088476535447,335088491072530,335088497627363,10805416,558834,335088497627363,335088491961905,-1,335088491072530,
0,115998572,335088483890870,335088483890870,0,335088484339655,335088484340863,335088484660238,335088484894738,335088536174545,335088484333863,16800171,335088485108738,335088492167197,335088493428280,335088508599613,335088515420780,11250458,605500,335088515420780,335088509553988,-1,335088508599613,
0,115998580,335088500691041,335088500691041,-345044619,335088501013905,335088501015113,335088503105613,335088503312863,335088552974716,335088501008072,16800171,335088504506322,335088509741405,335088511011655,335088524704738,335088531254322,10025042,590458,335088531254322,335088525628363,-1,335088524704738,
0,115998588,335088517491212,335088517491212,0,335088517813113,335088517814780,335088518328363,335088518518238,335088569774887,335088517806947,16800171,335088518876113,335088525809405,335088526974363,335088541877530,335088548530447,11098625,573167,335088548530447,335088542784030,-1,335088541877530,
0,115998596,335088534291383,335088534291383,0,335088534562113,335088534563363,335088547021363,335088547167072,335088586575058,335088534556655,16800171,335088550563947,335088550734988,335088552140322,335088560799280,335088567381113,2431458,555833,335088567381113,335088561628030,-1,335088560799280,
0,115998604,335088551091554,335088551091554,0,335088552462613,335088552463905,335088556593405,335088556776030,335088603375229,335088552456738,16800171,335088558191738,335088561812363,335088562984697,335088578289738,335088586890738,8347875,582875,335088586890738,335088579140863,-1,335088578289738,
0,115998612,335088567891725,335088567891725,0,335088568195280,335088568196572,335088568715363,335088568877197,335088620175400,335088568189947,16800171,335088569174363,335088579314613,335088580524780,335088593705280,335088601616738,7609334,549167,335088601616738,335088594515238,-1,335088593705280,
0,115998620,335088584691896,335088584691896,0,335088584979780,335088584980988,335088585485488,335088585660905,335088636975571,335088584974697,16800171,335088585902655,335088594692947,335088595872280,335088610192238,335088617517488,9064875,546167,335088617517488,335088610994572,-1,335088610192238,
0,115998628,335088601492067,335088601492067,0,335088601767863,335088601769072,335088602320447,335088602469322,335088653775742,335088601762238,16800171,335088602683863,335088611171155,335088612378988,335088626849280,335088633765488,9260167,506208,335088633765488,335088627655113,-1,335088626849280,
0,115998636,335088618292238,335088618292238,0,335088618552072,335088618553322,335088619019613,335088619170488,335088670575913,335088618546655,16800171,335088619387197,335088627830697,335088629006155,335088643388988,335088650023322,9476208,593458,335088650023322,335088644262405,-1,335088643388988,
0,115998644,335088635092409,335088635092409,0,335088635345363,335088635346655,335088635846322,335088635999072,335088687376084,335088635339905,16800171,335088636245822,335088644439655,335088645592697,335088658320363,335088664757364,9675375,552125,335088664757364,335088659173780,-1,335088658320363,
0,115998652,335088651892580,335088651892580,0,335088652161822,335088652163363,335088652676155,335088652827363,335088704176255,335088652156988,16800171,335088653113447,335088659350697,335088660532572,335088675133739,335088681543364,11634459,559042,335088681543364,335088675992114,-1,335088675133739,
0,115998660,335088668692751,335088668692751,0,335088668947697,335088668948905,335088669474155,335088669634822,335088720976426,335088668942530,16800171,335088669859614,335088676200530,335088677325072,335088691818697,335088698225405,11579417,532542,335088698225405,335088692697739,-1,335088691818697,
0,115998668,335088685492922,335088685492922,0,335088685749197,335088685750322,335088686194155,335088686346072,335088737776597,335088685743989,16800171,335088686555405,335088692871114,335088693992864,335088708758447,335088715210114,11739834,290667,335088715210114,335088709347697,-1,335088708758447,
0,115998676,335088702293093,335088702293093,0,335088702550322,335088702551864,335088703076197,335088703232239,335088754576768,335088702545364,16800171,335088703458322,335088709524072,335088710646155,335088725653989,335088732048822,11811500,432333,335088732048822,335088726391822,-1,335088725653989,
0,115998684,335088719093264,335088719093264,0,335088719346197,335088719347322,335088719834739,335088719982739,335088771376939,335088719340697,16800171,335088720217155,335088726571655,335088727769739,335088742321655,335088748696697,11490208,288750,335088748696697,335088742911530,-1,335088742321655,
0,115998692,335088735893435,335088735893435,0,335088736170697,335088736172030,335088736577864,335088736720697,335088788177110,335088736165572,16800171,335088736909155,335088743089072,335088744334739,335088759103697,335088765486155,11774167,287875,335088765486155,335088759692030,-1,335088759103697,
0,115998700,335088752693606,335088752693606,0,335088752945655,335088752946780,335088753432239,335088753581322,335088804977281,335088752940697,16800171,335088753756489,335088759867530,335088761026989,335088775925530,335088782325364,11889083,292500,335088782325364,335088776543864,-1,335088775925530,
0,115998708,335088769493777,335088769493777,0,335088769777572,335088769778822,335088770296280,335088770452072,335088821777452,335088769772447,16800171,335088770641697,335088776808572,335088777924739,335088792805614,335088799171530,11743083,283042,335088799171530,335088793386239,-1,335088792805614,
0,115998716,335088786293948,335088786293948,0,335088786544280,335088786545405,335088786943030,335088787087197,335088838577623,335088786539572,16800171,335088787234655,335088793562447,335088794793572,335088809739197,335088816102447,11718375,273708,335088816102447,335088810361697,-1,335088809739197,
0,115998724,335088803094119,335088803094119,0,335088803355322,335088803356364,335088803757114,335088803898322,335088855377794,335088803350072,16800171,335088804078114,335088810538280,335088811718197,335088828754864,335088835170864,12392208,336958,335088835170864,335088829478364,-1,335088828754864,
0,115998732,335088819894290,335088819894290,0,335088820320864,335088820322614,335088821507864,335088821720447,335088872177965,335088820312322,16800171,335088822107280,335088829694239,335088831210155,335088846053530,335088852490197,9763500,441417,335088852490197,335088846946905,-1,335088846053530,
0,115998740,335088836694461,335088836694461,0,335088837092280,335088837094322,335088847117614,335088847303030,335088888978136,335088837084364,16800171,335088847454447,335088847671905,335088849856072,335088862517655,335088869078322,7717167,833958,335088869078322,335088863929114,-1,335088862517655,
0,115998748,335088853494632,335088853494632,0,335088853824947,335088853826905,335088854269822,335088854465780,335088905778307,335088853817697,16800171,335088854511072,335088864218989,335088865795530,335088878498155,335088884992197,8337416,771791,335088884992197,335088879696072,-1,335088878498155,
0,115998756,335088870294803,335088870294803,0,335088870658864,335088870660322,335088871102947,335088871286947,335088922578478,335088870651864,16800171,335088871332114,335088879934489,335088881636489,335088894965489,335088901361322,9318792,851375,335088901361322,335088896210697,-1,335088894965489,
0,115998764,335088887094974,335088887094974,0,335088887492614,335088887494239,335088887903155,335088888126197,335088939378649,335088887485197,16800171,335088888172989,335088896432030,335088897680155,335088912118489,335088918625155,10267084,680709,335088918625155,335088913174572,-1,335088912118489,
0,115998772,335088903895145,335088903895145,0,335088904311947,335088904313655,335088904753280,335088904950780,335088956178820,335088904303572,16800171,335088905001280,335088913394822,335088914844530,335088929798530,335088936209322,10150375,677417,335088936209322,335088930864947,-1,335088929798530,
0,115998780,335088920695316,335088920695316,0,335088921095530,335088921097614,335088921564072,335088921776239,335088972978991,335088921086030,16800171,335088921825489,335088931086530,335088932456864,335088946899989,335088953316197,9362875,836292,335088953316197,335088948189030,-1,335088946899989,
0,115998788,335088937495487,335088937495487,0,335088937833655,335088937835114,335088938267239,335088938479405,335088989779162,335088937826697,16800171,335088938530405,335088948418114,335088949627239,335088962954072,335088969436614,8569041,931042,335088969436614,335088964338155,-1,335088962954072,
0,115998796,335088954295658,335088954295658,0,335088954626572,335088954628364,335088955038822,335088955221447,335089006579333,335088954619530,16800171,335088955267072,335088964598280,335088966058530,335088979267530,335088985952530,8888209,850333,335088985952530,335088980903780,-1,335088979267530,
0,115998804,335088971095829,335088971095829,0,335088971429864,335088971431572,335088971893322,335088972177572,335089023379504,335088971422155,16800171,335088972224780,335088981303655,335088982849197,335088995942905,335089002609780,8920834,761375,335089002609780,335088997122447,-1,335088995942905,
0,115998812,335088987896000,335088987896000,0,335088988326030,335088988328322,335088988794155,335088989008155,335089040179675,335088988317030,16800171,335088989060989,335088997343280,335088998549530,335089013002947,335089019389947,10515542,670750,335089019389947,335089014059822,-1,335089013002947,
0,115998820,335089004696171,335089004696171,0,335089005113947,335089005116155,335089005594697,335089005827614,335089056979846,335089005105197,16800171,335089005879739,335089014279697,335089015591780,335089030376447,335089036769905,10107041,665583,335089036769905,335089031436239,-1,335089030376447,
0,115999181,335089861504892,335089861504892,0,335089862105031,335089862107322,335089877915739,335089878143489,335089880188225,335089862095114,16800171,335089886582822,335089886834822,335089887907322,335089890497697,335089903530239,24167,346041,335089903530239,335089891182989,-1,335089890497697,
0,115999188,335089878305063,335089878305063,0,335089888514739,335089888516614,335089889732239,335089889940406,335089930588738,335089888506572,16800171,335089890313864,335089891354739,335089892472447,335089906410864,335089921231156,21167,328083,335089921231156,335089907162739,-1,335089906410864,
0,115999195,335089895105234,335089895105234,0,335089895493697,335089895495114,335089896793739,335089897098739,335089947388909,335089895487197,16800171,335089897141572,335089907339531,335089908378947,335089926059656,335089940802614,7104209,360667,335089940802614,335089926753614,-1,335089926059656,
0,115999203,335089911905405,335089911905405,0,335089912221822,335089912223531,335089913298322,335089913565989,335089964189080,335089912216239,16800171,335089913872989,335089926993447,335089928301947,335089942908781,335089957642739,4050042,423875,335089957642739,335089943711531,-1,335089942908781,
0,115999211,335089928705576,335089928705576,0,335089928999114,335089929000989,335089930591322,335089930958531,335089980989251,335089928990739,16800171,335089931539697,335089943887947,335089949825781,335089960379906,335089980144322,18208,607708,335089980144322,335089961312822,-1,335089960379906,
0,115999219,335089945505747,335089945505747,0,335089950132114,335089950133531,335089954289031,335089954514364,335089997789422,335089950126156,16800171,335089955094531,335089961494281,335089962643822,335089974226406,335090000672906,3267541,5781625,335090000672906,335089980349822,-1,335089974226406,
0,115999227,335089962305918,335089962305918,0,335089962969947,335089962970864,335089964592156,335089964890739,335090031389764,335089962964156,16800171,335089965348739,335089980599489,335089981829822,335089990957656,335090020985822,1230750,9498417,335090020985822,335090000777156,-1,335089990957656,
0,115999235,335089979106089,335089979106089,0,335089982810656,335089982812697,335089985090697,335089985268864,335090048189935,335089982800989,16800171,335089985623781,335090000942739,335090001895572,335090024547739,335090036057864,14273541,342000,335090036057864,335090025236697,-1,335090024547739,
0,115999243,335089995906260,335089995906260,0,335090002208322,335090002209364,335090003090156,335090003257072,335090064990106,335090002202989,16800171,335090003555697,335090025424156,335090026505656,335090042181822,335090048661072,6594417,292791,335090048661072,335090042762322,-1,335090042181822,
0,115999251,335090012706431,335090012706431,0,335090027072781,335090027074322,335090028272239,335090028438697,335090081790277,335090027066114,16800171,335090028861989,335090042942656,335090043931906,335090055914031,335090062442281,5909042,583750,335090062442281,335090056890156,-1,335090055914031,
0,115999259,335090029506602,335090029506602,0,335090044276322,335090044277614,335090045290239,335090045505781,335090098590448,335090044271072,16800171,335090045908864,335090057090781,335090058389406,335090073012239,335090079488573,8002834,535583,335090079488573,335090073893864,-1,335090073012239,
0,115999267,335090046306773,335090046306773,0,335090058682197,335090058683156,335090059592906,335090059750781,335090115390619,335090058676781,16800171,335090060109906,335090074096448,335090075177198,335090086510656,335090093001239,8172209,600125,335090093001239,335090087426781,-1,335090086510656,
0,115999275,335090063106944,335090063106944,0,335090075505281,335090075506073,335090076598781,335090076769364,335090132190790,335090075499656,16800171,335090077110739,335090087608156,335090088679364,335090106182156,335090112633614,11417792,554500,335090112633614,335090107034739,-1,335090106182156,
0,115999283,335090079907115,335090079907115,0,335090088969781,335090088971156,335090089928323,335090090116073,335090148990961,335090088964406,16800171,335090090437906,335090107217823,335090108292198,335090123616948,335090130065614,8782833,616417,335090130065614,335090124527823,-1,335090123616948,
0,115999291,335090096707286,335090096707286,0,335090108580781,335090108581531,335090109655281,335090109867448,335090165791132,335090108575364,16800171,335090110243864,335090124714114,335090125771864,335090140369781,335090146854739,7984083,629958,335090146854739,335090141338073,-1,335090140369781,
0,115999299,335090113507457,335090113507457,0,335090126091573,335090126092948,335090127106489,335090127264156,335090182591303,335090126086073,16800171,335090127660281,335090141538614,335090142671739,335090157688781,335090164134864,8152750,597208,335090164134864,335090158580031,-1,335090157688781,
0,115999307,335090130307628,335090130307628,0,335090143236573,335090143238114,335090144458239,335090144642073,335090199391474,335090143228698,16800171,335090145010989,335090158768323,335090159803448,335090175191989,335090181796323,7850792,714875,335090181796323,335090176324031,-1,335090175191989,
0,115999315,335090147107799,335090147107799,0,335090160133073,335090160134156,335090161350114,335090161527739,335090216191645,335090160126823,16800171,335090161915948,335090176535906,335090177734906,335090187848489,335090194462406,6528083,630000,335090194462406,335090188962156,-1,335090187848489,
0,115999323,335090163907970,335090163907970,0,335090177976864,335090177977656,335090178309614,335090178507864,335090232991816,335090177971114,16800171,335090178770864,335090189153239,335090190414906,335090204257323,335090210637323,10674625,639375,335090210637323,335090205255448,-1,335090204257323,
---PROFILEDATA---


View hierarchy:

  com.auroratv.lab/com.auroratv.MainActivity/android.view.ViewRootImpl@2996ac4
  307 views, 543.87 kB of render nodes


Total ViewRootImpl   : 1
Total attached Views : 307
Total RenderNode     : 543.87 kB (used) / 2150.11 kB (capacity)

