16683333
0	0	0
0	0	0
0	0	0
0	0	0
0	0	0
0	0	0
0	0	0
0	0	0
0	0	0
0	0	0
0	0	0
0	0	0
0	0	0
0	0	0
0	0	0
0	0	0
0	0	0
0	0	0
0	0	0
0	0	0
0	0	0
0	0	0
0	0	0
0	0	0
0	0	0
0	0	0
0	0	0
0	0	0
0	0	0
0	0	0
0	0	0
0	0	0
0	0	0
0	0	0
0	0	0
0	0	0
0	0	0
0	0	0
0	0	0
0	0	0
0	0	0
0	0	0
0	0	0
0	0	0
0	0	0
0	0	0
0	0	0
0	0	0
0	0	0
0	0	0
0	0	0
0	0	0
0	0	0
0	0	0
0	0	0
0	0	0
0	0	0
0	0	0
0	0	0
0	0	0
0	0	0
0	0	0
0	0	0
0	0	0
0	0	0
0	0	0
0	0	0
0	0	0
0	0	0
0	0	0
0	0	0
0	0	0
0	0	0
0	0	0
0	0	0
0	0	0
0	0	0
0	0	0
0	0	0
0	0	0
0	0	0
0	0	0
0	0	0
0	0	0
0	0	0
0	0	0
0	0	0
0	0	0
0	0	0
0	0	0
0	0	0
0	0	0
0	0	0
0	0	0
0	0	0
0	0	0
0	0	0
0	0	0
0	0	0
0	0	0
0	0	0
0	0	0
0	0	0
0	0	0
0	0	0
0	0	0
0	0	0
0	0	0
0	0	0
0	0	0
0	0	0
0	0	0
0	0	0
0	0	0
0	0	0
0	0	0
0	0	0
0	0	0
0	0	0
0	0	0
0	0	0
0	0	0
0	0	0
0	0	0
0	0	0
0	0	0
0	0	0

===
16683333
0	0	0
0	0	0
0	0	0
0	0	0
0	0	0
0	0	0
0	0	0
0	0	0
0	0	0
0	0	0
0	0	0
0	0	0
0	0	0
0	0	0
0	0	0
0	0	0
0	0	0
0	0	0
0	0	0
0	0	0
0	0	0
0	0	0
0	0	0
0	0	0
0	0	0
0	0	0
0	0	0
0	0	0
0	0	0
0	0	0
0	0	0
0	0	0
0	0	0
0	0	0
0	0	0
0	0	0
0	0	0
0	0	0
0	0	0
0	0	0
0	0	0
0	0	0
0	0	0
0	0	0
0	0	0
0	0	0
0	0	0
0	0	0
0	0	0
0	0	0
0	0	0
0	0	0
0	0	0
0	0	0
0	0	0
0	0	0
0	0	0
0	0	0
0	0	0
0	0	0
0	0	0
0	0	0
0	0	0
0	0	0
0	0	0
0	0	0
0	0	0
0	0	0
0	0	0
0	0	0
0	0	0
0	0	0
0	0	0
0	0	0
335281358001497	335281369855115	335281370605455
335281391466455	335281403221781	335281405768830
335281413229122	335281419905114	335281427639330
335281434889205	335281436588447	335281449365080
335281455064872	335281469955113	335281473906289
335281473612747	335281486638446	335281494439205
335281498525164	335281503321779	335281504780997
335281514722247	335281520005112	335281520876872
335281526699955	335281536688445	335281532879330
335281539605205	335281553371778	335281545846497
335281560861580	335281570055111	335281567061997
335281578372872	335281586738444	335281584577080
335281594638080	335281603421777	335281600859080
335281611814039	335281620105110	335281620168372
335281631428747	335281636788443	335281637281622
335281640811664	335281653471776	335281647054081
335281656976706	335281670155109	335281663241331
335281673443081	335281703521775	335281679704081
335281695280372	335281720205108	335281701414206
335281789248747	335281803621773	335281795351872
335281813443789	335281836988439	335281827179372
335281833463664	335281853671772	335281847625456
335281851797456	335281870355105	335281866259456
335281869815206	335281887038438	335281884406164
335281882043372	335281903721771	335281900257372
335281897155789	335281920405104	335281916131914
335281915935539	335281937088437	335281925649956
335281930110664	335281953771770	335281938755539
335281947181414	335281970455103	335281955791081
335281963430331	335281987138436	335281972047331
335281981020914	335282003821769	335281989657497
335281996795289	335282020505102	335282005347164
335282014243164	335282037188435	335282022780914
335282034098497	335282053871768	335282040334497
335282047721081	335282070555101	335282053943539
335282064973914	335282087238434	335282071182831
335282081783247	335282103921767	335282087995789
335282098466622	335282120605100	335282104691372
335282116300039	335282137288433	335282122572539
335282132497747	335282153971766	335282138682081
335282145451706	335282170655099	335282151627831
335282162729039	335282187338432	335282168902331
335282179373997	335282204021765	335282185707664
335282196946289	335282220705098	335282203188622
335282214327789	335282237388431	335282220450622
335282231297914	335282254071764	335282237435581
335282248843914	335282270755097	335282255018331
335282264412414	335282287438430	335282270555997
335282280900622	335282304121763	335282287067997
335282299370872	335282320805096	335282305521664
335282315893373	335282337488429	335282322049956
335282332894789	335282354171762	335282339054123
335282349671831	335282370855095	335282355880789

===
16683333
0	0	0
0	0	0
0	0	0
0	0	0
0	0	0
0	0	0
0	0	0
0	0	0
0	0	0
0	0	0
0	0	0
0	0	0
0	0	0
0	0	0
0	0	0
0	0	0
0	0	0
0	0	0
0	0	0
0	0	0
0	0	0
0	0	0
0	0	0
0	0	0
0	0	0
0	0	0
0	0	0
0	0	0
335281358001497	335281369855115	335281370605455
335281391466455	335281403221781	335281405768830
335281413229122	335281419905114	335281427639330
335281434889205	335281436588447	335281449365080
335281455064872	335281469955113	335281473906289
335281473612747	335281486638446	335281494439205
335281498525164	335281503321779	335281504780997
335281514722247	335281520005112	335281520876872
335281526699955	335281536688445	335281532879330
335281539605205	335281553371778	335281545846497
335281560861580	335281570055111	335281567061997
335281578372872	335281586738444	335281584577080
335281594638080	335281603421777	335281600859080
335281611814039	335281620105110	335281620168372
335281631428747	335281636788443	335281637281622
335281640811664	335281653471776	335281647054081
335281656976706	335281670155109	335281663241331
335281673443081	335281703521775	335281679704081
335281695280372	335281720205108	335281701414206
335281789248747	335281803621773	335281795351872
335281813443789	335281836988439	335281827179372
335281833463664	335281853671772	335281847625456
335281851797456	335281870355105	335281866259456
335281869815206	335281887038438	335281884406164
335281882043372	335281903721771	335281900257372
335281897155789	335281920405104	335281916131914
335281915935539	335281937088437	335281925649956
335281930110664	335281953771770	335281938755539
335281947181414	335281970455103	335281955791081
335281963430331	335281987138436	335281972047331
335281981020914	335282003821769	335281989657497
335281996795289	335282020505102	335282005347164
335282014243164	335282037188435	335282022780914
335282034098497	335282053871768	335282040334497
335282047721081	335282070555101	335282053943539
335282064973914	335282087238434	335282071182831
335282081783247	335282103921767	335282087995789
335282098466622	335282120605100	335282104691372
335282116300039	335282137288433	335282122572539
335282132497747	335282153971766	335282138682081
335282145451706	335282170655099	335282151627831
335282162729039	335282187338432	335282168902331
335282179373997	335282204021765	335282185707664
335282196946289	335282220705098	335282203188622
335282214327789	335282237388431	335282220450622
335282231297914	335282254071764	335282237435581
335282248843914	335282270755097	335282255018331
335282264412414	335282287438430	335282270555997
335282280900622	335282304121763	335282287067997
335282299370872	335282320805096	335282305521664
335282315893373	335282337488429	335282322049956
335282332894789	335282354171762	335282339054123
335282349671831	335282370855095	335282355880789
335282365105331	335282387538428	335282371366414
335282381097331	335282404221761	335282387387581
335282397546623	335282420905094	335282403736039
335282414522789	335282437588427	335282420790623
335282430572456	335282454271760	335282436786248
335282447355956	335282470955093	335282453515331
335282464082456	335282487638426	335282470239664
335282481827498	335282504321759	335282488104331
335282498381956	335282521005092	335282504588414
335282527687498	335282537688425	335282534029248
335282540154331	335282554371758	335282548442498
335282553391956	335282571055091	335282560977706
335282569961581	335282587738424	335282576999081
335282586590831	335282604421757	335282593268373
335282603434581	335282621105090	335282609781831
335282621752331	335282637788423	335282627903331
335282634918456	335282654471756	335282641029123
335282651114706	335282671155089	335282657196039
335282667732373	335282687838422	335282673822623
335282684690998	335282704521755	335282690776498
335282701485748	335282721205088	335282707563498
335282718230831	335282737888421	335282724302498
335282735163664	335282754571754	335282741228164
335282751765081	335282771255087	335282757834748
335282768524248	335282787938420	335282774589498
335282786393831	335282804621753	335282792437581
335282805333373	335282821305086	335282811408414
335282821762164	335282837988419	335282827738164
335282837787831	335282854671752	335282843867581
335282855219914	335282871355085	335282861187581
335282871231539	335282888038418	335282877246206
335282889769039	335282904721751	335282895785123
335282905623789	335282921405084	335282911582289
335282922980706	335282938088417	335282928957373
335282939271539	335282954771750	335282945180414
335282956484081	335282971455083	335282962470498
335282973276373	335282988138416	335282979280914
335282989614998	335283004821749	335282995618623
335283001874915	335283021505082	335283007868623
335283459828248	335283471955073	335283477971373
335283467008040	335283505321739	335283501819706
335283488972290	335283522005072	335283526381248
335283522446665	335283555371738	335283551502790
335283547512581	335283572055071	335283561725915
335283573195623	335283588738404	335283581679581
335283589732623	335283605421737	335283598294373

===
16683333
335282248843914	335282270755097	335282255018331
335282264412414	335282287438430	335282270555997
335282280900622	335282304121763	335282287067997
335282299370872	335282320805096	335282305521664
335282315893373	335282337488429	335282322049956
335282332894789	335282354171762	335282339054123
335282349671831	335282370855095	335282355880789
335282365105331	335282387538428	335282371366414
335282381097331	335282404221761	335282387387581
335282397546623	335282420905094	335282403736039
335282414522789	335282437588427	335282420790623
335282430572456	335282454271760	335282436786248
335282447355956	335282470955093	335282453515331
335282464082456	335282487638426	335282470239664
335282481827498	335282504321759	335282488104331
335282498381956	335282521005092	335282504588414
335282527687498	335282537688425	335282534029248
335282540154331	335282554371758	335282548442498
335282553391956	335282571055091	335282560977706
335282569961581	335282587738424	335282576999081
335282586590831	335282604421757	335282593268373
335282603434581	335282621105090	335282609781831
335282621752331	335282637788423	335282627903331
335282634918456	335282654471756	335282641029123
335282651114706	335282671155089	335282657196039
335282667732373	335282687838422	335282673822623
335282684690998	335282704521755	335282690776498
335282701485748	335282721205088	335282707563498
335282718230831	335282737888421	335282724302498
335282735163664	335282754571754	335282741228164
335282751765081	335282771255087	335282757834748
335282768524248	335282787938420	335282774589498
335282786393831	335282804621753	335282792437581
335282805333373	335282821305086	335282811408414
335282821762164	335282837988419	335282827738164
335282837787831	335282854671752	335282843867581
335282855219914	335282871355085	335282861187581
335282871231539	335282888038418	335282877246206
335282889769039	335282904721751	335282895785123
335282905623789	335282921405084	335282911582289
335282922980706	335282938088417	335282928957373
335282939271539	335282954771750	335282945180414
335282956484081	335282971455083	335282962470498
335282973276373	335282988138416	335282979280914
335282989614998	335283004821749	335282995618623
335283001874915	335283021505082	335283007868623
335283459828248	335283471955073	335283477971373
335283467008040	335283505321739	335283501819706
335283488972290	335283522005072	335283526381248
335283522446665	335283555371738	335283551502790
335283547512581	335283572055071	335283561725915
335283573195623	335283588738404	335283581679581
335283589732623	335283605421737	335283598294373
335283606640040	335283622105070	335283615193331
335283627689748	335283638788403	335283636301581
335283640516873	335283655471736	335283649109956
335283656833456	335283672155069	335283665451081
335283673412873	335283688838402	335283681913665
335283690770415	335283705521735	335283699274498
335283712088373	335283722205068	335283718252790
335283724906248	335283738888401	335283731110957
335283741797707	335283755571734	335283748119790
335283759699332	335283772255067	335283765882832
335283776107957	335283788938400	335283782259707
335283799205998	335283805621733	335283805384748
335283810993790	335283822305066	335283817147748
335283827112707	335283838988399	335283833265748
335283843836540	335283855671732	335283850011832
335283862334998	335283872355065	335283868437040
335283877225707	335283889038398	335283883408498
335283894993373	335283905721731	335283901167998
335283911683790	335283922405064	335283917814165
335283927579082	335283939088397	335283933780040
335283945299915	335283955771730	335283951472123
335283962193332	335283972455063	335283968334373
335283978114873	335283989138396	335283984330123
335283994526790	335284005821729	335284000696998
335284011034165	335284039188395	335284017212623
335284029149790	335284055871728	335284035321998
335284046320207	335284072555061	335284052482748
335284062776665	335284089238394	335284068928748
335284078979623	335284105921727	335284085152457
335284094937957	335284122605060	335284101139207
335284112222207	335284139288393	335284118290957
335284130430207	335284155971726	335284136489332
335284147069998	335284172655059	335284153188498
335284163371040	335284189338392	335284169509832
335284179160040	335284206021725	335284185385873
335284196159040	335284222705058	335284202307707
335284213773123	335284239388391	335284219941290
335284231990123	335284256071724	335284238204207
335284245641998	335284272755057	335284251860540
335284262665623	335284289438390	335284268959790
335284278427082	335284306121723	335284284647998
335284295059748	335284322805056	335284301349457
335284313006790	335284339488389	335284319457623
335284334939415	335284356171722	335284341225332
335284348887957	335284372855055	335284357205165
335284367139040	335284389538388	335284374770082
335284380630165	335284406221721	335284387636873
335284396524123	335284422905054	335284403273415
335284413253040	335284439588387	335284419607249
335284429712707	335284456271720	335284435855249
335284450623957	335284472955053	335284456728624
335284462192957	335284489638386	335284468287540
335284478972165	335284506321719	335284485058749
335284495713665	335284523005052	335284501794832
335284512510624	335284539688385	335284518577290
335284532806832	335284556371718	335284538869457
335284546091374	335284573055051	335284552160915
335284562994290	335284589738384	335284569060790
335284579807374	335284606421717	335284585911582
335284597303207	335284623105050	335284603333624
335284620417249	335284639788383	335284626429332
335284632477457	335284656471716	335284638505582
335284648580832	335284673155049	335284654584124
335284666000207	335284689838382	335284672141957
335284682736540	335284706521715	335284688722999
335284705950040	335284723205048	335284711973249
335284715149749	335284739888381	335284721152040
335284733215415	335284756571714	335284739102957
335284749841207	335284773255047	335284755842290
335284767320707	335284789938380	335284773304999
335284791325499	335284806621713	335284797412249
335284800565249	335284823305046	335284806538332
335284818077749	335284839988379	335284824054540
335284833909374	335284856671712	335284840116915

===
16683333
335283589732623	335283605421737	335283598294373
335283606640040	335283622105070	335283615193331
335283627689748	335283638788403	335283636301581
335283640516873	335283655471736	335283649109956
335283656833456	335283672155069	335283665451081
335283673412873	335283688838402	335283681913665
335283690770415	335283705521735	335283699274498
335283712088373	335283722205068	335283718252790
335283724906248	335283738888401	335283731110957
335283741797707	335283755571734	335283748119790
335283759699332	335283772255067	335283765882832
335283776107957	335283788938400	335283782259707
335283799205998	335283805621733	335283805384748
335283810993790	335283822305066	335283817147748
335283827112707	335283838988399	335283833265748
335283843836540	335283855671732	335283850011832
335283862334998	335283872355065	335283868437040
335283877225707	335283889038398	335283883408498
335283894993373	335283905721731	335283901167998
335283911683790	335283922405064	335283917814165
335283927579082	335283939088397	335283933780040
335283945299915	335283955771730	335283951472123
335283962193332	335283972455063	335283968334373
335283978114873	335283989138396	335283984330123
335283994526790	335284005821729	335284000696998
335284011034165	335284039188395	335284017212623
335284029149790	335284055871728	335284035321998
335284046320207	335284072555061	335284052482748
335284062776665	335284089238394	335284068928748
335284078979623	335284105921727	335284085152457
335284094937957	335284122605060	335284101139207
335284112222207	335284139288393	335284118290957
335284130430207	335284155971726	335284136489332
335284147069998	335284172655059	335284153188498
335284163371040	335284189338392	335284169509832
335284179160040	335284206021725	335284185385873
335284196159040	335284222705058	335284202307707
335284213773123	335284239388391	335284219941290
335284231990123	335284256071724	335284238204207
335284245641998	335284272755057	335284251860540
335284262665623	335284289438390	335284268959790
335284278427082	335284306121723	335284284647998
335284295059748	335284322805056	335284301349457
335284313006790	335284339488389	335284319457623
335284334939415	335284356171722	335284341225332
335284348887957	335284372855055	335284357205165
335284367139040	335284389538388	335284374770082
335284380630165	335284406221721	335284387636873
335284396524123	335284422905054	335284403273415
335284413253040	335284439588387	335284419607249
335284429712707	335284456271720	335284435855249
335284450623957	335284472955053	335284456728624
335284462192957	335284489638386	335284468287540
335284478972165	335284506321719	335284485058749
335284495713665	335284523005052	335284501794832
335284512510624	335284539688385	335284518577290
335284532806832	335284556371718	335284538869457
335284546091374	335284573055051	335284552160915
335284562994290	335284589738384	335284569060790
335284579807374	335284606421717	335284585911582
335284597303207	335284623105050	335284603333624
335284620417249	335284639788383	335284626429332
335284632477457	335284656471716	335284638505582
335284648580832	335284673155049	335284654584124
335284666000207	335284689838382	335284672141957
335284682736540	335284706521715	335284688722999
335284705950040	335284723205048	335284711973249
335284715149749	335284739888381	335284721152040
335284733215415	335284756571714	335284739102957
335284749841207	335284773255047	335284755842290
335284767320707	335284789938380	335284773304999
335284791325499	335284806621713	335284797412249
335284800565249	335284823305046	335284806538332
335284818077749	335284839988379	335284824054540
335284833909374	335284856671712	335284840116915
335285197846999	335285223705038	335285216085249
335285212551916	335285240388371	335285242178707
335285242189207	335285273755037	335285270082874
335285258532166	335285290438370	335285283651499
335285292049291	335285307121703	335285300555499
335285307133041	335285323805036	335285315607207
335285322890249	335285340488369	335285331363041
335285339497457	335285357171702	335285348085499
335285356158124	335285373855035	335285364692457
335285372940124	335285390538368	335285381538957
335285389651666	335285407221701	335285398261916
335285406439041	335285423905034	335285415062207
335285423705791	335285440588367	335285432216291
335285441807957	335285457271700	335285450369499
335285458014957	335285473955033	335285464229249
335285474825124	335285490638366	335285481036624
335285492150791	335285507321699	335285498171249
335285508736374	335285524005032	335285514931791
335285525599582	335285540688365	335285531809624
335285541861832	335285557371698	335285548084999
335285560476832	335285574055031	335285566685999
335285577477416	335285590738364	335285583674291
335285594182666	335285607421697	335285600386332
335285612426749	335285624105030	335285618629999
335285628699166	335285640788363	335285634990249
335285645757207	335285657471696	335285652078082
335285656829999	335285674155029	335285663008957
335285673138207	335285690838362	335285679314374
335285691521749	335285707521695	335285697670416
335285708231541	335285724205028	335285714298999
335285725804624	335285740888361	335285731929207
335285743230582	335285757571694	335285749373124
335285758553207	335285774255027	335285764717332
335285775170457	335285790938360	335285781356666
335285792922124	335285807621693	335285799007583
335285810327791	335285824305026	335285816486874
335285826775708	335285840988359	335285832832416
335285843512583	335285857671692	335285849628291
335285859138708	335285874355025	335285865276499
335285875706749	335285891038358	335285881947624
335285891627541	335285907721691	335285897882916
335285908338083	335285924405024	335285914538999
335285925164458	335285941088357	335285931451791
335285948668166	335285957771690	335285954893291
335285959125708	335285974455023	335285965377749
335285981128749	335285991138356	335285987451458
335285992230916	335286007821689	335286000538541
335286008500624	335286024505022	335286016122291
335286025116333	335286041188355	335286032126749
335286043195999	335286057871688	335286049805208
335286063417499	335286074555021	335286069795999
335286077078624	335286091238354	335286083256708

===
16683333
335284478972165	335284506321719	335284485058749
335284495713665	335284523005052	335284501794832
335284512510624	335284539688385	335284518577290
335284532806832	335284556371718	335284538869457
335284546091374	335284573055051	335284552160915
335284562994290	335284589738384	335284569060790
335284579807374	335284606421717	335284585911582
335284597303207	335284623105050	335284603333624
335284620417249	335284639788383	335284626429332
335284632477457	335284656471716	335284638505582
335284648580832	335284673155049	335284654584124
335284666000207	335284689838382	335284672141957
335284682736540	335284706521715	335284688722999
335284705950040	335284723205048	335284711973249
335284715149749	335284739888381	335284721152040
335284733215415	335284756571714	335284739102957
335284749841207	335284773255047	335284755842290
335284767320707	335284789938380	335284773304999
335284791325499	335284806621713	335284797412249
335284800565249	335284823305046	335284806538332
335284818077749	335284839988379	335284824054540
335284833909374	335284856671712	335284840116915
335285197846999	335285223705038	335285216085249
335285212551916	335285240388371	335285242178707
335285242189207	335285273755037	335285270082874
335285258532166	335285290438370	335285283651499
335285292049291	335285307121703	335285300555499
335285307133041	335285323805036	335285315607207
335285322890249	335285340488369	335285331363041
335285339497457	335285357171702	335285348085499
335285356158124	335285373855035	335285364692457
335285372940124	335285390538368	335285381538957
335285389651666	335285407221701	335285398261916
335285406439041	335285423905034	335285415062207
335285423705791	335285440588367	335285432216291
335285441807957	335285457271700	335285450369499
335285458014957	335285473955033	335285464229249
335285474825124	335285490638366	335285481036624
335285492150791	335285507321699	335285498171249
335285508736374	335285524005032	335285514931791
335285525599582	335285540688365	335285531809624
335285541861832	335285557371698	335285548084999
335285560476832	335285574055031	335285566685999
335285577477416	335285590738364	335285583674291
335285594182666	335285607421697	335285600386332
335285612426749	335285624105030	335285618629999
335285628699166	335285640788363	335285634990249
335285645757207	335285657471696	335285652078082
335285656829999	335285674155029	335285663008957
335285673138207	335285690838362	335285679314374
335285691521749	335285707521695	335285697670416
335285708231541	335285724205028	335285714298999
335285725804624	335285740888361	335285731929207
335285743230582	335285757571694	335285749373124
335285758553207	335285774255027	335285764717332
335285775170457	335285790938360	335285781356666
335285792922124	335285807621693	335285799007583
335285810327791	335285824305026	335285816486874
335285826775708	335285840988359	335285832832416
335285843512583	335285857671692	335285849628291
335285859138708	335285874355025	335285865276499
335285875706749	335285891038358	335285881947624
335285891627541	335285907721691	335285897882916
335285908338083	335285924405024	335285914538999
335285925164458	335285941088357	335285931451791
335285948668166	335285957771690	335285954893291
335285959125708	335285974455023	335285965377749
335285981128749	335285991138356	335285987451458
335285992230916	335286007821689	335286000538541
335286008500624	335286024505022	335286016122291
335286025116333	335286041188355	335286032126749
335286043195999	335286057871688	335286049805208
335286063417499	335286074555021	335286069795999
335286077078624	335286091238354	335286083256708
335286091996208	335286107921687	335286098109208
335286109297874	335286124605020	335286115368333
335286126191499	335286141288353	335286132337708
335286146199291	335286157971686	335286152168208
335286159133208	335286174655019	335286165170249
335286175856791	335286191338352	335286181911874
335286192716916	335286208021685	335286198709124
335286209529208	335286224705018	335286215574041
335286229341583	335286241388351	335286235378999
335286243853458	335286258071684	335286249892208
335286262175124	335286274755017	335286268190083
335286278888999	335286291438350	335286284961624
335286294836374	335286308121683	335286300832916
335286316579124	335286324805016	335286322577374
335286329581916	335286341488349	335286335574124
335286347605124	335286358171682	335286353463958
335286362967666	335286374855015	335286368944291
335286379864291	335286391538348	335286385857124
335286403019666	335286408221681	335286409036666
335286414041124	335286441588347	335286420049958
335286430149999	335286458271680	335286436214583
335286447945958	335286474955013	335286453911583
335286464472583	335286491638346	335286470417958
335286810263375	335286841988339	335286828472333
335286822145041	335286858671672	335286854491083
335286856522708	335286892038338	335286882142250
335286865808250	335286908721671	335286899791166
335286899542458	335286925405004	335286908431583
335286919742791	335286942088337	335286928244166
335286933000875	335286958771670	335286941501458
335286949620125	335286975455003	335286958150750
335286966047916	335286992138336	335286974637333
335286983123833	335287008821669	335286991715291
335287003430875	335287025505002	335287012058750
335287016745458	335287042188335	335287025422583
335287035450833	335287058871668	335287044053541
335287052209541	335287075555001	335287060766625
335287069831666	335287092238334	335287076041083
335287090655083	335287108921667	335287096866333
335287101688791	335287125605000	335287107897166
335287119000083	335287142288333	335287125202750
335287136397375	335287158971666	335287142593333
335287158671583	335287175654999	335287164880208
335287170288833	335287192338332	335287176472583
335287186357750	335287209021665	335287192664708
335287203998750	335287225704998	335287210160292
335287220736792	335287242388331	335287226929417
335287242638250	335287259071664	335287248785708
335287260849042	335287275754997	335287266962417
335287271418625	335287292438330	335287277606750
335287288738792	335287309121663	335287294904458
335287304868708	335287325804996	335287311000875
335287321265000	335287342488329	335287327404875

===
16683333
335285673138207	335285690838362	335285679314374
335285691521749	335285707521695	335285697670416
335285708231541	335285724205028	335285714298999
335285725804624	335285740888361	335285731929207
335285743230582	335285757571694	335285749373124
335285758553207	335285774255027	335285764717332
335285775170457	335285790938360	335285781356666
335285792922124	335285807621693	335285799007583
335285810327791	335285824305026	335285816486874
335285826775708	335285840988359	335285832832416
335285843512583	335285857671692	335285849628291
335285859138708	335285874355025	335285865276499
335285875706749	335285891038358	335285881947624
335285891627541	335285907721691	335285897882916
335285908338083	335285924405024	335285914538999
335285925164458	335285941088357	335285931451791
335285948668166	335285957771690	335285954893291
335285959125708	335285974455023	335285965377749
335285981128749	335285991138356	335285987451458
335285992230916	335286007821689	335286000538541
335286008500624	335286024505022	335286016122291
335286025116333	335286041188355	335286032126749
335286043195999	335286057871688	335286049805208
335286063417499	335286074555021	335286069795999
335286077078624	335286091238354	335286083256708
335286091996208	335286107921687	335286098109208
335286109297874	335286124605020	335286115368333
335286126191499	335286141288353	335286132337708
335286146199291	335286157971686	335286152168208
335286159133208	335286174655019	335286165170249
335286175856791	335286191338352	335286181911874
335286192716916	335286208021685	335286198709124
335286209529208	335286224705018	335286215574041
335286229341583	335286241388351	335286235378999
335286243853458	335286258071684	335286249892208
335286262175124	335286274755017	335286268190083
335286278888999	335286291438350	335286284961624
335286294836374	335286308121683	335286300832916
335286316579124	335286324805016	335286322577374
335286329581916	335286341488349	335286335574124
335286347605124	335286358171682	335286353463958
335286362967666	335286374855015	335286368944291
335286379864291	335286391538348	335286385857124
335286403019666	335286408221681	335286409036666
335286414041124	335286441588347	335286420049958
335286430149999	335286458271680	335286436214583
335286447945958	335286474955013	335286453911583
335286464472583	335286491638346	335286470417958
335286810263375	335286841988339	335286828472333
335286822145041	335286858671672	335286854491083
335286856522708	335286892038338	335286882142250
335286865808250	335286908721671	335286899791166
335286899542458	335286925405004	335286908431583
335286919742791	335286942088337	335286928244166
335286933000875	335286958771670	335286941501458
335286949620125	335286975455003	335286958150750
335286966047916	335286992138336	335286974637333
335286983123833	335287008821669	335286991715291
335287003430875	335287025505002	335287012058750
335287016745458	335287042188335	335287025422583
335287035450833	335287058871668	335287044053541
335287052209541	335287075555001	335287060766625
335287069831666	335287092238334	335287076041083
335287090655083	335287108921667	335287096866333
335287101688791	335287125605000	335287107897166
335287119000083	335287142288333	335287125202750
335287136397375	335287158971666	335287142593333
335287158671583	335287175654999	335287164880208
335287170288833	335287192338332	335287176472583
335287186357750	335287209021665	335287192664708
335287203998750	335287225704998	335287210160292
335287220736792	335287242388331	335287226929417
335287242638250	335287259071664	335287248785708
335287260849042	335287275754997	335287266962417
335287271418625	335287292438330	335287277606750
335287288738792	335287309121663	335287294904458
335287304868708	335287325804996	335287311000875
335287321265000	335287342488329	335287327404875
335287339626583	335287359171662	335287345807167
335287354206917	335287375854995	335287360425583
335287372241583	335287392538328	335287378379583
335287386636125	335287409221661	335287392835458
335287403990083	335287425904994	335287410064333
335287421135125	335287442588327	335287427315333
335287439300542	335287459271660	335287445420167
335287455979375	335287475954993	335287462241167
335287471137458	335287492638326	335287477371375
335287487882333	335287509321659	335287494006792
335287504382500	335287526004992	335287510642333
335287521232958	335287542688325	335287527517375
335287538043208	335287559371658	335287544287208
335287559303417	335287576054991	335287565615208
335287571483875	335287592738324	335287579809833
335287587550875	335287609421657	335287595254083
335287604430458	335287626104990	335287611451625
335287622557625	335287642788323	335287629170083
335287638996458	335287659471656	335287645346333
335287655769667	335287676154989	335287661897000
335287670918750	335287692838322	335287677025042
335287687774375	335287709521655	335287693861750
335287704567042	335287726204988	335287710652875
335287721379292	335287742888321	335287727461375
335287738103208	335287759571654	335287744183083
335287754903042	335287776254987	335287760971500
335287771685500	335287792938320	335287777747458
335287788555333	335287809621653	335287794605875
335287805368500	335287826304986	335287811420667
335287823150000	335287842988319	335287829099875
335287841389167	335287859671652	335287847411875
335287857721750	335287876354985	335287863689125
335287875057625	335287893038318	335287881044583
335287892805292	335287909721651	335287898763750
335287908162292	335287926404984	335287914204125
335287925999375	335287943088317	335287931948375
335287943120250	335287959771650	335287949046792
335287959538084	335287976454983	335287965413542
335287975503667	335287993138316	335287981536625
335287992068792	335288009821649	335287998007875
335288009210959	335288026504982	335288015423375
335288026691959	335288043188315	335288032714959
335288043571334	335288059871648	335288049526375
335288470450167	335288476954973	335288488649417
335288477505375	335288510321639	335288511405417
335288495935625	335288527004972	335288528078459
335288529287042	335288543688305	335288537628167
335288545900375	335288560371638	335288554331834
335288562715834	335288577054971	335288571294250

===
16683333
335287220736792	335287242388331	335287226929417
335287242638250	335287259071664	335287248785708
335287260849042	335287275754997	335287266962417
335287271418625	335287292438330	335287277606750
335287288738792	335287309121663	335287294904458
335287304868708	335287325804996	335287311000875
335287321265000	335287342488329	335287327404875
335287339626583	335287359171662	335287345807167
335287354206917	335287375854995	335287360425583
335287372241583	335287392538328	335287378379583
335287386636125	335287409221661	335287392835458
335287403990083	335287425904994	335287410064333
335287421135125	335287442588327	335287427315333
335287439300542	335287459271660	335287445420167
335287455979375	335287475954993	335287462241167
335287471137458	335287492638326	335287477371375
335287487882333	335287509321659	335287494006792
335287504382500	335287526004992	335287510642333
335287521232958	335287542688325	335287527517375
335287538043208	335287559371658	335287544287208
335287559303417	335287576054991	335287565615208
335287571483875	335287592738324	335287579809833
335287587550875	335287609421657	335287595254083
335287604430458	335287626104990	335287611451625
335287622557625	335287642788323	335287629170083
335287638996458	335287659471656	335287645346333
335287655769667	335287676154989	335287661897000
335287670918750	335287692838322	335287677025042
335287687774375	335287709521655	335287693861750
335287704567042	335287726204988	335287710652875
335287721379292	335287742888321	335287727461375
335287738103208	335287759571654	335287744183083
335287754903042	335287776254987	335287760971500
335287771685500	335287792938320	335287777747458
335287788555333	335287809621653	335287794605875
335287805368500	335287826304986	335287811420667
335287823150000	335287842988319	335287829099875
335287841389167	335287859671652	335287847411875
335287857721750	335287876354985	335287863689125
335287875057625	335287893038318	335287881044583
335287892805292	335287909721651	335287898763750
335287908162292	335287926404984	335287914204125
335287925999375	335287943088317	335287931948375
335287943120250	335287959771650	335287949046792
335287959538084	335287976454983	335287965413542
335287975503667	335287993138316	335287981536625
335287992068792	335288009821649	335287998007875
335288009210959	335288026504982	335288015423375
335288026691959	335288043188315	335288032714959
335288043571334	335288059871648	335288049526375
335288470450167	335288476954973	335288488649417
335288477505375	335288510321639	335288511405417
335288495935625	335288527004972	335288528078459
335288529287042	335288543688305	335288537628167
335288545900375	335288560371638	335288554331834
335288562715834	335288577054971	335288571294250
335288579365750	335288610421637	335288587878375
335288596286917	335288610421637	335288604785709
335288615430001	335288627104970	335288624051167
335288630049501	335288643788303	335288638647542
335288646124501	335288660471636	335288654719459
335288662824709	335288677154969	335288671411001
335288679880292	335288693838302	335288688506167
335288698630501	335288710521635	335288707092584
335288716280584	335288727204968	335288724773792
335288733115959	335288743888301	335288739308042
335288750301042	335288760571634	335288756469501
335288766348001	335288777254967	335288772565167
335288784228126	335288793938300	335288790379709
335288801723584	335288810621633	335288807761376
335288817008334	335288843988299	335288823223709
335288833566167	335288860671632	335288839728542
335288850027751	335288877354965	335288856223042
335288868044126	335288894038298	335288874155084
335288884799209	335288910721631	335288890985459
335288901462084	335288927404964	335288907614417
335288917215042	335288944088297	335288923369876
335288934008084	335288960771630	335288940160292
335288950590167	335288977454963	335288956758584
335288968119001	335288994138296	335288974250417
335288985332501	335289010821629	335288991480417
335289001528459	335289027504962	335289007673376
335289018875334	335289044188295	335289025033959
335289035052959	335289060871628	335289041145917
335289051683792	335289077554961	335289057841667
335289069206542	335289094238294	335289075368126
335289086230667	335289110921627	335289092353751
335289102458501	335289127604960	335289108656542
335289118337334	335289144288293	335289124602417
335289134689667	335289160971626	335289140895126
335289150918042	335289177654959	335289157164667
335289167747792	335289194338292	335289173919001
335289183581501	335289211021625	335289189781709
335289200465667	335289227704958	335289206686917
335289217166917	335289244388291	335289223396709
335289234664584	335289261071624	335289240895709
335289250781751	335289277754957	335289257150126
335289268413209	335289294438290	335289274606584
335289285015292	335289311121623	335289291270501
335289305026501	335289327804956	335289313341793
335289324100751	335289344488289	335289331713751
335289339328418	335289361171622	335289346350876
335289353388876	335289377854955	335289360031584
335289371002209	335289394538288	335289377321043
335289386848668	335289411221621	335289392984334
335289404745876	335289427904954	335289410846126
335289421028834	335289444588287	335289427046043
335289435356626	335289461271620	335289441434459
335289452325376	335289477954953	335289458381668
335289468970334	335289494638286	335289475038209
335289490005251	335289511321619	335289496074959
335289508138418	335289528004952	335289514116584
335289520879584	335289544688285	335289526819543
335289538365501	335289561371618	335289544378418
335289555062126	335289578054951	335289561081376
335289577683584	335289594738284	335289583764834
335289592986626	335289611421617	335289598857126
335289605406126	335289628104950	335289611482334
335289622749876	335289644788283	335289628720959
335289644473084	335289661471616	335289650443293
335289660493793	335289678154949	335289666454209
335289673914043	335289694838282	335289679753793
335289689001751	335289711521615	335289694997001
335289707158293	335289728204948	335289713212376
335289728047001	335289744888281	335289734072501
335289739512543	335289761571614	335289745531126
335289757612751	335289778254947	335289763646668

===
16683333
335287538043208	335287559371658	335287544287208
335287559303417	335287576054991	335287565615208
335287571483875	335287592738324	335287579809833
335287587550875	335287609421657	335287595254083
335287604430458	335287626104990	335287611451625
335287622557625	335287642788323	335287629170083
335287638996458	335287659471656	335287645346333
335287655769667	335287676154989	335287661897000
335287670918750	335287692838322	335287677025042
335287687774375	335287709521655	335287693861750
335287704567042	335287726204988	335287710652875
335287721379292	335287742888321	335287727461375
335287738103208	335287759571654	335287744183083
335287754903042	335287776254987	335287760971500
335287771685500	335287792938320	335287777747458
335287788555333	335287809621653	335287794605875
335287805368500	335287826304986	335287811420667
335287823150000	335287842988319	335287829099875
335287841389167	335287859671652	335287847411875
335287857721750	335287876354985	335287863689125
335287875057625	335287893038318	335287881044583
335287892805292	335287909721651	335287898763750
335287908162292	335287926404984	335287914204125
335287925999375	335287943088317	335287931948375
335287943120250	335287959771650	335287949046792
335287959538084	335287976454983	335287965413542
335287975503667	335287993138316	335287981536625
335287992068792	335288009821649	335287998007875
335288009210959	335288026504982	335288015423375
335288026691959	335288043188315	335288032714959
335288043571334	335288059871648	335288049526375
335288470450167	335288476954973	335288488649417
335288477505375	335288510321639	335288511405417
335288495935625	335288527004972	335288528078459
335288529287042	335288543688305	335288537628167
335288545900375	335288560371638	335288554331834
335288562715834	335288577054971	335288571294250
335288579365750	335288610421637	335288587878375
335288596286917	335288610421637	335288604785709
335288615430001	335288627104970	335288624051167
335288630049501	335288643788303	335288638647542
335288646124501	335288660471636	335288654719459
335288662824709	335288677154969	335288671411001
335288679880292	335288693838302	335288688506167
335288698630501	335288710521635	335288707092584
335288716280584	335288727204968	335288724773792
335288733115959	335288743888301	335288739308042
335288750301042	335288760571634	335288756469501
335288766348001	335288777254967	335288772565167
335288784228126	335288793938300	335288790379709
335288801723584	335288810621633	335288807761376
335288817008334	335288843988299	335288823223709
335288833566167	335288860671632	335288839728542
335288850027751	335288877354965	335288856223042
335288868044126	335288894038298	335288874155084
335288884799209	335288910721631	335288890985459
335288901462084	335288927404964	335288907614417
335288917215042	335288944088297	335288923369876
335288934008084	335288960771630	335288940160292
335288950590167	335288977454963	335288956758584
335288968119001	335288994138296	335288974250417
335288985332501	335289010821629	335288991480417
335289001528459	335289027504962	335289007673376
335289018875334	335289044188295	335289025033959
335289035052959	335289060871628	335289041145917
335289051683792	335289077554961	335289057841667
335289069206542	335289094238294	335289075368126
335289086230667	335289110921627	335289092353751
335289102458501	335289127604960	335289108656542
335289118337334	335289144288293	335289124602417
335289134689667	335289160971626	335289140895126
335289150918042	335289177654959	335289157164667
335289167747792	335289194338292	335289173919001
335289183581501	335289211021625	335289189781709
335289200465667	335289227704958	335289206686917
335289217166917	335289244388291	335289223396709
335289234664584	335289261071624	335289240895709
335289250781751	335289277754957	335289257150126
335289268413209	335289294438290	335289274606584
335289285015292	335289311121623	335289291270501
335289305026501	335289327804956	335289313341793
335289324100751	335289344488289	335289331713751
335289339328418	335289361171622	335289346350876
335289353388876	335289377854955	335289360031584
335289371002209	335289394538288	335289377321043
335289386848668	335289411221621	335289392984334
335289404745876	335289427904954	335289410846126
335289421028834	335289444588287	335289427046043
335289435356626	335289461271620	335289441434459
335289452325376	335289477954953	335289458381668
335289468970334	335289494638286	335289475038209
335289490005251	335289511321619	335289496074959
335289508138418	335289528004952	335289514116584
335289520879584	335289544688285	335289526819543
335289538365501	335289561371618	335289544378418
335289555062126	335289578054951	335289561081376
335289577683584	335289594738284	335289583764834
335289592986626	335289611421617	335289598857126
335289605406126	335289628104950	335289611482334
335289622749876	335289644788283	335289628720959
335289644473084	335289661471616	335289650443293
335289660493793	335289678154949	335289666454209
335289673914043	335289694838282	335289679753793
335289689001751	335289711521615	335289694997001
335289707158293	335289728204948	335289713212376
335289728047001	335289744888281	335289734072501
335289739512543	335289761571614	335289745531126
335289757612751	335289778254947	335289763646668
335290365155376	335290378854935	335290377849835
335290381628585	335290395538268	335290395818876
335290404803876	335290412221601	335290418989960
335290426345460	335290445588267	335290439223376
335290442308501	335290462271600	335290448467085
335290465272543	335290478954933	335290471461876
335290479999210	335290495638266	335290486186918
335290500573335	335290512321599	335290506702210
335290513543043	335290529004932	335290519697793
335290532216210	335290545688265	335290538369210
335290544638918	335290562371598	335290550797710
335290566058335	335290579054931	335290572211293
335290582488835	335290595738264	335290588677960
335290599408626	335290612421597	335290605634001
335290615117793	335290629104930	335290621278835
335290632400585	335290645788263	335290638532210
335290645184460	335290662471596	335290651342126
335290662624668	335290679154929	335290668744751
335290679873710	335290695838262	335290685818626

