Applications Graphics Acceleration Info:
Uptime: 334683288 Realtime: 369357398

** Graphics info for pid 31084 [com.auroratv.lab] **

Stats since: 334671418123790ns
Total frames rendered: 413
Janky frames: 16 (3.87%)
Janky frames (legacy): 358 (86.68%)
50th percentile: 24ms
90th percentile: 38ms
95th percentile: 53ms
99th percentile: 93ms
Number Missed Vsync: 3
Number High input latency: 793
Number Slow UI thread: 14
Number Slow bitmap uploads: 0
Number Slow issue draw commands: 15
Number Frame deadline missed: 16
Number Frame deadline missed (legacy): 17
HISTOGRAM: 5ms=0 6ms=0 7ms=0 8ms=0 9ms=0 10ms=0 11ms=0 12ms=0 13ms=0 14ms=0 15ms=2 16ms=0 17ms=2 18ms=3 19ms=10 20ms=12 21ms=13 22ms=45 23ms=89 24ms=79 25ms=36 26ms=15 27ms=7 28ms=3 29ms=7 30ms=10 31ms=6 32ms=5 34ms=9 36ms=10 38ms=10 40ms=7 42ms=3 44ms=2 46ms=2 48ms=3 53ms=4 57ms=5 61ms=1 65ms=2 69ms=1 73ms=0 77ms=0 81ms=2 85ms=1 89ms=2 93ms=2 97ms=1 101ms=2 105ms=0 109ms=0 113ms=0 117ms=0 121ms=0 125ms=0 129ms=0 133ms=0 150ms=0 200ms=0 250ms=0 300ms=0 350ms=0 400ms=0 450ms=0 500ms=0 550ms=0 600ms=0 650ms=0 700ms=0 750ms=0 800ms=0 850ms=0 900ms=0 950ms=0 1000ms=0 1050ms=0 1100ms=0 1150ms=0 1200ms=0 1250ms=0 1300ms=0 1350ms=0 1400ms=0 1450ms=0 1500ms=0 1550ms=0 1600ms=0 1650ms=0 1700ms=0 1750ms=0 1800ms=0 1850ms=0 1900ms=0 1950ms=0 2000ms=0 2050ms=0 2100ms=0 2150ms=0 2200ms=0 2250ms=0 2300ms=0 2350ms=0 2400ms=0 2450ms=0 2500ms=0 2550ms=0 2600ms=0 2650ms=0 2700ms=0 2750ms=0 2800ms=0 2850ms=0 2900ms=0 2950ms=0 3000ms=0 3050ms=0 3100ms=0 3150ms=0 3200ms=0 3250ms=0 3300ms=0 3350ms=0 3400ms=0 3450ms=0 3500ms=0 3550ms=0 3600ms=0 3650ms=0 3700ms=0 3750ms=0 3800ms=0 3850ms=0 3900ms=0 3950ms=0 4000ms=0 4050ms=0 4100ms=0 4150ms=0 4200ms=0 4250ms=0 4300ms=0 4350ms=0 4400ms=0 4450ms=0 4500ms=0 4550ms=0 4600ms=0 4650ms=0 4700ms=0 4750ms=0 4800ms=0 4850ms=0 4900ms=0 4950ms=0
50th gpu percentile: 7ms
90th gpu percentile: 9ms
95th gpu percentile: 19ms
99th gpu percentile: 4950ms
GPU HISTOGRAM: 1ms=0 2ms=0 3ms=0 4ms=0 5ms=0 6ms=1 7ms=322 8ms=10 9ms=42 10ms=1 11ms=2 12ms=5 13ms=1 14ms=2 15ms=5 16ms=0 17ms=1 18ms=0 19ms=5 20ms=0 21ms=0 22ms=0 23ms=0 24ms=0 25ms=1 4950ms=15

Pipeline=Skia (OpenGL)
Memory policy:
  Max surface area: 2073600
  Max resource usage: 99.53MB (x48)
  Background retention: 50% (altUiHidden = true)
  GPU Context timeout: 10
Contexts: 1 (stopped = 0)
CPU Caches:
  Glyph Cache: 1.56 MB (1 entry)
  Glyph Count: 102 
Total CPU memory usage:
  1639278 bytes, 1.56 MB (0.00 bytes is purgeable)
GPU Caches:
  Image:
    Texture: 13.83 MB (49 entries)
  Other:
    Other: 174.95 KB (1 entry)
    Buffer Object: 464.00 bytes (2 entries)
    StencilAttachment: 8.00 KB (1 entry)
  Scratch:
    Texture: 4.03 MB (4 entries)
    RenderTarget: 68.94 MB (270 entries)
    Buffer Object: 78.03 KB (3 entries)
Total GPU memory usage:
  91288600 bytes, 87.06 MB (636.70 KB is purgeable)

Profile data in ms:

	com.auroratv.lab/com.auroratv.MainActivity/android.view.ViewRootImpl@2996ac4 (visibility=0)
Window: com.auroratv.lab/com.auroratv.MainActivity
Stats since: 334671418122581ns
Total frames rendered: 413
Janky frames: 16 (3.87%)
Janky frames (legacy): 358 (86.68%)
50th percentile: 24ms
90th percentile: 38ms
95th percentile: 53ms
99th percentile: 93ms
Number Missed Vsync: 3
Number High input latency: 793
Number Slow UI thread: 14
Number Slow bitmap uploads: 0
Number Slow issue draw commands: 15
Number Frame deadline missed: 16
Number Frame deadline missed (legacy): 17
HISTOGRAM: 5ms=0 6ms=0 7ms=0 8ms=0 9ms=0 10ms=0 11ms=0 12ms=0 13ms=0 14ms=0 15ms=2 16ms=0 17ms=2 18ms=3 19ms=10 20ms=12 21ms=13 22ms=45 23ms=89 24ms=79 25ms=36 26ms=15 27ms=7 28ms=3 29ms=7 30ms=10 31ms=6 32ms=5 34ms=9 36ms=10 38ms=10 40ms=7 42ms=3 44ms=2 46ms=2 48ms=3 53ms=4 57ms=5 61ms=1 65ms=2 69ms=1 73ms=0 77ms=0 81ms=2 85ms=1 89ms=2 93ms=2 97ms=1 101ms=2 105ms=0 109ms=0 113ms=0 117ms=0 121ms=0 125ms=0 129ms=0 133ms=0 150ms=0 200ms=0 250ms=0 300ms=0 350ms=0 400ms=0 450ms=0 500ms=0 550ms=0 600ms=0 650ms=0 700ms=0 750ms=0 800ms=0 850ms=0 900ms=0 950ms=0 1000ms=0 1050ms=0 1100ms=0 1150ms=0 1200ms=0 1250ms=0 1300ms=0 1350ms=0 1400ms=0 1450ms=0 1500ms=0 1550ms=0 1600ms=0 1650ms=0 1700ms=0 1750ms=0 1800ms=0 1850ms=0 1900ms=0 1950ms=0 2000ms=0 2050ms=0 2100ms=0 2150ms=0 2200ms=0 2250ms=0 2300ms=0 2350ms=0 2400ms=0 2450ms=0 2500ms=0 2550ms=0 2600ms=0 2650ms=0 2700ms=0 2750ms=0 2800ms=0 2850ms=0 2900ms=0 2950ms=0 3000ms=0 3050ms=0 3100ms=0 3150ms=0 3200ms=0 3250ms=0 3300ms=0 3350ms=0 3400ms=0 3450ms=0 3500ms=0 3550ms=0 3600ms=0 3650ms=0 3700ms=0 3750ms=0 3800ms=0 3850ms=0 3900ms=0 3950ms=0 4000ms=0 4050ms=0 4100ms=0 4150ms=0 4200ms=0 4250ms=0 4300ms=0 4350ms=0 4400ms=0 4450ms=0 4500ms=0 4550ms=0 4600ms=0 4650ms=0 4700ms=0 4750ms=0 4800ms=0 4850ms=0 4900ms=0 4950ms=0
50th gpu percentile: 7ms
90th gpu percentile: 9ms
95th gpu percentile: 19ms
99th gpu percentile: 4950ms
GPU HISTOGRAM: 1ms=0 2ms=0 3ms=0 4ms=0 5ms=0 6ms=1 7ms=322 8ms=10 9ms=42 10ms=1 11ms=2 12ms=5 13ms=1 14ms=2 15ms=5 16ms=0 17ms=1 18ms=0 19ms=5 20ms=0 21ms=0 22ms=0 23ms=0 24ms=0 25ms=1 4950ms=15



---PROFILEDATA---
Flags,FrameTimelineVsyncId,IntendedVsync,Vsync,InputEventId,HandleInputStart,AnimationStart,PerformTraversalsStart,DrawStart,FrameDeadline,FrameInterval,FrameStartTime,SyncQueued,SyncStart,IssueDrawCommandsStart,SwapBuffers,FrameCompleted,DequeueBufferDuration,QueueBufferDuration,GpuCompleted,SwapBuffersCompleted,DisplayPresentTime,CommandSubmissionCompleted,
0,115825773,334678160850843,334678160850843,0,334678161122001,334678161123293,334678161668084,334678161824293,334678213134860,334678161116251,16800342,334678162044626,334678168399084,334678169536084,334678184367543,334678191672501,11456417,279708,334678191672501,334678184950876,-1,334678184367543,
0,115825781,334678177651185,334678177651185,0,334678177902876,334678177904043,334678178376876,334678178531293,334678229935202,334678177896751,16800342,334678178830626,334678185129251,334678186377626,334678202913876,334678209808709,11358084,384042,334678209808709,334678203594834,-1,334678202913876,
0,115825789,334678194451527,334678194451527,0,334678194704168,334678194705793,334678195187418,334678195344043,334678246735544,334678194698793,16800342,334678195585543,334678203795376,334678205023876,334678219520418,334678226154751,9462833,374500,334678226154751,334678220207709,-1,334678219520418,
0,115825797,334678211251869,334678211251869,0,334678211518293,334678211519918,334678211997834,334678212178376,334678263535886,334678211512043,16800342,334678212400418,334678220386751,334678221582668,334678235894834,334678242487834,9727041,279584,334678242487834,334678236574584,-1,334678235894834,
0,115825805,334678228052211,334678228052211,0,334678228317001,334678228318251,334678228793709,334678228947918,334678280336228,334678228311126,16800342,334678229212084,334678236752459,334678237865668,334678250917501,334678257310418,10290375,286833,334678257310418,334678251584543,-1,334678250917501,
0,115825813,334678244852553,334678244852553,0,334678245112084,334678245113418,334678245608543,334678245764834,334678297136570,334678245106709,16800342,334678245993459,334678251760834,334678252900543,334678267783501,334678274167376,12016584,277208,334678274167376,334678268377668,-1,334678267783501,
0,115825821,334678261652895,334678261652895,0,334678261919043,334678261920751,334678262475168,334678262630918,334678313936912,334678261913293,16800342,334678262854001,334678268627168,334678269729709,334678284612543,334678290979043,11966875,276334,334678290979043,334678285185793,-1,334678284612543,
0,115825829,334678278453237,334678278453237,0,334678278712834,334678278714084,334678279198209,334678279374501,334678330737254,334678278707251,16800342,334678279592501,334678285364168,334678286476293,334678301358751,334678307723418,12041125,279292,334678307723418,334678301926376,-1,334678301358751,
0,115825837,334678295253579,334678295253579,0,334678295581584,334678295583209,334678296058084,334678296206459,334678347537596,334678295575668,16800342,334678296408876,334678302102418,334678303191126,334678318227043,334678324599043,12153458,279250,334678324599043,334678318797209,-1,334678318227043,
0,115825845,334678312053921,334678312053921,0,334678312306168,334678312307418,334678312739918,334678312907001,334678364337938,334678312300126,16800342,334678313111626,334678318973043,334678320199501,334678334939251,334678341280168,11976334,280292,334678341280168,334678335523043,-1,334678334939251,
0,115825853,334678328854263,334678328854263,0,334678329130168,334678329131460,334678329578460,334678329734376,334678381138280,334678329124210,16800342,334678329910335,334678335699960,334678336915001,334678351760751,334678358110210,12011583,305291,334678358110210,334678352353543,-1,334678351760751,
0,115825861,334678345654605,334678345654605,0,334678345910460,334678345911835,334678346376293,334678346519668,334678397938622,334678345904668,16800342,334678346695376,334678352530210,334678353619751,334678368573043,334678374910918,12105584,359917,334678374910918,334678369229210,-1,334678368573043,
0,115825869,334678362454947,334678362454947,0,334678362706876,334678362708293,334678363123001,334678363288835,334678414738964,334678362701460,16800342,334678363439251,334678369407710,334678370506293,334678385456251,334678391810126,12014000,328958,334678391810126,334678386131668,-1,334678385456251,
0,115825877,334678379255289,334678379255289,0,334678379519418,334678379520710,334678379971126,334678380172751,334678431539306,334678379514001,16800342,334678380327626,334678386308835,334678387640585,334678403098918,334678409479501,11764708,677708,334678409479501,334678404160501,-1,334678403098918,
0,115825885,334678396055631,334678396055631,0,334678396311251,334678396312918,334678397057126,334678397205418,334678448339648,334678396305960,16800342,334678397366918,334678404354501,334678405688543,334678421195626,334678427695251,11188500,822625,334678427695251,334678422480835,-1,334678421195626,
0,115825893,334678412855973,334678412855973,0,334678413222710,334678413224585,334678422214126,334678422430335,334678465139990,334678413214710,16800342,334678422609210,334678422841168,334678424641001,334678437502043,334678443887543,8905042,705250,334678443887543,334678438599793,-1,334678437502043,
0,115825901,334678429656315,334678429656315,0,334678430081210,334678430083168,334678430633085,334678430858710,334678481940332,334678430071918,16800342,334678430949668,334678438819793,334678440124126,334678454979960,334678461479793,10325917,739542,334678461479793,334678456252335,-1,334678454979960,
0,115825909,334678446456657,334678446456657,0,334678446839710,334678446841668,334678447300960,334678447537876,334678498740674,334678446831168,16800342,334678447586793,334678456541876,334678457862710,334678472953668,334678479343501,9767958,690208,334678479343501,334678474206335,-1,334678472953668,
0,115825917,334678463256999,334678463256999,0,334678463671960,334678463674168,334678464339835,334678464585001,334678515541016,334678463661835,16800342,334678464636251,334678474534543,334678475870335,334678489019293,334678495505918,8321583,839875,334678495505918,334678490321751,-1,334678489019293,
0,115825925,334678480057341,334678480057341,0,334678480469210,334678480470835,334678480947710,334678481145543,334678532341358,334678480460293,16800342,334678481193751,334678490577793,334678492082751,334678504587001,334678510977168,8571250,437125,334678510977168,334678505592376,-1,334678504587001,
0,115825933,334678496857683,334678496857683,0,334678497211168,334678497213043,334678497641251,334678497827418,334678549141700,334678497203418,16800342,334678497872876,334678505869210,334678507295793,334678521317710,334678527698210,10211291,365417,334678527698210,334678522073543,-1,334678521317710,
0,115825941,334678513658025,334678513658025,0,334678514060960,334678514063251,334678514548418,334678514870793,334678565942042,334678514050793,16800342,334678514920418,334678522292085,334678523626835,334678538991626,334678545387043,10953375,365708,334678545387043,334678539830626,-1,334678538991626,
0,115825949,334678530458367,334678530458367,0,334678530910335,334678530933793,334678531473168,334678531690668,334678582742384,334678530900710,16800342,334678531740751,334678540083876,334678541546710,334678556184710,334678562573293,9945458,364167,334678562573293,334678556939001,-1,334678556184710,
0,115825957,334678547258709,334678547258709,0,334678547673043,334678547675251,334678548266835,334678548487168,334678599542726,334678547662793,16800342,334678548537751,334678557162168,334678558357543,334678573541460,334678579937126,9916166,647250,334678579937126,334678574639626,-1,334678573541460,
0,115825965,334678564059051,334678564059051,0,334678564400043,334678564401793,334678564827043,334678565104626,334678616343068,334678564392210,16800342,334678565156960,334678574900376,334678576429585,334678589814335,334678596240668,8206500,439042,334678596240668,334678590712501,-1,334678589814335,
0,115825973,334678580859393,334678580859393,0,334678581235210,334678581236918,334678581679126,334678581893835,334678633143410,334678581227543,16800342,334678581938335,334678590972710,334678592573793,334678605255585,334678611632501,8850458,459583,334678611632501,334678606140418,-1,334678605255585,
0,115825981,334678597659735,334678597659735,0,334678598005918,334678598007710,334678598432960,334678598616626,334678649943752,334678597997835,16800342,334678598662210,334678606400335,334678607969793,334678622084918,334678628494918,10200959,369333,334678628494918,334678622838960,-1,334678622084918,
0,115826125,334678933666575,334678933666575,-1053938966,334678933956001,334678933957376,334678979986668,334678980240251,334678952349908,334678933949918,16800342,334678991078210,334678991253626,334678993358001,334678996879501,334679015385585,34750,311083,334679015385585,334678997489001,-1,334678996879501,
0,115826132,334678950466917,334678984067601,0,334678993710751,334678993712293,334678994351126,334678994527168,334679036351618,334678993698626,16800342,334678994821793,334678997664960,334678999154751,334679014488626,334679041358543,19750,1069125,334679041358543,334679015896543,-1,334679014488626,
0,115826139,334679000867943,334679000867943,0,334679001217085,334679001218626,334679001735043,334679001902126,334679069952302,334679001210126,16800342,334679002136126,334679016161626,334679017435960,334679026442960,334679065368918,3712875,14703750,334679065368918,334679041465418,-1,334679026442960,
0,115826147,334679017668285,334679017668285,0,334679017955210,334679017956835,334679021619127,334679021889460,334679086752644,334679017949668,16800342,334679023306918,334679041642627,334679042859960,334679058471710,334679089951002,11646375,6667542,334679089951002,334679065483668,-1,334679058471710,
0,115826155,334679034468627,334679034468627,0,334679043097210,334679043097877,334679043585710,334679043731418,334679120353328,334679043092043,16800342,334679043940793,334679065707793,334679066903793,334679075367960,334679115054377,4408292,14290917,334679115054377,334679090051710,-1,334679075367960,
0,115826163,334679051268969,334679051268969,0,334679067170543,334679067171335,334679067612043,334679067742335,334679137153670,334679067165502,16800342,334679067973460,334679090227793,334679091346418,334679114315877,334679141512710,13575792,797500,334679141512710,334679115396543,-1,334679114315877,
0,115826171,334679068069311,334679084869653,0,334679091667252,334679091668002,334679092206168,334679092378502,334679170754354,334679091656752,16800342,334679092612127,334679115795918,334679117094127,334679125545460,334679150044543,4725750,15757541,334679150044543,334679141615668,-1,334679125545460,
0,115826180,334679101669995,334679101669995,0,334679117547043,334679117548543,334679118070710,334679118213543,334679187554696,334679117539918,16800342,334679118512835,334679141787877,334679143017335,334679162642793,334679171556293,12350209,335167,334679171556293,334679163332627,-1,334679162642793,
0,115826188,334679118470337,334679135270679,0,334679143443835,334679143445002,334679143942418,334679144148460,334679204355038,334679143430960,16800342,334679144389585,334679163507418,334679164674918,334679179216002,334679188103543,7502833,279583,334679188103543,334679179761877,-1,334679179216002,
0,115826197,334679152071021,334679152071021,0,334679164974293,334679164975002,334679165375210,334679165506252,334679221155380,334679164969168,16800342,334679165701710,334679179934668,334679181279877,334679196399502,334679205295960,7721458,379208,334679205295960,334679197052627,-1,334679196399502,
0,115826205,334679168871363,334679168871363,0,334679181551877,334679181552668,334679181952918,334679182087627,334679237955722,334679181546627,16800342,334679182317918,334679197227002,334679198491502,334679210388502,334679219487127,7238333,423583,334679219487127,334679211295127,-1,334679210388502,
0,115826213,334679185671705,334679185671705,0,334679198794543,334679198795335,334679199234168,334679199369752,334679254756064,334679198789043,16800342,334679199565043,334679211509168,334679213024127,334679228454502,334679237305668,10148125,375250,334679237305668,334679229227752,-1,334679228454502,
0,115826221,334679202472047,334679202472047,0,334679213424043,334679213425627,334679213927627,334679214092293,334679271556406,334679213416543,16800342,334679214369918,334679229459127,334679230888335,334679245611377,334679254592210,9018541,537125,334679254592210,334679246583418,-1,334679245611377,
0,115826229,334679219272389,334679219272389,0,334679231282168,334679231283127,334679231780918,334679231972960,334679288356748,334679231274752,16800342,334679232264460,334679246836585,334679248529918,334679266758043,334679273322377,8412084,355167,334679273322377,334679267775918,-1,334679266758043,
0,115826237,334679236072731,334679236072731,0,334679248986585,334679248988418,334679249545002,334679250095377,334679305157090,334679248976543,16800342,334679250388918,334679267990752,334679269378127,334679283588918,334679290116668,4317708,404042,334679290116668,334679284327668,-1,334679283588918,
0,115826245,334679252873073,334679269673415,0,334679270340460,334679270342752,334679270904877,334679271090002,334679321957432,334679270315793,16800342,334679271377502,334679284545502,334679285948877,334679295853960,334679302471918,4483708,389959,334679302471918,334679296677335,-1,334679295853960,
0,115826254,334679286473757,334679286473757,0,334679286811627,334679286813377,334679287294043,334679287479460,334679338757774,334679286804252,16800342,334679287743877,334679297022627,334679298494502,334679313354293,334679319949668,8785291,461958,334679319949668,334679314360877,-1,334679313354293,
0,115826262,334679303274099,334679303274099,0,334679303634877,334679303636543,334679304208293,334679304411377,334679355558116,334679303626877,16800342,334679304697627,334679314614377,334679316754502,334679332319043,334679338888043,6972083,668000,334679338888043,334679333371627,-1,334679332319043,
0,115826270,334679320074441,334679320074441,0,334679320399335,334679320401002,334679320869502,334679321046085,334679372358458,334679320391960,16800342,334679321292627,334679333602793,334679335063043,334679349721668,334679356241377,5848209,621167,334679356241377,334679350679710,-1,334679349721668,
0,115826278,334679336874783,334679336874783,0,334679337213835,334679337215668,334679337696918,334679337939835,334679389158800,334679337205918,16800342,334679338254002,334679350895835,334679352307543,334679362410293,334679368992377,5421541,699458,334679368992377,334679363506043,-1,334679362410293,
0,115826286,334679353675125,334679353675125,0,334679354019335,334679354020793,334679354499627,334679354690418,334679405959142,334679354012377,16800342,334679354995127,334679363733168,334679365257877,334679378485543,334679385056877,8879416,627667,334679385056877,334679379478793,-1,334679378485543,
0,115826294,334679370475467,334679370475467,0,334679370791002,334679370792627,334679371297335,334679371475002,334679422759484,334679370783543,16800342,334679371721627,334679379688960,334679381130252,334679395911585,334679402535668,10065708,693708,334679402535668,334679397043793,-1,334679395911585,
0,115826302,334679387275809,334679387275809,0,334679387624502,334679387626543,334679388204293,334679388437043,334679439559826,334679387616710,16800342,334679388708168,334679397270960,334679398716543,334679418330085,334679424919627,9493125,706334,334679424919627,334679419423627,-1,334679418330085,
0,115826310,334679404076151,334679404076151,0,334679404490460,334679404492627,334679405084710,334679405322752,334679456360168,334679404481043,16800342,334679405614418,334679419656918,334679421159085,334679436529252,334679443102752,3996958,478791,334679443102752,334679437404585,-1,334679436529252,
0,115826318,334679420876493,334679420876493,0,334679421485377,334679421487127,334679422011168,334679422218502,334679473160510,334679421476960,16800342,334679422711168,334679437639293,334679439345793,334679447044418,334679453646668,2343417,405959,334679453646668,334679447883210,-1,334679447044418,
0,115826326,334679437676835,334679437676835,0,334679439604585,334679439605752,334679441163085,334679441366502,334679489960852,334679439596960,16800342,334679441803543,334679448276210,334679449976418,334679462685460,334679469302877,8231584,349041,334679469302877,334679463402627,-1,334679462685460,
0,115826334,334679454477177,334679454477177,0,334679454862085,334679454863877,334679455216002,334679455392918,334679506761194,334679454854168,16800342,334679455617168,334679463708752,334679465160835,334679479359627,334679485907668,9914000,382666,334679485907668,334679480117418,-1,334679479359627,
0,115826342,334679471277519,334679471277519,0,334679471626210,334679471628210,334679472048335,334679472241627,334679523561536,334679471618210,16800342,334679472522502,334679480331335,334679481653127,334679496610293,334679503146085,10253542,350875,334679503146085,334679497344335,-1,334679496610293,
0,115826350,334679488077861,334679488077861,0,334679488474335,334679488476293,334679488883877,334679489114627,334679540361878,334679488466043,16800342,334679489379585,334679497559210,334679498870460,334679514646918,334679521221793,10058084,407292,334679521221793,334679515485585,-1,334679514646918,
0,115826358,334679504878203,334679504878203,0,334679505284502,334679505286085,334679505655377,334679505830752,334679557162220,334679505277002,16800342,334679506053335,334679515868210,334679517502918,334679530327043,334679536867960,8076833,303334,334679536867960,334679530958168,-1,334679530327043,
0,115826366,334679521678545,334679521678545,0,334679522020002,334679522021960,334679522470418,334679522658668,334679573962562,334679522012085,16800342,334679522903127,334679531228627,334679532497835,334679547124543,334679553699918,9884084,406250,334679553699918,334679547958835,-1,334679547124543,
0,115826374,334679538478887,334679538478887,0,334679538827377,334679538829127,334679539232543,334679539463460,334679590762904,334679538818918,16800342,334679539731710,334679548257960,334679549825793,334679564301252,334679570864877,9391875,369250,334679570864877,334679565060960,-1,334679564301252,
0,115826382,334679555279229,334679555279229,0,334679555702002,334679555704127,334679556252752,334679556463043,334679607563246,334679555692668,16800342,334679556744502,334679565290168,334679566718918,334679580945543,334679587546293,9428292,686791,334679587546293,334679582032960,-1,334679580945543,
0,115826390,334679572079571,334679572079571,0,334679572461460,334679572463377,334679572898043,334679573103293,334679624363588,334679572452085,16800342,334679573371043,334679582259460,334679583675835,334679598882918,334679605487460,9520959,737500,334679605487460,334679600093085,-1,334679598882918,
0,115826398,334679588879913,334679588879913,0,334679589301668,334679589304127,334679589744668,334679590109043,334679641163930,334679589291335,16800342,334679590397752,334679600342668,334679601907835,334679615596960,334679622201627,8001250,857125,334679622201627,334679616923460,-1,334679615596960,
0,115826406,334679605680255,334679605680255,0,334679606106752,334679606109043,334679606549502,334679606754335,334679657964272,334679606097877,16800342,334679607036085,334679617192043,334679618846127,334679631521960,334679638081710,7682167,712458,334679638081710,334679632638210,-1,334679631521960,
0,115826414,334679622480597,334679622480597,0,334679622853877,334679622855877,334679623292293,334679623498752,334679674764614,334679622844877,16800342,334679623763168,334679632871918,334679634299793,334679649432085,334679655998043,9150083,679250,334679655998043,334679650521168,-1,334679649432085,
0,115826422,334679639280939,334679639280939,0,334679639689710,334679639691918,334679640231668,334679640507585,334679691564956,334679639680085,16800342,334679640794377,334679650749043,334679652225043,334679667436502,334679674043210,7935000,716917,334679674043210,334679668673127,-1,334679667436502,
0,115826430,334679656081281,334679656081281,0,334679656459585,334679656461377,334679656879668,334679657098210,334679708365298,334679656451835,16800342,334679657342543,334679668957210,334679670889002,334679681008877,334679687630918,5654208,308875,334679687630918,334679681758627,-1,334679681008877,
0,115826438,334679672881623,334679672881623,0,334679673287835,334679673289335,334679673793418,334679673975460,334679725165640,334679673279918,16800342,334679674288835,334679681972710,334679683442627,334679697144502,334679703713960,9734625,330375,334679703713960,334679697839543,-1,334679697144502,
0,115826446,334679689681965,334679689681965,0,334679690003335,334679690004877,334679690373752,334679690530835,334679741965982,334679689996293,16800342,334679690793252,334679698049210,334679699599043,334679714055835,334679720595960,10303959,644833,334679720595960,334679715054127,-1,334679714055835,
0,115826454,334679706482307,334679706482307,0,334679706939543,334679706940960,334679707278877,334679707431627,334679758766324,334679706932377,16800342,334679707623960,334679715247168,334679717005543,334679729934794,334679736433127,9528376,297500,334679736433127,334679730531127,-1,334679729934794,
0,115826462,334679723282649,334679723282649,0,334679723595419,334679723596752,334679723892960,334679724075335,334679775566666,334679723588627,16800342,334679724291377,334679730704627,334679731803335,334679747512002,334679754074127,11937042,452583,334679754074127,334679748330960,-1,334679747512002,
0,115826470,334679740082991,334679740082991,-1919711,334679740425294,334679740426919,334679742500294,334679742687085,334679792367008,334679740418169,16800342,334679743541835,334679748521002,334679749794627,334679764651794,334679771300877,11016250,320959,334679771300877,334679765342085,-1,334679764651794,
0,115826478,334679756883333,334679756883333,0,334679757349794,334679757351294,334679769765419,334679769927419,334679809167350,334679757343669,16800342,334679773823960,334679773991835,334679775218585,334679785371127,334679792034585,1938292,292750,334679792034585,334679786003335,-1,334679785371127,
0,115826486,334679773683675,334679773683675,0,334679775499419,334679775500252,334679779470919,334679779648794,334679825967692,334679775494710,16800342,334679781039710,334679786182710,334679787455919,334679798003919,334679806615252,6372792,279958,334679806615252,334679798600627,-1,334679798003919,
0,115826494,334679790484017,334679790484017,0,334679790742919,334679790744252,334679792183710,334679792345085,334679842768034,334679790737085,16800342,334679792624669,334679798771252,334679799896835,334679814030169,334679821944585,10665917,278041,334679821944585,334679814605752,-1,334679814030169,
0,115826502,334679807284359,334679807284359,0,334679807569419,334679807570794,334679808083169,334679808227877,334679859568376,334679807563710,16800342,334679808428419,334679814774710,334679815912585,334679830717169,334679838015210,11461042,282375,334679838015210,334679831298544,-1,334679830717169,
0,115826510,334679824084701,334679824084701,0,334679824340544,334679824341752,334679824908252,334679825061085,334679876368718,334679824334585,16800342,334679825274335,334679831473877,334679832693377,334679849129044,334679856033294,11513917,284667,334679856033294,334679849699460,-1,334679849129044,
0,115826518,334679840885043,334679840885043,0,334679841141835,334679841143210,334679841592919,334679841792752,334679893169060,334679841136127,16800342,334679842030044,334679849878919,334679851009377,334679869301502,334679875960794,9978458,286000,334679875960794,334679869842835,-1,334679869301502,
0,115826526,334679857685385,334679857685385,0,334679858082835,334679858084085,334679858571044,334679858715794,334679909969402,334679858076835,16800342,334679858915960,334679870022210,334679871148127,334679882054335,334679888452252,6608250,355709,334679888452252,334679882697294,-1,334679882054335,
0,115826534,334679874485727,334679874485727,0,334679874772460,334679874773794,334679875264627,334679875410419,334679926769744,334679874766544,16800342,334679875618877,334679882875544,334679884091960,334679897654210,334679904050044,10473792,281833,334679904050044,334679898229335,-1,334679897654210,
0,115826542,334679891286069,334679891286069,0,334679891539627,334679891541294,334679892039502,334679892192252,334679943570086,334679891534252,16800342,334679892398502,334679898404835,334679899593377,334679914373627,334679920754044,11748000,350541,334679920754044,334679915026960,-1,334679914373627,
0,115826550,334679908086411,334679908086411,0,334679908344085,334679908345627,334679908788960,334679908931419,334679960370428,334679908338502,16800342,334679909129835,334679915205627,334679916417585,334679931264794,334679937629460,11815041,279292,334679937629460,334679931831210,-1,334679931264794,
0,115826558,334679924886753,334679924886753,0,334679925146502,334679925147919,334679925547044,334679925689335,334679977170770,334679925141377,16800342,334679925881627,334679932108210,334679933269044,334679950722710,334679957058502,11719000,279042,334679957058502,334679951272085,-1,334679950722710,
0,115826566,334679941687095,334679941687095,0,334679941945210,334679941946335,334679942354377,334679942495544,334679993971112,334679941939044,16800342,334679942692544,334679951450294,334679952603752,334679964551335,334679970914794,9135417,281375,334679970914794,334679965126002,-1,334679964551335,
0,115826574,334679958487437,334679958487437,0,334679958740752,334679958742044,334679959192960,334679959334877,334680010771454,334679958735044,16800342,334679959524044,334679965303919,334679966401877,334679981353669,334679987710252,12155125,280833,334679987710252,334679981924377,-1,334679981353669,
0,115826582,334679975287779,334679975287779,0,334679975578794,334679975580252,334679975976669,334679976145335,334680027571796,334679975538585,16800342,334679976322294,334679982101335,334679983210419,334679998129877,334680004473377,12117166,279791,334680004473377,334679998708252,-1,334679998129877,
0,115826590,334679992088121,334679992088121,0,334679992392294,334679992393585,334679992890002,334679993036294,334680044372138,334679992386835,16800342,334679993210544,334679998885210,334679999981502,334680014942669,334680021299085,12197834,281292,334680021299085,334680015505669,-1,334680014942669,
0,115826598,334680008888463,334680008888463,0,334680009152335,334680009153710,334680009587002,334680009747877,334680061172480,334680009146710,16800342,334680009897669,334680015680002,334680016820252,334680034684877,334680041118710,12171167,278250,334680041118710,334680035250210,-1,334680034684877,
0,115826606,334680025688805,334680025688805,0,334680025945460,334680025946794,334680026347127,334680026491585,334680077972822,334680025939460,16800342,334680026641127,334680035427669,334680036564544,334680048917710,334680055307377,9202125,339375,334680055307377,334680049639169,-1,334680048917710,
0,115826614,334680042489147,334680042489147,0,334680042742252,334680042743502,334680043569002,334680043718544,334680094773164,334680042737044,16800342,334680043878419,334680049860502,334680051190919,334680067989252,334680074501835,12189875,758167,334680074501835,334680069239294,-1,334680067989252,
0,115826622,334680059289489,334680059289489,0,334680059682169,334680059684252,334680069711044,334680069919710,334680111573506,334680059673252,16800342,334680070256210,334680070471210,334680072101960,334680084769877,334680091163085,8011667,800166,334680091163085,334680086032627,-1,334680084769877,
0,115826630,334680076089831,334680076089831,0,334680076447294,334680076449169,334680076999419,334680077199169,334680128373848,334680076438919,16800342,334680077262294,334680086287669,334680087750710,334680101136377,334680107521419,8964583,849042,334680107521419,334680102412210,-1,334680101136377,
0,115826638,334680092890173,334680092890173,0,334680093236460,334680093238127,334680093651919,334680093867710,334680145174190,334680093228252,16800342,334680093913460,334680102649210,334680104212085,334680124430502,334680130941252,9288833,922208,334680130941252,334680125871460,-1,334680124430502,
0,115826646,334680109690515,334680109690515,0,334680110036335,334680110038419,334680110445210,334680110699544,334680161974532,334680110028294,16800342,334680110747294,334680126140794,334680127845794,334680133898252,334680140338169,2712417,333167,334680140338169,334680134592210,-1,334680133898252,
0,115826654,334680126490857,334680126490857,0,334680128271669,334680128273877,334680128856460,334680129118294,334680178774874,334680128262252,16800342,334680129352252,334680134788502,334680135866585,334680150133627,334680156470627,10955792,525167,334680156470627,334680150978252,-1,334680150133627,
0,115826662,334680143291199,334680143291199,0,334680143610960,334680143612502,334680143979794,334680144222585,334680195575216,334680143604294,16800342,334680144266710,334680151216335,334680152330419,334680167664294,334680174025752,11145875,344916,334680174025752,334680168345169,-1,334680167664294,
0,115826670,334680160091541,334680160091541,0,334680160491460,334680160493044,334680160845085,334680160998127,334680212375558,334680160484919,16800342,334680161036752,334680168525627,334680169602835,334680183354960,334680189689419,10646875,402167,334680189689419,334680184120127,-1,334680183354960,
0,115826678,334680176891883,334680176891883,0,334680177217794,334680177219210,334680177639794,334680177789252,334680229175900,334680177211544,16800342,334680177827002,334680184301252,334680185375919,334680204954044,334680211330252,11908875,402708,334680211330252,334680205727835,-1,334680204954044,
0,115826686,334680193692225,334680193692225,0,334680194035710,334680194037252,334680194497252,334680194687460,334680245976242,334680194028710,16800342,334680194730169,334680206045794,334680207382585,334680218875044,334680225271252,7020584,546833,334680225271252,334680219850627,-1,334680218875044,
0,115826694,334680210492567,334680210492567,0,334680210839585,334680210841419,334680211258794,334680211518794,334680262776584,334680210831252,16800342,334680211566085,334680220134127,334680221797710,334680235164752,334680241713085,9284708,439958,334680241713085,334680236080877,-1,334680235164752,
0,115826702,334680227292909,334680227292909,0,334680227685210,334680227687002,334680228147419,334680228335044,334680279576926,334680227677502,16800342,334680228379585,334680236323877,334680237911294,334680251840585,334680258344835,10056125,400125,334680258344835,334680252682710,-1,334680251840585,
0,115826710,334680244093251,334680244093251,0,334680244489210,334680244491044,334680244942169,334680245125835,334680296377268,334680244481169,16800342,334680245170794,334680252900710,334680254123085,334680268980377,334680275381919,10932791,371542,334680275381919,334680269744669,-1,334680268980377,
0,115826910,334680714502827,334680714502827,0,334680714905752,334680714908336,334680731300669,334680731716502,334680733186160,334680714888294,16800342,334680749000419,334680749254877,334680750837711,334680754558627,334680767577252,33417,494500,334680767577252,334680755505127,-1,334680754558627,
0,115826917,334680731303169,334680748103511,0,334680751440961,334680751442961,334680753136877,334680753411586,334680800387528,334680751419544,16800342,334680753871836,334680755744419,334680757161252,334680767502252,334680783978752,19750,378000,334680783978752,334680768288836,-1,334680767502252,
0,115826924,334680764903853,334680764903853,0,334680765313919,334680765315586,334680766763377,334680766979669,334680817187870,334680765306044,16800342,334680767454336,334680768488586,334680769638127,334680794620752,334680809216002,15649916,532417,334680809216002,334680795497127,-1,334680794620752,
0,115826932,334680781704195,334680781704195,0,334680782018752,334680782020127,334680783051877,334680783216711,334680833988212,334680782012544,16800342,334680783607002,334680795698586,334680799425711,334680813461169,334680832430086,2641375,539666,334680832430086,334680814330127,-1,334680813461169,
0,115826940,334680798504537,334680798504537,0,334680799831711,334680799833377,334680801527627,334680801835419,334680850788554,334680799822794,16800342,334680802384169,334680814509294,334680815615961,334680827593461,334680841954794,3255375,4631625,334680841954794,334680832569794,-1,334680827593461,
0,115826948,334680815304879,334680815304879,0,334680816038877,334680816040502,334680817630502,334680817860836,334680867588896,334680816030752,16800342,334680818329127,334680832754419,334680833799252,334680842884336,334680849416711,2071125,571083,334680849416711,334680843893211,-1,334680842884336,
0,115826956,334680832105221,334680832105221,0,334680834442794,334680834445044,334680835913461,334680836172836,334680884389238,334680834435002,16800342,334680836583669,334680844114919,334680845256419,334680859144127,334680865607419,7024000,569667,334680865607419,334680860087752,-1,334680859144127,
0,115826964,334680848905563,334680848905563,0,334680849202502,334680849203919,334680850302627,334680850545336,334680901189580,334680849196336,16800342,334680850911877,334680860310127,334680861370627,334680877569586,334680884048169,7870625,613667,334680884048169,334680878516461,-1,334680877569586,
0,115826972,334680865705905,334680865705905,0,334680866041211,334680866043044,334680867015294,334680867269919,334680917989922,334680866034044,16800342,334680867674086,334680878717961,334680879826502,334680893505294,334680900056711,6256166,663458,334680900056711,334680894497627,-1,334680893505294,
0,115826980,334680882506247,334680882506247,0,334680882852002,334680882854086,334680884101502,334680884282544,334680934790264,334680882844502,16800342,334680884641169,334680894696086,334680895890627,334680910751627,334680917224336,7115459,609459,334680917224336,334680911707794,-1,334680910751627,
0,115826988,334680899306589,334680899306589,0,334680899645461,334680899647002,334680901187711,334680901374627,334680951590606,334680899638461,16800342,334680901868794,334680911910752,334680913105711,334680927079377,334680933632669,6551042,591542,334680933632669,334680928111669,-1,334680927079377,
0,115826996,334680916106931,334680916106931,0,334680916414252,334680916416127,334680917593877,334680917814377,334680968390948,334680916407586,16800342,334680918226419,334680928376877,334680929574461,334680943685752,334680950147669,7078500,673042,334680950147669,334680944680877,-1,334680943685752,
0,115827004,334680932907273,334680932907273,0,334680933233211,334680933235211,334680934556961,334680934738961,334680985191290,334680933226419,16800342,334680935143252,334680944882294,334680945988252,334680960635086,334680967108669,7395666,639917,334680967108669,334680961627836,-1,334680960635086,
0,115827012,334680949707615,334680949707615,0,334680950049211,334680950050586,334680951201669,334680951372627,334681001991632,334680950042044,16800342,334680951741669,334680961837669,334680963022294,334680977709419,334680984242044,7019125,735958,334680984242044,334680978793086,-1,334680977709419,
0,115827020,334680966507957,334680966507957,0,334680966814586,334680966816086,334680967975961,334680968269961,334681018791974,334680966807877,16800342,334680968653669,334680979001211,334680980333586,334680995998752,334681002498502,6796250,650250,334681002498502,334680997025336,-1,334680995998752,
0,115827028,334680983308299,334680983308299,0,334680983667544,334680983669586,334680985132544,334680985331461,334681035592316,334680983659169,16800342,334680985784419,334680997238252,334680998425627,334681011752127,334681018243336,5479500,684042,334681018243336,334681012897711,-1,334681011752127,
0,115827036,334681000108641,334681000108641,0,334681000479377,334681000481461,334681001871086,334681002057752,334681052392658,334681000471336,16800342,334681002642211,334681013122002,334681014342336,334681024261419,334681030774127,6309584,631709,334681030774127,334681025272711,-1,334681024261419,
0,115827044,334681016908983,334681016908983,0,334681017235711,334681017237086,334681017555169,334681017745752,334681069193000,334681017228877,16800342,334681018063752,334681025483044,334681026627502,334681041762044,334681048279586,11004667,752750,334681048279586,334681042946877,-1,334681041762044,
0,115827052,334681033709325,334681033709325,0,334681034061002,334681034062711,334681034347961,334681034545336,334681085993342,334681034052877,16800342,334681034902711,334681043192252,334681044600461,334681057980752,334681064309002,9681834,698084,334681064309002,334681059086836,-1,334681057980752,
---PROFILEDATA---


View hierarchy:

  com.auroratv.lab/com.auroratv.MainActivity/android.view.ViewRootImpl@2996ac4
  307 views, 543.87 kB of render nodes


Total ViewRootImpl   : 1
Total attached Views : 307
Total RenderNode     : 543.87 kB (used) / 2150.11 kB (capacity)

