16683333
0	0	0
0	0	0
0	0	0
0	0	0
0	0	0
0	0	0
0	0	0
0	0	0
0	0	0
0	0	0
0	0	0
0	0	0
0	0	0
0	0	0
0	0	0
0	0	0
0	0	0
0	0	0
0	0	0
0	0	0
0	0	0
0	0	0
0	0	0
0	0	0
0	0	0
0	0	0
0	0	0
0	0	0
0	0	0
0	0	0
0	0	0
0	0	0
0	0	0
0	0	0
0	0	0
0	0	0
0	0	0
0	0	0
0	0	0
0	0	0
0	0	0
0	0	0
0	0	0
0	0	0
0	0	0
0	0	0
0	0	0
0	0	0
0	0	0
0	0	0
0	0	0
0	0	0
0	0	0
0	0	0
0	0	0
0	0	0
0	0	0
0	0	0
0	0	0
0	0	0
0	0	0
0	0	0
0	0	0
0	0	0
0	0	0
0	0	0
0	0	0
0	0	0
0	0	0
0	0	0
0	0	0
0	0	0
0	0	0
0	0	0
0	0	0
0	0	0
0	0	0
0	0	0
0	0	0
0	0	0
0	0	0
0	0	0
0	0	0
0	0	0
0	0	0
0	0	0
0	0	0
0	0	0
0	0	0
0	0	0
0	0	0
0	0	0
0	0	0
0	0	0
0	0	0
0	0	0
0	0	0
0	0	0
0	0	0
0	0	0
0	0	0
0	0	0
0	0	0
0	0	0
0	0	0
0	0	0
0	0	0
0	0	0
0	0	0
0	0	0
0	0	0
0	0	0
0	0	0
0	0	0
0	0	0
0	0	0
0	0	0
0	0	0
0	0	0
0	0	0
0	0	0
0	0	0
0	0	0
0	0	0
0	0	0
0	0	0
0	0	0

===
16683333
0	0	0
0	0	0
0	0	0
0	0	0
0	0	0
0	0	0
0	0	0
0	0	0
0	0	0
0	0	0
0	0	0
0	0	0
0	0	0
0	0	0
0	0	0
0	0	0
0	0	0
0	0	0
0	0	0
0	0	0
0	0	0
0	0	0
0	0	0
0	0	0
0	0	0
0	0	0
0	0	0
0	0	0
0	0	0
0	0	0
0	0	0
0	0	0
0	0	0
0	0	0
0	0	0
0	0	0
0	0	0
0	0	0
0	0	0
0	0	0
0	0	0
0	0	0
0	0	0
0	0	0
0	0	0
0	0	0
0	0	0
0	0	0
0	0	0
0	0	0
0	0	0
0	0	0
0	0	0
0	0	0
0	0	0
0	0	0
0	0	0
0	0	0
0	0	0
0	0	0
0	0	0
0	0	0
0	0	0
0	0	0
0	0	0
0	0	0
0	0	0
0	0	0
0	0	0
0	0	0
0	0	0
335156193150771	335156193519783	335156205752937
335156213967437	335156226886449	335156228391937
335156231974687	335156243569782	335156246401812
335156254853521	335156260253115	335156261049396
335156269338062	335156276936448	335156275500062
335156286336396	335156293619781	335156292526187
335156298095146	335156310303114	335156304293729
335156316856146	335156326986447	335156323126312
335156335835104	335156343669780	335156342125104
335156349534021	335156360353113	335156355751521
335156366472729	335156377036446	335156372713229
335156379560854	335156393719779	335156385751354
335156399953646	335156410403112	335156406149271
335156417439812	335156427086445	335156423704021
335156435256229	335156443769778	335156441516187
335156452809687	335156460453111	335156459554396
335156470082062	335156477136444	335156476297313
335156480467271	335156493819777	335156486648479
335156498602063	335156510503110	335156504514479
335156625055813	335156643969774	335156631089396
335156647048979	335156660653107	335156654708229
335156664886563	335156677336440	335156674188729
335156681926688	335156694019773	335156692570771
335156697797354	335156710703106	335156708543104
335156713616063	335156727386439	335156724558604
335156724813688	335156744069772	335156736572979
335156738061563	335156760753105	335156748924563
335156754382438	335156777436438	335156765323896
335156770794313	335156794119771	335156779662646
335156787855063	335156810803104	335156796434479
335156803839604	335156827486437	335156812489938
335156820503063	335156844169770	335156829111688
335156837214229	335156860853103	335156845709771
335156854753479	335156877536436	335156863325646
335156875123771	335156894219769	335156881390979
335156889914104	335156910903102	335156896122313
335156904887396	335156927586435	335156911074604
335156921302146	335156944269768	335156927580979
335156939138604	335156960953101	335156945247729
335156957141313	335156977636434	335156963226771
335156972904396	335156994319767	335156979133521
335156989852979	335157011003100	335156996089938
335157007559063	335157027686433	335157013763813
335157024072063	335157044369766	335157030238688
335157040579729	335157061053099	335157046736104
335157058694729	335157077736432	335157064876854
335157073960188	335157094419765	335157080128771
335157091987979	335157111103098	335157098151604
335157102811688	335157127786431	335157108979646
335157120983479	335157144469764	335157127149604
335157138680271	335157161153097	335157144846604
335157154973354	335157177836430	335157161109313
335157171077438	335157194519763	335157177311771
335157188324938	335157211203096	335157194490771
335157205842438	335157227886429	335157211990730
335157223601188	335157244569762	335157229825563

===
16683333
0	0	0
0	0	0
0	0	0
0	0	0
0	0	0
0	0	0
0	0	0
0	0	0
0	0	0
0	0	0
0	0	0
0	0	0
0	0	0
0	0	0
0	0	0
0	0	0
0	0	0
0	0	0
0	0	0
335156193150771	335156193519783	335156205752937
335156213967437	335156226886449	335156228391937
335156231974687	335156243569782	335156246401812
335156254853521	335156260253115	335156261049396
335156269338062	335156276936448	335156275500062
335156286336396	335156293619781	335156292526187
335156298095146	335156310303114	335156304293729
335156316856146	335156326986447	335156323126312
335156335835104	335156343669780	335156342125104
335156349534021	335156360353113	335156355751521
335156366472729	335156377036446	335156372713229
335156379560854	335156393719779	335156385751354
335156399953646	335156410403112	335156406149271
335156417439812	335156427086445	335156423704021
335156435256229	335156443769778	335156441516187
335156452809687	335156460453111	335156459554396
335156470082062	335156477136444	335156476297313
335156480467271	335156493819777	335156486648479
335156498602063	335156510503110	335156504514479
335156625055813	335156643969774	335156631089396
335156647048979	335156660653107	335156654708229
335156664886563	335156677336440	335156674188729
335156681926688	335156694019773	335156692570771
335156697797354	335156710703106	335156708543104
335156713616063	335156727386439	335156724558604
335156724813688	335156744069772	335156736572979
335156738061563	335156760753105	335156748924563
335156754382438	335156777436438	335156765323896
335156770794313	335156794119771	335156779662646
335156787855063	335156810803104	335156796434479
335156803839604	335156827486437	335156812489938
335156820503063	335156844169770	335156829111688
335156837214229	335156860853103	335156845709771
335156854753479	335156877536436	335156863325646
335156875123771	335156894219769	335156881390979
335156889914104	335156910903102	335156896122313
335156904887396	335156927586435	335156911074604
335156921302146	335156944269768	335156927580979
335156939138604	335156960953101	335156945247729
335156957141313	335156977636434	335156963226771
335156972904396	335156994319767	335156979133521
335156989852979	335157011003100	335156996089938
335157007559063	335157027686433	335157013763813
335157024072063	335157044369766	335157030238688
335157040579729	335157061053099	335157046736104
335157058694729	335157077736432	335157064876854
335157073960188	335157094419765	335157080128771
335157091987979	335157111103098	335157098151604
335157102811688	335157127786431	335157108979646
335157120983479	335157144469764	335157127149604
335157138680271	335157161153097	335157144846604
335157154973354	335157177836430	335157161109313
335157171077438	335157194519763	335157177311771
335157188324938	335157211203096	335157194490771
335157205842438	335157227886429	335157211990730
335157223601188	335157244569762	335157229825563
335157237967021	335157261253095	335157244244063
335157253967980	335157277936428	335157260162730
335157271469896	335157294619761	335157277773438
335157286960521	335157311303094	335157293346396
335157303386105	335157327986427	335157309574105
335157321890896	335157344669760	335157328151688
335157338237521	335157361353093	335157344487646
335157364474771	335157378036426	335157370780230
335157378145938	335157394719759	335157386449980
335157393993563	335157411403092	335157401553355
335157410019771	335157428086425	335157416992021
335157426790063	335157444769758	335157433409730
335157444588563	335157461453091	335157450852855
335157461270896	335157478136424	335157467395605
335157475047188	335157494819757	335157481136355
335157491482521	335157511503090	335157497553105
335157508471980	335157528186423	335157514535563
335157524845188	335157544869756	335157530897313
335157541506771	335157561553089	335157547552021
335157558416355	335157578236422	335157564467521
335157575172271	335157594919755	335157581212396
335157592093563	335157611603088	335157598101271
335157605436813	335157628286421	335157611473605
335157627146355	335157644969754	335157633048230
335157647208230	335157661653087	335157653208063
335157662170688	335157678336420	335157669762146
335157679016646	335157695019753	335157685035396
335157697041063	335157711703086	335157703044480
335157712305105	335157728386419	335157718287563
335157729658855	335157745069752	335157735696813
335157747989480	335157761753085	335157753987480
335157763214021	335157778436418	335157769234438
335157781152146	335157795119751	335157787104355
335157797038813	335157811803084	335157803049938
335157812864938	335157828486417	335157818849105
335157830258105	335157845169750	335157836168355
335157842114188	335157861853083	335157848081563
335158227146063	335158245569742	335158245254855
335158243112730	335158262253075	335158272415272
335158266619188	335158278936408	335158281896313
335158284771022	335158295619741	335158293183647
335158300905647	335158312303074	335158309433938
335158316335980	335158328986407	335158324841563
335158332377647	335158345669740	335158340850688
335158349136230	335158362353073	335158357652063
335158366233563	335158379036406	335158374797772
335158382494522	335158395719739	335158391085522
335158399216688	335158412403072	335158407809188
335158416229313	335158429086405	335158424835022
335158432718022	335158445769738	335158441223938
335158449478438	335158462453071	335158457988855
335158468166688	335158479136404	335158474264688

===
16683333
335156972904396	335156994319767	335156979133521
335156989852979	335157011003100	335156996089938
335157007559063	335157027686433	335157013763813
335157024072063	335157044369766	335157030238688
335157040579729	335157061053099	335157046736104
335157058694729	335157077736432	335157064876854
335157073960188	335157094419765	335157080128771
335157091987979	335157111103098	335157098151604
335157102811688	335157127786431	335157108979646
335157120983479	335157144469764	335157127149604
335157138680271	335157161153097	335157144846604
335157154973354	335157177836430	335157161109313
335157171077438	335157194519763	335157177311771
335157188324938	335157211203096	335157194490771
335157205842438	335157227886429	335157211990730
335157223601188	335157244569762	335157229825563
335157237967021	335157261253095	335157244244063
335157253967980	335157277936428	335157260162730
335157271469896	335157294619761	335157277773438
335157286960521	335157311303094	335157293346396
335157303386105	335157327986427	335157309574105
335157321890896	335157344669760	335157328151688
335157338237521	335157361353093	335157344487646
335157364474771	335157378036426	335157370780230
335157378145938	335157394719759	335157386449980
335157393993563	335157411403092	335157401553355
335157410019771	335157428086425	335157416992021
335157426790063	335157444769758	335157433409730
335157444588563	335157461453091	335157450852855
335157461270896	335157478136424	335157467395605
335157475047188	335157494819757	335157481136355
335157491482521	335157511503090	335157497553105
335157508471980	335157528186423	335157514535563
335157524845188	335157544869756	335157530897313
335157541506771	335157561553089	335157547552021
335157558416355	335157578236422	335157564467521
335157575172271	335157594919755	335157581212396
335157592093563	335157611603088	335157598101271
335157605436813	335157628286421	335157611473605
335157627146355	335157644969754	335157633048230
335157647208230	335157661653087	335157653208063
335157662170688	335157678336420	335157669762146
335157679016646	335157695019753	335157685035396
335157697041063	335157711703086	335157703044480
335157712305105	335157728386419	335157718287563
335157729658855	335157745069752	335157735696813
335157747989480	335157761753085	335157753987480
335157763214021	335157778436418	335157769234438
335157781152146	335157795119751	335157787104355
335157797038813	335157811803084	335157803049938
335157812864938	335157828486417	335157818849105
335157830258105	335157845169750	335157836168355
335157842114188	335157861853083	335157848081563
335158227146063	335158245569742	335158245254855
335158243112730	335158262253075	335158272415272
335158266619188	335158278936408	335158281896313
335158284771022	335158295619741	335158293183647
335158300905647	335158312303074	335158309433938
335158316335980	335158328986407	335158324841563
335158332377647	335158345669740	335158340850688
335158349136230	335158362353073	335158357652063
335158366233563	335158379036406	335158374797772
335158382494522	335158395719739	335158391085522
335158399216688	335158412403072	335158407809188
335158416229313	335158429086405	335158424835022
335158432718022	335158445769738	335158441223938
335158449478438	335158462453071	335158457988855
335158468166688	335158479136404	335158474264688
335158485088980	335158495819737	335158491295230
335158501737647	335158512503070	335158507961813
335158518922188	335158529186403	335158525120063
335158534264480	335158545869736	335158540449397
335158551111730	335158562553069	335158557294563
335158563748355	335158579236402	335158569942855
335158581175730	335158595919735	335158587322897
335158598876689	335158612603068	335158604991897
335158615011522	335158629286401	335158621176980
335158633033480	335158645969734	335158639167314
335158651229022	335158662653067	335158657338855
335158666991730	335158679336400	335158673378105
335158683387605	335158696019733	335158689516772
335158701825439	335158712703066	335158707930105
335158717866480	335158729386399	335158724045105
335158735682522	335158746069732	335158741821939
335158752940147	335158762753065	335158759055147
335158768057814	335158779436398	335158774136105
335158784323314	335158796119731	335158790479814
335158801327147	335158812803064	335158807484397
335158819658397	335158829486397	335158825799147
335158836937730	335158846169730	335158843057730
335158851829105	335158862853063	335158857956689
335158867348730	335158879536396	335158873677355
335158884095939	335158896219729	335158890174272
335158900622980	335158912903062	335158906799439
335158916535314	335158929586395	335158922730439
335158936950439	335158946269728	335158943079064
335158951968522	335158962953061	335158958161314
335158970046689	335158996319727	335158976332064
335158991375355	335159013003060	335158999412939
335159001062105	335159029686393	335159008658355
335159017545730	335159046369726	335159024509897
335159035816647	335159063053059	335159042286355
335159052514147	335159079736392	335159058758105
335159072449022	335159096419725	335159078554064
335159083972105	335159113103058	335159090083939
335159100685230	335159129786391	335159106660314
335159117502272	335159146469724	335159123566730
335159134294730	335159163153057	335159140340730
335159154781439	335159179836390	335159160836439
335159168250814	335159196519723	335159174293355
335159185064605	335159213203056	335159191024939
335159201470439	335159229886389	335159207505939
335159218205230	335159246569722	335159224262939
335159240468397	335159263253055	335159246522564
335159254960230	335159279936388	335159260997855
335159271982814	335159296619721	335159278051897
335159287087647	335159313303054	335159293072606
335159304768897	335159329986387	335159310739439
335159327349272	335159346669720	335159333440689
335159339317981	335159363353053	335159345334731
335159353721147	335159380036386	335159359775981
335159372394022	335159396719719	335159378388022
335159387697272	335159413403052	335159393711606
335159412545481	335159430086385	335159418538814
335159421860647	335159446769718	335159427834439
335159438324106	335159463453051	335159444317189
335159455840189	335159480136384	335159461756147

===
16683333
335158485088980	335158495819737	335158491295230
335158501737647	335158512503070	335158507961813
335158518922188	335158529186403	335158525120063
335158534264480	335158545869736	335158540449397
335158551111730	335158562553069	335158557294563
335158563748355	335158579236402	335158569942855
335158581175730	335158595919735	335158587322897
335158598876689	335158612603068	335158604991897
335158615011522	335158629286401	335158621176980
335158633033480	335158645969734	335158639167314
335158651229022	335158662653067	335158657338855
335158666991730	335158679336400	335158673378105
335158683387605	335158696019733	335158689516772
335158701825439	335158712703066	335158707930105
335158717866480	335158729386399	335158724045105
335158735682522	335158746069732	335158741821939
335158752940147	335158762753065	335158759055147
335158768057814	335158779436398	335158774136105
335158784323314	335158796119731	335158790479814
335158801327147	335158812803064	335158807484397
335158819658397	335158829486397	335158825799147
335158836937730	335158846169730	335158843057730
335158851829105	335158862853063	335158857956689
335158867348730	335158879536396	335158873677355
335158884095939	335158896219729	335158890174272
335158900622980	335158912903062	335158906799439
335158916535314	335158929586395	335158922730439
335158936950439	335158946269728	335158943079064
335158951968522	335158962953061	335158958161314
335158970046689	335158996319727	335158976332064
335158991375355	335159013003060	335158999412939
335159001062105	335159029686393	335159008658355
335159017545730	335159046369726	335159024509897
335159035816647	335159063053059	335159042286355
335159052514147	335159079736392	335159058758105
335159072449022	335159096419725	335159078554064
335159083972105	335159113103058	335159090083939
335159100685230	335159129786391	335159106660314
335159117502272	335159146469724	335159123566730
335159134294730	335159163153057	335159140340730
335159154781439	335159179836390	335159160836439
335159168250814	335159196519723	335159174293355
335159185064605	335159213203056	335159191024939
335159201470439	335159229886389	335159207505939
335159218205230	335159246569722	335159224262939
335159240468397	335159263253055	335159246522564
335159254960230	335159279936388	335159260997855
335159271982814	335159296619721	335159278051897
335159287087647	335159313303054	335159293072606
335159304768897	335159329986387	335159310739439
335159327349272	335159346669720	335159333440689
335159339317981	335159363353053	335159345334731
335159353721147	335159380036386	335159359775981
335159372394022	335159396719719	335159378388022
335159387697272	335159413403052	335159393711606
335159412545481	335159430086385	335159418538814
335159421860647	335159446769718	335159427834439
335159438324106	335159463453051	335159444317189
335159455840189	335159480136384	335159461756147
335159801338356	335159830486377	335159819413147
335159807570522	335159847169710	335159843325106
335159848258272	335159880536376	335159873067647
335159865818481	335159897219709	335159900560314
335159897322189	335159913903042	335159910222189
335159908147481	335159930586375	335159918767481
335159928867314	335159947269708	335159937411564
335159945337272	335159963953041	335159953902481
335159958678022	335159980636374	335159967265606
335159975479189	335159997319707	335159984053273
335159995473064	335160014003040	335160003899481
335160012683481	335160030686373	335160021120231
335160029983481	335160047369706	335160036167981
335160043512898	335160064053039	335160049732939
335160061312648	335160080736372	335160067484106
335160082089773	335160097419705	335160088306939
335160098609689	335160114103038	335160104793481
335160115334773	335160130786371	335160121510189
335160127417398	335160147469704	335160133720314
335160144800148	335160164153037	335160150957939
335160161499564	335160180836370	335160167668439
335160180120856	335160197519703	335160186129023
335160195451564	335160214203036	335160201581898
335160214453189	335160230886369	335160220613523
335160230158439	335160247569702	335160236131231
335160245933481	335160264253035	335160252038398
335160262350148	335160280936368	335160268514898
335160279518523	335160297619701	335160285658148
335160296994356	335160314303034	335160303130106
335160314263023	335160330986367	335160320361523
335160330939189	335160347669700	335160337073939
335160346287356	335160364353033	335160352444398
335160363363564	335160381036366	335160369584231
335160380582273	335160397719699	335160386728731
335160398081064	335160414403032	335160404228898
335160415336648	335160431086365	335160421455523
335160431059939	335160447769698	335160437246523
335160445836648	335160464453031	335160452030773
335160462806189	335160481136364	335160469040814
335160479764856	335160497819697	335160485960898
335160496376481	335160514503030	335160502591648
335160513697148	335160531186363	335160519937606
335160529662314	335160547869696	335160535929023
335160546719273	335160564553029	335160555001939
335160567349481	335160581236362	335160574943773
335160579555189	335160597919695	335160586576314
335160597506814	335160614603028	335160604101981
335160614492398	335160631286361	335160620913398
335160630852106	335160647969694	335160636942981
335160649007231	335160664653027	335160655097356
335160663249856	335160681336360	335160669321481
335160680137981	335160698019693	335160686167231
335160696827190	335160714703026	335160702895315
335160713409731	335160731386359	335160719453023
335160733233356	335160748069692	335160739275648
335160746944356	335160764753025	335160752980856
335160764069065	335160781436358	335160770078773
335160780701148	335160798119691	335160786730023
335160800670648	335160814803024	335160806669023
335160822796523	335160831486357	335160828855606
335160833038356	335160848169690	335160839004940
335160849357648	335160864853023	335160855340481
335160866260606	335160881536356	335160872242356
335160883679565	335160898219689	335160889838690
335160905917690	335160914903022	335160911897898
335160917870565	335160931586355	335160923841231
335160933809856	335160948269688	335160939777273
335160950207690	335160964953021	335160956263565

===
16683333
335159353721147	335159380036386	335159359775981
335159372394022	335159396719719	335159378388022
335159387697272	335159413403052	335159393711606
335159412545481	335159430086385	335159418538814
335159421860647	335159446769718	335159427834439
335159438324106	335159463453051	335159444317189
335159455840189	335159480136384	335159461756147
335159801338356	335159830486377	335159819413147
335159807570522	335159847169710	335159843325106
335159848258272	335159880536376	335159873067647
335159865818481	335159897219709	335159900560314
335159897322189	335159913903042	335159910222189
335159908147481	335159930586375	335159918767481
335159928867314	335159947269708	335159937411564
335159945337272	335159963953041	335159953902481
335159958678022	335159980636374	335159967265606
335159975479189	335159997319707	335159984053273
335159995473064	335160014003040	335160003899481
335160012683481	335160030686373	335160021120231
335160029983481	335160047369706	335160036167981
335160043512898	335160064053039	335160049732939
335160061312648	335160080736372	335160067484106
335160082089773	335160097419705	335160088306939
335160098609689	335160114103038	335160104793481
335160115334773	335160130786371	335160121510189
335160127417398	335160147469704	335160133720314
335160144800148	335160164153037	335160150957939
335160161499564	335160180836370	335160167668439
335160180120856	335160197519703	335160186129023
335160195451564	335160214203036	335160201581898
335160214453189	335160230886369	335160220613523
335160230158439	335160247569702	335160236131231
335160245933481	335160264253035	335160252038398
335160262350148	335160280936368	335160268514898
335160279518523	335160297619701	335160285658148
335160296994356	335160314303034	335160303130106
335160314263023	335160330986367	335160320361523
335160330939189	335160347669700	335160337073939
335160346287356	335160364353033	335160352444398
335160363363564	335160381036366	335160369584231
335160380582273	335160397719699	335160386728731
335160398081064	335160414403032	335160404228898
335160415336648	335160431086365	335160421455523
335160431059939	335160447769698	335160437246523
335160445836648	335160464453031	335160452030773
335160462806189	335160481136364	335160469040814
335160479764856	335160497819697	335160485960898
335160496376481	335160514503030	335160502591648
335160513697148	335160531186363	335160519937606
335160529662314	335160547869696	335160535929023
335160546719273	335160564553029	335160555001939
335160567349481	335160581236362	335160574943773
335160579555189	335160597919695	335160586576314
335160597506814	335160614603028	335160604101981
335160614492398	335160631286361	335160620913398
335160630852106	335160647969694	335160636942981
335160649007231	335160664653027	335160655097356
335160663249856	335160681336360	335160669321481
335160680137981	335160698019693	335160686167231
335160696827190	335160714703026	335160702895315
335160713409731	335160731386359	335160719453023
335160733233356	335160748069692	335160739275648
335160746944356	335160764753025	335160752980856
335160764069065	335160781436358	335160770078773
335160780701148	335160798119691	335160786730023
335160800670648	335160814803024	335160806669023
335160822796523	335160831486357	335160828855606
335160833038356	335160848169690	335160839004940
335160849357648	335160864853023	335160855340481
335160866260606	335160881536356	335160872242356
335160883679565	335160898219689	335160889838690
335160905917690	335160914903022	335160911897898
335160917870565	335160931586355	335160923841231
335160933809856	335160948269688	335160939777273
335160950207690	335160964953021	335160956263565
335160967195273	335160998319687	335160973178065
335160987553731	335160998319687	335160993619940
335161003566148	335161015003020	335161009666648
335161016921148	335161031686353	335161022925731
335161392970690	335161415403012	335161411165440
335161404765732	335161448769678	335161437211065
335161420793607	335161465453011	335161461098523
335161454037232	335161498819677	335161485662273
335161471286857	335161515503010	335161510726315
335161513899732	335161532186343	335161527042773
335161521444357	335161548869676	335161535588607
335161537782898	335161565553009	335161546336065
335161554984732	335161582236342	335161563392357
335161575060273	335161598919675	335161583580357
335161588220107	335161615603008	335161596826857
335161604717357	335161632286341	335161613232940
335161622927857	335161648969674	335161631404982
335161640273815	335161665653007	335161646450398
335161661702315	335161682336340	335161667877523
335161673265607	335161699019673	335161679458607
335161691734732	335161715703006	335161697769482
335161707108482	335161732386339	335161713299773
335161724247773	335161749069672	335161730420232
335161747537357	335161765753005	335161753695898
335161759187523	335161782436338	335161765219898
335161775490357	335161799119671	335161781642607
335161791269440	335161815803004	335161797424190
335161808749565	335161832486337	335161814926523
335161830387315	335161849169670	335161836444815
335161842293857	335161865853003	335161848452982
335161860278898	335161882536336	335161866249107
335161875722773	335161899219669	335161881713773
335161893888482	335161915903002	335161899929565
335161910724440	335161932586335	335161916857398
335161926906107	335161949269668	335161933023982
335161943483732	335161965953001	335161949441273
335161959770648	335161982636334	335161965925732
335161976628607	335161999319667	335161982957065
335161994971982	335162016003000	335162001123607
335162011687148	335162032686333	335162017785607
335162027729315	335162049369666	335162033892482
335162041731982	335162066052999	335162047907315
335162058575232	335162082736332	335162064752190
335162075111815	335162099419665	335162081312940
335162092306940	335162116102998	335162098576940
335162110433024	335162132786331	335162116682690
335162128128232	335162149469664	335162134285315
335162142561732	335162166152997	335162148873815
335162160700690	335162182836330	335162168953482
335162175964940	335162199519663	335162183521607
335162192749982	335162216202996	335162199730565
335162210993024	335162232886329	335162217575315

===
16683333
335160597506814	335160614603028	335160604101981
335160614492398	335160631286361	335160620913398
335160630852106	335160647969694	335160636942981
335160649007231	335160664653027	335160655097356
335160663249856	335160681336360	335160669321481
335160680137981	335160698019693	335160686167231
335160696827190	335160714703026	335160702895315
335160713409731	335160731386359	335160719453023
335160733233356	335160748069692	335160739275648
335160746944356	335160764753025	335160752980856
335160764069065	335160781436358	335160770078773
335160780701148	335160798119691	335160786730023
335160800670648	335160814803024	335160806669023
335160822796523	335160831486357	335160828855606
335160833038356	335160848169690	335160839004940
335160849357648	335160864853023	335160855340481
335160866260606	335160881536356	335160872242356
335160883679565	335160898219689	335160889838690
335160905917690	335160914903022	335160911897898
335160917870565	335160931586355	335160923841231
335160933809856	335160948269688	335160939777273
335160950207690	335160964953021	335160956263565
335160967195273	335160998319687	335160973178065
335160987553731	335160998319687	335160993619940
335161003566148	335161015003020	335161009666648
335161016921148	335161031686353	335161022925731
335161392970690	335161415403012	335161411165440
335161404765732	335161448769678	335161437211065
335161420793607	335161465453011	335161461098523
335161454037232	335161498819677	335161485662273
335161471286857	335161515503010	335161510726315
335161513899732	335161532186343	335161527042773
335161521444357	335161548869676	335161535588607
335161537782898	335161565553009	335161546336065
335161554984732	335161582236342	335161563392357
335161575060273	335161598919675	335161583580357
335161588220107	335161615603008	335161596826857
335161604717357	335161632286341	335161613232940
335161622927857	335161648969674	335161631404982
335161640273815	335161665653007	335161646450398
335161661702315	335161682336340	335161667877523
335161673265607	335161699019673	335161679458607
335161691734732	335161715703006	335161697769482
335161707108482	335161732386339	335161713299773
335161724247773	335161749069672	335161730420232
335161747537357	335161765753005	335161753695898
335161759187523	335161782436338	335161765219898
335161775490357	335161799119671	335161781642607
335161791269440	335161815803004	335161797424190
335161808749565	335161832486337	335161814926523
335161830387315	335161849169670	335161836444815
335161842293857	335161865853003	335161848452982
335161860278898	335161882536336	335161866249107
335161875722773	335161899219669	335161881713773
335161893888482	335161915903002	335161899929565
335161910724440	335161932586335	335161916857398
335161926906107	335161949269668	335161933023982
335161943483732	335161965953001	335161949441273
335161959770648	335161982636334	335161965925732
335161976628607	335161999319667	335161982957065
335161994971982	335162016003000	335162001123607
335162011687148	335162032686333	335162017785607
335162027729315	335162049369666	335162033892482
335162041731982	335162066052999	335162047907315
335162058575232	335162082736332	335162064752190
335162075111815	335162099419665	335162081312940
335162092306940	335162116102998	335162098576940
335162110433024	335162132786331	335162116682690
335162128128232	335162149469664	335162134285315
335162142561732	335162166152997	335162148873815
335162160700690	335162182836330	335162168953482
335162175964940	335162199519663	335162183521607
335162192749982	335162216202996	335162199730565
335162210993024	335162232886329	335162217575315
335162228473982	335162249569662	335162234815399
335162245442482	335162266252995	335162251585899
335162259848315	335162282936328	335162265971440
335162276123607	335162299619661	335162282126899
335162292946649	335162316302994	335162299059649
335162309644565	335162332986327	335162315682732
335162326461649	335162349669660	335162332493024
335162343411149	335162366352993	335162349434315
335162360066482	335162383036326	335162366063357
335162376789815	335162399719659	335162382763190
335162393703482	335162416402992	335162399761940
335162411128357	335162433086325	335162417057399
335162429430399	335162449769658	335162435424940
335162445825357	335162466452991	335162451805065
335162462761149	335162483136324	335162468723065
335162480546732	335162499819657	335162486519482
335162497248482	335162516502990	335162503268357
335162513046107	335162533186323	335162519007940
335162530897315	335162549869656	335162536836649
335162547432940	335162566552989	335162553354732
335162563770982	335162583236322	335162569811607
335162580081149	335162599919655	335162586031065
335162597133024	335162616602988	335162603116065
335162614661732	335162633286321	335162620627649
335162631712524	335162649969654	335162637658315
335162987405066	335163000319647	335163005526357
335162994277149	335163033686313	335163028313607
335163016717524	335163050369646	335163038909774
335163049821857	335163067052979	335163058047732
335163066296357	335163083736312	335163074731232
335163083026024	335163100419645	335163091574607
335163104562232	335163117102978	335163113033441
335163116795566	335163133786311	335163125323774
335163133527399	335163150469644	335163142030774
335163150351941	335163167152977	335163158895066
335163167069524	335163183836310	335163175638024
335163183688024	335163200519643	335163192283191
335163200673691	335163217202976	335163209280399
335163217863357	335163233886309	335163226339899
335163236940482	335163250569642	335163245417607
335163253676607	335163267252975	335163259832649
335163269838357	335163283936308	335163276045232
335163286803399	335163300619641	335163292978357
335163303289774	335163317302974	335163309486607
335163321054316	335163333986307	335163327208274
335163338470607	335163350669640	335163344622524
335163355060607	335163367352973	335163361191024
335163370689107	335163384036306	335163376867107
335163387352316	335163400719639	335163393538441
335163404861107	335163417402972	335163411111316
335163422253066	335163434086305	335163428499107
335163440144274	335163450769638	335163446277691
335163456116649	335163467452971	335163462224316

===
16683333
335161791269440	335161815803004	335161797424190
335161808749565	335161832486337	335161814926523
335161830387315	335161849169670	335161836444815
335161842293857	335161865853003	335161848452982
335161860278898	335161882536336	335161866249107
335161875722773	335161899219669	335161881713773
335161893888482	335161915903002	335161899929565
335161910724440	335161932586335	335161916857398
335161926906107	335161949269668	335161933023982
335161943483732	335161965953001	335161949441273
335161959770648	335161982636334	335161965925732
335161976628607	335161999319667	335161982957065
335161994971982	335162016003000	335162001123607
335162011687148	335162032686333	335162017785607
335162027729315	335162049369666	335162033892482
335162041731982	335162066052999	335162047907315
335162058575232	335162082736332	335162064752190
335162075111815	335162099419665	335162081312940
335162092306940	335162116102998	335162098576940
335162110433024	335162132786331	335162116682690
335162128128232	335162149469664	335162134285315
335162142561732	335162166152997	335162148873815
335162160700690	335162182836330	335162168953482
335162175964940	335162199519663	335162183521607
335162192749982	335162216202996	335162199730565
335162210993024	335162232886329	335162217575315
335162228473982	335162249569662	335162234815399
335162245442482	335162266252995	335162251585899
335162259848315	335162282936328	335162265971440
335162276123607	335162299619661	335162282126899
335162292946649	335162316302994	335162299059649
335162309644565	335162332986327	335162315682732
335162326461649	335162349669660	335162332493024
335162343411149	335162366352993	335162349434315
335162360066482	335162383036326	335162366063357
335162376789815	335162399719659	335162382763190
335162393703482	335162416402992	335162399761940
335162411128357	335162433086325	335162417057399
335162429430399	335162449769658	335162435424940
335162445825357	335162466452991	335162451805065
335162462761149	335162483136324	335162468723065
335162480546732	335162499819657	335162486519482
335162497248482	335162516502990	335162503268357
335162513046107	335162533186323	335162519007940
335162530897315	335162549869656	335162536836649
335162547432940	335162566552989	335162553354732
335162563770982	335162583236322	335162569811607
335162580081149	335162599919655	335162586031065
335162597133024	335162616602988	335162603116065
335162614661732	335162633286321	335162620627649
335162631712524	335162649969654	335162637658315
335162987405066	335163000319647	335163005526357
335162994277149	335163033686313	335163028313607
335163016717524	335163050369646	335163038909774
335163049821857	335163067052979	335163058047732
335163066296357	335163083736312	335163074731232
335163083026024	335163100419645	335163091574607
335163104562232	335163117102978	335163113033441
335163116795566	335163133786311	335163125323774
335163133527399	335163150469644	335163142030774
335163150351941	335163167152977	335163158895066
335163167069524	335163183836310	335163175638024
335163183688024	335163200519643	335163192283191
335163200673691	335163217202976	335163209280399
335163217863357	335163233886309	335163226339899
335163236940482	335163250569642	335163245417607
335163253676607	335163267252975	335163259832649
335163269838357	335163283936308	335163276045232
335163286803399	335163300619641	335163292978357
335163303289774	335163317302974	335163309486607
335163321054316	335163333986307	335163327208274
335163338470607	335163350669640	335163344622524
335163355060607	335163367352973	335163361191024
335163370689107	335163384036306	335163376867107
335163387352316	335163400719639	335163393538441
335163404861107	335163417402972	335163411111316
335163422253066	335163434086305	335163428499107
335163440144274	335163450769638	335163446277691
335163456116649	335163467452971	335163462224316
335163471874399	335163484136304	335163478011358
335163487243649	335163500819637	335163493447066
335163503505733	335163517502970	335163509655566
335163520543899	335163534186303	335163526751024
335163538107358	335163550869636	335163544313108
335163556227024	335163567552969	335163562289316
335163573154358	335163584236302	335163579258483
335163589303649	335163600919635	335163595397566
335163605953024	335163617602968	335163612129274
335163623665108	335163634286301	335163629976566
335163638087524	335163650969634	335163644268108
335163654228858	335163667652967	335163660442608
335163670664233	335163684336300	335163676858024
335163687733733	335163701019633	335163693925649
335163704251316	335163717702966	335163710447316
335163721037941	335163734386299	335163727229733
335163738607608	335163751069632	335163744864274
335163754977024	335163767752965	335163761161274
335163772102441	335163801119631	335163778247691
335163793135483	335163817802964	335163799427066
335163806072649	335163834486297	335163814356441
335163822170274	335163851169630	335163829762233
335163838801941	335163867852963	335163845793066
335163857056816	335163884536296	335163863651566
335163877215733	335163901219629	335163883549274
335163890621774	335163917902962	335163896757358
335163905502566	335163934586295	335163911590691
335163922442441	335163951269628	335163928338316
335163938990233	335163967952961	335163945053649
335163959132108	335163984636294	335163965192316
335163972960441	335164001319627	335163978984274
335163992962816	335164018002960	335163998943149
335164008535024	335164034686293	335164014562191
335164026193774	335164051369626	335164032199774
335164049048941	335164068052959	335164055124191
335164058213483	335164084736292	335164064242941
335164076916358	335164101419625	335164082892399
335164093934441	335164118102958	335164099864358
335164116291024	335164134786291	335164122237483
335164126065774	335164151469624	335164131936733
335164143037066	335164168152957	335164149123608
335164160619108	335164184836290	335164166573316
335164178081483	335164201519623	335164183949775
335164199156108	335164218202956	335164205201566
335164210037858	335164234886289	335164216196066
335164226279608	335164251569622	335164232265733
335164243812650	335164268252955	335164249798066
335164260816066	335164284936288	335164266758900

===
16683333
335162128128232	335162149469664	335162134285315
335162142561732	335162166152997	335162148873815
335162160700690	335162182836330	335162168953482
335162175964940	335162199519663	335162183521607
335162192749982	335162216202996	335162199730565
335162210993024	335162232886329	335162217575315
335162228473982	335162249569662	335162234815399
335162245442482	335162266252995	335162251585899
335162259848315	335162282936328	335162265971440
335162276123607	335162299619661	335162282126899
335162292946649	335162316302994	335162299059649
335162309644565	335162332986327	335162315682732
335162326461649	335162349669660	335162332493024
335162343411149	335162366352993	335162349434315
335162360066482	335162383036326	335162366063357
335162376789815	335162399719659	335162382763190
335162393703482	335162416402992	335162399761940
335162411128357	335162433086325	335162417057399
335162429430399	335162449769658	335162435424940
335162445825357	335162466452991	335162451805065
335162462761149	335162483136324	335162468723065
335162480546732	335162499819657	335162486519482
335162497248482	335162516502990	335162503268357
335162513046107	335162533186323	335162519007940
335162530897315	335162549869656	335162536836649
335162547432940	335162566552989	335162553354732
335162563770982	335162583236322	335162569811607
335162580081149	335162599919655	335162586031065
335162597133024	335162616602988	335162603116065
335162614661732	335162633286321	335162620627649
335162631712524	335162649969654	335162637658315
335162987405066	335163000319647	335163005526357
335162994277149	335163033686313	335163028313607
335163016717524	335163050369646	335163038909774
335163049821857	335163067052979	335163058047732
335163066296357	335163083736312	335163074731232
335163083026024	335163100419645	335163091574607
335163104562232	335163117102978	335163113033441
335163116795566	335163133786311	335163125323774
335163133527399	335163150469644	335163142030774
335163150351941	335163167152977	335163158895066
335163167069524	335163183836310	335163175638024
335163183688024	335163200519643	335163192283191
335163200673691	335163217202976	335163209280399
335163217863357	335163233886309	335163226339899
335163236940482	335163250569642	335163245417607
335163253676607	335163267252975	335163259832649
335163269838357	335163283936308	335163276045232
335163286803399	335163300619641	335163292978357
335163303289774	335163317302974	335163309486607
335163321054316	335163333986307	335163327208274
335163338470607	335163350669640	335163344622524
335163355060607	335163367352973	335163361191024
335163370689107	335163384036306	335163376867107
335163387352316	335163400719639	335163393538441
335163404861107	335163417402972	335163411111316
335163422253066	335163434086305	335163428499107
335163440144274	335163450769638	335163446277691
335163456116649	335163467452971	335163462224316
335163471874399	335163484136304	335163478011358
335163487243649	335163500819637	335163493447066
335163503505733	335163517502970	335163509655566
335163520543899	335163534186303	335163526751024
335163538107358	335163550869636	335163544313108
335163556227024	335163567552969	335163562289316
335163573154358	335163584236302	335163579258483
335163589303649	335163600919635	335163595397566
335163605953024	335163617602968	335163612129274
335163623665108	335163634286301	335163629976566
335163638087524	335163650969634	335163644268108
335163654228858	335163667652967	335163660442608
335163670664233	335163684336300	335163676858024
335163687733733	335163701019633	335163693925649
335163704251316	335163717702966	335163710447316
335163721037941	335163734386299	335163727229733
335163738607608	335163751069632	335163744864274
335163754977024	335163767752965	335163761161274
335163772102441	335163801119631	335163778247691
335163793135483	335163817802964	335163799427066
335163806072649	335163834486297	335163814356441
335163822170274	335163851169630	335163829762233
335163838801941	335163867852963	335163845793066
335163857056816	335163884536296	335163863651566
335163877215733	335163901219629	335163883549274
335163890621774	335163917902962	335163896757358
335163905502566	335163934586295	335163911590691
335163922442441	335163951269628	335163928338316
335163938990233	335163967952961	335163945053649
335163959132108	335163984636294	335163965192316
335163972960441	335164001319627	335163978984274
335163992962816	335164018002960	335163998943149
335164008535024	335164034686293	335164014562191
335164026193774	335164051369626	335164032199774
335164049048941	335164068052959	335164055124191
335164058213483	335164084736292	335164064242941
335164076916358	335164101419625	335164082892399
335164093934441	335164118102958	335164099864358
335164116291024	335164134786291	335164122237483
335164126065774	335164151469624	335164131936733
335164143037066	335164168152957	335164149123608
335164160619108	335164184836290	335164166573316
335164178081483	335164201519623	335164183949775
335164199156108	335164218202956	335164205201566
335164210037858	335164234886289	335164216196066
335164226279608	335164251569622	335164232265733
335164243812650	335164268252955	335164249798066
335164260816066	335164284936288	335164266758900
335165200767400	335165219202936	335165213353233
335165214691567	335165235886269	335165228924608
335165245976108	335165252569602	335165260239608
335165259484608	335165269252935	335165276715150
335165275317775	335165285936268	335165289174317
335165288852400	335165302619601	335165296166775
335165304448942	335165319302934	335165310550525
335165321923233	335165335986267	335165328081733
335165339315650	335165352669600	335165345517233
335165355417608	335165369352933	335165361479942
335165371370275	335165386036266	335165377524400
335165385351817	335165402719599	335165391480858
335165406533692	335165419402932	335165412649900
335165423440567	335165436086265	335165429529858
335165439701275	335165452769598	335165445861858
335165456244108	335165469452931	335165462293858
335165471865858	335165486136264	335165478001775
335165484942317	335165502819597	335165491080317
335165502010567	335165519502930	335165508169317
335165519714650	335165536186263	335165525630525

