Applications Graphics Acceleration Info:
Uptime: 335443195 Realtime: 370117306

** Graphics info for pid 9432 [com.auroratv.lab] **

Stats since: 335432661123611ns
Total frames rendered: 425
Janky frames: 17 (4.00%)
Janky frames (legacy): 422 (99.29%)
50th percentile: 34ms
90th percentile: 40ms
95th percentile: 48ms
99th percentile: 93ms
Number Missed Vsync: 4
Number High input latency: 817
Number Slow UI thread: 11
Number Slow bitmap uploads: 0
Number Slow issue draw commands: 17
Number Frame deadline missed: 17
Number Frame deadline missed (legacy): 16
HISTOGRAM: 5ms=0 6ms=0 7ms=0 8ms=0 9ms=0 10ms=0 11ms=0 12ms=0 13ms=0 14ms=0 15ms=0 16ms=0 17ms=0 18ms=0 19ms=0 20ms=0 21ms=2 22ms=14 23ms=51 24ms=14 25ms=6 26ms=2 27ms=4 28ms=3 29ms=2 30ms=3 31ms=29 32ms=77 34ms=121 36ms=46 38ms=7 40ms=3 42ms=7 44ms=2 46ms=5 48ms=7 53ms=5 57ms=3 61ms=1 65ms=1 69ms=0 73ms=0 77ms=0 81ms=1 85ms=0 89ms=2 93ms=3 97ms=1 101ms=1 105ms=1 109ms=1 113ms=0 117ms=0 121ms=0 125ms=0 129ms=0 133ms=0 150ms=0 200ms=0 250ms=0 300ms=0 350ms=0 400ms=0 450ms=0 500ms=0 550ms=0 600ms=0 650ms=0 700ms=0 750ms=0 800ms=0 850ms=0 900ms=0 950ms=0 1000ms=0 1050ms=0 1100ms=0 1150ms=0 1200ms=0 1250ms=0 1300ms=0 1350ms=0 1400ms=0 1450ms=0 1500ms=0 1550ms=0 1600ms=0 1650ms=0 1700ms=0 1750ms=0 1800ms=0 1850ms=0 1900ms=0 1950ms=0 2000ms=0 2050ms=0 2100ms=0 2150ms=0 2200ms=0 2250ms=0 2300ms=0 2350ms=0 2400ms=0 2450ms=0 2500ms=0 2550ms=0 2600ms=0 2650ms=0 2700ms=0 2750ms=0 2800ms=0 2850ms=0 2900ms=0 2950ms=0 3000ms=0 3050ms=0 3100ms=0 3150ms=0 3200ms=0 3250ms=0 3300ms=0 3350ms=0 3400ms=0 3450ms=0 3500ms=0 3550ms=0 3600ms=0 3650ms=0 3700ms=0 3750ms=0 3800ms=0 3850ms=0 3900ms=0 3950ms=0 4000ms=0 4050ms=0 4100ms=0 4150ms=0 4200ms=0 4250ms=0 4300ms=0 4350ms=0 4400ms=0 4450ms=0 4500ms=0 4550ms=0 4600ms=0 4650ms=0 4700ms=0 4750ms=0 4800ms=0 4850ms=0 4900ms=0 4950ms=0
50th gpu percentile: 7ms
90th gpu percentile: 10ms
95th gpu percentile: 19ms
99th gpu percentile: 4950ms
GPU HISTOGRAM: 1ms=0 2ms=0 3ms=0 4ms=0 5ms=0 6ms=1 7ms=327 8ms=12 9ms=42 10ms=8 11ms=1 12ms=0 13ms=0 14ms=2 15ms=1 16ms=5 17ms=0 18ms=0 19ms=5 20ms=0 21ms=0 22ms=0 23ms=0 24ms=1 25ms=1 4950ms=19

Pipeline=Skia (OpenGL)
Memory policy:
  Max surface area: 2073600
  Max resource usage: 99.53MB (x48)
  Background retention: 50% (altUiHidden = true)
  GPU Context timeout: 10
Contexts: 1 (stopped = 0)
CPU Caches:
  Glyph Cache: 1.55 MB (1 entry)
  Glyph Count: 98 
Total CPU memory usage:
  1624597 bytes, 1.55 MB (0.00 bytes is purgeable)
GPU Caches:
  Image:
    Texture: 16.46 MB (46 entries)
  Other:
    Other: 182.04 KB (1 entry)
    Buffer Object: 464.00 bytes (2 entries)
    StencilAttachment: 15.00 KB (4 entries)
  Scratch:
    RenderTarget: 12.84 MB (40 entries)
    Texture: 4.04 MB (6 entries)
    Buffer Object: 78.03 KB (3 entries)
Total GPU memory usage:
  35237708 bytes, 33.61 MB (14.04 MB is purgeable)

Profile data in ms:

	com.auroratv.lab/com.auroratv.MainActivity/android.view.ViewRootImpl@789e5df (visibility=0)
Window: com.auroratv.lab/com.auroratv.MainActivity
Stats since: 335432661122444ns
Total frames rendered: 425
Janky frames: 17 (4.00%)
Janky frames (legacy): 422 (99.29%)
50th percentile: 34ms
90th percentile: 40ms
95th percentile: 48ms
99th percentile: 93ms
Number Missed Vsync: 4
Number High input latency: 817
Number Slow UI thread: 11
Number Slow bitmap uploads: 0
Number Slow issue draw commands: 17
Number Frame deadline missed: 17
Number Frame deadline missed (legacy): 16
HISTOGRAM: 5ms=0 6ms=0 7ms=0 8ms=0 9ms=0 10ms=0 11ms=0 12ms=0 13ms=0 14ms=0 15ms=0 16ms=0 17ms=0 18ms=0 19ms=0 20ms=0 21ms=2 22ms=14 23ms=51 24ms=14 25ms=6 26ms=2 27ms=4 28ms=3 29ms=2 30ms=3 31ms=29 32ms=77 34ms=121 36ms=46 38ms=7 40ms=3 42ms=7 44ms=2 46ms=5 48ms=7 53ms=5 57ms=3 61ms=1 65ms=1 69ms=0 73ms=0 77ms=0 81ms=1 85ms=0 89ms=2 93ms=3 97ms=1 101ms=1 105ms=1 109ms=1 113ms=0 117ms=0 121ms=0 125ms=0 129ms=0 133ms=0 150ms=0 200ms=0 250ms=0 300ms=0 350ms=0 400ms=0 450ms=0 500ms=0 550ms=0 600ms=0 650ms=0 700ms=0 750ms=0 800ms=0 850ms=0 900ms=0 950ms=0 1000ms=0 1050ms=0 1100ms=0 1150ms=0 1200ms=0 1250ms=0 1300ms=0 1350ms=0 1400ms=0 1450ms=0 1500ms=0 1550ms=0 1600ms=0 1650ms=0 1700ms=0 1750ms=0 1800ms=0 1850ms=0 1900ms=0 1950ms=0 2000ms=0 2050ms=0 2100ms=0 2150ms=0 2200ms=0 2250ms=0 2300ms=0 2350ms=0 2400ms=0 2450ms=0 2500ms=0 2550ms=0 2600ms=0 2650ms=0 2700ms=0 2750ms=0 2800ms=0 2850ms=0 2900ms=0 2950ms=0 3000ms=0 3050ms=0 3100ms=0 3150ms=0 3200ms=0 3250ms=0 3300ms=0 3350ms=0 3400ms=0 3450ms=0 3500ms=0 3550ms=0 3600ms=0 3650ms=0 3700ms=0 3750ms=0 3800ms=0 3850ms=0 3900ms=0 3950ms=0 4000ms=0 4050ms=0 4100ms=0 4150ms=0 4200ms=0 4250ms=0 4300ms=0 4350ms=0 4400ms=0 4450ms=0 4500ms=0 4550ms=0 4600ms=0 4650ms=0 4700ms=0 4750ms=0 4800ms=0 4850ms=0 4900ms=0 4950ms=0
50th gpu percentile: 7ms
90th gpu percentile: 10ms
95th gpu percentile: 19ms
99th gpu percentile: 4950ms
GPU HISTOGRAM: 1ms=0 2ms=0 3ms=0 4ms=0 5ms=0 6ms=1 7ms=327 8ms=12 9ms=42 10ms=8 11ms=1 12ms=0 13ms=0 14ms=2 15ms=1 16ms=5 17ms=0 18ms=0 19ms=5 20ms=0 21ms=0 22ms=0 23ms=0 24ms=1 25ms=1 4950ms=19



---PROFILEDATA---
Flags,FrameTimelineVsyncId,IntendedVsync,Vsync,InputEventId,HandleInputStart,AnimationStart,PerformTraversalsStart,DrawStart,FrameDeadline,FrameInterval,FrameStartTime,SyncQueued,SyncStart,IssueDrawCommandsStart,SwapBuffers,FrameCompleted,DequeueBufferDuration,QueueBufferDuration,GpuCompleted,SwapBuffersCompleted,DisplayPresentTime,CommandSubmissionCompleted,
0,116146729,335439418907334,335439418907334,0,335439426990239,335439426991239,335439427497781,335439427683739,335439487990667,335439426984947,16800000,335439428137572,335439442940822,335439443950322,335439458625281,335439465066822,11853000,283958,335439465066822,335439459204614,-1,335439458625281,
0,116146737,335439435707334,335439435707334,0,335439444185447,335439444186239,335439444612531,335439444791739,335439504790667,335439444180406,16800000,335439444992989,335439459336864,335439460260406,335439475556989,335439482005197,12401375,409208,335439482005197,335439476277114,-1,335439475556989,
0,116146745,335439452507334,335439452507334,0,335439460423697,335439460424489,335439460835197,335439460978447,335439521590667,335439460418739,16800000,335439461199322,335439476412739,335439477365864,335439492470864,335439498911447,12030833,291375,335439498911447,335439493111281,-1,335439492470864,
0,116146753,335439469307334,335439469307334,0,335439477531072,335439477531906,335439478003364,335439478165447,335439538390667,335439477525822,16800000,335439478343489,335439493269406,335439494189489,335439510861947,335439517355739,12606875,416208,335439517355739,335439511686697,-1,335439510861947,
0,116146761,335439486107334,335439486107334,0,335439494361614,335439494362322,335439494775072,335439494917572,335439555190667,335439494356864,16800000,335439495094072,335439511878489,335439513284114,335439527675947,335439534182489,10236625,467166,335439534182489,335439528538156,-1,335439527675947,
0,116146769,335439502907334,335439502907334,0,335439513518572,335439513519864,335439514214406,335439514416239,335439571990667,335439513510822,16800000,335439514621114,335439528717281,335439529886156,335439545159447,335439551659031,10858500,373333,335439551659031,335439545930489,-1,335439545159447,
0,116146777,335439519707334,335439519707334,0,335439530143614,335439530145114,335439530731489,335439530913697,335439588790667,335439530136114,16800000,335439531102781,335439546127822,335439547296864,335439559976156,335439566547406,9564041,302167,335439566547406,335439560639739,-1,335439559976156,
0,116146785,335439536507334,335439536507334,0,335439547514072,335439547515114,335439548703197,335439548896697,335439605590667,335439547507072,16800000,335439549105072,335439560783697,335439561716406,335439579114697,335439585659906,12757708,464333,335439585659906,335439580072156,-1,335439579114697,
0,116146793,335439553307334,335439553307334,0,335439561893281,335439561894156,335439570704114,335439570895281,335439622390667,335439561888156,16800000,335439571038781,335439580274614,335439581802531,335439594993698,335439601483823,8939126,437834,335439601483823,335439595884198,-1,335439594993698,
0,116146801,335439570107334,335439570107334,0,335439583008656,335439583010281,335439583444531,335439583633864,335439639190667,335439582998156,16800000,335439583678739,335439596186489,335439597294739,335439611318239,335439617860031,10258042,413333,335439617860031,335439612129656,-1,335439611318239,
0,116146809,335439586907334,335439586907334,0,335439597518614,335439597520156,335439598014948,335439598225781,335439655990667,335439597509323,16800000,335439598274656,335439612294698,335439613144989,335439628807573,335439635419239,11617000,375834,335439635419239,335439629652239,-1,335439628807573,
0,116146817,335439603707334,335439603707334,0,335439613401489,335439613403323,335439613931156,335439614145031,335439672790667,335439613392156,16800000,335439614193114,335439629814989,335439630764781,335439645601448,335439652113948,10766375,395042,335439652113948,335439646388448,-1,335439645601448,
0,116146825,335439620507334,335439620507334,0,335439630998198,335439630999448,335439631490781,335439631677198,335439689590667,335439630990739,16800000,335439631723448,335439646550448,335439647399781,335439663395281,335439669888656,10973416,414208,335439669888656,335439664392698,-1,335439663395281,
0,116146833,335439637307334,335439637307334,0,335439647616823,335439647617989,335439648118989,335439648306281,335439706390667,335439647609573,16800000,335439648350989,335439664557489,335439665572364,335439679902864,335439686426281,9693666,476166,335439686426281,335439680900948,-1,335439679902864,
0,116146841,335439654107334,335439654107334,0,335439665788656,335439665789989,335439666268823,335439666452989,335439723190667,335439665781156,16800000,335439666497781,335439681094823,335439682134239,335439695587281,335439702069323,9387792,514292,335439702069323,335439696562031,-1,335439695587281,
0,116146849,335439670907334,335439670907334,0,335439682406948,335439682408656,335439682935864,335439683155323,335439739990667,335439682398364,16800000,335439683206614,335439696754823,335439697753239,335439711978906,335439718532864,10613458,374125,335439718532864,335439712853781,-1,335439711978906,
0,116146857,335439687707334,335439687707334,0,335439698013156,335439698014739,335439698514364,335439698726239,335439756790667,335439698004114,16800000,335439698775698,335439713019114,335439713871364,335439729413239,335439735866364,11790750,373375,335439735866364,335439730174989,-1,335439729413239,
0,116146865,335439704507334,335439704507334,0,335439714077948,335439714079073,335439714499573,335439714858864,335439773590667,335439714070864,16800000,335439714911323,335439730338656,335439731195989,335439747045364,335439753480948,11098625,523208,335439753480948,335439747970573,-1,335439747045364,
0,116146873,335439721307334,335439721307334,0,335439731410656,335439731412281,335439731841906,335439732062073,335439790390667,335439731402864,16800000,335439732107656,335439748169239,335439749125239,335439763795614,335439770287906,10062000,449167,335439770287906,335439764765198,-1,335439763795614,
0,116146881,335439738107334,335439738107334,0,335439749336239,335439749337239,335439749762781,335439749945614,335439807190667,335439749329239,16800000,335439749990156,335439764956448,335439765934448,335439780211739,335439786698573,9723500,445666,335439786698573,335439781116948,-1,335439780211739,
0,116146889,335439754907334,335439754907334,0,335439766150864,335439766152114,335439766631073,335439766817531,335439823990667,335439766144323,16800000,335439766863323,335439781305573,335439782315531,335439796136739,335439802598114,10149458,488625,335439802598114,335439797057323,-1,335439796136739,
0,116147020,335440057307334,335440057307334,-813972505,335440057587448,335440057589031,335440104831031,335440105060156,335440075990667,335440057582073,16800000,335440116952281,335440117083573,335440118940323,335440122240406,335440140877531,22583,303625,335440140877531,335440122872489,-1,335440122240406,
0,116147027,335440074107334,335440107707334,0,335440119311614,335440119312781,335440119990948,335440120200281,335440159990667,335440119299489,16800000,335440120876323,335440123012364,335440124126489,335440129687531,335440165153531,17417,10920417,335440165153531,335440140968989,-1,335440129687531,
0,116147034,335440124507334,335440124507334,0,335440125300489,335440125302156,335440129609531,335440129800823,335440193590667,335440125292906,16800000,335440131430281,335440141101698,335440142164114,335440149866739,335440177337031,2663750,15077125,335440177337031,335440165268781,-1,335440149866739,
0,116147042,335440141307334,335440141307334,0,335440142411073,335440142411864,335440142957031,335440143112989,335440210390667,335440142405281,16800000,335440144772823,335440165410656,335440166356573,335440183714739,335440192537073,11994959,612167,335440192537073,335440184670198,-1,335440183714739,
0,116147050,335440158107334,335440158107334,0,335440166676323,335440166677823,335440167226698,335440167389906,335440227190667,335440166669406,16800000,335440167635281,335440184809823,335440185747281,335440200267281,335440209159156,9380167,297875,335440209159156,335440200858406,-1,335440200267281,
0,116147058,335440174907334,335440174907334,0,335440186028948,335440186029906,335440186520489,335440186759781,335440243990667,335440186023781,16800000,335440186991781,335440200992989,335440201981781,335440215767614,335440224781114,9831000,288583,335440224781114,335440216461323,-1,335440215767614,
0,116147066,335440191707334,335440191707334,0,335440202277823,335440202279031,335440202737031,335440202871948,335440260790667,335440202272406,16800000,335440203091448,335440216633948,335440217596448,335440233067239,335440242163823,11033291,373750,335440242163823,335440233731656,-1,335440233067239,
0,116147074,335440208507334,335440208507334,0,335440217847198,335440217847948,335440218296989,335440218433406,335440277590667,335440217841906,16800000,335440218644864,335440233864864,335440234766614,335440249404573,335440258282573,10672292,293500,335440258282573,335440249993656,-1,335440249404573,
0,116147082,335440225307334,335440225307334,0,335440235200323,335440235201531,335440235673864,335440235813781,335440294390667,335440235194573,16800000,335440236392656,335440250130281,335440251149323,335440266054031,335440274997948,11020375,306542,335440274997948,335440266741198,-1,335440266054031,
0,116147090,335440242107334,335440242107334,0,335440251551573,335440251552781,335440251970489,335440252152281,335440311190667,335440251545739,16800000,335440252431823,335440266876531,335440267757864,335440282544781,335440291470865,11241208,283042,335440291470865,335440283123031,-1,335440282544781,
0,116147098,335440258907334,335440258907334,0,335440268062698,335440268063698,335440268528031,335440268663531,335440327990667,335440268057573,16800000,335440268865531,335440283256906,335440284267656,335440299478698,335440308467365,11517000,304875,335440308467365,335440300083656,-1,335440299478698,
0,116147106,335440275707334,335440275707334,0,335440284527781,335440284528739,335440284936406,335440285071823,335440344790667,335440284522698,16800000,335440285267864,335440300216365,335440301105198,335440316465948,335440325428698,11539500,366084,335440325428698,335440317152615,-1,335440316465948,
0,116147114,335440292507334,335440292507334,0,335440301400573,335440301401406,335440301802823,335440301939656,335440361590667,335440301394948,16800000,335440302134073,335440317288906,335440318266406,335440333248073,335440342307781,11157583,293833,335440342307781,335440333849365,-1,335440333248073,
0,116147122,335440309307334,335440309307334,0,335440318536490,335440318537281,335440318933656,335440319077781,335440378390667,335440318530781,16800000,335440319277781,335440333980531,335440334957323,335440352510698,335440361425573,11994834,388875,335440361425573,335440353299781,-1,335440352510698,
0,116147130,335440326107334,335440326107334,0,335440335230573,335440335231448,335440335633073,335440335768906,335440395190667,335440335225240,16800000,335440335962990,335440353475156,335440354664698,335440370320448,335440379257656,9239500,445541,335440379257656,335440371232865,-1,335440370320448,
0,116147138,335440342907334,335440342907334,0,335440355057406,335440355059031,335440355593698,335440355770281,335440411990667,335440355049948,16800000,335440356128031,335440371435531,335440372708906,335440385857948,335440392432615,7758667,839125,335440392432615,335440387139323,-1,335440385857948,
0,116147146,335440359707334,335440359707334,0,335440373294115,335440373295823,335440373779990,335440373967281,335440428790667,335440373284615,16800000,335440374240656,335440387327240,335440388703073,335440401986823,335440408545781,8499166,858708,335440408545781,335440403249948,-1,335440401986823,
0,116147154,335440376507334,335440376507334,0,335440389187448,335440389189031,335440389700781,335440389895448,335440445590667,335440389178656,16800000,335440390294198,335440403435948,335440405025990,335440420549656,335440427134406,9635125,848292,335440427134406,335440421870740,-1,335440420549656,
0,116147162,335440393307334,335440393307334,0,335440405259656,335440405261198,335440405784406,335440405985406,335440462390667,335440405252115,16800000,335440406322198,335440422069990,335440423374698,335440436333990,335440442906698,7532167,861333,335440442906698,335440437659490,-1,335440436333990,
0,116147170,335440410107334,335440410107334,0,335440423588990,335440423590531,335440424109948,335440424294573,335440479190667,335440423581740,16800000,335440424564906,335440437858573,335440439222865,335440452582406,335440459160198,8577750,783292,335440459160198,335440453787531,-1,335440452582406,
0,116147178,335440426907334,335440426907334,0,335440439478031,335440439479698,335440440175698,335440440424740,335440495990667,335440439468823,16800000,335440440752698,335440453988240,335440455329865,335440469805323,335440476351531,9725542,375000,335440476351531,335440470586406,-1,335440469805323,
0,116147186,335440443707334,335440443707334,0,335440455586573,335440455588656,335440456302531,335440456523198,335440512790667,335440455576781,16800000,335440456846990,335440470761281,335440471899740,335440486783823,335440493347990,9677541,384916,335440493347990,335440487587865,-1,335440486783823,
0,116147194,335440460507334,335440460507334,0,335440472209156,335440472210823,335440472749823,335440472942948,335440529590667,335440472200948,16800000,335440473220740,335440487761156,335440488971615,335440504272156,335440510857823,9505417,371750,335440510857823,335440505039156,-1,335440504272156,
0,116147202,335440477307334,335440477307334,0,335440489193490,335440489194740,335440489754240,335440489938448,335440546390667,335440489186240,16800000,335440490208073,335440505212990,335440506466073,335440520851156,335440527569615,8547708,434209,335440527569615,335440521862740,-1,335440520851156,
0,116147210,335440494107334,335440494107334,0,335440506681865,335440506682948,335440507171531,335440507356906,335440563190667,335440506674865,16800000,335440507628365,335440522063490,335440523391656,335440537395948,335440543998115,8211833,557417,335440543998115,335440538411115,-1,335440537395948,
0,116147218,335440510907334,335440510907334,0,335440523646198,335440523647865,335440524246865,335440524507323,335440579990667,335440523637531,16800000,335440524784615,335440538714115,335440540201781,335440553008406,335440559580156,8158041,370459,335440559580156,335440553773656,-1,335440553008406,
0,116147226,335440527707334,335440527707334,0,335440540467323,335440540468906,335440541027406,335440541240865,335440596790667,335440540458323,16800000,335440541552448,335440554051656,335440555177615,335440570413240,335440577025115,10588416,374541,335440577025115,335440571167990,-1,335440570413240,
0,116147234,335440544507334,335440544507334,0,335440555434740,335440555436448,335440555989906,335440556249615,335440613590667,335440555425531,16800000,335440556565573,335440571455156,335440572637698,335440588442448,335440595087156,9693625,374000,335440595087156,335440589300865,-1,335440588442448,
0,116147242,335440561307334,335440561307334,0,335440572862531,335440572863656,335440573349240,335440573624823,335440630390667,335440572855781,16800000,335440573893323,335440589476323,335440590743823,335440604964281,335440611505365,8404958,439708,335440611505365,335440605857615,-1,335440604964281,
0,116147250,335440578107334,335440578107334,0,335440591035740,335440591036990,335440591411448,335440591597031,335440647190667,335440591028615,16800000,335440591839906,335440606060198,335440607425531,335440621037740,335440627609073,8063917,806959,335440627609073,335440622310656,-1,335440621037740,
0,116147258,335440594907334,335440594907334,0,335440607646240,335440607647323,335440608075323,335440608264990,335440663990667,335440607639573,16800000,335440608505990,335440622625406,335440623939823,335440637471281,335440644070615,8421542,799458,335440644070615,335440638729115,-1,335440637471281,
0,116147266,335440611707334,335440611707334,0,335440624246323,335440624248073,335440624684281,335440624897448,335440680790667,335440624236823,16800000,335440625180823,335440638930781,335440640795406,335440654083448,335440661031656,8417375,366916,335440661031656,335440654829781,-1,335440654083448,
0,116147274,335440628507334,335440628507334,0,335440641051156,335440641052865,335440641494281,335440641707865,335440697590667,335440641041323,16800000,335440641990990,335440655006323,335440656225990,335440671235406,335440677757490,10146458,370917,335440677757490,335440671987406,-1,335440671235406,
0,116147282,335440645307334,335440645307334,0,335440656454448,335440656455615,335440656931406,335440657136073,335440714390667,335440656447323,16800000,335440657408573,335440672199573,335440673325740,335440688678948,335440695244948,9775125,397584,335440695244948,335440689529031,-1,335440688678948,
0,116147290,335440662107334,335440662107334,0,335440673628073,335440673629240,335440674019490,335440674236281,335440731190667,335440673620573,16800000,335440674480448,335440689706615,335440690816531,335440705652740,335440712200823,8914708,807583,335440712200823,335440706915656,-1,335440705652740,
0,116147298,335440678907334,335440678907334,0,335440691037448,335440691038490,335440691463698,335440691678740,335440747990667,335440691030531,16800000,335440692102156,335440707133990,335440708517448,335440721548740,335440728169156,7821042,814458,335440728169156,335440722835906,-1,335440721548740,
0,116147306,335440695707334,335440695707334,0,335440708806740,335440708808281,335440709244615,335440709459573,335440764790667,335440708798115,16800000,335440710100740,335440723035781,335440724416365,335440737560323,335440744239823,8719417,687250,335440744239823,335440738639531,-1,335440737560323,
0,116147314,335440712507334,335440712507334,0,335440724712323,335440724713906,335440725148365,335440725360031,335440781590667,335440724702906,16800000,335440725648490,335440738809573,335440739912698,335440754957906,335440761508240,10467792,678208,335440761508240,335440756068490,-1,335440754957906,
0,116147322,335440729307334,335440729307334,0,335440740426823,335440740428781,335440740880198,335440741095656,335440798390667,335440740417740,16800000,335440741380948,335440756240948,335440757366615,335440772860906,335440779388448,9726291,703791,335440779388448,335440773953323,-1,335440772860906,
0,116147330,335440746107334,335440746107334,0,335440757595990,335440757597198,335440758016990,335440758227156,335440815190667,335440757589281,16800000,335440758513823,335440774126073,335440775238573,335440789884031,335440796459448,8723458,896459,335440796459448,335440791287198,-1,335440789884031,
0,116147338,335440762907334,335440762907334,0,335440775461115,335440775462156,335440775842990,335440776099823,335440831990667,335440775454323,16800000,335440776368781,335440791500323,335440792683865,335440805000948,335440811582906,7518958,316916,335440811582906,335440805645448,-1,335440805000948,
0,116147346,335440779707334,335440779707334,0,335440792903531,335440792904615,335440793322198,335440793496781,335440848790667,335440792897823,16800000,335440793727031,335440805793823,335440807023615,335440820532406,335440827113990,9772167,594542,335440827113990,335440821566156,-1,335440820532406,
0,116147354,335440796507334,335440796507334,0,335440807233906,335440807235198,335440807582615,335440807744031,335440865590667,335440807228490,16800000,335440807969240,335440821754281,335440822659990,335440837110281,335440843734698,11017125,314167,335440843734698,335440837765615,-1,335440837110281,
0,116147362,335440813307334,335440813307334,0,335440823010990,335440823012365,335440823381698,335440823586115,335440882390667,335440823003323,16800000,335440823826573,335440837904740,335440838804531,335440853247156,335440859704823,11423583,281709,335440859704823,335440853820240,-1,335440853247156,
0,116147370,335440830107334,335440830107334,0,335440838994865,335440838996531,335440839400198,335440839590156,335440899190667,335440838989906,16800000,335440839807490,335440853952823,335440854793240,335440870035490,335440876512573,12204042,509417,335440876512573,335440870835906,-1,335440870035490,
0,116147378,335440846907334,335440846907334,-675794805,335440855216240,335440855217531,335440855537531,335440855726698,335440915990667,335440855210573,16800000,335440855946406,335440870965573,335440871806365,335440886875698,335440893339948,12049292,298042,335440893339948,335440887472198,-1,335440886875698,
0,116147386,335440863707334,335440863707334,0,335440872735906,335440872737656,335440873146781,335440873339073,335440932790667,335440872730031,16800000,335440873560365,335440887605198,335440888626490,335440903836948,335440910339448,12078625,257917,335440910339448,335440904435781,-1,335440903836948,
0,116147394,335440880507334,335440880507334,-1069755479,335440889047906,335440889049156,335440889382656,335440889530323,335440949590667,335440889042240,16800000,335440889723156,335440904603698,335440905455865,335440923165240,335440929669281,14023625,328542,335440929669281,335440923852948,-1,335440923165240,
0,116147402,335440897307334,335440897307334,0,335440906558281,335440906559740,335440906906323,335440907094906,335440966390667,335440906552198,16800000,335440907383073,335440923995156,335440925001115,335440937744823,335440944236573,9384833,573834,335440944236573,335440938649073,-1,335440937744823,
0,116147410,335440914107334,335440914107334,0,335440925185115,335440925186115,335440927253156,335440927433156,335440983190667,335440925179948,16800000,335440927970948,335440938789906,335440939736240,335440954716031,335440961275823,11467625,620792,335440961275823,335440955699240,-1,335440954716031,
0,116147418,335440930907334,335440930907334,0,335440939968531,335440939969615,335440953209198,335440953373823,335440999990667,335440939963406,16800000,335440957883031,335440958014656,335440959098948,335440972585615,335440979283115,8911417,587959,335440979283115,335440973474865,-1,335440972585615,
0,116147426,335440947707334,335440947707334,0,335440959620490,335440959621615,335440963821115,335440963990698,335441016790667,335440959613323,16800000,335440965427448,335440973609573,335440974620490,335440990640198,335440999464365,10133792,540875,335440999464365,335440991542490,-1,335440990640198,
0,116147434,335440964507334,335440964507334,0,335440974995573,335440974996698,335440975553990,335440975722281,335441033590667,335440974989281,16800000,335440975978990,335440991672157,335440992702115,335441005236157,335441013321657,8818000,342125,335441013321657,335441005887532,-1,335441005236157,
0,116147442,335440981307334,335440981307334,0,335440992991907,335440992992782,335440993469073,335440993615740,335441050390667,335440992985115,16800000,335440993835365,335441006023115,335441007010157,335441021859990,335441029327823,11284333,355625,335441029327823,335441022527782,-1,335441021859990,
0,116147450,335440998107334,335440998107334,0,335441007299823,335441007301323,335441007835532,335441007980657,335441067190667,335441007293740,16800000,335441008246240,335441022667698,335441023672698,335441038575365,335441045631532,11337333,289666,335441045631532,335441039169115,-1,335441038575365,
0,116147458,335441014907334,335441014907334,0,335441023943157,335441023944198,335441024423115,335441024562157,335441083990667,335441023937740,16800000,335441024762448,335441039305907,335441040341573,335441055258823,335441062054157,11453459,358209,335441062054157,335441055920407,-1,335441055258823,
0,116147466,335441031707334,335441031707334,0,335441040614032,335441040615073,335441041068698,335441041209032,335441100790667,335441040608865,16800000,335441041413532,335441056080657,335441057083448,335441071743073,335441078323948,11597208,287458,335441078323948,335441072438073,-1,335441071743073,
0,116147474,335441048507334,335441048507334,0,335441057349907,335441057350823,335441057839907,335441057982948,335441117590667,335441057344823,16800000,335441058194157,335441072575532,335441073558157,335441088622657,335441095172323,11866917,559834,335441095172323,335441089487198,-1,335441088622657,
0,116147482,335441065307334,335441065307334,0,335441073933657,335441073934657,335441074400323,335441074546032,335441134390667,335441073927365,16800000,335441074758990,335441089616407,335441090509115,335441104946157,335441111457198,11703125,275292,335441111457198,335441105505948,-1,335441104946157,
0,116147490,335441082107334,335441082107334,0,335441090672698,335441090673948,335441091138240,335441091281823,335441151190667,335441090668073,16800000,335441091652365,335441105706282,335441106647948,335441121673573,335441128104907,12330666,276042,335441128104907,335441122239032,-1,335441121673573,
0,116147498,335441098907334,335441098907334,0,335441106825907,335441106827115,335441107274907,335441107428907,335441167990667,335441106820490,16800000,335441107662948,335441122372573,335441123243907,335441138493698,335441144936990,12554334,274792,335441144936990,335441139067323,-1,335441138493698,
0,116147506,335441115707334,335441115707334,0,335441123413240,335441123414240,335441123888157,335441124073823,335441184790667,335441123408157,16800000,335441124294782,335441139203198,335441140104865,335441155251448,335441161750823,12539250,276167,335441161750823,335441155888073,-1,335441155251448,
0,116147514,335441132507334,335441132507334,0,335441140279032,335441140279990,335441140724615,335441140875282,335441201590667,335441140273323,16800000,335441141082448,335441156062907,335441157023282,335441173755698,335441180248865,12908375,369625,335441180248865,335441174516073,-1,335441173755698,
0,116147522,335441149307334,335441149307334,0,335441157189740,335441157190615,335441157644157,335441157795532,335441218390667,335441157184990,16800000,335441157977865,335441174692823,335441175851532,335441190754698,335441197246865,11049208,417583,335441197246865,335441191559782,-1,335441190754698,
0,116147530,335441166107334,335441166107334,0,335441176127073,335441176128782,335441176851532,335441177058823,335441235190667,335441176118532,16800000,335441177320282,335441191738948,335441192954198,335441207935948,335441214510990,10815083,382000,335441214510990,335441208759407,-1,335441207935948,
0,116147538,335441182907334,335441182907334,0,335441193177032,335441193178282,335441193744615,335441193933198,335441251990667,335441193169657,16800000,335441194135407,335441208935407,335441210087073,335441225560407,335441232082532,10752041,439834,335441232082532,335441226460365,-1,335441225560407,
0,116147546,335441199707334,335441199707334,0,335441210304907,335441210306407,335441210873990,335441211064865,335441268790667,335441210297657,16800000,335441211268657,335441226663615,335441227958115,335441240730240,335441247185948,9472000,323042,335441247185948,335441241393032,-1,335441240730240,
0,116147554,335441216507334,335441216507334,0,335441228214740,335441228216282,335441229260907,335441229456448,335441285590667,335441228207323,16800000,335441229670323,335441241548032,335441242549823,335441258866782,335441265307907,11885625,370541,335441265307907,335441259628865,-1,335441258866782,
0,116147562,335441233307334,335441233307334,0,335441242744782,335441242745823,335441251860032,335441252348157,335441302390667,335441242738365,16800000,335441252525198,335441259805282,335441261158573,335441275458198,335441281936490,9964416,506583,335441281936490,335441276420407,-1,335441275458198,
0,116147570,335441250107334,335441250107334,0,335441262127490,335441262129157,335441262676740,335441262872782,335441319190667,335441262116907,16800000,335441262920407,335441276611990,335441277597823,335441291873365,335441298585032,9936291,433792,335441298585032,335441292812198,-1,335441291873365,
0,116147578,335441266907334,335441266907334,0,335441277872198,335441277873990,335441278480740,335441278669073,335441335990667,335441277863282,16800000,335441278715615,335441293112365,335441294262615,335441307868448,335441314363573,10089417,377708,335441314363573,335441308688657,-1,335441307868448,
0,116147586,335441283707334,335441283707334,0,335441294517490,335441294519407,335441295055198,335441295314115,335441352790667,335441294507823,16800000,335441295368448,335441308938157,335441310054532,335441325214573,335441331686073,11344417,390917,335441331686073,335441326063615,-1,335441325214573,
0,116147594,335441300507334,335441300507334,0,335441310304740,335441310306407,335441310796198,335441311008740,335441369590667,335441310295115,16800000,335441311059407,335441326228990,335441327101990,335441342210657,335441348651532,11228458,379459,335441348651532,335441342988323,-1,335441342210657,
0,116147602,335441317307334,335441317307334,0,335441327327198,335441327328573,335441327866615,335441328099907,335441386390667,335441327320282,16800000,335441328148532,335441343150865,335441343997657,335441359608948,335441366061115,11059375,419000,335441366061115,335441360422823,-1,335441359608948,
0,116147610,335441334107334,335441334107334,0,335441344238365,335441344239407,335441344646198,335441344826157,335441403190667,335441344231532,16800000,335441344870573,335441360685115,335441361532365,335441376574323,335441383045448,10551291,824042,335441383045448,335441377882698,-1,335441376574323,
0,116147618,335441350907334,335441350907334,0,335441361858615,335441361860115,335441362263282,335441362441823,335441419990667,335441361850948,16800000,335441362485198,335441378070657,335441379070532,335441391932865,335441398436907,9337083,643916,335441398436907,335441393025407,-1,335441391932865,
0,116147626,335441367707334,335441367707334,0,335441379332115,335441379333615,335441379789532,335441379970573,335441436790667,335441379317657,16800000,335441380057448,335441393168990,335441394049032,335441408148615,335441414591073,11002625,604000,335441414591073,335441409132740,-1,335441408148615,
0,116147634,335441384507334,335441384507334,0,335441394244407,335441394245490,335441394636032,335441394800948,335441453590667,335441394238782,16800000,335441394844032,335441409271073,335441409994115,335441425278948,335441431769990,12005833,661959,335441431769990,335441426294532,-1,335441425278948,
0,116147642,335441401307334,335441401307334,0,335441410193865,335441410194907,335441410560823,335441410760282,335441470390667,335441410188365,16800000,335441410801323,335441426446823,335441427209740,335441441991323,335441448370532,11495584,303083,335441448370532,335441442591157,-1,335441441991323,
0,116147650,335441418107334,335441418107334,0,335441427413448,335441427414698,335441427806573,335441427983907,335441487190667,335441427407323,16800000,335441428059532,335441442722865,335441443535823,335441459182990,335441465605490,11877125,360833,335441465605490,335441459910490,-1,335441459182990,
0,116147837,335441854907334,335441854907334,0,335441855289615,335441855291740,335441867986115,335441868328240,335441873590667,335441855280407,16800000,335441873816740,335441873987990,335441875085074,335441878423740,335441891433490,29958,414125,335441891433490,335441879254282,-1,335441878423740,
0,116147844,335441871707334,335441871707334,0,335441875541574,335441875543740,335441877060990,335441877296240,335441923990667,335441875530699,16800000,335441877668157,335441879414365,335441880417907,335441891593574,335441906851157,22584,531916,335441906851157,335441892598282,-1,335441891593574,
0,116147851,335441888507334,335441888507334,0,335441889029157,335441889031490,335441890917532,335441891267365,335441940790667,335441889017990,16800000,335441891314699,335441892777490,335441893960199,335441921611699,335441936675574,15584791,715209,335441936675574,335441922692282,-1,335441921611699,
0,116147859,335441905307334,335441905307334,0,335441905984074,335441905986074,335441907282657,335441909294574,335441957590667,335441905975949,16800000,335441909806574,335441922848407,335441923823907,335441935832407,335441951778657,2362125,505625,335441951778657,335441936831157,-1,335441935832407,
0,116147867,335441922107334,335441922107334,0,335441924094449,335441924095657,335441925521115,335441925740824,335441974390667,335441924086282,16800000,335441926383157,335441937020782,335441944285324,335441949041199,335441972249574,25209,2511792,335441972249574,335441951981240,-1,335441949041199,
0,116147875,335441938907334,335441938907334,0,335441944732574,335441944734115,335441946164074,335441946372282,335441991190667,335441944724240,16800000,335441946893365,335441952209907,335441953404282,335441967314824,335441991602365,6620417,4689584,335441991602365,335441972418490,-1,335441967314824,
0,116147883,335441955707334,335441955707334,0,335441956164490,335441956166324,335441957620032,335441957841740,335442024790667,335441956155365,16800000,335441958442157,335441972585574,335441973643407,335441980308074,335442010479407,2922000,10757792,335442010479407,335441991791699,-1,335441980308074,
0,116147891,335441972507334,335441972507334,0,335441974053949,335441974055240,335441975291282,335441975486574,335442041590667,335441974047407,16800000,335441975881365,335441991965699,335441993029949,335442014258990,335442024786532,17030584,403916,335442024786532,335442015187324,-1,335442014258990,
0,116147899,335441989307334,335441989307334,0,335441993550949,335441993552699,335441994971949,335441995187199,335442058390667,335441993542449,16800000,335441995761907,335442015365574,335442016366407,335442033279574,335442040380074,10445625,807916,335442040380074,335442034825074,-1,335442033279574,
0,116147907,335442006107334,335442006107334,0,335442017103615,335442017105699,335442018678490,335442019006865,335442075190667,335442017093032,16800000,335442019433199,335442035014532,335442036103032,335442047874824,335442054766490,7565667,688125,335442054766490,335442049220407,-1,335442047874824,
0,116147915,335442022907334,335442022907334,0,335442036519157,335442036520907,335442038021740,335442038258282,335442091990667,335442036509990,16800000,335442038744740,335442049384824,335442050372240,335442065362282,335442072105574,10475542,902292,335442072105574,335442066661074,-1,335442065362282,
0,116147923,335442039707334,335442039707334,0,335442050732365,335442050733824,335442052086449,335442052366990,335442108790667,335442050724949,16800000,335442052836782,335442066826740,335442067713282,335442082839199,335442089562782,9950208,734458,335442089562782,335442083996574,-1,335442082839199,
0,116147931,335442056507334,335442056507334,0,335442068112990,335442068114449,335442069326449,335442069525532,335442125590667,335442068105032,16800000,335442069915115,335442084234407,335442085115949,335442099426657,335442106143699,9189083,1013125,335442106143699,335442100904324,-1,335442099426657,
0,116147939,335442073307334,335442073307334,0,335442085564032,335442085565532,335442086917990,335442087121990,335442142390667,335442085556115,16800000,335442087579615,335442101097699,335442102196449,335442115619824,335442122354824,8524416,1104583,335442122354824,335442117224574,-1,335442115619824,
0,116147947,335442090107334,335442090107334,0,335442102617324,335442102619115,335442104070074,335442104283074,335442159190667,335442102607532,16800000,335442104807657,335442117448574,335442118625699,335442131749615,335442138622490,8894792,780792,335442138622490,335442132994490,-1,335442131749615,
0,116147955,335442106907334,335442106907334,0,335442119056032,335442119057532,335442120874532,335442121154740,335442175990667,335442119046824,16800000,335442121629282,335442133196365,335442134348490,335442148872990,335442155663657,10310917,374833,335442155663657,335442149656740,-1,335442148872990,
0,116147963,335442123707334,335442123707334,0,335442134958115,335442134960032,335442136554699,335442136794865,335442192790667,335442134946699,16800000,335442137396074,335442149904407,335442150884282,335442166553407,335442173613324,10653042,375500,335442173613324,335442167755657,-1,335442166553407,
0,116147971,335442140507334,335442140507334,0,335442151237074,335442151238365,335442153018740,335442153222407,335442209590667,335442151229449,16800000,335442153651824,335442167923157,335442168957365,335442183697490,335442190380407,9215375,445792,335442190380407,335442184751365,-1,335442183697490,
0,116147979,335442157307334,335442157307334,0,335442169196365,335442169197365,335442169620490,335442169822657,335442226390667,335442169189615,16800000,335442170176574,335442184947407,335442186171782,335442198499449,335442204938574,8610500,441875,335442204938574,335442199417990,-1,335442198499449,
---PROFILEDATA---


View hierarchy:

  com.auroratv.lab/com.auroratv.MainActivity/android.view.ViewRootImpl@789e5df
  357 views, 634.99 kB of render nodes


Total ViewRootImpl   : 1
Total attached Views : 357
Total RenderNode     : 634.99 kB (used) / 2550.89 kB (capacity)

