Applications Graphics Acceleration Info:
Uptime: 335241642 Realtime: 369915753

** Graphics info for pid 6948 [com.auroratv.lab] **

Stats since: 335231326606140ns
Total frames rendered: 428
Janky frames: 14 (3.27%)
Janky frames (legacy): 419 (97.90%)
50th percentile: 34ms
90th percentile: 38ms
95th percentile: 48ms
99th percentile: 93ms
Number Missed Vsync: 3
Number High input latency: 828
Number Slow UI thread: 9
Number Slow bitmap uploads: 0
Number Slow issue draw commands: 14
Number Frame deadline missed: 14
Number Frame deadline missed (legacy): 14
HISTOGRAM: 5ms=0 6ms=0 7ms=0 8ms=0 9ms=0 10ms=0 11ms=0 12ms=0 13ms=0 14ms=0 15ms=0 16ms=0 17ms=0 18ms=1 19ms=0 20ms=1 21ms=6 22ms=7 23ms=29 24ms=24 25ms=7 26ms=5 27ms=0 28ms=1 29ms=4 30ms=5 31ms=29 32ms=79 34ms=129 36ms=46 38ms=14 40ms=4 42ms=3 44ms=3 46ms=6 48ms=6 53ms=4 57ms=5 61ms=0 65ms=0 69ms=0 73ms=0 77ms=0 81ms=1 85ms=1 89ms=3 93ms=2 97ms=1 101ms=1 105ms=1 109ms=0 113ms=0 117ms=0 121ms=0 125ms=0 129ms=0 133ms=0 150ms=0 200ms=0 250ms=0 300ms=0 350ms=0 400ms=0 450ms=0 500ms=0 550ms=0 600ms=0 650ms=0 700ms=0 750ms=0 800ms=0 850ms=0 900ms=0 950ms=0 1000ms=0 1050ms=0 1100ms=0 1150ms=0 1200ms=0 1250ms=0 1300ms=0 1350ms=0 1400ms=0 1450ms=0 1500ms=0 1550ms=0 1600ms=0 1650ms=0 1700ms=0 1750ms=0 1800ms=0 1850ms=0 1900ms=0 1950ms=0 2000ms=0 2050ms=0 2100ms=0 2150ms=0 2200ms=0 2250ms=0 2300ms=0 2350ms=0 2400ms=0 2450ms=0 2500ms=0 2550ms=0 2600ms=0 2650ms=0 2700ms=0 2750ms=0 2800ms=0 2850ms=0 2900ms=0 2950ms=0 3000ms=0 3050ms=0 3100ms=0 3150ms=0 3200ms=0 3250ms=0 3300ms=0 3350ms=0 3400ms=0 3450ms=0 3500ms=0 3550ms=0 3600ms=0 3650ms=0 3700ms=0 3750ms=0 3800ms=0 3850ms=0 3900ms=0 3950ms=0 4000ms=0 4050ms=0 4100ms=0 4150ms=0 4200ms=0 4250ms=0 4300ms=0 4350ms=0 4400ms=0 4450ms=0 4500ms=0 4550ms=0 4600ms=0 4650ms=0 4700ms=0 4750ms=0 4800ms=0 4850ms=0 4900ms=0 4950ms=0
50th gpu percentile: 7ms
90th gpu percentile: 10ms
95th gpu percentile: 19ms
99th gpu percentile: 4950ms
GPU HISTOGRAM: 1ms=0 2ms=0 3ms=0 4ms=0 5ms=0 6ms=0 7ms=330 8ms=12 9ms=41 10ms=10 11ms=1 12ms=1 13ms=2 14ms=1 15ms=0 16ms=4 17ms=2 18ms=1 19ms=5 20ms=1 21ms=0 22ms=0 23ms=0 24ms=0 25ms=0 4950ms=17

Pipeline=Skia (OpenGL)
Memory policy:
  Max surface area: 2073600
  Max resource usage: 99.53MB (x48)
  Background retention: 50% (altUiHidden = true)
  GPU Context timeout: 10
Contexts: 1 (stopped = 0)
CPU Caches:
  Glyph Cache: 1.57 MB (1 entry)
  Glyph Count: 103 
Total CPU memory usage:
  1647529 bytes, 1.57 MB (0.00 bytes is purgeable)
GPU Caches:
  Image:
    Texture: 16.46 MB (46 entries)
  Other:
    Other: 183.62 KB (1 entry)
    Buffer Object: 464.00 bytes (2 entries)
    StencilAttachment: 15.00 KB (4 entries)
  Scratch:
    RenderTarget: 12.84 MB (40 entries)
    Texture: 4.04 MB (6 entries)
    Buffer Object: 78.03 KB (3 entries)
Total GPU memory usage:
  35239324 bytes, 33.61 MB (14.04 MB is purgeable)

Profile data in ms:

	com.auroratv.lab/com.auroratv.MainActivity/android.view.ViewRootImpl@b9c1554 (visibility=0)
Window: com.auroratv.lab/com.auroratv.MainActivity
Stats since: 335231326605640ns
Total frames rendered: 428
Janky frames: 14 (3.27%)
Janky frames (legacy): 419 (97.90%)
50th percentile: 34ms
90th percentile: 38ms
95th percentile: 48ms
99th percentile: 93ms
Number Missed Vsync: 3
Number High input latency: 828
Number Slow UI thread: 9
Number Slow bitmap uploads: 0
Number Slow issue draw commands: 14
Number Frame deadline missed: 14
Number Frame deadline missed (legacy): 14
HISTOGRAM: 5ms=0 6ms=0 7ms=0 8ms=0 9ms=0 10ms=0 11ms=0 12ms=0 13ms=0 14ms=0 15ms=0 16ms=0 17ms=0 18ms=1 19ms=0 20ms=1 21ms=6 22ms=7 23ms=29 24ms=24 25ms=7 26ms=5 27ms=0 28ms=1 29ms=4 30ms=5 31ms=29 32ms=79 34ms=129 36ms=46 38ms=14 40ms=4 42ms=3 44ms=3 46ms=6 48ms=6 53ms=4 57ms=5 61ms=0 65ms=0 69ms=0 73ms=0 77ms=0 81ms=1 85ms=1 89ms=3 93ms=2 97ms=1 101ms=1 105ms=1 109ms=0 113ms=0 117ms=0 121ms=0 125ms=0 129ms=0 133ms=0 150ms=0 200ms=0 250ms=0 300ms=0 350ms=0 400ms=0 450ms=0 500ms=0 550ms=0 600ms=0 650ms=0 700ms=0 750ms=0 800ms=0 850ms=0 900ms=0 950ms=0 1000ms=0 1050ms=0 1100ms=0 1150ms=0 1200ms=0 1250ms=0 1300ms=0 1350ms=0 1400ms=0 1450ms=0 1500ms=0 1550ms=0 1600ms=0 1650ms=0 1700ms=0 1750ms=0 1800ms=0 1850ms=0 1900ms=0 1950ms=0 2000ms=0 2050ms=0 2100ms=0 2150ms=0 2200ms=0 2250ms=0 2300ms=0 2350ms=0 2400ms=0 2450ms=0 2500ms=0 2550ms=0 2600ms=0 2650ms=0 2700ms=0 2750ms=0 2800ms=0 2850ms=0 2900ms=0 2950ms=0 3000ms=0 3050ms=0 3100ms=0 3150ms=0 3200ms=0 3250ms=0 3300ms=0 3350ms=0 3400ms=0 3450ms=0 3500ms=0 3550ms=0 3600ms=0 3650ms=0 3700ms=0 3750ms=0 3800ms=0 3850ms=0 3900ms=0 3950ms=0 4000ms=0 4050ms=0 4100ms=0 4150ms=0 4200ms=0 4250ms=0 4300ms=0 4350ms=0 4400ms=0 4450ms=0 4500ms=0 4550ms=0 4600ms=0 4650ms=0 4700ms=0 4750ms=0 4800ms=0 4850ms=0 4900ms=0 4950ms=0
50th gpu percentile: 7ms
90th gpu percentile: 10ms
95th gpu percentile: 19ms
99th gpu percentile: 4950ms
GPU HISTOGRAM: 1ms=0 2ms=0 3ms=0 4ms=0 5ms=0 6ms=0 7ms=330 8ms=12 9ms=41 10ms=10 11ms=1 12ms=1 13ms=2 14ms=1 15ms=0 16ms=4 17ms=2 18ms=1 19ms=5 20ms=1 21ms=0 22ms=0 23ms=0 24ms=0 25ms=0 4950ms=17



---PROFILEDATA---
Flags,FrameTimelineVsyncId,IntendedVsync,Vsync,InputEventId,HandleInputStart,AnimationStart,PerformTraversalsStart,DrawStart,FrameDeadline,FrameInterval,FrameStartTime,SyncQueued,SyncStart,IssueDrawCommandsStart,SwapBuffers,FrameCompleted,DequeueBufferDuration,QueueBufferDuration,GpuCompleted,SwapBuffersCompleted,DisplayPresentTime,CommandSubmissionCompleted,
0,116061337,335237869481944,335237869481944,0,335237877429935,335237877430976,335237877860435,335237877998810,335237938565790,335237877424893,16800171,335237878197143,335237893229893,335237894085060,335237909554143,335237916071476,12293958,678417,335237916071476,335237910633518,-1,335237909554143,
0,116061345,335237886282115,335237886282115,0,335237894255851,335237894256935,335237894730518,335237894870185,335237955365961,335237894250560,16800171,335237895045560,335237910805726,335237911961643,335237928316976,335237934913851,11954042,663833,335237934913851,335237929509685,-1,335237928316976,
0,116061353,335237903082286,335237903082286,0,335237912215601,335237912216893,335237912814685,335237913030435,335237972166132,335237912208018,16800171,335237913271476,335237929679976,335237930836851,335237945791518,335237952422268,10095708,781125,335237952422268,335237947161018,-1,335237945791518,
0,116061361,335237919882457,335237919882457,0,335237931053976,335237931055476,335237931745810,335237931933685,335237988966303,335237931046393,16800171,335237932230601,335237947361518,335237948919518,335237961817435,335237968218560,8677292,533792,335237968218560,335237962672476,-1,335237961817435,
0,116061369,335237936682628,335237936682628,0,335237949163976,335237949165851,335237950487976,335237950694435,335238005766474,335237949155060,16800171,335237950915643,335237962809893,335237963735518,335237979533101,335237986014560,10729667,741916,335237986014560,335237980715060,-1,335237979533101,
0,116061377,335237953482799,335237953482799,0,335237963908310,335237963909560,335237971176435,335237971392018,335238022566645,335237963902226,16800171,335237971579893,335237980887435,335237982292643,335237995702518,335238002145268,8862208,791250,335238002145268,335237997005810,-1,335237995702518,
0,116061385,335237970282970,335237970282970,0,335237983213226,335237983215268,335237983645685,335237983907643,335238039366816,335237983201976,16800171,335237983951518,335237997190351,335237998318268,335238011520310,335238018154935,9432916,751334,335238018154935,335238012814851,-1,335238011520310,
0,116061393,335237987083141,335237987083141,0,335237998594935,335237998596726,335237999096643,335237999305310,335238056166987,335237998584768,16800171,335237999353476,335238012989851,335238013895393,335238028243060,335238034694643,10740250,431500,335238034694643,335238029058560,-1,335238028243060,
0,116061401,335238003883312,335238003883312,0,335238014194143,335238014195768,335238014680476,335238014874226,335238072967158,335238014185143,16800171,335238014919976,335238029220101,335238030166893,335238045754185,335238052237935,11665375,366834,335238052237935,335238046502476,-1,335238045754185,
0,116061409,335238020683483,335238020683483,0,335238030381101,335238030382435,335238030811768,335238030989060,335238089767329,335238030372935,16800171,335238031071143,335238046663726,335238047609393,335238063344101,335238069854476,10828209,725834,335238069854476,335238064559351,-1,335238063344101,
0,116061417,335238037483654,335238037483654,0,335238047847060,335238047848476,335238048386685,335238048564851,335238106567500,335238047838851,16800171,335238048607560,335238064817435,335238065651185,335238080395851,335238086838851,9628959,783125,335238086838851,335238081635560,-1,335238080395851,
0,116061425,335238054283825,335238054283825,0,335238065893518,335238065894893,335238066412101,335238066590226,335238123367671,335238065885310,16800171,335238066633393,335238081820685,335238082796851,335238096265101,335238102730726,8900666,782667,335238102730726,335238097508393,-1,335238096265101,
0,116061433,335238071083996,335238071083996,0,335238083012476,335238083013768,335238083447976,335238083622185,335238140167842,335238083004768,16800171,335238083665185,335238097695935,335238098955893,335238112230601,335238118671351,9620334,676042,335238118671351,335238113311351,-1,335238112230601,
0,116061441,335238087884167,335238087884167,0,335238099240060,335238099242143,335238099743435,335238099949476,335238156968013,335238099228935,16800171,335238099996268,335238113500185,335238114486768,335238129308268,335238135754018,11132500,364000,335238135754018,335238130058810,-1,335238129308268,
0,116061449,335238104684338,335238104684338,0,335238114825560,335238114851643,335238115370976,335238115576643,335238173768184,335238114815726,16800171,335238115623518,335238130219768,335238131051476,335238146902018,335238153319226,11356750,395000,335238153319226,335238147748851,-1,335238146902018,
0,116061457,335238121484509,335238121484509,0,335238131264768,335238131266351,335238131744560,335238131922351,335238190568355,335238131257143,16800171,335238131965101,335238147911893,335238148983226,335238164490560,335238170931143,10278459,425542,335238170931143,335238165332060,-1,335238164490560,
0,116061465,335238138284680,335238138284680,0,335238149197893,335238149199393,335238149703893,335238149880560,335238207368526,335238149189685,16800171,335238149922851,335238165491851,335238166522018,335238180749476,335238187197601,9690041,433625,335238187197601,335238181763143,-1,335238180749476,
0,116061473,335238155084851,335238155084851,0,335238166736101,335238166737310,335238167261601,335238167512185,335238224168697,335238166728768,16800171,335238167557101,335238181953351,335238182939268,335238196758060,335238203452643,9564125,503708,335238203452643,335238197752393,-1,335238196758060,
0,116061625,335238507888442,335238507888442,-1005469637,335238508197935,335238508199477,335238555216310,335238555528852,335238526571775,335238508191227,16800171,335238568187310,335238568315435,335238570077602,335238573408268,335238592102227,20792,300625,335238592102227,335238574085477,-1,335238573408268,
0,116061632,335238524688613,335238558288955,0,335238570442060,335238570443185,335238571183352,335238571349352,335238627372801,335238570429352,16800171,335238572135185,335238574242268,335238575391977,335238579973727,335238616143268,19375,11878292,335238616143268,335238592223185,-1,335238579973727,
0,116061639,335238575089126,335238575089126,0,335238575966143,335238575967685,335238576592935,335238576754310,335238644172972,335238575957393,16800171,335238577131227,335238592349685,335238593297102,335238600475143,335238635029518,2035500,15437667,335238635029518,335238616242560,-1,335238600475143,
0,116061647,335238591889297,335238591889297,0,335238593604477,335238593605643,335238598015560,335238598281185,335238660973143,335238593598352,16800171,335238599900435,335238616378435,335238617289810,335238632808518,335238643743560,11500583,2027417,335238643743560,335238635150352,-1,335238632808518,
0,116061655,335238608689468,335238608689468,0,335238617667310,335238617668435,335238618149518,335238618292560,335238677773314,335238617661643,16800171,335238618498685,335238635286852,335238636260435,335238649340977,335238658216977,9368375,276167,335238658216977,335238649934310,-1,335238649340977,
0,116061663,335238625489639,335238625489639,0,335238636533727,335238636534893,335238637111060,335238637251352,335238694573485,335238636526685,16800171,335238637469602,335238650108893,335238651025185,335238666812227,335238675832477,11337209,539834,335238675832477,335238667652518,-1,335238666812227,
0,116061671,335238642289810,335238642289810,0,335238651361018,335238651361977,335238651888018,335238652100060,335238711373656,335238651354310,16800171,335238652398560,335238667782018,335238668785393,335238683792977,335238692903685,10400125,549916,335238692903685,335238684707143,-1,335238683792977,
0,116061679,335238659089981,335238659089981,0,335238669056685,335238669057810,335238669633852,335238669772185,335238728173827,335238669049643,16800171,335238669983935,335238684838977,335238685783185,335238699648685,335238708527352,10231334,608500,335238708527352,335238700583977,-1,335238699648685,
0,116061687,335238675890152,335238675890152,0,335238686195060,335238686196435,335238686783185,335238686947810,335238744973998,335238686187018,16800171,335238687454435,335238700715935,335238701717727,335238716593310,335238725455852,11109792,536458,335238725455852,335238717431102,-1,335238716593310,
0,116061695,335238692690323,335238692690323,0,335238702186435,335238702187810,335238702666643,335238702812685,335238761774169,335238702177518,16800171,335238703113102,335238717559810,335238718535227,335238733207227,335238742103935,11028750,275791,335238742103935,335238733772727,-1,335238733207227,
0,116061703,335238709490494,335238709490494,0,335238718802518,335238718803810,335238719324602,335238719459102,335238778574340,335238718795893,16800171,335238719664018,335238733904185,335238734866977,335238750066518,335238758973102,11527917,336833,335238758973102,335238750714352,-1,335238750066518,
0,116061711,335238726290665,335238726290665,0,335238735131560,335238735132727,335238735648227,335238735785727,335238795374511,335238735125102,16800171,335238735990352,335238750847268,335238751721977,335238767316310,335238776348143,11515917,296500,335238776348143,335238767936727,-1,335238767316310,
0,116061719,335238743090836,335238743090836,0,335238752110310,335238752111560,335238752556185,335238752694977,335238812174682,335238752102810,16800171,335238752968185,335238768140727,335238769144435,335238784220685,335238793269268,11120000,290791,335238793269268,335238784900977,-1,335238784220685,
0,116061727,335238759891007,335238759891007,0,335238769492935,335238769494602,335238769978435,335238770127143,335238828974853,335238769485602,16800171,335238770465102,335238785040143,335238785975560,335238800311060,335238809171060,10919916,573000,335238809171060,335238801200727,-1,335238800311060,
0,116061735,335238776691178,335238776691178,0,335238786354977,335238786356435,335238786830060,335238786973685,335238845775024,335238786347435,16800171,335238787242268,335238801338060,335238802429477,335238817476227,335238826338268,11282458,555792,335238826338268,335238818352727,-1,335238817476227,
0,116061743,335238793491349,335238793491349,0,335238802775727,335238802777102,335238803340227,335238803487477,335238862575195,335238802768018,16800171,335238803703143,335238818489643,335238819665560,335238835853352,335238842538268,11068084,674667,335238842538268,335238837043893,-1,335238835853352,
0,116061751,335238810291520,335238810291520,0,335238820212227,335238820213727,335238820748185,335238820915310,335238879375366,335238820203310,16800171,335238821186227,335238837214143,335238838348060,335238853482018,335238860033310,9588292,687167,335238860033310,335238854573393,-1,335238853482018,
0,116061759,335238827091691,335238827091691,0,335238838691935,335238838693935,335238839371518,335238839555768,335238896175537,335238838682518,16800171,335238839828185,335238854742060,335238856056352,335238870700310,335238877226643,8655625,848167,335238877226643,335238871971602,-1,335238870700310,
0,116061767,335238843891862,335238843891862,0,335238856270727,335238856272060,335238856855935,335238857037643,335238912975708,335238856262810,16800171,335238857354185,335238872275435,335238873658060,335238887127852,335238893822560,7716833,424458,335238893822560,335238888189643,-1,335238887127852,
0,116061775,335238860692033,335238860692033,0,335238873879227,335238873880477,335238874380810,335238874561810,335238929775879,335238873871393,16800171,335238874825227,335238888379185,335238889840768,335238902938768,335238909778560,8262459,870958,335238909778560,335238904564560,-1,335238902938768,
0,116061783,335238877492204,335238877492204,0,335238890067810,335238890069393,335238890629143,335238890826310,335238946576050,335238890059393,16800171,335238891116143,335238904750310,335238906113393,335238920204977,335238926878143,8854250,681667,335238926878143,335238921309060,-1,335238920204977,
0,116061791,335238894292375,335238894292375,0,335238906352102,335238906353768,335238906892935,335238907087685,335238963376221,335238906343977,16800171,335238907377935,335238921511810,335238922728685,335238937632393,335238944200018,9318000,740458,335238944200018,335238938829560,-1,335238937632393,
0,116061799,335238911092546,335238911092546,0,335238922949685,335238922951102,335238923443810,335238923625393,335238980176392,335238922941977,16800171,335238923941477,335238939000143,335238940277185,335238955356810,335238961945352,8670125,849500,335238961945352,335238956699518,-1,335238955356810,
0,116061807,335238927892717,335238927892717,0,335238940506602,335238940508018,335238941005893,335238941188893,335238996976563,335238940498768,16800171,335238941457018,335238956980227,335238958313227,335238971773644,335238978422185,7358708,860833,335238978422185,335238973187810,-1,335238971773644,
0,116061815,335238944692888,335238944692888,0,335238958553560,335238958554977,335238959204477,335238959403810,335239013776734,335238958545060,16800171,335238959694477,335238973386977,335238975119269,335238987725060,335238994287477,6988584,924750,335238994287477,335238989150269,-1,335238987725060,
0,116061823,335238961493059,335238961493059,0,335238975336477,335238975337935,335238975852269,335238976086394,335239030576905,335238975328810,16800171,335238976402727,335238989378894,335238990839977,335239003881935,335239010597269,8069542,978000,335239010597269,335239005340560,-1,335239003881935,
0,116061831,335238978293230,335238978293230,0,335238991083394,335238991085310,335238991655810,335238991863269,335239047377076,335238991073727,16800171,335238992231727,335239005539019,335239007003144,335239021155519,335239027692060,9049667,707250,335239027692060,335239022261977,-1,335239021155519,
0,116061839,335238995093401,335238995093401,0,335239007264644,335239007266560,335239007940852,335239008194102,335239064177247,335239007254560,16800171,335239008636894,335239022456727,335239023656269,335239038740102,335239045258977,9269875,707709,335239045258977,335239039833894,-1,335239038740102,
0,116061847,335239011893572,335239011893572,0,335239023872685,335239023874519,335239024424769,335239024606435,335239080977418,335239023864602,16800171,335239024870810,335239040030560,335239041269935,335239056414977,335239062989227,8450792,717917,335239062989227,335239057643685,-1,335239056414977,
0,116061855,335239028693743,335239028693743,0,335239041483144,335239041484560,335239041881560,335239042062019,335239097777589,335239041474894,16800171,335239042302852,335239057814019,335239059044144,335239072377477,335239078904394,7283292,906708,335239078904394,335239073737144,-1,335239072377477,
0,116061863,335239045493914,335239045493914,0,335239059269185,335239059270602,335239059664894,335239059846019,335239114577760,335239059261019,16800171,335239060171019,335239073934727,335239075388560,335239088522977,335239095079935,7525208,870875,335239095079935,335239089898227,-1,335239088522977,
0,116061871,335239062294085,335239062294085,0,335239075644019,335239075645810,335239076166685,335239076378310,335239131377931,335239075634352,16800171,335239076653519,335239090135519,335239091587060,335239104873394,335239111523519,8111667,756125,335239111523519,335239106173019,-1,335239104873394,
0,116061879,335239079094256,335239079094256,0,335239091842227,335239091844060,335239092336769,335239092547894,335239148178102,335239091832644,16800171,335239092828935,335239106344727,335239107961144,335239122162269,335239128719227,8966958,699125,335239128719227,335239123320477,-1,335239122162269,
0,116061887,335239095894427,335239095894427,0,335239108267227,335239108269310,335239108729935,335239108940352,335239164978273,335239108257102,16800171,335239109224102,335239123531227,335239124784644,335239139713727,335239146232560,8981959,740417,335239146232560,335239140887894,-1,335239139713727,
0,116061895,335239112694598,335239112694598,0,335239125046102,335239125047394,335239125439310,335239125619644,335239181778444,335239125038352,16800171,335239125882352,335239141058519,335239142349685,335239156489560,335239163027060,8078584,964500,335239163027060,335239157957477,-1,335239156489560,
0,116061903,335239129494769,335239129494769,0,335239142562394,335239142563685,335239142959852,335239143141227,335239198578615,335239142554685,16800171,335239143380435,335239158176019,335239159714269,335239172744310,335239179364060,7204209,951750,335239179364060,335239174188394,-1,335239172744310,
0,116061911,335239146294940,335239146294940,0,335239159930602,335239159931977,335239160455810,335239160636519,335239215378786,335239159922727,16800171,335239160881644,335239174387269,335239175839144,335239188649310,335239195165310,7829333,681959,335239195165310,335239190024519,-1,335239188649310,
0,116061919,335239163095111,335239163095111,0,335239176150227,335239176152477,335239176634560,335239176851935,335239232178957,335239176140477,16800171,335239177147352,335239190249727,335239191742810,335239205518227,335239212130144,9052292,691208,335239212130144,335239206773519,-1,335239205518227,
0,116061927,335239179895282,335239179895282,0,335239192050935,335239192053144,335239192590185,335239192854019,335239248979128,335239192039685,16800171,335239193164060,335239206943477,335239208200810,335239223372394,335239229899352,9486125,843750,335239229899352,335239224619102,-1,335239223372394,
0,116061935,335239196695453,335239196695453,0,335239208423352,335239208425060,335239208842685,335239209027685,335239265779299,335239208415519,16800171,335239209280602,335239224789894,335239225956560,335239240550435,335239247068560,8512125,1041750,335239247068560,335239242038810,-1,335239240550435,
0,116061943,335239213495624,335239213495624,0,335239226180602,335239226182477,335239226604685,335239226792435,335239282579470,335239226171977,16800171,335239227044394,335239242230352,335239243425852,335239257156519,335239263728602,7442625,968292,335239263728602,335239258584477,-1,335239257156519,
0,116061951,335239230295795,335239230295795,0,335239243647144,335239243649519,335239244157894,335239244348310,335239299379641,335239243639144,16800171,335239244599227,335239258782394,335239260259102,335239273435019,335239279996685,7433333,801875,335239279996685,335239274757935,-1,335239273435019,
0,116061959,335239247095966,335239247095966,0,335239260517269,335239260519269,335239261096185,335239261308935,335239316179812,335239260506602,16800171,335239261603560,335239274969644,335239276334644,335239288314519,335239294883894,8028416,322958,335239294883894,335239289038185,-1,335239288314519,
0,116061967,335239263896137,335239263896137,0,335239276573185,335239276575060,335239276997644,335239277171935,335239332979983,335239276565560,16800171,335239277396852,335239289188894,335239290211144,335239305471185,335239312101685,11271125,623625,335239312101685,335239306690394,-1,335239305471185,
0,116061975,335239280696308,335239280696308,0,335239290441769,335239290443269,335239290849185,335239291021894,335239349780154,335239290434394,16800171,335239291278602,335239306897852,335239307873810,335239321670977,335239328808685,9970500,597833,335239328808685,335239322605269,-1,335239321670977,
0,116061983,335239297496479,335239297496479,0,335239308100727,335239308101977,335239308454769,335239308616477,335239366580325,335239308094769,16800171,335239308835019,335239322749894,335239323746727,335239337860102,335239344325810,10704291,555584,335239344325810,335239338718644,-1,335239337860102,
0,116061991,335239314296650,335239314296650,0,335239323937519,335239323938477,335239324319477,335239324478227,335239383380496,335239323931602,16800171,335239324679894,335239338854685,335239339794685,335239354572227,335239361036810,11452292,460875,335239361036810,335239355324810,-1,335239354572227,
0,116061999,335239331096821,335239331096821,-314836243,335239340219644,335239340220727,335239340529102,335239340672727,335239400180667,335239340213269,16800171,335239340861894,335239355463185,335239356406060,335239371252560,335239377703060,11599042,500625,335239377703060,335239372104185,-1,335239371252560,
0,116062007,335239347896992,335239347896992,0,335239357325894,335239357327602,335239357653810,335239357834060,335239416980838,335239357319852,16800171,335239358046644,335239372234560,335239373094352,335239388049227,335239394609644,11687791,539084,335239394609644,335239388877310,-1,335239388049227,
0,116062015,335239364697163,335239364697163,-225642243,335239373494352,335239373495477,335239373797477,335239373934977,335239433781009,335239373488435,16800171,335239374119227,335239389008935,335239389925269,335239405668185,335239412195602,11888375,645917,335239412195602,335239406652519,-1,335239405668185,
0,116062023,335239381497334,335239381497334,0,335239391006435,335239391007977,335239391330852,335239391548019,335239450581180,335239390999352,16800171,335239391797977,335239406789852,335239407805685,335239421967102,335239428476227,10697250,549542,335239428476227,335239422823769,-1,335239421967102,
0,116062031,335239398297505,335239398297505,0,335239407993852,335239407994727,335239410255060,335239410400019,335239467381351,335239407988310,16800171,335239411018769,335239422995352,335239423969935,335239438878560,335239445373227,11328916,646209,335239445373227,335239439875727,-1,335239438878560,
0,116062039,335239415097676,335239415097676,0,335239424267852,335239424269060,335239436826435,335239436978352,335239484181522,335239424261227,16800171,335239440830269,335239440957602,335239442131435,335239456409560,335239463098727,9952834,532291,335239463098727,335239457247644,-1,335239456409560,
0,116062047,335239431897847,335239431897847,0,335239442621727,335239442623102,335239446221769,335239446382435,335239500981693,335239442615019,16800171,335239447583269,335239457412810,335239458379644,335239474215810,335239482971977,10420584,563000,335239482971977,335239475071185,-1,335239474215810,
0,116062055,335239448698018,335239448698018,0,335239458701810,335239458702810,335239459166560,335239459309310,335239517781864,335239458696602,16800171,335239459518935,335239475200144,335239476215810,335239489084810,335239497147144,9344500,550042,335239497147144,335239489932977,-1,335239489084810,
0,116062063,335239465498189,335239465498189,0,335239476488352,335239476489685,335239476943394,335239477078019,335239534582035,335239476482602,16800171,335239477280644,335239490141310,335239491036894,335239505781519,335239513279935,11345833,534916,335239513279935,335239506678519,-1,335239505781519,
0,116062071,335239482298360,335239482298360,0,335239491304519,335239491305435,335239491786227,335239491921477,335239551382206,335239491298977,16800171,335239492205185,335239506810019,335239507736977,335239522587935,335239529622019,11441708,501666,335239529622019,335239523387852,-1,335239522587935,
0,116062079,335239499098531,335239499098531,0,335239508067185,335239508068560,335239508529227,335239508661769,335239568182377,335239508060185,16800171,335239508867644,335239523551477,335239524565769,335239539193602,335239545966727,11393833,540583,335239545966727,335239540089935,-1,335239539193602,
0,116062087,335239515898702,335239515898702,0,335239524833394,335239524834227,335239525290852,335239525424102,335239584982548,335239524827644,16800171,335239525627019,335239540236435,335239541146644,335239555751144,335239562303977,11672417,605292,335239562303977,335239556653435,-1,335239555751144,
0,116062095,335239532698873,335239532698873,0,335239541449144,335239541450019,335239541906727,335239542042060,335239601782719,335239541442769,16800171,335239542247810,335239556804977,335239557669394,335239572541477,335239579071894,11908709,302583,335239579071894,335239573130394,-1,335239572541477,
0,116062103,335239549499044,335239549499044,0,335239558058685,335239558059727,335239558527602,335239558670852,335239618582890,335239558051852,16800171,335239558885269,335239573263727,335239574198644,335239589292269,335239595787935,12209792,273708,335239595787935,335239589912560,-1,335239589292269,
0,116062111,335239566299215,335239566299215,0,335239574361935,335239574362852,335239574828144,335239574965227,335239635383061,335239574356644,16800171,335239575340185,335239590046769,335239591033227,335239606034269,335239612454977,12152292,291208,335239612454977,335239606680477,-1,335239606034269,
0,116062119,335239583099386,335239583099386,0,335239591193185,335239591194185,335239591641810,335239591786352,335239652183232,335239591188227,16800171,335239591987144,335239606817352,335239607711935,335239622941019,335239629374060,12261583,558167,335239629374060,335239623786894,-1,335239622941019,
0,116062127,335239599899557,335239599899557,0,335239607872519,335239607873394,335239608340852,335239608542019,335239668983403,335239607867519,16800171,335239608741894,335239623918435,335239624886935,335239642051560,335239648525519,12482208,841709,335239648525519,335239643303352,-1,335239642051560,
0,116062135,335239616699728,335239616699728,0,335239625049352,335239625050477,335239625471352,335239625607269,335239685783574,335239625043602,16800171,335239625794394,335239643484977,335239644929769,335239658214769,335239664706186,9156208,901333,335239664706186,335239659510019,-1,335239658214769,
0,116062143,335239633499899,335239633499899,0,335239645158602,335239645160352,335239645753685,335239645945269,335239702583745,335239645149769,16800171,335239646190310,335239659690602,335239661190602,335239674926644,335239681386269,9751375,371041,335239681386269,335239675682519,-1,335239674926644,
0,116062151,335239650300070,335239650300070,0,335239661420519,335239661421977,335239662013352,335239662205811,335239719383916,335239661412061,16800171,335239662448769,335239675853227,335239677230436,335239692335394,335239698804186,10694667,372333,335239698804186,335239693100311,-1,335239692335394,
0,116062159,335239667100241,335239667100241,0,335239677433894,335239677435352,335239677977019,335239678155561,335239736184087,335239677426227,16800171,335239678341102,335239693274686,335239694425852,335239710092436,335239716555019,10452542,367084,335239716555019,335239710846311,-1,335239710092436,
0,116062167,335239683900412,335239683900412,0,335239694642561,335239694644102,335239695195019,335239695376727,335239752984258,335239694634477,16800171,335239695565394,335239711018144,335239712209936,335239724396477,335239730861269,9108166,377750,335239730861269,335239725086436,-1,335239724396477,
0,116062175,335239700700583,335239700700583,0,335239712422811,335239712424186,335239713470352,335239713657561,335239769784429,335239712415019,16800171,335239713861644,335239725232936,335239726160227,335239742994311,335239749443894,11990542,439917,335239749443894,335239743883227,-1,335239742994311,
0,116062183,335239717500754,335239717500754,0,335239726349352,335239726350644,335239732788311,335239732968769,335239786584600,335239726343144,16800171,335239733104269,335239744124936,335239745792019,335239758776186,335239765198852,9066584,374833,335239765198852,335239759531602,-1,335239758776186,
0,116062191,335239734300925,335239734300925,0,335239746862019,335239746864269,335239747373852,335239747667352,335239803384771,335239746848811,16800171,335239747718436,335239759695394,335239761124477,335239775475144,335239781926602,10672333,460042,335239781926602,335239776321227,-1,335239775475144,
0,116062199,335239751101096,335239751101096,0,335239761375977,335239761377936,335239761871561,335239762073561,335239820184942,335239761366019,16800171,335239762120811,335239776499686,335239777329727,335239793116269,335239799549519,11543583,363459,335239799549519,335239794097102,-1,335239793116269,
0,116062207,335239767901267,335239767901267,0,335239777550686,335239777552311,335239777969477,335239778143436,335239836985113,335239777542977,16800171,335239778185769,335239794258894,335239795088019,335239810979894,335239817417227,10655542,381750,335239817417227,335239811764227,-1,335239810979894,
0,116062215,335239784701438,335239784701438,0,335239795305061,335239795306311,335239795725311,335239795897977,335239853785284,335239795292019,16800171,335239795939769,335239811971894,335239812932644,335239826900769,335239833350102,9428167,452042,335239833350102,335239827809311,-1,335239826900769,
0,116062223,335239801501609,335239801501609,0,335239813150852,335239813152436,335239813572019,335239813747061,335239870585455,335239813142936,16800171,335239813789769,335239827997644,335239829046186,335239843445936,335239849927477,9868083,633541,335239849927477,335239844544102,-1,335239843445936,
0,116062231,335239818301780,335239818301780,0,335239829296019,335239829297769,335239829886519,335239830088394,335239887385626,335239829286352,16800171,335239830136686,335239844734102,335239845863561,335239859411352,335239865836852,9799958,422292,335239865836852,335239860226311,-1,335239859411352,
0,116062239,335239835101951,335239835101951,0,335239846111061,335239846113144,335239846609144,335239846811436,335239904185797,335239846101144,16800171,335239846858852,335239860388602,335239861285561,335239876856436,335239883349102,11473917,380875,335239883349102,335239877663727,-1,335239876856436,
0,116062247,335239851902122,335239851902122,0,335239861536144,335239861538019,335239862013144,335239862214019,335239920985968,335239861526769,16800171,335239862262394,335239877822769,335239878780769,335239894425061,335239900837727,10960625,383708,335239900837727,335239895288102,-1,335239894425061,
0,116062255,335239868702293,335239868702293,0,335239878991602,335239878993144,335239879438561,335239879618394,335239937786139,335239878984019,16800171,335239879664061,335239895450977,335239896444186,335239910943436,335239917411227,9985083,448500,335239917411227,335239911852644,-1,335239910943436,
0,116062263,335239885502464,335239885502464,0,335239896680227,335239896681644,335239897095061,335239897268061,335239954586310,335239896672519,16800171,335239897311561,335239912083019,335239913014019,335239928165727,335239934630811,9997666,451583,335239934630811,335239929073727,-1,335239928165727,
0,116062271,335239902302635,335239902302635,0,335239913226894,335239913228352,335239913641894,335239913814852,335239971386481,335239913218686,16800171,335239913857686,335239929373811,335239930475186,335239943721602,335239950191102,9349500,446500,335239950191102,335239944695644,-1,335239943721602,
0,116062423,335240255106226,335240255106226,0,335240255470644,335240255472852,335240272478686,335240272873352,335240273789559,335240255461102,16800171,335240277652644,335240277791852,335240278732936,335240281683102,335240294701061,27958,416750,335240294701061,335240282500686,-1,335240281683102,
0,116062430,335240271906397,335240271906397,0,335240279130144,335240279132352,335240280747019,335240280983394,335240324190072,335240279120727,16800171,335240281425144,335240282847644,335240283969686,335240296245602,335240311485102,27000,462500,335240311485102,335240297133811,-1,335240296245602,
0,116062437,335240288706568,335240288706568,0,335240289230144,335240289232644,335240291488602,335240291750144,335240340990243,335240289218727,16800171,335240291795852,335240297300769,335240298255227,335240320591269,335240335702477,11333208,456833,335240335702477,335240321576144,-1,335240320591269,
0,116062445,335240305506739,335240305506739,0,335240306704769,335240306706352,335240309871144,335240310100644,335240357790414,335240306692019,16800171,335240310619811,335240321788394,335240323063477,335240335227727,335240346884352,3276500,1383625,335240346884352,335240337130061,-1,335240335227727,
0,116062453,335240322306910,335240322306910,0,335240323332977,335240323334936,335240324984644,335240325195811,335240374590585,335240323323394,16800171,335240325685644,335240337313019,335240346216311,335240351412227,335240358200103,27375,487709,335240358200103,335240352324894,-1,335240351412227,
0,116062461,335240339107081,335240339107081,0,335240346623019,335240346624936,335240348501394,335240348721561,335240391390756,335240346613227,16800171,335240349256477,335240352504144,335240353477644,335240367262769,335240374096311,6371042,469459,335240374096311,335240368275644,-1,335240367262769,
0,116062469,335240355907252,335240355907252,0,335240356290769,335240356292727,335240357672727,335240357951561,335240408190927,335240356281894,16800171,335240358475769,335240368530061,335240369548894,335240380940311,335240387717853,7195542,393541,335240387717853,335240381808603,-1,335240380940311,
0,116062477,335240372707423,335240372707423,0,335240373117353,335240373119519,335240374680811,335240375637811,335240424991098,335240373107561,16800171,335240376136353,335240381977811,335240382978603,335240398561561,335240405260603,10991833,820333,335240405260603,335240399805144,-1,335240398561561,
0,116062485,335240389507594,335240389507594,0,335240389928728,335240389931436,335240391480561,335240392419019,335240441791269,335240389918228,16800171,335240392967394,335240399982936,335240401005103,335240419455478,335240426161769,9644375,799250,335240426161769,335240420671603,-1,335240419455478,
0,116062493,335240406307765,335240406307765,0,335240406750853,335240406753269,335240408544019,335240408784103,335240458591440,335240406739394,16800171,335240409388728,335240420851769,335240421822561,335240432363894,335240439054186,5756833,804959,335240439054186,335240433620853,-1,335240432363894,
0,116062501,335240423107936,335240423107936,0,335240423480894,335240423483394,335240425447561,335240425679978,335240475391611,335240423471478,16800171,335240426360103,335240433810603,335240434866478,335240448654186,335240455378186,9094375,854792,335240455378186,335240449965311,-1,335240448654186,
0,116062509,335240439908107,335240439908107,0,335240440276894,335240440279394,335240441683103,335240442061103,335240492191782,335240440268519,16800171,335240442572061,335240450159769,335240451200144,335240464894644,335240471584603,9405875,699250,335240471584603,335240465990353,-1,335240464894644,
0,116062517,335240456708278,335240456708278,0,335240457121144,335240457123353,335240458401644,335240458728311,335240508991953,335240457112311,16800171,335240459170811,335240466153978,335240467316978,335240481840144,335240488584228,10372875,695709,335240488584228,335240482954061,-1,335240481840144,
0,116062525,335240473508449,335240473508449,0,335240473939436,335240473941853,335240475631978,335240475868228,335240525792124,335240473929144,16800171,335240476558228,335240483121061,335240484054019,335240499331394,335240506016811,10647875,732333,335240506016811,335240500449269,-1,335240499331394,
0,116062533,335240490308620,335240490308620,0,335240490722853,335240490725311,335240492575228,335240492811186,335240542592295,335240490711978,16800171,335240493456144,335240500616811,335240501499644,335240516420436,335240523158144,9899042,1031958,335240523158144,335240517898936,-1,335240516420436,
0,116062541,335240507108791,335240507108791,0,335240507541103,335240507543728,335240509455269,335240509697061,335240559392466,335240507530311,16800171,335240510282686,335240518066269,335240518951894,335240532892019,335240539602186,9193959,805083,335240539602186,335240534152644,-1,335240532892019,
0,116062549,335240523908962,335240523908962,0,335240524283728,335240524285603,335240525548269,335240525744811,335240576192637,335240524274519,16800171,335240526318103,335240534343019,335240535363686,335240549070228,335240555696978,9349625,464250,335240555696978,335240550001269,-1,335240549070228,
0,116062557,335240540709133,335240540709133,0,335240541070394,335240541072603,335240542767686,335240542971186,335240592992808,335240541061811,16800171,335240543506894,335240550196061,335240551231561,335240565378186,335240572153353,10140500,382209,335240572153353,335240566161019,-1,335240565378186,
0,116062565,335240557509304,335240557509304,0,335240557947769,335240557949811,335240558317894,335240558521769,335240609792979,335240557938853,16800171,335240558849228,335240566327311,335240567233269,335240582481019,335240589158769,11270334,382917,335240589158769,335240583346644,-1,335240582481019,
0,116062573,335240574309475,335240574309475,0,335240574717561,335240574719769,335240575062686,335240575289811,335240626593150,335240574707186,16800171,335240575596811,335240583514769,335240584538519,335240599635061,335240606008061,10828583,426458,335240606008061,335240600457561,-1,335240599635061,
---PROFILEDATA---


View hierarchy:

  com.auroratv.lab/com.auroratv.MainActivity/android.view.ViewRootImpl@b9c1554
  357 views, 634.99 kB of render nodes


Total ViewRootImpl   : 1
Total attached Views : 357
Total RenderNode     : 634.99 kB (used) / 2550.89 kB (capacity)

