Applications Graphics Acceleration Info:
Uptime: 335040450 Realtime: 369714561

** Graphics info for pid 4343 [com.auroratv.lab] **

Stats since: 335027491565084ns
Total frames rendered: 389
Janky frames: 12 (3.08%)
Janky frames (legacy): 381 (97.94%)
50th percentile: 32ms
90th percentile: 38ms
95th percentile: 46ms
99th percentile: 93ms
Number Missed Vsync: 5
Number High input latency: 753
Number Slow UI thread: 9
Number Slow bitmap uploads: 0
Number Slow issue draw commands: 12
Number Frame deadline missed: 12
Number Frame deadline missed (legacy): 13
HISTOGRAM: 5ms=0 6ms=0 7ms=0 8ms=0 9ms=0 10ms=0 11ms=0 12ms=0 13ms=0 14ms=0 15ms=0 16ms=0 17ms=0 18ms=0 19ms=0 20ms=2 21ms=6 22ms=13 23ms=55 24ms=23 25ms=6 26ms=8 27ms=0 28ms=4 29ms=2 30ms=6 31ms=26 32ms=74 34ms=92 36ms=30 38ms=6 40ms=4 42ms=5 44ms=5 46ms=4 48ms=5 53ms=0 57ms=3 61ms=0 65ms=0 69ms=0 73ms=0 77ms=0 81ms=2 85ms=2 89ms=1 93ms=2 97ms=1 101ms=1 105ms=1 109ms=0 113ms=0 117ms=0 121ms=0 125ms=0 129ms=0 133ms=0 150ms=0 200ms=0 250ms=0 300ms=0 350ms=0 400ms=0 450ms=0 500ms=0 550ms=0 600ms=0 650ms=0 700ms=0 750ms=0 800ms=0 850ms=0 900ms=0 950ms=0 1000ms=0 1050ms=0 1100ms=0 1150ms=0 1200ms=0 1250ms=0 1300ms=0 1350ms=0 1400ms=0 1450ms=0 1500ms=0 1550ms=0 1600ms=0 1650ms=0 1700ms=0 1750ms=0 1800ms=0 1850ms=0 1900ms=0 1950ms=0 2000ms=0 2050ms=0 2100ms=0 2150ms=0 2200ms=0 2250ms=0 2300ms=0 2350ms=0 2400ms=0 2450ms=0 2500ms=0 2550ms=0 2600ms=0 2650ms=0 2700ms=0 2750ms=0 2800ms=0 2850ms=0 2900ms=0 2950ms=0 3000ms=0 3050ms=0 3100ms=0 3150ms=0 3200ms=0 3250ms=0 3300ms=0 3350ms=0 3400ms=0 3450ms=0 3500ms=0 3550ms=0 3600ms=0 3650ms=0 3700ms=0 3750ms=0 3800ms=0 3850ms=0 3900ms=0 3950ms=0 4000ms=0 4050ms=0 4100ms=0 4150ms=0 4200ms=0 4250ms=0 4300ms=0 4350ms=0 4400ms=0 4450ms=0 4500ms=0 4550ms=0 4600ms=0 4650ms=0 4700ms=0 4750ms=0 4800ms=0 4850ms=0 4900ms=0 4950ms=0
50th gpu percentile: 7ms
90th gpu percentile: 9ms
95th gpu percentile: 19ms
99th gpu percentile: 4950ms
GPU HISTOGRAM: 1ms=0 2ms=0 3ms=0 4ms=0 5ms=0 6ms=4 7ms=294 8ms=12 9ms=50 10ms=5 11ms=1 12ms=0 13ms=0 14ms=0 15ms=1 16ms=1 17ms=0 18ms=0 19ms=5 20ms=0 21ms=0 22ms=2 23ms=1 24ms=1 25ms=1 4950ms=11

Pipeline=Skia (OpenGL)
Memory policy:
  Max surface area: 2073600
  Max resource usage: 99.53MB (x48)
  Background retention: 50% (altUiHidden = true)
  GPU Context timeout: 10
Contexts: 1 (stopped = 0)
CPU Caches:
  Glyph Cache: 1.58 MB (1 entry)
  Glyph Count: 103 
Total CPU memory usage:
  1656839 bytes, 1.58 MB (0.00 bytes is purgeable)
GPU Caches:
  Image:
    Texture: 16.46 MB (46 entries)
  Other:
    Other: 256.62 KB (1 entry)
    Buffer Object: 464.00 bytes (2 entries)
    StencilAttachment: 15.00 KB (4 entries)
  Scratch:
    RenderTarget: 12.84 MB (40 entries)
    Texture: 4.04 MB (6 entries)
    Buffer Object: 78.03 KB (3 entries)
Total GPU memory usage:
  35314072 bytes, 33.68 MB (14.04 MB is purgeable)

Profile data in ms:

	com.auroratv.lab/com.auroratv.MainActivity/android.view.ViewRootImpl@24f32c0 (visibility=0)
Window: com.auroratv.lab/com.auroratv.MainActivity
Stats since: 335027491564293ns
Total frames rendered: 389
Janky frames: 12 (3.08%)
Janky frames (legacy): 381 (97.94%)
50th percentile: 32ms
90th percentile: 38ms
95th percentile: 46ms
99th percentile: 93ms
Number Missed Vsync: 5
Number High input latency: 753
Number Slow UI thread: 9
Number Slow bitmap uploads: 0
Number Slow issue draw commands: 12
Number Frame deadline missed: 12
Number Frame deadline missed (legacy): 13
HISTOGRAM: 5ms=0 6ms=0 7ms=0 8ms=0 9ms=0 10ms=0 11ms=0 12ms=0 13ms=0 14ms=0 15ms=0 16ms=0 17ms=0 18ms=0 19ms=0 20ms=2 21ms=6 22ms=13 23ms=55 24ms=23 25ms=6 26ms=8 27ms=0 28ms=4 29ms=2 30ms=6 31ms=26 32ms=74 34ms=92 36ms=30 38ms=6 40ms=4 42ms=5 44ms=5 46ms=4 48ms=5 53ms=0 57ms=3 61ms=0 65ms=0 69ms=0 73ms=0 77ms=0 81ms=2 85ms=2 89ms=1 93ms=2 97ms=1 101ms=1 105ms=1 109ms=0 113ms=0 117ms=0 121ms=0 125ms=0 129ms=0 133ms=0 150ms=0 200ms=0 250ms=0 300ms=0 350ms=0 400ms=0 450ms=0 500ms=0 550ms=0 600ms=0 650ms=0 700ms=0 750ms=0 800ms=0 850ms=0 900ms=0 950ms=0 1000ms=0 1050ms=0 1100ms=0 1150ms=0 1200ms=0 1250ms=0 1300ms=0 1350ms=0 1400ms=0 1450ms=0 1500ms=0 1550ms=0 1600ms=0 1650ms=0 1700ms=0 1750ms=0 1800ms=0 1850ms=0 1900ms=0 1950ms=0 2000ms=0 2050ms=0 2100ms=0 2150ms=0 2200ms=0 2250ms=0 2300ms=0 2350ms=0 2400ms=0 2450ms=0 2500ms=0 2550ms=0 2600ms=0 2650ms=0 2700ms=0 2750ms=0 2800ms=0 2850ms=0 2900ms=0 2950ms=0 3000ms=0 3050ms=0 3100ms=0 3150ms=0 3200ms=0 3250ms=0 3300ms=0 3350ms=0 3400ms=0 3450ms=0 3500ms=0 3550ms=0 3600ms=0 3650ms=0 3700ms=0 3750ms=0 3800ms=0 3850ms=0 3900ms=0 3950ms=0 4000ms=0 4050ms=0 4100ms=0 4150ms=0 4200ms=0 4250ms=0 4300ms=0 4350ms=0 4400ms=0 4450ms=0 4500ms=0 4550ms=0 4600ms=0 4650ms=0 4700ms=0 4750ms=0 4800ms=0 4850ms=0 4900ms=0 4950ms=0
50th gpu percentile: 7ms
90th gpu percentile: 9ms
95th gpu percentile: 19ms
99th gpu percentile: 4950ms
GPU HISTOGRAM: 1ms=0 2ms=0 3ms=0 4ms=0 5ms=0 6ms=4 7ms=294 8ms=12 9ms=50 10ms=5 11ms=1 12ms=0 13ms=0 14ms=0 15ms=1 16ms=1 17ms=0 18ms=0 19ms=5 20ms=0 21ms=0 22ms=2 23ms=1 24ms=1 25ms=1 4950ms=11



---PROFILEDATA---
Flags,FrameTimelineVsyncId,IntendedVsync,Vsync,InputEventId,HandleInputStart,AnimationStart,PerformTraversalsStart,DrawStart,FrameDeadline,FrameInterval,FrameStartTime,SyncQueued,SyncStart,IssueDrawCommandsStart,SwapBuffers,FrameCompleted,DequeueBufferDuration,QueueBufferDuration,GpuCompleted,SwapBuffersCompleted,DisplayPresentTime,CommandSubmissionCompleted,
0,115976079,335034841143177,335034841143177,0,335034853107713,335034853109005,335034853500588,335034853684796,335034910226081,335034853100713,16799857,335034854062963,335034869624755,335034870996505,335034884485338,335034891004213,7699292,445875,335034891004213,335034885401171,-1,335034884485338,
0,115976087,335034857943034,335034857943034,0,335034871323671,335034871325046,335034871731421,335034871916755,335034927025938,335034871316213,16799857,335034872306046,335034885602963,335034887054296,335034900749880,335034907303671,8399833,444208,335034907303671,335034901661963,-1,335034900749880,
0,115976095,335034874742891,335034874742891,0,335034887316755,335034887318463,335034887765838,335034887977796,335034943825795,335034887307921,16799857,335034888400963,335034901881796,335034903195380,335034917082880,335034923623588,9028125,383625,335034923623588,335034917910880,-1,335034917082880,
0,115976103,335034891542748,335034891542748,0,335034903539171,335034903540838,335034904068671,335034904285921,335034960625652,335034903528921,16799857,335034904667505,335034918093296,335034919411713,335034932902838,335034939374921,9593625,585375,335034939374921,335034933842213,-1,335034932902838,
0,115976111,335034908342605,335034908342605,0,335034919649880,335034919651755,335034920115130,335034920291296,335034977425509,335034919641546,16799857,335034920519546,335034933990880,335034934945255,335034949972463,335034956511088,11000916,347959,335034956511088,335034950674921,-1,335034949972463,
0,115976119,335034925142462,335034925142462,0,335034935147546,335034935148880,335034935527380,335034935693380,335034994225366,335034935141796,16799857,335034935921796,335034950831671,335034951961546,335034967467838,335034973966671,11543708,718542,335034973966671,335034968588921,-1,335034967467838,
0,115976127,335034941942319,335034941942319,0,335034952210130,335034952211296,335034952660713,335034952851338,335035011025223,335034952203505,16799857,335034953101796,335034968723255,335034969820046,335034982577171,335034989079921,9270625,578500,335034989079921,335034983482463,-1,335034982577171,
0,115976135,335034958742176,335034958742176,0,335034970009421,335034970010296,335034970386546,335034970546421,335035027825080,335034970004421,16799857,335034970755671,335034983621963,335034984601630,335034999423546,335035005922296,11428750,605458,335035005922296,335035000366255,-1,335034999423546,
0,115976143,335034975542033,335034975542033,0,335034984815296,335034984816088,335034985165755,335034985344755,335035044624937,335034984810755,16799857,335034985546005,335035000515421,335035001430171,335035016042463,335035022547588,11245459,578250,335035022547588,335035016922088,-1,335035016042463,
0,115976151,335034992341890,335034992341890,0,335035001637921,335035001639046,335035001995838,335035002153796,335035061424794,335035001632630,16799857,335035002363338,335035017055130,335035017889796,335035032417380,335035038886130,11396584,516792,335035038886130,335035033238005,-1,335035032417380,
0,115976159,335035009141747,335035009141747,-508962115,335035018297796,335035018298796,335035018596005,335035018736755,335035078224651,335035018291921,16799857,335035018920088,335035033367546,335035034294588,335035049496505,335035055949921,11813000,555750,335035055949921,335035050349005,-1,335035049496505,
0,115976167,335035025941604,335035025941604,0,335035035155213,335035035156671,335035035514755,335035035737421,335035095024508,335035035149671,16799857,335035035947796,335035050478130,335035051372046,335035065964380,335035072448838,11531958,498125,335035072448838,335035066768296,-1,335035065964380,
0,115976175,335035042741461,335035042741461,-971260018,335035051790921,335035051792380,335035052143171,335035052288046,335035111824365,335035051785713,16799857,335035052510130,335035066897963,335035067735755,335035083552296,335035090129380,12187750,594542,335035090129380,335035084508380,-1,335035083552296,
0,115976183,335035059541318,335035059541318,0,335035068886588,335035068888171,335035069206546,335035069385130,335035128624222,335035068881046,16799857,335035069792630,335035084648546,335035085634546,335035100582588,335035107099130,11155750,351833,335035107099130,335035101273671,-1,335035100582588,
0,115976191,335035076341175,335035076341175,0,335035085835296,335035085836671,335035102738713,335035102888213,335035145424079,335035085829963,16799857,335035106672796,335035106820505,335035108211380,335035117249755,335035123743005,5141375,318667,335035123743005,335035117861213,-1,335035117249755,
0,115976199,335035093141032,335035093141032,0,335035108516213,335035108517463,335035110248213,335035110401588,335035162223936,335035108510671,16799857,335035110935255,335035118035963,335035119001838,335035134458130,335035143163296,11047084,306875,335035143163296,335035135064421,-1,335035134458130,
0,115976207,335035109940889,335035109940889,0,335035119455588,335035119456880,335035123463671,335035123633130,335035179023793,335035119448921,16799857,335035125035171,335035135196671,335035136204505,335035150804796,335035158884421,10659167,310250,335035158884421,335035151409546,-1,335035150804796,
0,115976215,335035126740746,335035126740746,0,335035136531171,335035136532255,335035137005046,335035137172671,335035195823650,335035136525630,16799857,335035137404588,335035151539171,335035152661213,335035167036046,335035174472713,11023458,502792,335035174472713,335035167870921,-1,335035167036046,
0,115976223,335035143540603,335035143540603,0,335035152950880,335035152952005,335035153445880,335035153582713,335035212623507,335035152945421,16799857,335035153788796,335035168021421,335035168998755,335035183838130,335035190876005,11575666,555875,335035190876005,335035184739713,-1,335035183838130,
0,115976231,335035160340460,335035160340460,0,335035169257838,335035169258463,335035169779296,335035169912296,335035229423364,335035169252963,16799857,335035170121546,335035184874005,335035185773005,335035200551713,335035207325213,11511416,511042,335035207325213,335035201378880,-1,335035200551713,
0,115976239,335035177140317,335035177140317,0,335035186048921,335035186049755,335035186509213,335035186642213,335035246223221,335035186043338,16799857,335035186916130,335035201512171,335035202548505,335035217260463,335035223821880,11641458,506958,335035223821880,335035218058838,-1,335035217260463,
0,115976247,335035193940174,335035193940174,0,335035202854671,335035202856213,335035203381755,335035203515630,335035263023078,335035202849505,16799857,335035203724005,335035218226963,335035219168630,335035234058796,335035240571838,11709208,555542,335035240571838,335035234927380,-1,335035234058796,
0,115976255,335035210740031,335035210740031,0,335035219432296,335035219433546,335035219896213,335035220058380,335035279822935,335035219427296,16799857,335035220270921,335035235057630,335035235956505,335035250661630,335035257154963,11767791,530958,335035257154963,335035251480546,-1,335035250661630,
0,115976263,335035227539888,335035227539888,0,335035236365838,335035236366921,335035236898505,335035237036755,335035296622792,335035236358588,16799857,335035237245630,335035251610296,335035252674671,335035267382463,335035273882338,11867083,540125,335035273882338,335035268236546,-1,335035267382463,
0,115976271,335035244339745,335035244339745,0,335035252844630,335035252845796,335035253404921,335035253549630,335035313422649,335035252839546,16799857,335035253961130,335035268365755,335035269345213,335035284137880,335035290593380,11957083,579500,335035290593380,335035285040755,-1,335035284137880,
0,115976279,335035261139602,335035261139602,0,335035269515588,335035269516463,335035269999213,335035270148630,335035330222506,335035269510963,16799857,335035270366130,335035285171796,335035286022005,335035300960380,335035307364421,12062166,507084,335035307364421,335035301773713,-1,335035300960380,
0,115976287,335035277939459,335035277939459,0,335035286188963,335035286190296,335035286674796,335035286829546,335035347022363,335035286183921,16799857,335035287050505,335035301947338,335035302906880,335035317580755,335035324027088,12005333,282667,335035324027088,335035318145130,-1,335035317580755,
0,115976295,335035294739316,335035294739316,0,335035303070130,335035303071338,335035303535046,335035303678588,335035363822220,335035303065171,16799857,335035303869921,335035318276171,335035319145046,335035337511380,335035344037463,13672333,442417,335035344037463,335035338398088,-1,335035337511380,
0,115976303,335035311539173,335035311539173,0,335035319304338,335035319305213,335035319755630,335035319899838,335035380622077,335035319299505,16799857,335035320128213,335035338600463,335035339905338,335035353114630,335035359648130,9335416,683292,335035359648130,335035354191588,-1,335035353114630,
0,115976311,335035328339030,335035328339030,0,335035340194463,335035340195838,335035340930255,335035341132588,335035397421934,335035340186296,16799857,335035341348921,335035354360171,335035355511546,335035371219296,335035377754880,10693583,725500,335035377754880,335035372496963,-1,335035371219296,
0,115976319,335035345138887,335035345138887,0,335035355720546,335035355721838,335035356387796,335035356573046,335035414221791,335035355713046,16799857,335035356773380,335035372666088,335035373928546,335035386454171,335035392945463,8921875,324750,335035392945463,335035387222588,-1,335035386454171,
0,115976327,335035361938744,335035361938744,0,335035374143921,335035374145463,335035375216380,335035375408755,335035431021648,335035374136046,16799857,335035375620838,335035387413546,335035388484463,335035404602755,335035411199421,11003750,490042,335035411199421,335035405606130,-1,335035404602755,
0,115976335,335035378738601,335035378738601,0,335035388685505,335035388686671,335035397369380,335035399384338,335035447821505,335035388679171,16799857,335035399564505,335035405809296,335035408299046,335035420069630,335035426599296,7970166,408750,335035426599296,335035420862921,-1,335035420069630,
0,115976343,335035395538458,335035395538458,0,335035409404463,335035409406713,335035409956880,335035410180921,335035464621362,335035409390880,16799857,335035410234005,335035421023463,335035422295130,335035437149713,335035443579046,10992667,462709,335035443579046,335035437995838,-1,335035437149713,
0,115976351,335035412338315,335035412338315,0,335035422555296,335035422557171,335035423081088,335035423295130,335035481421219,335035422546546,16799857,335035423346463,335035438156880,335035439026005,335035454824838,335035461303130,11146334,372750,335035461303130,335035455569296,-1,335035454824838,
0,115976359,335035429138172,335035429138172,0,335035439240005,335035439241505,335035439698963,335035439884463,335035498221076,335035439232380,16799857,335035439931421,335035455788588,335035456702796,335035471705880,335035478290880,10233792,844417,335035478290880,335035473099796,-1,335035471705880,
0,115976367,335035445938029,335035445938029,0,335035456922213,335035456923963,335035457385380,335035457565171,335035515020933,335035456914505,16799857,335035457613130,335035473265130,335035474215088,335035488866630,335035495412630,9421333,435250,335035495412630,335035489791421,-1,335035488866630,
0,115976375,335035462737886,335035462737886,0,335035474433296,335035474434463,335035474884630,335035475066213,335035531820790,335035474426338,16799857,335035475113421,335035490041088,335035491093130,335035504821838,335035511338046,9222792,442042,335035511338046,335035505713505,-1,335035504821838,
0,115976383,335035479537743,335035479537743,0,335035491521463,335035491523796,335035492099796,335035492332963,335035548620647,335035491509963,16799857,335035492386505,335035505942755,335035507047796,335035520984963,335035527429463,10051916,403375,335035527429463,335035521773296,-1,335035520984963,
0,115976391,335035496337600,335035496337600,0,335035507297588,335035507299380,335035507814296,335035508076755,335035565420504,335035507287755,16799857,335035508130213,335035521933713,335035522975088,335035537964380,335035544397422,11173292,413916,335035544397422,335035538812922,-1,335035537964380,
0,115976399,335035513137457,335035513137457,0,335035523190630,335035523192088,335035523676130,335035523887755,335035582220361,335035523182838,16799857,335035523939130,335035538974755,335035539842922,335035555674588,335035562263297,11116917,788750,335035562263297,335035556911297,-1,335035555674588,
0,115976407,335035529937314,335035529937314,0,335035540103880,335035540105547,335035540565422,335035540748297,335035599020218,335035540095422,16799857,335035540795422,335035557070005,335035558013672,335035572642047,335035579090547,9765541,842583,335035579090547,335035573937255,-1,335035572642047,
0,115976415,335035546737171,335035546737171,0,335035558226047,335035558227713,335035558687672,335035558871338,335035615820075,335035558218005,16799857,335035558919255,335035574121880,335035575410547,335035589294213,335035595736380,8832333,841875,335035595736380,335035590638672,-1,335035589294213,
0,115976423,335035563537028,335035563537028,0,335035575629047,335035575630463,335035576138338,335035576362838,335035632619932,335035575621630,16799857,335035576410463,335035590847547,335035591875505,335035605028922,335035611472672,9202000,994292,335035611472672,335035606417047,-1,335035605028922,
0,115976431,335035580336885,335035580336885,0,335035592188755,335035592190922,335035592742130,335035592951588,335035649419789,335035592177630,16799857,335035593003630,335035606602797,335035607797880,335035621734922,335035628282005,10109709,749375,335035628282005,335035623015380,-1,335035621734922,
0,115976569,335035899534168,335035899534168,-151121489,335035899818547,335035899820005,335035943891713,335035944182755,335035918217501,335035899812963,16799857,335035956214005,335035956340547,335035958197755,335035961400088,335035980042130,21833,315250,335035980042130,335035962035672,-1,335035961400088,
0,115976576,335035916334025,335035949933739,0,335035958566797,335035958567963,335035959258255,335035959431922,335036002216786,335035958554380,16799857,335035960187922,335035962235338,335035963246963,335035968427797,335036004174380,17542,11396292,335036004174380,335035980164422,-1,335035968427797,
0,115976583,335035966733596,335035966733596,0,335035967018505,335035967020047,335035971258130,335035971424963,335036035816500,335035967012297,16799857,335035972942588,335035980292338,335035981222713,335035991474422,335036012648588,5718792,12505084,335036012648588,335036004289547,-1,335035991474422,
0,115976591,335035983533453,335035983533453,0,335035983801338,335035983802672,335035984336588,335035984537255,335036052616357,335035983784047,16799857,335035984755505,335036004418130,335036005370047,335036024577338,335036033306630,15136875,281792,335036033306630,335036025160797,-1,335036024577338,
0,115976599,335036000333310,335036000333310,0,335036005542130,335036005543088,335036006025505,335036006163797,335036069416214,335036005537505,16799857,335036006370297,335036025327755,335036026292755,335036041748838,335036050632547,10999708,325375,335036050632547,335036042410088,-1,335036041748838,
0,115976607,335036017133167,335036017133167,0,335036026583380,335036026584380,335036027038297,335036027169172,335036086216071,335036026578255,16799857,335036027371797,335036042565380,335036043474588,335036058479380,335036067631797,10649750,283583,335036067631797,335036059068588,-1,335036058479380,
0,115976615,335036033933024,335036033933024,0,335036043780963,335036043782047,335036044272880,335036044403047,335036103015928,335036043776088,16799857,335036044604963,335036059200630,335036060237797,335036075410630,335036084521130,10656792,603875,335036084521130,335036076315713,-1,335036075410630,
0,115976623,335036050732881,335036050732881,0,335036060498963,335036060499755,335036060985672,335036061118255,335036119815785,335036060493922,16799857,335036061321713,335036076460588,335036077426088,335036091471297,335036100342463,10263292,280167,335036100342463,335036092169213,-1,335036091471297,
0,115976631,335036067532738,335036067532738,0,335036077818880,335036077820005,335036078413088,335036078551922,335036136615642,335036077812713,16799857,335036079057130,335036092315630,335036093282755,335036108101088,335036117003797,11218750,278375,335036117003797,335036108738672,-1,335036108101088,
0,115976639,335036084332595,335036084332595,0,335036093674547,335036093675630,335036094098463,335036094243880,335036153415499,335036093668797,16799857,335036094447130,335036108870797,335036109788422,335036125060588,335036133965088,11556125,307875,335036133965088,335036125667422,-1,335036125060588,
0,115976647,335036101132452,335036101132452,0,335036110045672,335036110046422,335036110452338,335036110583463,335036170215356,335036110040797,16799857,335036110779047,335036125802880,335036126769088,335036141812088,335036150731588,11303667,581959,335036150731588,335036142720130,-1,335036141812088,
0,115976655,335036117932309,335036117932309,0,335036127036713,335036127037797,335036127482630,335036127613088,335036187015213,335036127031797,16799857,335036127810588,335036142849047,335036143750588,335036158585088,335036167509588,11131125,532709,335036167509588,335036159410088,-1,335036158585088,
0,115976663,335036134732166,335036134732166,0,335036144072963,335036144074088,335036144523713,335036144656880,335036203815070,335036144066047,16799857,335036144868922,335036159538088,335036160564005,335036175595005,335036184552838,11207417,726500,335036184552838,335036176638797,-1,335036175595005,
0,115976671,335036151532023,335036151532023,0,335036160831380,335036160832672,335036161276005,335036161410755,335036220614927,335036160825547,16799857,335036161619380,335036176792463,335036177782630,335036194270755,335036203245130,12298583,763500,335036203245130,335036195395130,-1,335036194270755,
0,115976679,335036168331880,335036168331880,0,335036178083213,335036178084380,335036178792922,335036178951880,335036237414784,335036178076963,16799857,335036179193005,335036195539547,335036196674797,335036209653255,335036218592422,9098167,604000,335036218592422,335036210671755,-1,335036209653255,
0,115976687,335036185131737,335036185131737,0,335036197002880,335036197004172,335036197525797,335036197672922,335036254214641,335036196995838,16799857,335036197905213,335036210872630,335036211887005,335036226089963,335036232734088,10359375,338833,335036232734088,335036226762047,-1,335036226089963,
0,115976695,335036201931594,335036201931594,0,335036212591672,335036212593380,335036213172505,335036213332672,335036271014498,335036212582963,16799857,335036213578588,335036226908130,335036227888880,335036243905547,335036250577839,11500876,454625,335036250577839,335036244835839,-1,335036243905547,
0,115976703,335036218731451,335036218731451,0,335036228198172,335036228199338,335036239437755,335036239669547,335036287814355,335036228191422,16799857,335036244449547,335036244988880,335036246081422,335036259424547,335036264669005,9969958,386042,335036264669005,335036260158922,-1,335036259424547,
0,115976711,335036235531308,335036235531308,0,335036246400005,335036246401339,335036247740172,335036247926797,335036304614212,335036246393297,16799857,335036248540797,335036260293297,335036261293172,335036281616964,335036287129130,11547459,380667,335036287129130,335036282353672,-1,335036281616964,
0,115976719,335036252331165,335036252331165,0,335036261472172,335036261473422,335036262715255,335036262882464,335036321414069,335036261467130,16799857,335036263141964,335036282514797,335036283800630,335036298760755,335036304312880,5949875,349000,335036304312880,335036299467505,-1,335036298760755,
0,115976727,335036269131022,335036269131022,0,335036284907464,335036284908880,335036286424964,335036286609297,335036338213926,335036284896380,16799857,335036287104589,335036299624880,335036300766922,335036315837047,335036321352922,5907542,344750,335036321352922,335036316592422,-1,335036315837047,
0,115976735,335036285930879,335036285930879,0,335036300979214,335036300980214,335036302342297,335036302531047,335036355013783,335036300972964,16799857,335036303151672,335036316748755,335036321471172,335036329117422,335036335727172,2052625,325833,335036335727172,335036329803339,-1,335036329117422,
0,115976743,335036302730736,335036319530593,0,335036321842464,335036321843839,335036323277505,335036323475505,335036371813640,335036321826714,16799857,335036324139714,335036329956297,335036330980630,335036347129005,335036353738880,9090250,323500,335036353738880,335036347789797,-1,335036347129005,
0,115976752,335036336330450,335036336330450,0,335036336660089,335036336661672,335036338161922,335036338350630,335036388613497,335036336653047,16799857,335036338914214,335036347942172,335036349105630,335036361918672,335036368592547,7852791,373542,335036368592547,335036362687755,-1,335036361918672,
0,115976760,335036353130307,335036353130307,0,335036353448964,335036353450589,335036354650714,335036354827130,335036405413354,335036353442089,16799857,335036357188839,335036362859047,335036364202672,335036383287172,335036389966047,9956167,502375,335036389966047,335036384206589,-1,335036383287172,
0,115976768,335036369930164,335036369930164,0,335036370288255,335036370289922,335036371684130,335036371904172,335036422213211,335036370280589,16799857,335036374629172,335036384424672,335036385787505,335036395540047,335036402189630,4921792,415750,335036402189630,335036396345714,-1,335036395540047,
0,115976776,335036386730021,335036386730021,0,335036387067964,335036387070005,335036388622380,335036390301297,335036439013068,335036387059839,16799857,335036391013255,335036396517964,335036397693130,335036413910339,335036420567255,10046042,371875,335036420567255,335036414663255,-1,335036413910339,
0,115976784,335036403529878,335036403529878,0,335036403929505,335036403931464,335036405798214,335036406018714,335036455812925,335036403920714,16799857,335036406687630,335036414931130,335036416254464,335036429238214,335036435914422,8191250,366333,335036435914422,335036429993714,-1,335036429238214,
0,115976792,335036420329735,335036420329735,0,335036420733380,335036420735297,335036421987130,335036422183464,335036472612782,335036420724922,16799857,335036422997047,335036430162380,335036431321505,335036446941797,335036453580422,10332500,466416,335036453580422,335036447797047,-1,335036446941797,
0,115976800,335036437129592,335036437129592,0,335036437515255,335036437517214,335036439034839,335036439350964,335036489412639,335036437506547,16799857,335036439998422,335036447968964,335036449289547,335036463572255,335036470223755,8865709,420792,335036470223755,335036464386797,-1,335036463572255,
0,115976808,335036453929449,335036453929449,0,335036454306380,335036454308339,335036455829547,335036456091880,335036506212496,335036454297380,16799857,335036456837839,335036464559589,335036465721464,335036481052714,335036487730339,9372875,833167,335036487730339,335036482329214,-1,335036481052714,
0,115976816,335036470729306,335036470729306,0,335036471078422,335036471080255,335036472638089,335036473090880,335036523012353,335036471071339,16799857,335036473825714,335036482500255,335036483685464,335036497617255,335036504299255,7877125,822708,335036504299255,335036498917589,-1,335036497617255,
0,115976824,335036487529163,335036487529163,0,335036487895464,335036487897089,335036489417589,335036489620547,335036539812210,335036487888172,16799857,335036490313339,335036499122714,335036500656630,335036514436880,335036521163547,7849209,828667,335036521163547,335036515799505,-1,335036514436880,
0,115976832,335036504329020,335036504329020,0,335036504693630,335036504695672,335036506449672,335036506652630,335036556612067,335036504685089,16799857,335036507273922,335036516134714,335036517609714,335036530310047,335036536914255,7556333,748958,335036536914255,335036531458214,-1,335036530310047,
0,115976840,335036521128877,335036521128877,0,335036521548589,335036521550797,335036522017089,335036522276339,335036573411924,335036521539005,16799857,335036522883880,335036531628297,335036532908130,335036547176672,335036553786339,9218834,732959,335036553786339,335036548307630,-1,335036547176672,
0,115976848,335036537928734,335036537928734,0,335036538337047,335036538339214,335036538858255,335036539084589,335036590211781,335036538327422,16799857,335036539674297,335036548478797,335036549612797,335036564574339,335036571176297,9389167,669084,335036571176297,335036565646589,-1,335036564574339,
0,115976856,335036554728591,335036554728591,0,335036555137505,335036555139672,335036555560630,335036555788589,335036607011638,335036555127714,16799857,335036556412589,335036565814172,335036566951672,335036581525422,335036587984005,8826291,441917,335036587984005,335036582439464,-1,335036581525422,
0,115976864,335036571528448,335036571528448,0,335036571872130,335036571874047,335036572308047,335036572496964,335036623811495,335036571863922,16799857,335036572738547,335036582638130,335036584073422,335036598426797,335036604896839,8191959,551916,335036604896839,335036599438047,-1,335036598426797,
0,115976872,335036588328305,335036588328305,0,335036588669255,335036588671130,335036589128922,335036589315130,335036640611352,335036588661922,16799857,335036589557380,335036599638755,335036601305089,335036613782005,335036620377255,7800875,441792,335036620377255,335036614674464,-1,335036613782005,
0,115976880,335036605128162,335036605128162,0,335036605470422,335036605472422,335036605841214,335036606026505,335036657411209,335036605463339,16799857,335036606268964,335036614874714,335036616277714,335036630237964,335036636662547,9598958,391916,335036636662547,335036631026255,-1,335036630237964,
0,115976888,335036621928019,335036621928019,0,335036622367589,335036622370047,335036622834839,335036623058255,335036674211066,335036622357589,16799857,335036623384130,335036631178464,335036632328797,335036646492130,335036652970130,9971042,438708,335036652970130,335036647273297,-1,335036646492130,
0,115976896,335036638727876,335036638727876,0,335036639046339,335036639048297,335036639384005,335036639540839,335036691010923,335036639039422,16799857,335036639741839,335036647417214,335036648455214,335036662925880,335036669405255,10812667,323875,335036669405255,335036663573839,-1,335036662925880,
0,115976904,335036655527733,335036655527733,0,335036655845464,335036655847089,335036656228505,335036656391839,335036707810780,335036655838547,16799857,335036656607922,335036663719005,335036665030005,335036679224047,335036685663547,10874334,264709,335036685663547,335036679810089,-1,335036679224047,
0,115976912,335036672327590,335036672327590,0,335036672624922,335036672626047,335036673017172,335036673162839,335036724610637,335036672618964,16799857,335036673434630,335036679938297,335036680882422,335036696796380,335036703316339,12191334,296416,335036703316339,335036697429964,-1,335036696796380,
0,115976920,335036689127447,335036689127447,-971210281,335036689436297,335036689437797,335036691894005,335036692113922,335036741410494,335036689430005,16799857,335036693056547,335036697576172,335036698656464,335036715810214,335036722261672,13399542,382292,335036722261672,335036716577422,-1,335036715810214,
0,115976928,335036705927304,335036705927304,0,335036706227380,335036706228922,335036718028380,335036718181589,335036758210351,335036706221672,16799857,335036722277589,335036722393797,335036723487297,335036730790005,335036737500797,2806417,569791,335036737500797,335036731736297,-1,335036730790005,
0,115976936,335036722727161,335036722727161,0,335036723741089,335036723741714,335036728203005,335036728367922,335036775010208,335036723736089,16799857,335036729968505,335036731868089,335036732884839,335036748495922,335036757245755,10114625,577708,335036757245755,335036749383172,-1,335036748495922,
0,115976944,335036739527018,335036739527018,0,335036739786964,335036739788255,335036741625255,335036741784672,335036791810065,335036739781172,16799857,335036742076672,335036749525589,335036750409380,335036763292880,335036771332005,9317292,549167,335036771332005,335036764157339,-1,335036763292880,
0,115976952,335036756326875,335036756326875,0,335036756588755,335036756590339,335036757125380,335036757277380,335036808609922,335036756583339,16799857,335036757491922,335036764289630,335036765254255,335036779880464,335036787341672,11282500,594042,335036787341672,335036780858297,-1,335036779880464,
0,115976960,335036773126732,335036773126732,0,335036773372464,335036773373672,335036773869047,335036774008089,335036825409779,335036773367339,16799857,335036774281630,335036780984672,335036781960505,335036796667172,335036803739505,11359250,582667,335036803739505,335036797593422,-1,335036796667172,
0,115976968,335036789926589,335036789926589,0,335036790175880,335036790177089,335036790666589,335036790805672,335036842209636,335036790170839,16799857,335036791008964,335036797723797,335036798634839,335036813380339,335036820124839,11516625,553417,335036820124839,335036814300755,-1,335036813380339,
0,115976976,335036806726446,335036806726446,0,335036806988547,335036806989797,335036807471880,335036807659714,335036859009493,335036806983089,16799857,335036807867214,335036814431505,335036815402214,335036829943047,335036836427714,11503125,560291,335036836427714,335036830794297,-1,335036829943047,
0,115976984,335036823526303,335036823526303,0,335036823799214,335036823800339,335036824275672,335036824415505,335036875809350,335036823793797,16799857,335036824617672,335036830923589,335036831875172,335036846707380,335036853168422,11826166,503875,335036853168422,335036847497422,-1,335036846707380,
0,115976992,335036840326160,335036840326160,0,335036840578505,335036840579797,335036841028880,335036841168130,335036892609207,335036840573047,16799857,335036841368880,335036847671880,335036848612297,335036863454964,335036869883714,12006875,638208,335036869883714,335036864452630,-1,335036863454964,
0,115977000,335036857126017,335036857126017,0,335036857380464,335036857381964,335036857850005,335036857990464,335036909409064,335036857375089,16799857,335036858374089,335036864582797,335036865518005,335036880146672,335036886555255,11821291,541083,335036886555255,335036880996839,-1,335036880146672,
0,115977008,335036873925874,335036873925874,0,335036874184922,335036874186464,335036874637547,335036874801130,335036926208921,335036874179589,16799857,335036875001880,335036881126339,335036882067089,335036897043755,335036903405839,12099333,579917,335036903405839,335036897911297,-1,335036897043755,
0,115977016,335036890725731,335036890725731,0,335036891018172,335036891019380,335036891428089,335036891628714,335036943008778,335036891012964,16799857,335036891839214,335036898053130,335036898935880,335036913883880,335036920255672,11981333,506208,335036920255672,335036914713630,-1,335036913883880,
0,115977024,335036907525588,335036907525588,0,335036907787005,335036907788339,335036908220422,335036908361422,335036959808635,335036907781047,16799857,335036908547464,335036914842505,335036915730255,335036930653630,335036937005881,11973209,534500,335036937005881,335036931474964,-1,335036930653630,
0,115977032,335036924325445,335036924325445,0,335036924583297,335036924584464,335036924992047,335036925130505,335036976608492,335036924577839,16799857,335036925303922,335036931605255,335036932580339,335036947321756,335036953653422,11990208,610708,335036953653422,335036948247339,-1,335036947321756,
0,115977040,335036941125302,335036941125302,0,335036941372881,335036941374131,335036941834089,335036941975631,335036993408349,335036941367756,16799857,335036942152006,335036948376631,335036949232631,335036964170964,335036970535256,12079875,503541,335036970535256,335036964994214,-1,335036964170964,
0,115977048,335036957925159,335036957925159,0,335036958176756,335036958178006,335036958586006,335036958725214,335037010208206,335036958171672,16799857,335036958942756,335036965122381,335036966090964,335036980963839,335036987299089,12058208,559917,335036987299089,335036981809256,-1,335036980963839,
0,115977056,335036974725016,335036974725016,0,335036975030339,335036975031672,335036975459589,335036975606297,335037027008063,335036975024881,16799857,335036975763214,335036981938006,335036982880964,335036998047964,335037004404631,12191291,292166,335037004404631,335036998669464,-1,335036998047964,
0,115977064,335036991524873,335036991524873,0,335036991775006,335036991776422,335036992611047,335036992755797,335037043807920,335036991769339,16799857,335036992917464,335036998798922,335036999704589,335037017121881,335037023523631,12878208,441208,335037023523631,335037018029881,-1,335037017121881,
0,115977072,335037008324730,335037008324730,0,335037008683256,335037008685089,335037019571756,335037019768422,335037060607777,335037008675839,16799857,335037019928547,335037020152047,335037021477631,335037033065797,335037039439464,7618875,415500,335037039439464,335037033931506,-1,335037033065797,
0,115977080,335037025124587,335037025124587,0,335037025481214,335037025483339,335037025969506,335037026161006,335037077407634,335037025473506,16799857,335037026207339,335037034112839,335037035035922,335037049627297,335037056039881,10873875,377708,335037056039881,335037050386964,-1,335037049627297,
0,115977088,335037041924444,335037041924444,0,335037042265381,335037042267297,335037042689714,335037042868672,335037094207491,335037042257839,16799857,335037042914422,335037050546589,335037051415506,335037066501631,335037072857172,11327250,378916,335037072857172,335037067267589,-1,335037066501631,
0,115977096,335037058724301,335037058724301,0,335037059097922,335037059100047,335037059649964,335037059882006,335037111007348,335037059089172,16799857,335037059930256,335037067428089,335037068331797,335037084398131,335037090748214,11435542,390709,335037090748214,335037085240381,-1,335037084398131,
0,115977104,335037075524158,335037075524158,0,335037075932256,335037075934672,335037076539672,335037076746172,335037127807205,335037075922922,16799857,335037076798172,335037085441797,335037086286506,335037101581089,335037108041589,10405459,749542,335037108041589,335037102771089,-1,335037101581089,
0,115977112,335037092324015,335037092324015,0,335037092734006,335037092736214,335037093204131,335037093410172,335037144607062,335037092724922,16799857,335037093459381,335037102980797,335037103860547,335037118323006,335037124703672,9388833,958167,335037124703672,335037119725589,-1,335037118323006,
0,115977120,335037109123872,335037109123872,0,335037109470881,335037109472922,335037109937422,335037110116797,335037161406919,335037109463672,16799857,335037110162214,335037119944006,335037121106881,335037134057214,335037140444547,8739917,977333,335037140444547,335037135489714,-1,335037134057214,
0,115977128,335037125923729,335037125923729,0,335037126264714,335037126266381,335037126677047,335037126854964,335037178206776,335037126257297,16799857,335037126900089,335037135704672,335037136939589,335037150417797,335037156803756,9706500,813708,335037156803756,335037151609297,-1,335037150417797,
0,115977136,335037142723586,335037142723586,0,335037143072714,335037143074422,335037143488839,335037143665006,335037195006633,335037143065256,16799857,335037143710922,335037151767172,335037152827756,335037167511131,335037173862672,10786333,798000,335037173862672,335037168684422,-1,335037167511131,
0,115977144,335037159523443,335037159523443,0,335037159928547,335037159931214,335037160534881,335037160743006,335037211806490,335037159919214,16799857,335037160793589,335037168844047,335037169786756,335037185025839,335037191410214,10895125,825291,335037191410214,335037186263089,-1,335037185025839,
0,115977152,335037176323300,335037176323300,0,335037176728589,335037176730839,335037177301422,335037177505172,335037228606347,335037176719214,16799857,335037177555256,335037186422006,335037187283506,335037202391797,335037208788256,10202792,810250,335037208788256,335037203662464,-1,335037202391797,
0,115977160,335037193123157,335037193123157,0,335037193521047,335037193523506,335037194012797,335037194220756,335037245406204,335037193511589,16799857,335037194271547,335037203841297,335037204764464,335037218828214,335037225206006,9240958,974708,335037225206006,335037220285172,-1,335037218828214,
---PROFILEDATA---


View hierarchy:

  com.auroratv.lab/com.auroratv.MainActivity/android.view.ViewRootImpl@24f32c0
  357 views, 634.99 kB of render nodes


Total ViewRootImpl   : 1
Total attached Views : 357
Total RenderNode     : 634.99 kB (used) / 2550.89 kB (capacity)

