16683333
0	0	0
0	0	0
0	0	0
0	0	0
0	0	0
0	0	0
0	0	0
0	0	0
0	0	0
0	0	0
0	0	0
0	0	0
0	0	0
0	0	0
0	0	0
0	0	0
0	0	0
0	0	0
0	0	0
0	0	0
0	0	0
0	0	0
0	0	0
0	0	0
0	0	0
0	0	0
0	0	0
0	0	0
0	0	0
0	0	0
0	0	0
0	0	0
0	0	0
0	0	0
0	0	0
0	0	0
0	0	0
0	0	0
0	0	0
0	0	0
0	0	0
0	0	0
0	0	0
0	0	0
0	0	0
0	0	0
0	0	0
0	0	0
0	0	0
0	0	0
0	0	0
0	0	0
0	0	0
0	0	0
0	0	0
0	0	0
0	0	0
0	0	0
0	0	0
0	0	0
0	0	0
0	0	0
0	0	0
0	0	0
0	0	0
0	0	0
0	0	0
0	0	0
0	0	0
0	0	0
0	0	0
0	0	0
0	0	0
0	0	0
0	0	0
0	0	0
0	0	0
0	0	0
0	0	0
0	0	0
0	0	0
0	0	0
0	0	0
0	0	0
0	0	0
0	0	0
0	0	0
0	0	0
0	0	0
0	0	0
0	0	0
0	0	0
0	0	0
0	0	0
0	0	0
0	0	0
0	0	0
0	0	0
0	0	0
0	0	0
0	0	0
0	0	0
0	0	0
0	0	0
0	0	0
0	0	0
0	0	0
0	0	0
0	0	0
0	0	0
0	0	0
0	0	0
0	0	0
0	0	0
0	0	0
0	0	0
0	0	0
0	0	0
0	0	0
0	0	0
0	0	0
0	0	0
0	0	0
0	0	0
0	0	0
0	0	0
0	0	0

===
16683333
0	0	0
0	0	0
0	0	0
0	0	0
0	0	0
0	0	0
0	0	0
0	0	0
0	0	0
0	0	0
0	0	0
0	0	0
0	0	0
0	0	0
0	0	0
0	0	0
0	0	0
0	0	0
0	0	0
0	0	0
0	0	0
0	0	0
0	0	0
0	0	0
0	0	0
0	0	0
0	0	0
0	0	0
0	0	0
0	0	0
0	0	0
0	0	0
0	0	0
0	0	0
0	0	0
0	0	0
0	0	0
0	0	0
0	0	0
0	0	0
0	0	0
0	0	0
0	0	0
0	0	0
0	0	0
0	0	0
0	0	0
0	0	0
0	0	0
0	0	0
0	0	0
0	0	0
0	0	0
0	0	0
0	0	0
0	0	0
0	0	0
0	0	0
0	0	0
0	0	0
0	0	0
0	0	0
0	0	0
0	0	0
0	0	0
0	0	0
0	0	0
0	0	0
0	0	0
0	0	0
0	0	0
0	0	0
0	0	0
0	0	0
0	0	0
335382625771837	335382640490449	335382638320087
335382641954087	335382657173782	335382656811212
335382668206795	335382673857115	335382681355504
335382682239920	335382690540448	335382687207504
335382697075712	335382707223781	335382703456920
335382715198712	335382723907114	335382721573254
335382726880712	335382740590447	335382733241754
335382743079920	335382757273780	335382749446212
335382762488420	335382773957113	335382768769170
335382778148337	335382790640446	335382784486504
335382795280670	335382807323779	335382801624712
335382813097712	335382824007112	335382819428920
335382828367504	335382840690445	335382834735754
335382846638254	335382857373778	335382852979754
335382864311212	335382874057111	335382870706962
335382879523004	335382907423777	335382885895045
335382896304670	335382924107110	335382902480045
335382912969962	335382940790443	335382919119170
335382929940004	335382957473776	335382936163337
335382947600337	335382974157109	335382953541170
335383118189629	335383140990439	335383136606754
335383143059754	335383174357105	335383167701879
335383156887212	335383207723771	335383194210087
335383184297671	335383224407104	335383220281962
335383217260796	335383241090437	335383229194296
335383232187296	335383257773770	335383240720879
335383249329962	335383274457103	335383257863046
335383264776046	335383291140436	335383273344587
335383281852629	335383307823769	335383290460171
335383297844046	335383324507102	335383306463462
335383314815587	335383341190435	335383323412671
335383334025796	335383357873768	335383342423171
335383350410212	335383374557101	335383358885087
335383371161504	335383391240434	335383377304712
335383384991046	335383407923767	335383391124462
335383400811754	335383424607100	335383406931629
335383417973754	335383441290433	335383424095004
335383435082504	335383457973766	335383441185296
335383452887004	335383474657099	335383458967004
335383468137587	335383491340432	335383474157254
335383484660587	335383508023765	335383490703921
335383501682546	335383524707098	335383507801837
335383519297587	335383541390431	335383525480421
335383536863712	335383558073764	335383542930421
335383552277421	335383574757097	335383558353004
335383570592921	335383591440430	335383576626879
335383586776171	335383608123763	335383592848796
335383602531587	335383624807096	335383608619629
335383620696212	335383641490429	335383626829546
335383638227462	335383658173762	335383644265921
335383653090337	335383674857095	335383659250462
335383670734254	335383691540428	335383676912463

===
16683333
0	0	0
0	0	0
0	0	0
0	0	0
0	0	0
0	0	0
0	0	0
0	0	0
0	0	0
0	0	0
0	0	0
0	0	0
0	0	0
0	0	0
0	0	0
0	0	0
0	0	0
0	0	0
0	0	0
0	0	0
0	0	0
0	0	0
0	0	0
0	0	0
335382625771837	335382640490449	335382638320087
335382641954087	335382657173782	335382656811212
335382668206795	335382673857115	335382681355504
335382682239920	335382690540448	335382687207504
335382697075712	335382707223781	335382703456920
335382715198712	335382723907114	335382721573254
335382726880712	335382740590447	335382733241754
335382743079920	335382757273780	335382749446212
335382762488420	335382773957113	335382768769170
335382778148337	335382790640446	335382784486504
335382795280670	335382807323779	335382801624712
335382813097712	335382824007112	335382819428920
335382828367504	335382840690445	335382834735754
335382846638254	335382857373778	335382852979754
335382864311212	335382874057111	335382870706962
335382879523004	335382907423777	335382885895045
335382896304670	335382924107110	335382902480045
335382912969962	335382940790443	335382919119170
335382929940004	335382957473776	335382936163337
335382947600337	335382974157109	335382953541170
335383118189629	335383140990439	335383136606754
335383143059754	335383174357105	335383167701879
335383156887212	335383207723771	335383194210087
335383184297671	335383224407104	335383220281962
335383217260796	335383241090437	335383229194296
335383232187296	335383257773770	335383240720879
335383249329962	335383274457103	335383257863046
335383264776046	335383291140436	335383273344587
335383281852629	335383307823769	335383290460171
335383297844046	335383324507102	335383306463462
335383314815587	335383341190435	335383323412671
335383334025796	335383357873768	335383342423171
335383350410212	335383374557101	335383358885087
335383371161504	335383391240434	335383377304712
335383384991046	335383407923767	335383391124462
335383400811754	335383424607100	335383406931629
335383417973754	335383441290433	335383424095004
335383435082504	335383457973766	335383441185296
335383452887004	335383474657099	335383458967004
335383468137587	335383491340432	335383474157254
335383484660587	335383508023765	335383490703921
335383501682546	335383524707098	335383507801837
335383519297587	335383541390431	335383525480421
335383536863712	335383558073764	335383542930421
335383552277421	335383574757097	335383558353004
335383570592921	335383591440430	335383576626879
335383586776171	335383608123763	335383592848796
335383602531587	335383624807096	335383608619629
335383620696212	335383641490429	335383626829546
335383638227462	335383658173762	335383644265921
335383653090337	335383674857095	335383659250462
335383670734254	335383691540428	335383676912463
335383688613171	335383708223761	335383694565088
335383701498963	335383724907094	335383707694004
335383722170963	335383741590427	335383728292379
335383735714296	335383758273760	335383741842171
335383752436963	335383774957093	335383758527963
335383769191046	335383791640426	335383775379754
335383786132213	335383808323759	335383792342046
335383802483004	335383825007092	335383808617088
335383819568838	335383841690425	335383825745963
335383836798504	335383858373758	335383843020421
335383857398421	335383875057091	335383863863546
335383871355963	335383891740424	335383879840004
335383886655171	335383908423757	335383894323963
335383902947463	335383925107090	335383910082921
335383919587338	335383941790423	335383926308088
335383936316338	335383958473756	335383942782463
335383953082796	335383975157089	335383959329796
335383969668963	335383991840422	335383975880379
335383985779921	335384008523755	335383991971171
335384002517879	335384025207088	335384008641629
335384019270963	335384041890421	335384025386421
335384036352213	335384058573754	335384042452129
335384053259338	335384075257087	335384059366379
335384069727046	335384091940420	335384075920088
335384086561713	335384108623753	335384092662796
335384103995796	335384125307086	335384110046254
335384124122088	335384141990419	335384130146963
335384139619588	335384158673752	335384145521088
335384156869754	335384175357085	335384162905629
335384174096713	335384192040418	335384180092546
335384189683713	335384208723751	335384195717338
335384207376921	335384225407084	335384213491379
335384224081629	335384242090417	335384230034463
335384240274546	335384258773750	335384246255129
335384256541421	335384275457083	335384262536754
335384274885504	335384292140416	335384280769796
335384290384213	335384308823749	335384296437504
335384308112838	335384325507082	335384314061754
335384324839046	335384342190415	335384330834588
335384340900046	335384358873748	335384346878296
335384737002838	335384759273740	335384755266588
335384745584380	335384775957073	335384779437880
335384777798546	335384809323739	335384804736755
335384794372755	335384826007072	335384829874296
335384827494088	335384842690405	335384845521255
335384844747338	335384859373738	335384854352296
335384860904255	335384876057071	335384869447463
335384877539380	335384892740404	335384886074505
335384893869255	335384909423737	335384902451338
335384910669171	335384926107070	335384919251255
335384927487838	335384942790403	335384936092296

===
16683333
335383552277421	335383574757097	335383558353004
335383570592921	335383591440430	335383576626879
335383586776171	335383608123763	335383592848796
335383602531587	335383624807096	335383608619629
335383620696212	335383641490429	335383626829546
335383638227462	335383658173762	335383644265921
335383653090337	335383674857095	335383659250462
335383670734254	335383691540428	335383676912463
335383688613171	335383708223761	335383694565088
335383701498963	335383724907094	335383707694004
335383722170963	335383741590427	335383728292379
335383735714296	335383758273760	335383741842171
335383752436963	335383774957093	335383758527963
335383769191046	335383791640426	335383775379754
335383786132213	335383808323759	335383792342046
335383802483004	335383825007092	335383808617088
335383819568838	335383841690425	335383825745963
335383836798504	335383858373758	335383843020421
335383857398421	335383875057091	335383863863546
335383871355963	335383891740424	335383879840004
335383886655171	335383908423757	335383894323963
335383902947463	335383925107090	335383910082921
335383919587338	335383941790423	335383926308088
335383936316338	335383958473756	335383942782463
335383953082796	335383975157089	335383959329796
335383969668963	335383991840422	335383975880379
335383985779921	335384008523755	335383991971171
335384002517879	335384025207088	335384008641629
335384019270963	335384041890421	335384025386421
335384036352213	335384058573754	335384042452129
335384053259338	335384075257087	335384059366379
335384069727046	335384091940420	335384075920088
335384086561713	335384108623753	335384092662796
335384103995796	335384125307086	335384110046254
335384124122088	335384141990419	335384130146963
335384139619588	335384158673752	335384145521088
335384156869754	335384175357085	335384162905629
335384174096713	335384192040418	335384180092546
335384189683713	335384208723751	335384195717338
335384207376921	335384225407084	335384213491379
335384224081629	335384242090417	335384230034463
335384240274546	335384258773750	335384246255129
335384256541421	335384275457083	335384262536754
335384274885504	335384292140416	335384280769796
335384290384213	335384308823749	335384296437504
335384308112838	335384325507082	335384314061754
335384324839046	335384342190415	335384330834588
335384340900046	335384358873748	335384346878296
335384737002838	335384759273740	335384755266588
335384745584380	335384775957073	335384779437880
335384777798546	335384809323739	335384804736755
335384794372755	335384826007072	335384829874296
335384827494088	335384842690405	335384845521255
335384844747338	335384859373738	335384854352296
335384860904255	335384876057071	335384869447463
335384877539380	335384892740404	335384886074505
335384893869255	335384909423737	335384902451338
335384910669171	335384926107070	335384919251255
335384927487838	335384942790403	335384936092296
335384944859796	335384959473736	335384953512796
335384963624046	335384976157069	335384972093671
335384978894588	335384992840402	335384987426130
335384995603380	335385009523735	335385001729755
335385012273921	335385026207068	335385018491338
335385029592046	335385042890401	335385035713005
335385047364130	335385059573734	335385053484546
335385063737797	335385076257067	335385069843380
335385080399130	335385092940400	335385086539588
335385098021713	335385109623733	335385104156588
335385115183213	335385126307066	335385121280255
335385130919630	335385142990399	335385137057755
335385148411713	335385159673732	335385154538963
335385165387380	335385176357065	335385171467880
335385182370755	335385193040398	335385188475880
335385198192172	335385209723731	335385204291213
335385214917463	335385226407064	335385221035588
335385231940297	335385243090397	335385238050588
335385250090172	335385276457063	335385256270005
335385264573130	335385293140396	335385270745088
335385282594713	335385309823729	335385288697505
335385300151838	335385326507062	335385306159797
335385316913380	335385343190395	335385322983255
335385332734755	335385359873728	335385338831672
335385349194088	335385376557061	335385355302755
335385367442505	335385393240394	335385373501880
335385383302172	335385409923727	335385389377380
335385401836338	335385426607060	335385407861213
335385415660213	335385443290393	335385421837630
335385432636172	335385459973726	335385438767963
335385448663713	335385476657059	335385454784213
335385465004297	335385493340392	335385471148005
335385481606922	335385510023725	335385487728963
335385498322047	335385526707058	335385504500922
335385515120547	335385543390391	335385521356505
335385532787713	335385560073724	335385539021213
335385549644880	335385576757057	335385555856713
335385566510422	335385593440390	335385572745755
335385583942172	335385610123723	335385592339588
335385599940505	335385626807056	335385607680672
335385616867297	335385643490389	335385623974547
335385632944797	335385660173722	335385639661922
335385649690213	335385676857055	335385656119672
335385665978130	335385693540388	335385672237255
335385683750797	335385710223721	335385689985422
335385699916088	335385726907054	335385706139255
335385716561088	335385743590387	335385722699422
335385733257588	335385760273720	335385739371130
335385750034547	335385776957053	335385756113713
335385766893755	335385793640386	335385772945089
335385786473714	335385810323719	335385792518755
335385803294630	335385827007052	335385809274880
335385819437630	335385843690385	335385825404797
335385834698755	335385860373718	335385840920464
335385853569255	335385877057051	335385859576380
335385869627589	335385893740384	335385875579755
335385886022672	335385910423717	335385892140464
335385903288839	335385927107050	335385909318005
335385917780797	335385943790383	335385923876922
335385936699130	335385960473716	335385942726880
335385953846130	335385977157049	335385959876880
335385971877297	335385993840382	335385977895297
335385988094464	335386010523715	335385994065880
335386003971964	335386027207048	335386009995630
335386021675922	335386043890381	335386027663922
335386038198172	335386060573714	335386044183130
335386054229130	335386077257047	335386060272464
335386070674630	335386093940380	335386076775339

===
16683333
335384963624046	335384976157069	335384972093671
335384978894588	335384992840402	335384987426130
335384995603380	335385009523735	335385001729755
335385012273921	335385026207068	335385018491338
335385029592046	335385042890401	335385035713005
335385047364130	335385059573734	335385053484546
335385063737797	335385076257067	335385069843380
335385080399130	335385092940400	335385086539588
335385098021713	335385109623733	335385104156588
335385115183213	335385126307066	335385121280255
335385130919630	335385142990399	335385137057755
335385148411713	335385159673732	335385154538963
335385165387380	335385176357065	335385171467880
335385182370755	335385193040398	335385188475880
335385198192172	335385209723731	335385204291213
335385214917463	335385226407064	335385221035588
335385231940297	335385243090397	335385238050588
335385250090172	335385276457063	335385256270005
335385264573130	335385293140396	335385270745088
335385282594713	335385309823729	335385288697505
335385300151838	335385326507062	335385306159797
335385316913380	335385343190395	335385322983255
335385332734755	335385359873728	335385338831672
335385349194088	335385376557061	335385355302755
335385367442505	335385393240394	335385373501880
335385383302172	335385409923727	335385389377380
335385401836338	335385426607060	335385407861213
335385415660213	335385443290393	335385421837630
335385432636172	335385459973726	335385438767963
335385448663713	335385476657059	335385454784213
335385465004297	335385493340392	335385471148005
335385481606922	335385510023725	335385487728963
335385498322047	335385526707058	335385504500922
335385515120547	335385543390391	335385521356505
335385532787713	335385560073724	335385539021213
335385549644880	335385576757057	335385555856713
335385566510422	335385593440390	335385572745755
335385583942172	335385610123723	335385592339588
335385599940505	335385626807056	335385607680672
335385616867297	335385643490389	335385623974547
335385632944797	335385660173722	335385639661922
335385649690213	335385676857055	335385656119672
335385665978130	335385693540388	335385672237255
335385683750797	335385710223721	335385689985422
335385699916088	335385726907054	335385706139255
335385716561088	335385743590387	335385722699422
335385733257588	335385760273720	335385739371130
335385750034547	335385776957053	335385756113713
335385766893755	335385793640386	335385772945089
335385786473714	335385810323719	335385792518755
335385803294630	335385827007052	335385809274880
335385819437630	335385843690385	335385825404797
335385834698755	335385860373718	335385840920464
335385853569255	335385877057051	335385859576380
335385869627589	335385893740384	335385875579755
335385886022672	335385910423717	335385892140464
335385903288839	335385927107050	335385909318005
335385917780797	335385943790383	335385923876922
335385936699130	335385960473716	335385942726880
335385953846130	335385977157049	335385959876880
335385971877297	335385993840382	335385977895297
335385988094464	335386010523715	335385994065880
335386003971964	335386027207048	335386009995630
335386021675922	335386043890381	335386027663922
335386038198172	335386060573714	335386044183130
335386054229130	335386077257047	335386060272464
335386070674630	335386093940380	335386076775339
335386385990755	335386410923707	335386404281130
335386392866589	335386427607040	335386429659380
335386423561339	335386460973706	335386455477839
335386439682255	335386477657039	335386480964797
335386473111006	335386511023705	335386506826631
335386490686381	335386527707038	335386519395047
335386523417464	335386544390371	335386531921797
335386540319214	335386561073704	335386548892714
335386557597797	335386577757037	335386566158797
335386573891506	335386594440370	335386582512381
335386590607339	335386611123703	335386599236631
335386609280256	335386627807036	335386617849506
335386627251006	335386644490369	335386635780881
335386643625006	335386661173702	335386649749256
335386659928631	335386677857035	335386666058089
335386676393006	335386694540368	335386682563006
335386693840506	335386711223701	335386699945256
335386710691797	335386727907034	335386716748047
335386727972131	335386744590367	335386734106589
335386745437881	335386761273700	335386751510964
335386760773797	335386777957033	335386766792589
335386778981172	335386794640366	335386785027964
335386795791006	335386811323699	335386801881422
335386811305131	335386828007032	335386817180172
335386829412339	335386844690365	335386835514381
335386845108547	335386861373698	335386851188089
335386862424631	335386878057031	335386868538547
335386880041589	335386894740364	335386886129339
335386895490797	335386911423697	335386901568922
335386913016589	335386928107030	335386919063089
335386930625214	335386944790363	335386936630131
335386945736131	335386961473696	335386951820631
335386963599297	335386978157029	335386969650547
335386980806506	335386994840362	335386986899422
335386996221839	335387011523695	335387002206839
335387013955672	335387028207028	335387020046672
335387031813506	335387044890361	335387037780881
335387045503631	335387061573694	335387051718047
335387061856714	335387078257027	335387068117089
335387078273047	335387094940360	335387084407964
335387094547797	335387111623693	335387100696839
335387111156256	335387128307026	335387117284672
335387128067047	335387144990359	335387134190922
335387144749464	335387161673692	335387150925589
335387162383548	335387178357025	335387169698048
335387179465173	335387195040358	335387185802131
335387195628881	335387211723691	335387201756589
335387213404506	335387228407024	335387221124589
335387229701131	335387245090357	335387236773756
335387245657964	335387261773690	335387252412714
335387262364839	335387278457023	335387268777714
335387278871298	335387295140356	335387285113589
335387295856006	335387311823689	335387302074006
335387312724756	335387328507022	335387318932381
335387329220714	335387345190355	335387335394256
335387346067839	335387361873688	335387352177173
335387362724423	335387378557021	335387368779589
335387379866506	335387395240354	335387385973714
335387396344798	335387411923687	335387402468631
335387415625881	335387428607020	335387421685006

===
16683333
335385853569255	335385877057051	335385859576380
335385869627589	335385893740384	335385875579755
335385886022672	335385910423717	335385892140464
335385903288839	335385927107050	335385909318005
335385917780797	335385943790383	335385923876922
335385936699130	335385960473716	335385942726880
335385953846130	335385977157049	335385959876880
335385971877297	335385993840382	335385977895297
335385988094464	335386010523715	335385994065880
335386003971964	335386027207048	335386009995630
335386021675922	335386043890381	335386027663922
335386038198172	335386060573714	335386044183130
335386054229130	335386077257047	335386060272464
335386070674630	335386093940380	335386076775339
335386385990755	335386410923707	335386404281130
335386392866589	335386427607040	335386429659380
335386423561339	335386460973706	335386455477839
335386439682255	335386477657039	335386480964797
335386473111006	335386511023705	335386506826631
335386490686381	335386527707038	335386519395047
335386523417464	335386544390371	335386531921797
335386540319214	335386561073704	335386548892714
335386557597797	335386577757037	335386566158797
335386573891506	335386594440370	335386582512381
335386590607339	335386611123703	335386599236631
335386609280256	335386627807036	335386617849506
335386627251006	335386644490369	335386635780881
335386643625006	335386661173702	335386649749256
335386659928631	335386677857035	335386666058089
335386676393006	335386694540368	335386682563006
335386693840506	335386711223701	335386699945256
335386710691797	335386727907034	335386716748047
335386727972131	335386744590367	335386734106589
335386745437881	335386761273700	335386751510964
335386760773797	335386777957033	335386766792589
335386778981172	335386794640366	335386785027964
335386795791006	335386811323699	335386801881422
335386811305131	335386828007032	335386817180172
335386829412339	335386844690365	335386835514381
335386845108547	335386861373698	335386851188089
335386862424631	335386878057031	335386868538547
335386880041589	335386894740364	335386886129339
335386895490797	335386911423697	335386901568922
335386913016589	335386928107030	335386919063089
335386930625214	335386944790363	335386936630131
335386945736131	335386961473696	335386951820631
335386963599297	335386978157029	335386969650547
335386980806506	335386994840362	335386986899422
335386996221839	335387011523695	335387002206839
335387013955672	335387028207028	335387020046672
335387031813506	335387044890361	335387037780881
335387045503631	335387061573694	335387051718047
335387061856714	335387078257027	335387068117089
335387078273047	335387094940360	335387084407964
335387094547797	335387111623693	335387100696839
335387111156256	335387128307026	335387117284672
335387128067047	335387144990359	335387134190922
335387144749464	335387161673692	335387150925589
335387162383548	335387178357025	335387169698048
335387179465173	335387195040358	335387185802131
335387195628881	335387211723691	335387201756589
335387213404506	335387228407024	335387221124589
335387229701131	335387245090357	335387236773756
335387245657964	335387261773690	335387252412714
335387262364839	335387278457023	335387268777714
335387278871298	335387295140356	335387285113589
335387295856006	335387311823689	335387302074006
335387312724756	335387328507022	335387318932381
335387329220714	335387345190355	335387335394256
335387346067839	335387361873688	335387352177173
335387362724423	335387378557021	335387368779589
335387379866506	335387395240354	335387385973714
335387396344798	335387411923687	335387402468631
335387415625881	335387428607020	335387421685006
335387433185548	335387445290353	335387439275548
335387447656631	335387461973686	335387453786006
335387465085673	335387478657019	335387471126964
335387480813506	335387495340352	335387486868006
335387497605381	335387512023685	335387503552381
335387515803798	335387528707018	335387521811464
335387532950631	335387545390351	335387538961756
335387549958714	335387562073684	335387555961673
335387567040881	335387578757017	335387573039964
335387583126381	335387595440350	335387589266589
335387599455339	335387612123683	335387605346673
335387616170589	335387628807016	335387622239548
335387633839214	335387662173682	335387639883214
335387651592423	335387662173682	335387657629006
335387668176923	335387678857015	335387674112464
335387683825006	335387712223681	335387689823131
335388043956881	335388062573674	335388062225590
335388051519423	335388095940340	335388086367090
335388070404423	335388112623673	335388109221340
335388103246506	335388129307006	335388117978756
335388120046923	335388145990339	335388128577923
335388136875715	335388162673672	335388145573756
335388153407298	335388179357005	335388162189798
335388169996756	335388196040338	335388178533256
335388186544506	335388212723671	335388195093756
335388203367923	335388229407004	335388211956173
335388220389340	335388246090337	335388229033006
335388237029173	335388262773670	335388245634923
335388253710423	335388279457003	335388262345298
335388272781590	335388296140336	335388281270298
335388290614923	335388312823669	335388299085090
335388306524590	335388329507002	335388312424173
335388323164590	335388346190335	335388329329256
335388341179840	335388362873668	335388347380381
335388358766506	335388379557001	335388364903840
335388374459798	335388396240334	335388380483923
335388390674631	335388412923667	335388396812840
335388408754881	335388429607000	335388414880131
335388424695298	335388446290333	335388430785381
335388440517131	335388462973666	335388446624631
335388457987631	335388479656999	335388463991798
335388475071173	335388496340332	335388481185090
335388492625423	335388513023665	335388498778465
335388509405631	335388529706998	335388515522340
335388525565631	335388546390331	335388531649506
335388541391881	335388563073664	335388547402840
335388559143965	335388579756997	335388565260673
335388574212382	335388596440330	335388580268923
335388592570423	335388613123663	335388598301340
335388609190215	335388629806996	335388615310382
335388627365923	335388646490329	335388633417632
335388643845965	335388663173662	335388649987923
335388659708548	335388679856995	335388665797090

===
16683333
335387111156256	335387128307026	335387117284672
335387128067047	335387144990359	335387134190922
335387144749464	335387161673692	335387150925589
335387162383548	335387178357025	335387169698048
335387179465173	335387195040358	335387185802131
335387195628881	335387211723691	335387201756589
335387213404506	335387228407024	335387221124589
335387229701131	335387245090357	335387236773756
335387245657964	335387261773690	335387252412714
335387262364839	335387278457023	335387268777714
335387278871298	335387295140356	335387285113589
335387295856006	335387311823689	335387302074006
335387312724756	335387328507022	335387318932381
335387329220714	335387345190355	335387335394256
335387346067839	335387361873688	335387352177173
335387362724423	335387378557021	335387368779589
335387379866506	335387395240354	335387385973714
335387396344798	335387411923687	335387402468631
335387415625881	335387428607020	335387421685006
335387433185548	335387445290353	335387439275548
335387447656631	335387461973686	335387453786006
335387465085673	335387478657019	335387471126964
335387480813506	335387495340352	335387486868006
335387497605381	335387512023685	335387503552381
335387515803798	335387528707018	335387521811464
335387532950631	335387545390351	335387538961756
335387549958714	335387562073684	335387555961673
335387567040881	335387578757017	335387573039964
335387583126381	335387595440350	335387589266589
335387599455339	335387612123683	335387605346673
335387616170589	335387628807016	335387622239548
335387633839214	335387662173682	335387639883214
335387651592423	335387662173682	335387657629006
335387668176923	335387678857015	335387674112464
335387683825006	335387712223681	335387689823131
335388043956881	335388062573674	335388062225590
335388051519423	335388095940340	335388086367090
335388070404423	335388112623673	335388109221340
335388103246506	335388129307006	335388117978756
335388120046923	335388145990339	335388128577923
335388136875715	335388162673672	335388145573756
335388153407298	335388179357005	335388162189798
335388169996756	335388196040338	335388178533256
335388186544506	335388212723671	335388195093756
335388203367923	335388229407004	335388211956173
335388220389340	335388246090337	335388229033006
335388237029173	335388262773670	335388245634923
335388253710423	335388279457003	335388262345298
335388272781590	335388296140336	335388281270298
335388290614923	335388312823669	335388299085090
335388306524590	335388329507002	335388312424173
335388323164590	335388346190335	335388329329256
335388341179840	335388362873668	335388347380381
335388358766506	335388379557001	335388364903840
335388374459798	335388396240334	335388380483923
335388390674631	335388412923667	335388396812840
335388408754881	335388429607000	335388414880131
335388424695298	335388446290333	335388430785381
335388440517131	335388462973666	335388446624631
335388457987631	335388479656999	335388463991798
335388475071173	335388496340332	335388481185090
335388492625423	335388513023665	335388498778465
335388509405631	335388529706998	335388515522340
335388525565631	335388546390331	335388531649506
335388541391881	335388563073664	335388547402840
335388559143965	335388579756997	335388565260673
335388574212382	335388596440330	335388580268923
335388592570423	335388613123663	335388598301340
335388609190215	335388629806996	335388615310382
335388627365923	335388646490329	335388633417632
335388643845965	335388663173662	335388649987923
335388659708548	335388679856995	335388665797090
335388677588090	335388696540328	335388683530507
335388691762423	335388713223661	335388697926632
335388710404257	335388729906994	335388716535548
335388725224090	335388746590327	335388730742965
335388740656923	335388763273660	335388746764590
335388757390840	335388779956993	335388763542423
335388774808548	335388796640326	335388781027048
335388791708798	335388813323659	335388797849840
335388808370298	335388830006992	335388814539090
335388825790673	335388846690325	335388834201090
335388842134298	335388863373658	335388849877215
335388858383715	335388880056991	335388865511007
335388875089923	335388896740324	335388881819632
335388891736673	335388913423657	335388898195507
335388908251173	335388930106990	335388914581298
335388925275382	335388946790323	335388931489965
335388942005590	335388963473656	335388948208798
335388958664048	335388980156989	335388964841757
335388975396090	335388996840322	335388981510548
335388992212757	335389013523655	335388998292215
335389008992298	335389030206988	335389015087965
335389025757340	335389046890321	335389031857590
335389042584965	335389063573654	335389048707590
335389061965257	335389080256987	335389068036340
335389078340715	335389096940320	335389084395215
335389095182840	335389113623653	335389101214632
335389112664548	335389130306986	335389118687590
335389129915132	335389146990319	335389135878298
335389145953548	335389163673652	335389151913965
335389162090632	335389180356985	335389168184757
335389179126090	335389197040318	335389185133423
335389196892798	335389213723651	335389202935173
335389213940548	335389230406984	335389219943757
335389230711965	335389247090317	335389236739715
335389246748548	335389263773650	335389252774257
335389262834799	335389280456983	335389268994215
335389280509090	335389297140316	335389286500632
335389297858965	335389313823649	335389303830674
335389314785549	335389330506982	335389320785882
335389638597674	335389647490309	335389656699590
335389646364674	335389680856975	335389680860549
335389666081840	335389697540308	335389706115632
335389699203965	335389730906974	335389731271465
335389715986757	335389747590307	335389745803840
335389749662757	335389764273640	335389758388507
335389766239299	335389780956973	335389774765507
335389782792132	335389797640306	335389791289174
335389799777049	335389814323639	335389808370674
335389816404174	335389831006972	335389824992840
335389833210632	335389847690305	335389841814715
335389849962465	335389864373638	335389858558799
335389870203299	335389881056971	335389878715340
335389886185840	335389897740304	335389894732924
335389902613090	335389914423637	335389908740299
335389919808924	335389931106970	335389925971632

===
16683333
335388509405631	335388529706998	335388515522340
335388525565631	335388546390331	335388531649506
335388541391881	335388563073664	335388547402840
335388559143965	335388579756997	335388565260673
335388574212382	335388596440330	335388580268923
335388592570423	335388613123663	335388598301340
335388609190215	335388629806996	335388615310382
335388627365923	335388646490329	335388633417632
335388643845965	335388663173662	335388649987923
335388659708548	335388679856995	335388665797090
335388677588090	335388696540328	335388683530507
335388691762423	335388713223661	335388697926632
335388710404257	335388729906994	335388716535548
335388725224090	335388746590327	335388730742965
335388740656923	335388763273660	335388746764590
335388757390840	335388779956993	335388763542423
335388774808548	335388796640326	335388781027048
335388791708798	335388813323659	335388797849840
335388808370298	335388830006992	335388814539090
335388825790673	335388846690325	335388834201090
335388842134298	335388863373658	335388849877215
335388858383715	335388880056991	335388865511007
335388875089923	335388896740324	335388881819632
335388891736673	335388913423657	335388898195507
335388908251173	335388930106990	335388914581298
335388925275382	335388946790323	335388931489965
335388942005590	335388963473656	335388948208798
335388958664048	335388980156989	335388964841757
335388975396090	335388996840322	335388981510548
335388992212757	335389013523655	335388998292215
335389008992298	335389030206988	335389015087965
335389025757340	335389046890321	335389031857590
335389042584965	335389063573654	335389048707590
335389061965257	335389080256987	335389068036340
335389078340715	335389096940320	335389084395215
335389095182840	335389113623653	335389101214632
335389112664548	335389130306986	335389118687590
335389129915132	335389146990319	335389135878298
335389145953548	335389163673652	335389151913965
335389162090632	335389180356985	335389168184757
335389179126090	335389197040318	335389185133423
335389196892798	335389213723651	335389202935173
335389213940548	335389230406984	335389219943757
335389230711965	335389247090317	335389236739715
335389246748548	335389263773650	335389252774257
335389262834799	335389280456983	335389268994215
335389280509090	335389297140316	335389286500632
335389297858965	335389313823649	335389303830674
335389314785549	335389330506982	335389320785882
335389638597674	335389647490309	335389656699590
335389646364674	335389680856975	335389680860549
335389666081840	335389697540308	335389706115632
335389699203965	335389730906974	335389731271465
335389715986757	335389747590307	335389745803840
335389749662757	335389764273640	335389758388507
335389766239299	335389780956973	335389774765507
335389782792132	335389797640306	335389791289174
335389799777049	335389814323639	335389808370674
335389816404174	335389831006972	335389824992840
335389833210632	335389847690305	335389841814715
335389849962465	335389864373638	335389858558799
335389870203299	335389881056971	335389878715340
335389886185840	335389897740304	335389894732924
335389902613090	335389914423637	335389908740299
335389919808924	335389931106970	335389925971632
335389937342090	335389947790303	335389943674757
335389951932965	335389964473636	335389957941299
335389968252507	335389981156969	335389974275799
335389985126716	335389997840302	335389991307132
335390002932549	335390014523635	335390009124132
335390020978757	335390031206968	335390027154507
335390037637632	335390047890301	335390043815507
335390053728841	335390081256967	335390059822049
335390070198341	335390097940300	335390076202632
335390087289132	335390114623633	335390093408007
335390104907424	335390131306966	335390111022924
335390122218882	335390147990299	335390128291632
335390137913674	335390164673632	335390143980216
335390154022674	335390181356965	335390160075591
335390171317341	335390198040298	335390177431841
335390188527216	335390214723631	335390194632549
335390206284466	335390231406964	335390212394757
335390222941091	335390248090297	335390228886466
335390238637132	335390264773630	335390244701382
335390255242257	335390281456963	335390261419174
335390272279007	335390298140296	335390278370507
335390289308716	335390314823629	335390295416924
335390307054882	335390331506962	335390313259882
335390322128757	335390348190295	335390328244174
335390337601299	335390364873628	335390343741341
335390354247549	335390381556961	335390360404007
335390370413591	335390398240294	335390376539466
335390387101716	335390414923627	335390393245216
335390403867882	335390431606960	335390410006882
335390420810299	335390448290293	335390426949549
335390443670216	335390464973626	335390449880424
335390455511924	335390481656959	335390461687882
335390472226257	335390498340292	335390478507966
335390488992424	335390515023625	335390496718466
335390505495799	335390531706958	335390512618632
335390521558341	335390548390291	335390528274382
335390538379257	335390565073624	335390544843382
335390554840924	335390581756957	335390561079007
335390572363132	335390598440290	335390578544924
335390588888299	335390615123623	335390595073049
335390605580799	335390631806956	335390611760424
335390622283341	335390648490289	335390628387091
335390639107799	335390665173622	335390645207882
335390655823133	335390681856955	335390661924049
335390672616883	335390698540288	335390678712591
335390692338008	335390715223621	335390698379174
335390708522883	335390731906954	335390714564091
335390726194174	335390748590287	335390732232549
335390742208091	335390765273620	335390748180883
335390758752633	335390781956953	335390764817299
335390775689133	335390798640286	335390781756216
335390791745924	335390815323619	335390797771383
335390809144091	335390832006952	335390815184258
335390826826174	335390848690285	335390832837383
335390842198466	335390865373618	335390848310758
335390859592216	335390882056951	335390865596591
335390877256133	335390898740284	335390883287966
335390894095174	335390915423617	335390900038049
335390910367716	335390932106950	335390916289341
335390926100549	335390948790283	335390932153841
335390943165341	335390965473616	335390949164883
335390961070174	335390982156949	335390967083841

===
16683333
335388825790673	335388846690325	335388834201090
335388842134298	335388863373658	335388849877215
335388858383715	335388880056991	335388865511007
335388875089923	335388896740324	335388881819632
335388891736673	335388913423657	335388898195507
335388908251173	335388930106990	335388914581298
335388925275382	335388946790323	335388931489965
335388942005590	335388963473656	335388948208798
335388958664048	335388980156989	335388964841757
335388975396090	335388996840322	335388981510548
335388992212757	335389013523655	335388998292215
335389008992298	335389030206988	335389015087965
335389025757340	335389046890321	335389031857590
335389042584965	335389063573654	335389048707590
335389061965257	335389080256987	335389068036340
335389078340715	335389096940320	335389084395215
335389095182840	335389113623653	335389101214632
335389112664548	335389130306986	335389118687590
335389129915132	335389146990319	335389135878298
335389145953548	335389163673652	335389151913965
335389162090632	335389180356985	335389168184757
335389179126090	335389197040318	335389185133423
335389196892798	335389213723651	335389202935173
335389213940548	335389230406984	335389219943757
335389230711965	335389247090317	335389236739715
335389246748548	335389263773650	335389252774257
335389262834799	335389280456983	335389268994215
335389280509090	335389297140316	335389286500632
335389297858965	335389313823649	335389303830674
335389314785549	335389330506982	335389320785882
335389638597674	335389647490309	335389656699590
335389646364674	335389680856975	335389680860549
335389666081840	335389697540308	335389706115632
335389699203965	335389730906974	335389731271465
335389715986757	335389747590307	335389745803840
335389749662757	335389764273640	335389758388507
335389766239299	335389780956973	335389774765507
335389782792132	335389797640306	335389791289174
335389799777049	335389814323639	335389808370674
335389816404174	335389831006972	335389824992840
335389833210632	335389847690305	335389841814715
335389849962465	335389864373638	335389858558799
335389870203299	335389881056971	335389878715340
335389886185840	335389897740304	335389894732924
335389902613090	335389914423637	335389908740299
335389919808924	335389931106970	335389925971632
335389937342090	335389947790303	335389943674757
335389951932965	335389964473636	335389957941299
335389968252507	335389981156969	335389974275799
335389985126716	335389997840302	335389991307132
335390002932549	335390014523635	335390009124132
335390020978757	335390031206968	335390027154507
335390037637632	335390047890301	335390043815507
335390053728841	335390081256967	335390059822049
335390070198341	335390097940300	335390076202632
335390087289132	335390114623633	335390093408007
335390104907424	335390131306966	335390111022924
335390122218882	335390147990299	335390128291632
335390137913674	335390164673632	335390143980216
335390154022674	335390181356965	335390160075591
335390171317341	335390198040298	335390177431841
335390188527216	335390214723631	335390194632549
335390206284466	335390231406964	335390212394757
335390222941091	335390248090297	335390228886466
335390238637132	335390264773630	335390244701382
335390255242257	335390281456963	335390261419174
335390272279007	335390298140296	335390278370507
335390289308716	335390314823629	335390295416924
335390307054882	335390331506962	335390313259882
335390322128757	335390348190295	335390328244174
335390337601299	335390364873628	335390343741341
335390354247549	335390381556961	335390360404007
335390370413591	335390398240294	335390376539466
335390387101716	335390414923627	335390393245216
335390403867882	335390431606960	335390410006882
335390420810299	335390448290293	335390426949549
335390443670216	335390464973626	335390449880424
335390455511924	335390481656959	335390461687882
335390472226257	335390498340292	335390478507966
335390488992424	335390515023625	335390496718466
335390505495799	335390531706958	335390512618632
335390521558341	335390548390291	335390528274382
335390538379257	335390565073624	335390544843382
335390554840924	335390581756957	335390561079007
335390572363132	335390598440290	335390578544924
335390588888299	335390615123623	335390595073049
335390605580799	335390631806956	335390611760424
335390622283341	335390648490289	335390628387091
335390639107799	335390665173622	335390645207882
335390655823133	335390681856955	335390661924049
335390672616883	335390698540288	335390678712591
335390692338008	335390715223621	335390698379174
335390708522883	335390731906954	335390714564091
335390726194174	335390748590287	335390732232549
335390742208091	335390765273620	335390748180883
335390758752633	335390781956953	335390764817299
335390775689133	335390798640286	335390781756216
335390791745924	335390815323619	335390797771383
335390809144091	335390832006952	335390815184258
335390826826174	335390848690285	335390832837383
335390842198466	335390865373618	335390848310758
335390859592216	335390882056951	335390865596591
335390877256133	335390898740284	335390883287966
335390894095174	335390915423617	335390900038049
335390910367716	335390932106950	335390916289341
335390926100549	335390948790283	335390932153841
335390943165341	335390965473616	335390949164883
335390961070174	335390982156949	335390967083841
335391635684258	335391649490269	335391648295716
335391652100258	335391666173602	335391666736050
335391670938008	335391682856935	335391685542216
335391690039383	335391699540268	335391704672425
335391706196800	335391716223601	335391725537341
335391719313758	335391749590267	335391744857675
335391734070591	335391766273600	335391763748050
335391768051341	335391782956933	335391785151508
335391786824591	335391799640266	335391793179258
335391801588258	335391816323599	335391807734216
335391818033133	335391833006932	335391824335133
335391834322591	335391849690265	335391840574675
335391851639675	335391866373598	335391857924883
335391866741508	335391883056931	335391873098341
335391883278716	335391899740264	335391889714383
335391903409966	335391916423597	335391909748591
335391918660133	335391933106930	335391924745675
335391935387716	335391949790263	335391941552133
335391952823425	335391966473596	335391958802300

