Applications Graphics Acceleration Info:
Uptime: 334986952 Realtime: 369661062

** Graphics info for pid 3683 [com.auroratv.lab] **

Stats since: 334976474136102ns
Total frames rendered: 421
Janky frames: 15 (3.56%)
Janky frames (legacy): 408 (96.91%)
50th percentile: 32ms
90th percentile: 38ms
95th percentile: 48ms
99th percentile: 89ms
Number Missed Vsync: 2
Number High input latency: 813
Number Slow UI thread: 13
Number Slow bitmap uploads: 0
Number Slow issue draw commands: 14
Number Frame deadline missed: 15
Number Frame deadline missed (legacy): 14
HISTOGRAM: 5ms=0 6ms=0 7ms=0 8ms=0 9ms=0 10ms=0 11ms=0 12ms=0 13ms=0 14ms=0 15ms=0 16ms=0 17ms=0 18ms=1 19ms=0 20ms=0 21ms=7 22ms=27 23ms=65 24ms=30 25ms=7 26ms=5 27ms=4 28ms=4 29ms=1 30ms=2 31ms=11 32ms=52 34ms=78 36ms=76 38ms=14 40ms=1 42ms=4 44ms=3 46ms=7 48ms=4 53ms=3 57ms=1 61ms=2 65ms=1 69ms=0 73ms=1 77ms=0 81ms=2 85ms=3 89ms=2 93ms=1 97ms=1 101ms=1 105ms=0 109ms=0 113ms=0 117ms=0 121ms=0 125ms=0 129ms=0 133ms=0 150ms=0 200ms=0 250ms=0 300ms=0 350ms=0 400ms=0 450ms=0 500ms=0 550ms=0 600ms=0 650ms=0 700ms=0 750ms=0 800ms=0 850ms=0 900ms=0 950ms=0 1000ms=0 1050ms=0 1100ms=0 1150ms=0 1200ms=0 1250ms=0 1300ms=0 1350ms=0 1400ms=0 1450ms=0 1500ms=0 1550ms=0 1600ms=0 1650ms=0 1700ms=0 1750ms=0 1800ms=0 1850ms=0 1900ms=0 1950ms=0 2000ms=0 2050ms=0 2100ms=0 2150ms=0 2200ms=0 2250ms=0 2300ms=0 2350ms=0 2400ms=0 2450ms=0 2500ms=0 2550ms=0 2600ms=0 2650ms=0 2700ms=0 2750ms=0 2800ms=0 2850ms=0 2900ms=0 2950ms=0 3000ms=0 3050ms=0 3100ms=0 3150ms=0 3200ms=0 3250ms=0 3300ms=0 3350ms=0 3400ms=0 3450ms=0 3500ms=0 3550ms=0 3600ms=0 3650ms=0 3700ms=0 3750ms=0 3800ms=0 3850ms=0 3900ms=0 3950ms=0 4000ms=0 4050ms=0 4100ms=0 4150ms=0 4200ms=0 4250ms=0 4300ms=0 4350ms=0 4400ms=0 4450ms=0 4500ms=0 4550ms=0 4600ms=0 4650ms=0 4700ms=0 4750ms=0 4800ms=0 4850ms=0 4900ms=0 4950ms=0
50th gpu percentile: 7ms
90th gpu percentile: 9ms
95th gpu percentile: 16ms
99th gpu percentile: 4950ms
GPU HISTOGRAM: 1ms=0 2ms=0 3ms=0 4ms=0 5ms=0 6ms=0 7ms=321 8ms=10 9ms=49 10ms=7 11ms=1 12ms=1 13ms=3 14ms=1 15ms=0 16ms=7 17ms=1 18ms=0 19ms=4 20ms=0 21ms=1 22ms=1 23ms=1 24ms=0 25ms=1 4950ms=12

Pipeline=Skia (OpenGL)
Memory policy:
  Max surface area: 2073600
  Max resource usage: 99.53MB (x48)
  Background retention: 50% (altUiHidden = true)
  GPU Context timeout: 10
Contexts: 1 (stopped = 0)
CPU Caches:
  Glyph Cache: 1.57 MB (1 entry)
  Glyph Count: 101 
Total CPU memory usage:
  1642289 bytes, 1.57 MB (0.00 bytes is purgeable)
GPU Caches:
  Image:
    Texture: 20.98 MB (69 entries)
  Other:
    Other: 179.28 KB (1 entry)
    Buffer Object: 464.00 bytes (2 entries)
    StencilAttachment: 14.00 KB (3 entries)
  Scratch:
    RenderTarget: 21.84 MB (63 entries)
    Texture: 4.04 MB (6 entries)
    Buffer Object: 78.03 KB (3 entries)
Total GPU memory usage:
  49411072 bytes, 47.12 MB (18.54 MB is purgeable)

Profile data in ms:

	com.auroratv.lab/com.auroratv.MainActivity/android.view.ViewRootImpl@dce9565 (visibility=0)
Window: com.auroratv.lab/com.auroratv.MainActivity
Stats since: 334976474134852ns
Total frames rendered: 421
Janky frames: 15 (3.56%)
Janky frames (legacy): 408 (96.91%)
50th percentile: 32ms
90th percentile: 38ms
95th percentile: 48ms
99th percentile: 89ms
Number Missed Vsync: 2
Number High input latency: 813
Number Slow UI thread: 13
Number Slow bitmap uploads: 0
Number Slow issue draw commands: 14
Number Frame deadline missed: 15
Number Frame deadline missed (legacy): 14
HISTOGRAM: 5ms=0 6ms=0 7ms=0 8ms=0 9ms=0 10ms=0 11ms=0 12ms=0 13ms=0 14ms=0 15ms=0 16ms=0 17ms=0 18ms=1 19ms=0 20ms=0 21ms=7 22ms=27 23ms=65 24ms=30 25ms=7 26ms=5 27ms=4 28ms=4 29ms=1 30ms=2 31ms=11 32ms=52 34ms=78 36ms=76 38ms=14 40ms=1 42ms=4 44ms=3 46ms=7 48ms=4 53ms=3 57ms=1 61ms=2 65ms=1 69ms=0 73ms=1 77ms=0 81ms=2 85ms=3 89ms=2 93ms=1 97ms=1 101ms=1 105ms=0 109ms=0 113ms=0 117ms=0 121ms=0 125ms=0 129ms=0 133ms=0 150ms=0 200ms=0 250ms=0 300ms=0 350ms=0 400ms=0 450ms=0 500ms=0 550ms=0 600ms=0 650ms=0 700ms=0 750ms=0 800ms=0 850ms=0 900ms=0 950ms=0 1000ms=0 1050ms=0 1100ms=0 1150ms=0 1200ms=0 1250ms=0 1300ms=0 1350ms=0 1400ms=0 1450ms=0 1500ms=0 1550ms=0 1600ms=0 1650ms=0 1700ms=0 1750ms=0 1800ms=0 1850ms=0 1900ms=0 1950ms=0 2000ms=0 2050ms=0 2100ms=0 2150ms=0 2200ms=0 2250ms=0 2300ms=0 2350ms=0 2400ms=0 2450ms=0 2500ms=0 2550ms=0 2600ms=0 2650ms=0 2700ms=0 2750ms=0 2800ms=0 2850ms=0 2900ms=0 2950ms=0 3000ms=0 3050ms=0 3100ms=0 3150ms=0 3200ms=0 3250ms=0 3300ms=0 3350ms=0 3400ms=0 3450ms=0 3500ms=0 3550ms=0 3600ms=0 3650ms=0 3700ms=0 3750ms=0 3800ms=0 3850ms=0 3900ms=0 3950ms=0 4000ms=0 4050ms=0 4100ms=0 4150ms=0 4200ms=0 4250ms=0 4300ms=0 4350ms=0 4400ms=0 4450ms=0 4500ms=0 4550ms=0 4600ms=0 4650ms=0 4700ms=0 4750ms=0 4800ms=0 4850ms=0 4900ms=0 4950ms=0
50th gpu percentile: 7ms
90th gpu percentile: 9ms
95th gpu percentile: 16ms
99th gpu percentile: 4950ms
GPU HISTOGRAM: 1ms=0 2ms=0 3ms=0 4ms=0 5ms=0 6ms=0 7ms=321 8ms=10 9ms=49 10ms=7 11ms=1 12ms=1 13ms=3 14ms=1 15ms=0 16ms=7 17ms=1 18ms=0 19ms=4 20ms=0 21ms=1 22ms=1 23ms=1 24ms=0 25ms=1 4950ms=12



---PROFILEDATA---
Flags,FrameTimelineVsyncId,IntendedVsync,Vsync,InputEventId,HandleInputStart,AnimationStart,PerformTraversalsStart,DrawStart,FrameDeadline,FrameInterval,FrameStartTime,SyncQueued,SyncStart,IssueDrawCommandsStart,SwapBuffers,FrameCompleted,DequeueBufferDuration,QueueBufferDuration,GpuCompleted,SwapBuffersCompleted,DisplayPresentTime,CommandSubmissionCompleted,
0,115954356,334983047281112,334983047281112,0,334983047570938,334983047572105,334983048111980,334983048255271,334983099565187,334983047565396,16800371,334983048670438,334983054455146,334983055999105,334983070239813,334983076658980,11397375,500042,334983076658980,334983071036688,-1,334983070239813,
0,115954364,334983064081483,334983064081483,0,334983064346396,334983064347563,334983064772605,334983064921563,334983116365558,334983064341063,16800371,334983065153480,334983071209771,334983072545730,334983087201105,334983093618355,11755459,281334,334983093618355,334983087785271,-1,334983087201105,
0,115954372,334983080881854,334983080881854,0,334983081143355,334983081144480,334983081609396,334983081785521,334983133165929,334983081138063,16800371,334983081991480,334983088078188,334983089435771,334983104276771,334983110691105,11896000,273459,334983110691105,334983104844438,-1,334983104276771,
0,115954380,334983097682225,334983097682225,0,334983097967230,334983097968438,334983098376230,334983098520105,334983149966300,334983097961563,16800371,334983098721063,334983105022063,334983106440896,334983120794980,334983127227063,11397084,329875,334983127227063,334983121451688,-1,334983120794980,
0,115954388,334983114482596,334983114482596,0,334983114742605,334983114743730,334983115167480,334983115322438,334983166766671,334983114737105,16800371,334983115495272,334983121631063,334983122997063,334983140176147,334983146730855,12262875,399500,334983146730855,334983141085772,-1,334983140176147,
0,115954396,334983131282967,334983131282967,0,334983131638397,334983131640563,334983132294147,334983132507647,334983183567042,334983131630563,16800371,334983132699938,334983141341438,334983143422313,334983156230230,334983162720688,8503250,542833,334983162720688,334983157207313,-1,334983156230230,
0,115954404,334983148083338,334983148083338,0,334983148460730,334983148462397,334983149072105,334983149293855,334983200367413,334983148453105,16800371,334983149490980,334983157462063,334983159417522,334983173012688,334983179490855,9516375,383709,334983179490855,334983173813022,-1,334983173012688,
0,115954412,334983164883709,334983164883709,0,334983165521188,334983165522855,334983166605522,334983166801480,334983217167784,334983165513397,16800371,334983167018730,334983174052355,334983175877272,334983189843855,334983196310147,9939959,392000,334983196310147,334983190690480,-1,334983189843855,
0,115954420,334983181684080,334983181684080,0,334983182093147,334983182095105,334983192282772,334983192528147,334983233968155,334983182084522,16800371,334983192698188,334983192920272,334983194755438,334983207035772,334983213455147,7950750,365667,334983213455147,334983207789063,-1,334983207035772,
0,115954428,334983198484451,334983198484451,0,334983198880938,334983198883063,334983199435522,334983199671188,334983250768526,334983198871605,16800371,334983199723272,334983208055188,334983209445563,334983224075355,334983230522230,10086583,801916,334983230522230,334983225332730,-1,334983224075355,
0,115954436,334983215284822,334983215284822,0,334983215622105,334983215623813,334983216143063,334983216362688,334983267568897,334983215614522,16800371,334983216412813,334983225592105,334983227084355,334983239916105,334983246591438,8787833,734958,334983246591438,334983241150980,-1,334983239916105,
0,115954444,334983232085193,334983232085193,0,334983232428813,334983232430688,334983232953813,334983233144188,334983284369268,334983232421105,16800371,334983233190230,334983241391605,334983242903688,334983257524813,334983263945022,10191083,673125,334983263945022,334983258589188,-1,334983257524813,
0,115954452,334983248885564,334983248885564,0,334983249288647,334983249291105,334983249865272,334983250082230,334983301169639,334983249279105,16800371,334983250149855,334983258810105,334983260337938,334983274354647,334983280799605,9519250,803833,334983280799605,334983275615813,-1,334983274354647,
0,115954460,334983265685935,334983265685935,0,334983266032272,334983266033897,334983266491522,334983266678688,334983317970010,334983266024063,16800371,334983266724022,334983275872397,334983277662563,334983291213022,334983297673063,8696000,607083,334983297673063,334983292285063,-1,334983291213022,
0,115954468,334983282486306,334983282486306,0,334983282951355,334983282953438,334983283446147,334983283633188,334983334770381,334983282943355,16800371,334983283678605,334983292545647,334983294418980,334983307214855,334983313763147,8776167,399792,334983313763147,334983308136022,-1,334983307214855,
0,115954476,334983299286677,334983299286677,0,334983299663355,334983299664938,334983300258105,334983300456688,334983351570752,334983299655855,16800371,334983300505105,334983308399188,334983310042772,334983324088522,334983330566397,10143666,465708,334983330566397,334983324951355,-1,334983324088522,
0,115954484,334983316087048,334983316087048,0,334983316508355,334983316510480,334983317003230,334983317220480,334983368371123,334983316498188,16800371,334983317270230,334983325172813,334983326559897,334983341733730,334983348257855,10873541,363083,334983348257855,334983342559230,-1,334983341733730,
0,115954492,334983332887419,334983332887419,0,334983333297105,334983333299272,334983333945730,334983334198772,334983385171494,334983333287147,16800371,334983334250522,334983342785063,334983344483022,334983358942980,334983365364855,9410250,362958,334983365364855,334983359694313,-1,334983358942980,
0,115954500,334983349687790,334983349687790,0,334983350099272,334983350101313,334983350609855,334983350864980,334983401971865,334983350088938,16800371,334983350914730,334983360053980,334983361664813,334983375406022,334983381848022,9088708,944292,334983381848022,334983376802647,-1,334983375406022,
0,115954508,334983366488161,334983366488161,0,334983366878688,334983366880188,334983367353897,334983367598147,334983418772236,334983366870897,16800371,334983367646272,334983377063938,334983378711772,334983391331272,334983397883188,8351833,830166,334983397883188,334983392636772,-1,334983391331272,
0,115954516,334983383288532,334983383288532,0,334983383632230,334983383633938,334983384188813,334983384381313,334983435572607,334983383624813,16800371,334983384426605,334983392898813,334983394675355,334983407589897,334983414016855,9198666,718500,334983414016855,334983408698480,-1,334983407589897,
0,115954646,334983685695210,334983685695210,-967314613,334983686006688,334983686007813,334983731453938,334983731683063,334983704378543,334983686000813,16800371,334983743312397,334983743500397,334983745684188,334983748947563,334983767581022,21834,300791,334983767581022,334983749617813,-1,334983748947563,
0,115954653,334983702495581,334983736096323,0,334983746042480,334983746043772,334983746690855,334983746864397,334983788380398,334983746031147,16800371,334983747471397,334983749803730,334983751489605,334983756716897,334983791640397,53333,10614916,334983791640397,334983767678147,-1,334983756716897,
0,115954660,334983752896694,334983752896694,0,334983753216022,334983753217480,334983753797063,334983753970272,334983821981140,334983753209855,16800371,334983754190272,334983767876980,334983769304480,334983777550272,334983813647397,3788833,14039792,334983813647397,334983791919855,-1,334983777550272,
0,115954668,334983769697065,334983769697065,0,334983769982563,334983769983647,334983775079980,334983775250188,334983838781511,334983769960397,16800371,334983776912647,334983792115355,334983793546897,334983811437814,334983822425439,13005709,1982167,334983822425439,334983813730855,-1,334983811437814,
0,115954676,334983786497436,334983786497436,0,334983793782022,334983793782813,334983794257438,334983794405313,334983855581882,334983793777438,16800371,334983794619855,334983813906647,334983815247522,334983827425814,334983836375897,8158625,529708,334983836375897,334983828258772,-1,334983827425814,
0,115954684,334983803297807,334983803297807,0,334983815515689,334983815516480,334983815976439,334983816142397,334983872382253,334983815510522,16800371,334983816346647,334983828432814,334983829755939,334983844239022,334983853247064,10465958,486792,334983853247064,334983845101647,-1,334983844239022,
0,115954692,334983820098178,334983820098178,0,334983830062064,334983830062772,334983830510480,334983830646064,334983889182624,334983830057230,16800371,334983830865980,334983845275022,334983846720814,334983861162105,334983870244272,10273292,518958,334983870244272,334983861988189,-1,334983861162105,
0,115954700,334983836898549,334983836898549,0,334983846991522,334983846992439,334983847440605,334983847574522,334983905982995,334983846986605,16800371,334983847780022,334983862161522,334983863478605,334983878320897,334983887194022,10507834,326708,334983887194022,334983878947064,-1,334983878320897,
0,115954708,334983853698920,334983853698920,0,334983863873855,334983863875064,334983864459522,334983864630939,334983922783366,334983863867897,16800371,334983865151564,334983879149022,334983880839939,334983894329147,334983903170647,9752166,293666,334983903170647,334983894973439,-1,334983894329147,
0,115954716,334983870499291,334983870499291,0,334983881235855,334983881236939,334983881651814,334983881801480,334983939583737,334983881229647,16800371,334983882004355,334983895166564,334983896609355,334983911213939,334983920105939,10770250,276417,334983920105939,334983911786605,-1,334983911213939,
0,115954724,334983887299662,334983887299662,0,334983896882897,334983896883564,334983897287980,334983897421564,334983956384108,334983896876939,16800371,334983897612522,334983911992397,334983913400814,334983927890480,334983936888064,10815250,274917,334983936888064,334983928535605,-1,334983927890480,
0,115954732,334983904100033,334983904100033,0,334983913668147,334983913668855,334983914103855,334983914243272,334983973184479,334983913662564,16800371,334983914438147,334983928714689,334983930099230,334983945149355,334983954219397,11142917,303708,334983954219397,334983945849064,-1,334983945149355,
0,115954740,334983920900404,334983920900404,0,334983930368189,334983930369064,334983930765314,334983930917522,334983989984850,334983930362772,16800371,334983931135689,334983946032355,334983947526397,334983962061605,334983971019605,10498416,343750,334983971019605,334983962723564,-1,334983962061605,
0,115954748,334983937700775,334983937700775,0,334983947821605,334983947822397,334983948390689,334983948543480,334984006785221,334983947816814,16800371,334983948759980,334983962905689,334983964402814,334983978689272,334983987593439,10236375,415875,334983987593439,334983979477689,-1,334983978689272,
0,115954756,334983954501146,334983954501146,0,334983964699147,334983964700147,334983965169022,334983965317980,334984023585592,334983964693355,16800371,334983965537189,334983979729605,334983981402939,334983996175772,334984005068605,10263708,387458,334984005068605,334983996927772,-1,334983996175772,
0,115954764,334983971301517,334983971301517,0,334983981686439,334983981687355,334983982125314,334983982270272,334984040385963,334983981680939,16800371,334983982494772,334983997181355,334983999043980,334984015017897,334984021615105,10039000,534292,334984021615105,334984016044480,-1,334984015017897,
0,115954772,334983988101888,334983988101888,0,334983999634272,334983999635689,334984000191897,334984000383022,334984057186334,334983999625105,16800371,334984000661064,334984016305105,334984018497564,334984030667939,334984037302939,7040167,396958,334984037302939,334984031476647,-1,334984030667939,
0,115954780,334984004902259,334984004902259,0,334984018859230,334984018860855,334984019352355,334984019541397,334984073986705,334984018850897,16800371,334984019824564,334984031794522,334984033729605,334984047920939,334984054586105,8753500,412334,334984054586105,334984048844439,-1,334984047920939,
0,115954788,334984021702630,334984021702630,0,334984034076314,334984034077814,334984034635480,334984034824230,334984090787076,334984034069022,16800371,334984035308230,334984049080689,334984050932189,334984065205522,334984071762814,8397583,468959,334984071762814,334984066273980,-1,334984065205522,
0,115954796,334984038503001,334984038503001,0,334984051164689,334984051166022,334984051797772,334984051993355,334984107587447,334984051157522,16800371,334984052311814,334984066512689,334984068383272,334984081701522,334984088267605,7460500,449125,334984088267605,334984082652064,-1,334984081701522,
0,115954804,334984055303372,334984055303372,0,334984068662064,334984068663522,334984069169522,334984069356147,334984124387818,334984068654105,16800371,334984069755522,334984082910355,334984084959564,334984097790814,334984104374689,7808458,420667,334984104374689,334984098726897,-1,334984097790814,
0,115954812,334984072103743,334984072103743,0,334984085207480,334984085209439,334984085867855,334984086071605,334984141188189,334984085199064,16800371,334984086379522,334984099015189,334984101032147,334984114760397,334984121321189,8507708,387875,334984121321189,334984115580105,-1,334984114760397,
0,115954820,334984088904114,334984088904114,0,334984101364772,334984101366605,334984101918980,334984102124314,334984157988560,334984101355272,16800371,334984102582397,334984115817189,334984117642105,334984131833064,334984138409689,8846959,461500,334984138409689,334984132729314,-1,334984131833064,
0,115954828,334984105704485,334984105704485,0,334984117991939,334984117993605,334984118557814,334984118763605,334984174788931,334984117983230,16800371,334984119163230,334984132967564,334984134781230,334984149931605,334984156504064,8680333,544917,334984156504064,334984150945147,-1,334984149931605,
0,115954836,334984122504856,334984122504856,0,334984135010855,334984135012439,334984135526814,334984135717022,334984191589302,334984135003439,16800371,334984136070855,334984151224439,334984153366522,334984166396647,334984172987272,6983708,555500,334984172987272,334984167424314,-1,334984166396647,
0,115954844,334984139305227,334984139305227,0,334984153618522,334984153620022,334984154294772,334984154501189,334984208389673,334984153609647,16800371,334984154805939,334984167701647,334984169884814,334984182368564,334984189004314,7111750,931959,334984189004314,334984183706105,-1,334984182368564,
0,115954852,334984156105598,334984156105598,0,334984170126814,334984170128064,334984170668022,334984170869647,334984225190044,334984170119522,16800371,334984171179814,334984183937730,334984185858897,334984200221439,334984206783064,8039042,787291,334984206783064,334984201418980,-1,334984200221439,
0,115954860,334984172905969,334984172905969,0,334984186080272,334984186081355,334984186561855,334984186744897,334984241990415,334984186073397,16800371,334984187012564,334984201652230,334984203361814,334984217436272,334984224130064,7435000,790084,334984224130064,334984218892605,-1,334984217436272,
0,115954868,334984189706340,334984189706340,0,334984203585397,334984203586855,334984204144355,334984204429939,334984258790786,334984203578689,16800371,334984204701730,334984219176105,334984221105397,334984232601105,334984239177772,5990416,796917,334984239177772,334984233866522,-1,334984232601105,
0,115954876,334984206506711,334984206506711,0,334984221324564,334984221325730,334984221708147,334984221891980,334984275591157,334984221317814,16800371,334984222134980,334984234140439,334984236163480,334984248553647,334984255078480,7716792,791875,334984255078480,334984249771022,-1,334984248553647,
0,115954884,334984223307082,334984223307082,0,334984236421730,334984236423397,334984236968772,334984237184064,334984292391528,334984236413105,16800371,334984237471022,334984250045939,334984252108230,334984266021189,334984272532689,8867000,688000,334984272532689,334984267109272,-1,334984266021189,
0,115954892,334984240107453,334984240107453,0,334984252368272,334984252369939,334984252812772,334984253025605,334984309191899,334984252359855,16800371,334984253310689,334984267340605,334984269068480,334984282770647,334984289300272,8864958,724667,334984289300272,334984283925897,-1,334984282770647,
0,115954900,334984256907824,334984256907824,0,334984269328064,334984269329605,334984269772105,334984270003605,334984325992270,334984269319522,16800371,334984270488272,334984284196147,334984286225564,334984300518105,334984307037730,8576417,776125,334984307037730,334984301700647,-1,334984300518105,
0,115954908,334984273708195,334984273708195,0,334984286447605,334984286448814,334984286835772,334984287021564,334984342792641,334984286440522,16800371,334984287260230,334984301936355,334984303805272,334984318038439,334984324565647,7707625,814208,334984324565647,334984319317480,-1,334984318038439,
0,115954916,334984290508566,334984290508566,0,334984304101397,334984304103064,334984304487689,334984304711189,334984359593012,334984304093564,16800371,334984304963605,334984319587272,334984321449689,334984333043230,334984339631772,6460417,802791,334984339631772,334984334316939,-1,334984333043230,
0,115954924,334984307308937,334984307308937,0,334984321676980,334984321678147,334984322074022,334984322257480,334984376393383,334984321669897,16800371,334984322498689,334984334592230,334984336642522,334984349639064,334984356229355,8098334,654667,334984356229355,334984350840689,-1,334984349639064,
0,115954932,334984324109308,334984324109308,0,334984336895855,334984336897522,334984337337189,334984337549314,334984393193754,334984336887480,16800371,334984337830980,334984351152480,334984353469939,334984366792730,334984373410980,8609667,744792,334984373410980,334984367941272,-1,334984366792730,
0,115954940,334984340909679,334984340909679,0,334984353719147,334984353721105,334984354165689,334984354378647,334984409994125,334984353710272,16800371,334984354663189,334984368210730,334984370075397,334984383700814,334984390212730,8514667,675583,334984390212730,334984384812897,-1,334984383700814,
0,115954948,334984357710050,334984357710050,0,334984370300064,334984370301272,334984370688105,334984370870897,334984426794496,334984370293439,16800371,334984371113605,334984385043939,334984386831439,334984401829439,334984408360939,8551167,747583,334984408360939,334984402989980,-1,334984401829439,
0,115954956,334984374510421,334984374510421,0,334984387049105,334984387050272,334984387433314,334984387614272,334984443594867,334984387042439,16800371,334984387852730,334984403222897,334984405118439,334984417940355,334984424706564,6816000,830791,334984424706564,334984419256897,-1,334984417940355,
0,115954964,334984391310792,334984391310792,0,334984405337605,334984405339022,334984405735064,334984405919605,334984460395238,334984405330564,16800371,334984406162980,334984419540105,334984421825730,334984433334980,334984439813314,6714750,667417,334984439813314,334984434355397,-1,334984433334980,
0,115954972,334984408111163,334984408111163,0,334984422122439,334984422123939,334984422851522,334984423023814,334984477195609,334984422113564,16800371,334984423248647,334984434554647,334984436285522,334984449208355,334984455790522,8911292,598084,334984455790522,334984450231397,-1,334984449208355,
0,115954980,334984424911534,334984424911534,0,334984436486564,334984436487522,334984436908272,334984437072855,334984493995980,334984436481355,16800371,334984437319980,334984450511439,334984452121980,334984465790522,334984472320022,9986458,293250,334984472320022,334984466443730,-1,334984465790522,
0,115954988,334984441711905,334984441711905,0,334984452327397,334984452328605,334984452677480,334984452839022,334984510796351,334984452321689,16800371,334984453042939,334984466624314,334984468114064,334984482080689,334984488522522,10577542,310917,334984488522522,334984482687189,-1,334984482080689,
0,115954996,334984458512276,334984458512276,0,334984468296814,334984468297605,334984468626605,334984468776022,334984527596722,334984468291647,16800371,334984468974355,334984482865272,334984484246272,334984498607272,334984505072855,11138208,312625,334984505072855,334984499262022,-1,334984498607272,
0,115955004,334984475312647,334984475312647,-206518475,334984484639980,334984484640980,334984484949855,334984485096605,334984544397093,334984484634230,16800371,334984485282730,334984499444439,334984500767814,334984515558439,334984522016481,11452167,623292,334984522016481,334984516487522,-1,334984515558439,
0,115955012,334984492113018,334984492113018,0,334984501683897,334984501685272,334984501999772,334984502203897,334984561197464,334984501678897,16800371,334984502419647,334984516665356,334984518001231,334984532338731,334984538820856,11028916,506834,334984538820856,334984533180064,-1,334984532338731,
0,115955020,334984508913389,334984508913389,-1043286117,334984518380731,334984518381647,334984518761606,334984518929356,334984577997835,334984518375397,16800371,334984519122356,334984533398147,334984534676772,334984549685731,334984556421814,11293334,325959,334984556421814,334984550363439,-1,334984549685731,
0,115955028,334984525713760,334984525713760,0,334984535734897,334984535736106,334984536119731,334984536300689,334984594798206,334984535728856,16800371,334984536579481,334984550551106,334984551941814,334984566543356,334984573094231,10910791,632167,334984573094231,334984567543189,-1,334984566543356,
0,115955036,334984542514131,334984542514131,0,334984552257397,334984552258814,334984564912272,334984565171272,334984611598577,334984552251689,16800371,334984570241981,334984570416564,334984572126439,334984583273272,334984589746439,7283458,585125,334984589746439,334984584153731,-1,334984583273272,
0,115955044,334984559314502,334984559314502,0,334984572403772,334984572404897,334984574295481,334984574443189,334984628398948,334984572398397,16800371,334984574894314,334984584331897,334984585688064,334984600736814,334984609458439,10534667,520875,334984609458439,334984601559981,-1,334984600736814,
0,115955052,334984576114873,334984576114873,0,334984586188272,334984586189272,334984590215439,334984590383981,334984645199319,334984586181814,16800371,334984591847981,334984601731314,334984603109272,334984616971481,334984625024022,9903708,508916,334984625024022,334984617773397,-1,334984616971481,
0,115955060,334984592915244,334984592915244,0,334984603434522,334984603435522,334984603911731,334984604128564,334984661999690,334984603428981,16800371,334984604349356,334984617950897,334984619264522,334984633721981,334984641164481,10893959,519291,334984641164481,334984634542397,-1,334984633721981,
0,115955068,334984609715615,334984609715615,0,334984619526981,334984619527731,334984619986814,334984620182397,334984678800061,334984619522064,16800371,334984620459731,334984634721689,334984636087189,334984649725897,334984656773272,10473500,504125,334984656773272,334984650530939,-1,334984649725897,
0,115955076,334984626515986,334984626515986,0,334984636360522,334984636361231,334984636941897,334984637081397,334984695600432,334984636355897,16800371,334984637284022,334984650709314,334984652067064,334984666516147,334984673285439,11301667,507292,334984673285439,334984667324397,-1,334984666516147,
0,115955084,334984643316357,334984643316357,0,334984652345189,334984652345814,334984652944231,334984653080647,334984712400803,334984652339731,16800371,334984653294189,334984667501314,334984668841647,334984683023106,334984689580856,11379458,498750,334984689580856,334984683823231,-1,334984683023106,
0,115955092,334984660116728,334984660116728,0,334984669112981,334984669113772,334984669563147,334984669700439,334984729201174,334984669108272,16800371,334984669989772,334984684000064,334984685352314,334984699779981,334984706304606,11662792,492417,334984706304606,334984700659356,-1,334984699779981,
0,115955100,334984676917099,334984676917099,0,334984685655731,334984685656397,334984686184356,334984686319147,334984746001545,334984685650522,16800371,334984686519189,334984700834522,334984702149481,334984716832689,334984723334397,11647625,516791,334984723334397,334984717648606,-1,334984716832689,
0,115955108,334984693717470,334984693717470,0,334984702696481,334984702697814,334984703143981,334984703279356,334984762801916,334984702690147,16800371,334984703579064,334984717823439,334984719160897,334984733399897,334984739883272,11434791,497959,334984739883272,334984734193981,-1,334984733399897,
0,115955116,334984710517841,334984710517841,0,334984719322772,334984719323689,334984719912064,334984720090439,334984779602287,334984719318022,16800371,334984720522231,334984734369647,334984735698897,334984750078231,334984756582397,11659084,501291,334984756582397,334984750880814,-1,334984750078231,
0,115955124,334984727318212,334984727318212,0,334984735879564,334984735880314,334984736334856,334984736524022,334984796402658,334984735875064,16800371,334984736766314,334984751054106,334984752390064,334984766892314,334984773317397,11810292,494375,334984773317397,334984767687481,-1,334984766892314,
0,115955132,334984744118583,334984744118583,0,334984752560064,334984752560897,334984753050356,334984753189731,334984813203029,334984752555064,16800371,334984753541939,334984767859564,334984769192647,334984783737397,334984790140647,11821542,522542,334984790140647,334984784561981,-1,334984783737397,
0,115955140,334984760918954,334984760918954,0,334984769357397,334984769358189,334984769793981,334984769942064,334984830003400,334984769352731,16800371,334984770127397,334984784738689,334984786026772,334984802768856,334984809324897,12284417,841667,334984809324897,334984804056856,-1,334984802768856,
0,115955148,334984777719325,334984777719325,0,334984786197647,334984786198481,334984786675772,334984786816272,334984846803771,334984786193147,16800371,334984786988731,334984804310022,334984806390231,334984819539397,334984826020064,8753208,730250,334984826020064,334984820665856,-1,334984819539397,
0,115955156,334984794519696,334984794519696,0,334984806622314,334984806624064,334984807196856,334984807392772,334984863604142,334984806614314,16800371,334984807595231,334984820896522,334984822638647,334984837443231,334984843947981,9710291,478625,334984843947981,334984838348314,-1,334984837443231,
0,115955164,334984811320067,334984811320067,0,334984822856856,334984822858022,334984823408647,334984823753981,334984880404513,334984822849439,16800371,334984823981439,334984838648022,334984840763231,334984851914731,334984858387147,7620875,297375,334984858387147,334984852574064,-1,334984851914731,
0,115955172,334984828120438,334984828120438,0,334984840971522,334984840973064,334984842181772,334984842389022,334984897204884,334984840963939,16800371,334984842617522,334984852767356,334984854441981,334984869783397,334984876225231,11361458,361916,334984876225231,334984870534814,-1,334984869783397,
0,115955180,334984844920809,334984844920809,0,334984854681272,334984854682606,334984863927981,334984864233689,334984914005255,334984854673106,16800371,334984864445272,334984870769772,334984872709106,334984886970606,334984893396397,10172250,377208,334984893396397,334984887733481,-1,334984886970606,
0,115955188,334984861721180,334984861721180,0,334984873724939,334984873726481,334984874147481,334984874336522,334984930805626,334984873714439,16800371,334984874381731,334984887957439,334984889397606,334984904454022,334984910923439,10052708,441166,334984910923439,334984905475356,-1,334984904454022,
0,115955196,334984878521551,334984878521551,0,334984889618272,334984889619314,334984890112106,334984890288397,334984947605997,334984889611522,16800371,334984890333481,334984905738022,334984907407772,334984921179481,334984927637314,8555792,613417,334984927637314,334984922253397,-1,334984921179481,
0,115955204,334984895321922,334984895321922,0,334984907695856,334984907696939,334984908150147,334984908373856,334984964406368,334984907689106,16800371,334984908420272,334984922517397,334984924443564,334984937116731,334984943598564,8330208,564167,334984943598564,334984938152522,-1,334984937116731,
0,115955212,334984912122293,334984912122293,0,334984924690022,334984924691481,334984925255189,334984925458856,334984981206739,334984924681564,16800371,334984925509439,334984938416231,334984940344564,334984953440022,334984959894564,9194500,373250,334984959894564,334984954212981,-1,334984953440022,
0,115955220,334984928922664,334984928922664,0,334984940590439,334984940592106,334984941058272,334984941262356,334984998007110,334984940581564,16800371,334984941313189,334984954435064,334984955837981,334984970956981,334984977430939,10831958,468667,334984977430939,334984971845314,-1,334984970956981,
0,115955228,334984945723035,334984945723035,0,334984956100356,334984956101606,334984956522064,334984956698856,334985014807481,334984956092397,16800371,334984956745022,334984972110522,334984973611606,334984988448439,334984995021106,9876709,379000,334984995021106,334984989312231,-1,334984988448439,
0,115955236,334984962523406,334984962523406,0,334984973823689,334984973824731,334984974225064,334984974401647,334985031607852,334984973817189,16800371,334984974447397,334984989537314,334984991150397,334985005663689,334985012288397,9180959,444500,334985012288397,334985006682856,-1,334985005663689,
0,115955244,334984979323777,334984979323777,0,334984991365856,334984991366981,334984991775981,334984991972731,334985048408223,334984991358647,16800371,334984992109356,334985007059064,334985008797106,334985021218022,334985027808897,7923333,812292,334985027808897,334985022522022,-1,334985021218022,
0,115955252,334984996124148,334984996124148,0,334985009026689,334985009027981,334985009475439,334985009658022,334985065208594,334985009019731,16800371,334985009703106,334985022782439,334985024516772,334985037867814,334985044326147,9078416,787458,334985044326147,334985039063189,-1,334985037867814,
0,115955260,334985012924519,334985012924519,0,334985024779147,334985024780731,334985025268772,334985025474272,334985082008965,334985024770022,16800371,334985025523981,334985039324897,334985041153897,334985054308272,334985060938939,9263000,363625,334985060938939,334985055155314,-1,334985054308272,
0,115955268,334985029724890,334985029724890,0,334985041405856,334985041407397,334985041883731,334985042151522,334985098809336,334985041397439,16800371,334985042202439,334985055377647,334985056963064,334985071655231,334985078072106,10491125,745500,334985078072106,334985072811647,-1,334985071655231,
0,115955276,334985046525261,334985046525261,0,334985057184314,334985057185689,334985057605022,334985057783272,334985115609707,334985057177064,16800371,334985057828856,334985073030606,334985074429231,334985088926814,334985095371064,9864292,757708,334985095371064,334985090136647,-1,334985088926814,
0,115955575,334985752140843,334985752140843,0,334985752520314,334985752522398,334985766779481,334985767008106,334985770824176,334985752510814,16800371,334985772197731,334985772456106,334985774495523,334985778831939,334985791827648,30875,927792,334985791827648,334985780262731,-1,334985778831939,
0,115955582,334985768941214,334985768941214,0,334985774962814,334985774964564,334985776583398,334985776849273,334985821225289,334985774951606,16800371,334985777383023,334985780477814,334985781968939,334985794384189,334985809471148,24917,513000,334985809471148,334985795368898,-1,334985794384189,
0,115955589,334985785741585,334985785741585,0,334985786166731,334985786168606,334985787542606,334985787762189,334985838025660,334985786158106,16800371,334985787896439,334985795618981,334985797527023,334985818067398,334985833134689,9065000,478042,334985833134689,334985819059981,-1,334985818067398,
0,115955597,334985802541956,334985802541956,0,334985802921231,334985802923523,334985804508773,334985804761439,334985854826031,334985802912356,16800371,334985805195939,334985819347731,334985821622231,334985834173356,334985849217898,1745042,910750,334985849217898,334985835607689,-1,334985834173356,
0,115955605,334985819342327,334985819342327,0,334985822045773,334985822047939,334985823318106,334985823541106,334985871626402,334985822038064,16800371,334985824081814,334985835863106,334985844152981,334985849582981,334985870093398,24709,768125,334985870093398,334985850781231,-1,334985849582981,
0,115955613,334985836142698,334985836142698,0,334985844586064,334985844587564,334985845829064,334985846038606,334985888426773,334985844577189,16800371,334985846429356,334985851076606,334985852696398,334985866384064,334985889367814,4563708,3354750,334985889367814,334985870253231,-1,334985866384064,
0,115955621,334985852943069,334985852943069,0,334985853274189,334985853275731,334985854730189,334985855064939,334985922027515,334985853266814,16800371,334985855579648,334985870500689,334985872168356,334985878625523,334985900320856,1624375,10521500,334985900320856,334985889679939,-1,334985878625523,
0,115955629,334985869743440,334985869743440,0,334985872531689,334985872532898,334985874132189,334985874349148,334985938827886,334985872523481,16800371,334985874795189,334985890113023,334985892178981,334985910187565,334985916892315,14844501,421541,334985916892315,334985910947981,-1,334985910187565,
0,115955637,334985886543811,334985886543811,0,334985892570564,334985892571981,334985893994564,334985894203273,334985955628257,334985892563106,16800371,334985894640981,334985911141815,334985912609273,334985928474231,334985935134690,10990208,595791,334985935134690,334985929541898,-1,334985928474231,
0,115955645,334985903344182,334985903344182,0,334985913276190,334985913277565,334985914334981,334985914504148,334985972428628,334985913266440,16800371,334985914880440,334985929717731,334985930824898,334985946348023,334985953129315,10149292,668167,334985953129315,334985947518190,-1,334985946348023,
0,115955653,334985920144553,334985920144553,0,334985931125273,334985931125981,334985932277690,334985932435940,334985989228999,334985931120106,16800371,334985932741648,334985947746065,334985949524065,334985963374315,334985970086356,8388542,911583,334985970086356,334985964754773,-1,334985963374315,
0,115955661,334985936944924,334985936944924,0,334985949905273,334985949906481,334985951867190,334985952142148,334986006029370,334985949897565,16800371,334985952556606,334985965135106,334985966789731,334985979202398,334985985950815,7818875,543958,334985985950815,334985980233148,-1,334985979202398,
0,115955669,334985953745295,334985953745295,0,334985967199190,334985967200606,334985968963648,334985969185273,334986022829741,334985967190773,16800371,334985969737606,334985980465856,334985982104940,334985997151690,334986003839398,9376166,548334,334986003839398,334985998106398,-1,334985997151690,
0,115955677,334985970545666,334985970545666,0,334985982525440,334985982526731,334985983880940,334985984130065,334986039630112,334985982517190,16800371,334985984564273,334985998338773,334985999887273,334986013484273,334986020303898,8367875,465208,334986020303898,334986014500898,-1,334986013484273,
0,115955685,334985987346037,334985987346037,0,334986000325981,334986000327273,334986002013690,334986002224315,334986056430483,334986000317940,16800371,334986002658231,334986014771231,334986016703940,334986029943065,334986036765190,7809208,443708,334986036765190,334986030925565,-1,334986029943065,
0,115955693,334986004146408,334986004146408,0,334986017206523,334986017207981,334986018716440,334986018924565,334986073230854,334986017143398,16800371,334986019319315,334986031195981,334986033268731,334986046546731,334986053340315,8358458,408750,334986053340315,334986047366356,-1,334986046546731,
0,115955701,334986020946779,334986020946779,0,334986034167898,334986034170106,334986035872315,334986036203856,334986090031225,334986034155231,16800371,334986036671606,334986047653023,334986050044606,334986062204606,334986068938440,8135958,329792,334986068938440,334986062963148,-1,334986062204606,
0,115955709,334986037747150,334986037747150,0,334986050401190,334986050402315,334986051858523,334986052089440,334986106831596,334986050394773,16800371,334986052493106,334986063161398,334986064611606,334986078092856,334986084686690,10244167,658667,334986084686690,334986079099690,-1,334986078092856,
0,115955717,334986054547521,334986054547521,0,334986064821481,334986064822648,334986065124148,334986065301898,334986123631967,334986064816148,16800371,334986065538606,334986079290606,334986080782856,334986097011648,334986103394023,11374250,798875,334986103394023,334986098243731,-1,334986097011648,
---PROFILEDATA---


View hierarchy:

  com.auroratv.lab/com.auroratv.MainActivity/android.view.ViewRootImpl@dce9565
  357 views, 635.08 kB of render nodes


Total ViewRootImpl   : 1
Total attached Views : 357
Total RenderNode     : 635.08 kB (used) / 2550.89 kB (capacity)

