16683333
0	0	0
0	0	0
0	0	0
0	0	0
0	0	0
0	0	0
0	0	0
0	0	0
0	0	0
0	0	0
0	0	0
0	0	0
0	0	0
0	0	0
0	0	0
0	0	0
0	0	0
0	0	0
0	0	0
0	0	0
0	0	0
0	0	0
0	0	0
0	0	0
0	0	0
0	0	0
0	0	0
0	0	0
0	0	0
0	0	0
0	0	0
0	0	0
0	0	0
0	0	0
0	0	0
0	0	0
0	0	0
0	0	0
0	0	0
0	0	0
0	0	0
0	0	0
0	0	0
0	0	0
0	0	0
0	0	0
0	0	0
0	0	0
0	0	0
0	0	0
0	0	0
0	0	0
0	0	0
0	0	0
0	0	0
0	0	0
0	0	0
0	0	0
0	0	0
0	0	0
0	0	0
0	0	0
0	0	0
0	0	0
0	0	0
0	0	0
0	0	0
0	0	0
0	0	0
0	0	0
0	0	0
0	0	0
0	0	0
0	0	0
0	0	0
0	0	0
0	0	0
0	0	0
0	0	0
0	0	0
0	0	0
0	0	0
0	0	0
0	0	0
0	0	0
0	0	0
0	0	0
0	0	0
0	0	0
0	0	0
0	0	0
0	0	0
0	0	0
0	0	0
0	0	0
0	0	0
0	0	0
0	0	0
0	0	0
0	0	0
0	0	0
0	0	0
0	0	0
0	0	0
0	0	0
0	0	0
0	0	0
0	0	0
0	0	0
0	0	0
0	0	0
0	0	0
0	0	0
0	0	0
0	0	0
0	0	0
0	0	0
0	0	0
0	0	0
0	0	0
0	0	0
0	0	0
0	0	0
0	0	0
0	0	0
0	0	0
0	0	0

===
16683333
0	0	0
0	0	0
0	0	0
0	0	0
0	0	0
0	0	0
0	0	0
0	0	0
0	0	0
0	0	0
0	0	0
0	0	0
0	0	0
0	0	0
0	0	0
0	0	0
0	0	0
0	0	0
0	0	0
0	0	0
0	0	0
0	0	0
0	0	0
0	0	0
0	0	0
0	0	0
0	0	0
0	0	0
0	0	0
0	0	0
0	0	0
0	0	0
0	0	0
0	0	0
0	0	0
0	0	0
0	0	0
0	0	0
0	0	0
0	0	0
0	0	0
0	0	0
0	0	0
0	0	0
0	0	0
0	0	0
0	0	0
0	0	0
0	0	0
0	0	0
0	0	0
0	0	0
0	0	0
0	0	0
0	0	0
0	0	0
0	0	0
0	0	0
0	0	0
0	0	0
0	0	0
0	0	0
0	0	0
0	0	0
0	0	0
0	0	0
0	0	0
0	0	0
0	0	0
0	0	0
0	0	0
0	0	0
0	0	0
0	0	0
0	0	0
0	0	0
0	0	0
335181265493366	335181275802116	335181278149241
335181284168616	335181292485449	335181299126199
335181309613699	335181325852115	335181324380866
335181322760783	335181342535448	335181340070491
335181351545866	335181359218781	335181361032491
335181366706533	335181375902114	335181373070116
335181378465116	335181392585447	335181384794699
335181398439199	335181409268780	335181404588449
335181412217241	335181425952113	335181418538783
335181429486783	335181442635446	335181435608908
335181444558533	335181459318779	335181450941658
335181461347699	335181476002112	335181467732408
335181477907491	335181492685445	335181484304449
335181495268199	335181509368778	335181501744408
335181512411324	335181526052111	335181518847283
335181529242616	335181542735444	335181535564824
335181608368199	335181609468776	335181614460533
335181629984783	335181626152109	335181638178158
335181644353158	335181642835442	335181652784075
335181654462783	335181659518775	335181663017408
335181666856991	335181676202108	335181675572408
335181681650866	335181709568774	335181690430575
335181698179533	335181726252107	335181706670950
335181715941658	335181742935440	335181724498533
335181731236200	335181759618773	335181739816450
335181748418783	335181776302106	335181757071200
335181764339533	335181792985439	335181772966783
335181781602700	335181809668772	335181790252491
335181800389408	335181826352105	335181808886491
335181816606616	335181843035438	335181825117700
335181836538825	335181859718771	335181842620325
335181850581950	335181876402104	335181856702533
335181868221533	335181893085437	335181874308283
335181883937783	335181909768770	335181890060241
335181900463158	335181926452103	335181906611241
335181917317533	335181943135436	335181923462158
335181934566075	335181959818769	335181940666575
335181953174116	335181976502102	335181959304033
335181969379700	335181993185435	335181975447033
335181985498283	335182009868768	335181991599741
335182003409241	335182026552101	335182009479325
335182018798616	335182043235434	335182024867033
335182035095825	335182059918767	335182041092950
335182051588491	335182076602100	335182057741866
335182069580658	335182093285433	335182075686075
335182086535408	335182109968766	335182092634491
335182103933200	335182126652099	335182110036950
335182120783408	335182143335432	335182126859283
335182135783866	335182160018765	335182141932408
335182152917908	335182176702098	335182159042241

===
16683333
0	0	0
0	0	0
0	0	0
0	0	0
0	0	0
0	0	0
0	0	0
0	0	0
0	0	0
0	0	0
0	0	0
0	0	0
0	0	0
0	0	0
0	0	0
0	0	0
0	0	0
0	0	0
0	0	0
0	0	0
0	0	0
0	0	0
0	0	0
0	0	0
0	0	0
0	0	0
0	0	0
335181265493366	335181275802116	335181278149241
335181284168616	335181292485449	335181299126199
335181309613699	335181325852115	335181324380866
335181322760783	335181342535448	335181340070491
335181351545866	335181359218781	335181361032491
335181366706533	335181375902114	335181373070116
335181378465116	335181392585447	335181384794699
335181398439199	335181409268780	335181404588449
335181412217241	335181425952113	335181418538783
335181429486783	335181442635446	335181435608908
335181444558533	335181459318779	335181450941658
335181461347699	335181476002112	335181467732408
335181477907491	335181492685445	335181484304449
335181495268199	335181509368778	335181501744408
335181512411324	335181526052111	335181518847283
335181529242616	335181542735444	335181535564824
335181608368199	335181609468776	335181614460533
335181629984783	335181626152109	335181638178158
335181644353158	335181642835442	335181652784075
335181654462783	335181659518775	335181663017408
335181666856991	335181676202108	335181675572408
335181681650866	335181709568774	335181690430575
335181698179533	335181726252107	335181706670950
335181715941658	335181742935440	335181724498533
335181731236200	335181759618773	335181739816450
335181748418783	335181776302106	335181757071200
335181764339533	335181792985439	335181772966783
335181781602700	335181809668772	335181790252491
335181800389408	335181826352105	335181808886491
335181816606616	335181843035438	335181825117700
335181836538825	335181859718771	335181842620325
335181850581950	335181876402104	335181856702533
335181868221533	335181893085437	335181874308283
335181883937783	335181909768770	335181890060241
335181900463158	335181926452103	335181906611241
335181917317533	335181943135436	335181923462158
335181934566075	335181959818769	335181940666575
335181953174116	335181976502102	335181959304033
335181969379700	335181993185435	335181975447033
335181985498283	335182009868768	335181991599741
335182003409241	335182026552101	335182009479325
335182018798616	335182043235434	335182024867033
335182035095825	335182059918767	335182041092950
335182051588491	335182076602100	335182057741866
335182069580658	335182093285433	335182075686075
335182086535408	335182109968766	335182092634491
335182103933200	335182126652099	335182110036950
335182120783408	335182143335432	335182126859283
335182135783866	335182160018765	335182141932408
335182152917908	335182176702098	335182159042241
335182170071575	335182193385431	335182176198491
335182184615866	335182210068764	335182190855116
335182201685908	335182226752097	335182207777033
335182218214908	335182243435430	335182224417658
335182235220116	335182260118763	335182241422700
335182251962200	335182276802096	335182257963575
335182268718908	335182293485429	335182274821616
335182287352033	335182310168762	335182293553825
335182302480033	335182326852095	335182308631158
335182325105991	335182343535428	335182331382991
335182337528283	335182360218761	335182345948575
335182353030367	335182376902094	335182360772783
335182369736742	335182393585427	335182376879075
335182386544200	335182410268760	335182393284200
335182403295992	335182426952093	335182409758283
335182419599742	335182443635426	335182425823742
335182436222075	335182460318759	335182442430742
335182452406658	335182477002092	335182458597658
335182469169533	335182493685425	335182475276492
335182485994242	335182510368758	335182492045117
335182502782533	335182527052091	335182508889325
335182519493908	335182543735424	335182525593617
335182536390700	335182560418757	335182542481450
335182553174575	335182577102090	335182559285825
335182569911783	335182593785423	335182576059617
335182589133242	335182610468756	335182595266825
335182606652408	335182627152089	335182612580658
335182623301992	335182643835422	335182629362783
335182639033742	335182660518755	335182645089242
335182655654950	335182677202088	335182661745492
335182672696575	335182693885421	335182678645283
335182690346492	335182710568754	335182696413492
335182707495117	335182727252087	335182713474575
335182723797783	335182743935420	335182729796908
335182739987617	335182760618753	335182745971450
335182756774200	335182777302086	335182762828783
335182773728617	335182793985419	335182779795200
335182791412200	335182810668752	335182797438075
335182808209617	335182827352085	335182814207867
335183208670492	335183227752077	335183226982867
335183216176075	335183244435410	335183252144450
335183243636284	335183277802076	335183274240117
335183259784784	335183294485409	335183282883450
335183293297867	335183311168742	335183301998117
335183310128700	335183327852075	335183318923284
335183326855825	335183344535408	335183335375492
335183343624117	335183361218741	335183352178867
335183360302575	335183377902074	335183368878867
335183377341784	335183394585407	335183385948950
335183393900825	335183411268740	335183402473659

===
16683333
335182003409241	335182026552101	335182009479325
335182018798616	335182043235434	335182024867033
335182035095825	335182059918767	335182041092950
335182051588491	335182076602100	335182057741866
335182069580658	335182093285433	335182075686075
335182086535408	335182109968766	335182092634491
335182103933200	335182126652099	335182110036950
335182120783408	335182143335432	335182126859283
335182135783866	335182160018765	335182141932408
335182152917908	335182176702098	335182159042241
335182170071575	335182193385431	335182176198491
335182184615866	335182210068764	335182190855116
335182201685908	335182226752097	335182207777033
335182218214908	335182243435430	335182224417658
335182235220116	335182260118763	335182241422700
335182251962200	335182276802096	335182257963575
335182268718908	335182293485429	335182274821616
335182287352033	335182310168762	335182293553825
335182302480033	335182326852095	335182308631158
335182325105991	335182343535428	335182331382991
335182337528283	335182360218761	335182345948575
335182353030367	335182376902094	335182360772783
335182369736742	335182393585427	335182376879075
335182386544200	335182410268760	335182393284200
335182403295992	335182426952093	335182409758283
335182419599742	335182443635426	335182425823742
335182436222075	335182460318759	335182442430742
335182452406658	335182477002092	335182458597658
335182469169533	335182493685425	335182475276492
335182485994242	335182510368758	335182492045117
335182502782533	335182527052091	335182508889325
335182519493908	335182543735424	335182525593617
335182536390700	335182560418757	335182542481450
335182553174575	335182577102090	335182559285825
335182569911783	335182593785423	335182576059617
335182589133242	335182610468756	335182595266825
335182606652408	335182627152089	335182612580658
335182623301992	335182643835422	335182629362783
335182639033742	335182660518755	335182645089242
335182655654950	335182677202088	335182661745492
335182672696575	335182693885421	335182678645283
335182690346492	335182710568754	335182696413492
335182707495117	335182727252087	335182713474575
335182723797783	335182743935420	335182729796908
335182739987617	335182760618753	335182745971450
335182756774200	335182777302086	335182762828783
335182773728617	335182793985419	335182779795200
335182791412200	335182810668752	335182797438075
335182808209617	335182827352085	335182814207867
335183208670492	335183227752077	335183226982867
335183216176075	335183244435410	335183252144450
335183243636284	335183277802076	335183274240117
335183259784784	335183294485409	335183282883450
335183293297867	335183311168742	335183301998117
335183310128700	335183327852075	335183318923284
335183326855825	335183344535408	335183335375492
335183343624117	335183361218741	335183352178867
335183360302575	335183377902074	335183368878867
335183377341784	335183394585407	335183385948950
335183393900825	335183411268740	335183402473659
335183410718325	335183427952073	335183419348992
335183428339242	335183444635406	335183436839617
335183445350700	335183461318739	335183453863700
335183463125242	335183478002072	335183469327534
335183478980284	335183494685405	335183485105492
335183496416034	335183511368738	335183502557700
335183513873450	335183528052071	335183519970367
335183531219492	335183544735404	335183537342409
335183547933617	335183561418737	335183554021284
335183564274617	335183578102070	335183570331742
335183580357950	335183594785403	335183586589450
335183597622784	335183611468736	335183603713700
335183615115242	335183628152069	335183621201492
335183632474992	335183644835402	335183638517409
335183648832117	335183661518735	335183654930534
335183665610409	335183678202068	335183671664075
335183681228159	335183694885401	335183687509909
335183698641367	335183711568734	335183704737950
335183716504242	335183728252067	335183722682242
335183733798492	335183744935400	335183739862326
335183748497951	335183761618733	335183754615867
335183766662576	335183778302066	335183772775826
335183783960076	335183794985399	335183790017701
335183799367617	335183811668732	335183805479451
335183817169867	335183828352065	335183823352659
335183834418159	335183845035398	335183840579617
335183850719159	335183861718731	335183856847992
335183865103367	335183878402064	335183871234409
335183882376451	335183895085397	335183888526826
335183898106201	335183911768730	335183904245992
335183914551076	335183928452063	335183920685367
335183931032992	335183945135396	335183937187451
335183947864576	335183961818729	335183954013409
335183964681659	335183978502062	335183970814742
335183982334034	335183995185395	335183988553326
335183998755076	335184011868728	335184004915034
335184015708326	335184028552061	335184021855367
335184032995076	335184045235394	335184041413201
335184049150909	335184061918727	335184056895576
335184066047784	335184078602060	335184073182951
335184082155951	335184095285393	335184088898326
335184098825201	335184128652059	335184105292201
335184115308742	335184145335392	335184121558201
335184132420617	335184162018725	335184138641117
335184149282409	335184178702058	335184155494034
335184165703117	335184195385391	335184171885784
335184182476117	335184212068724	335184188593576
335184199176992	335184228752057	335184205292326
335184216047117	335184245435390	335184222140117
335184235390409	335184262118723	335184241432951
335184251507784	335184278802056	335184257568826
335184268553701	335184295485389	335184274614034
335184283998576	335184312168722	335184290089784
335184303909492	335184328852055	335184309921076
335184319502367	335184345535388	335184325598617
335184335548701	335184362218721	335184341622742
335184353679034	335184378902054	335184359677576
335184369758909	335184395585387	335184375750534
335184386148409	335184412268720	335184392079742
335184402998867	335184428952053	335184409045742
335184420424284	335184445635386	335184426510492
335184437789784	335184462318719	335184443784534
335184454371201	335184479002052	335184460433326
335184470256368	335184495685385	335184476257534
335184486861451	335184512368718	335184492862118
335184503909659	335184529052051	335184509866534
335184521522576	335184545735384	335184527547493

===
16683333
335183463125242	335183478002072	335183469327534
335183478980284	335183494685405	335183485105492
335183496416034	335183511368738	335183502557700
335183513873450	335183528052071	335183519970367
335183531219492	335183544735404	335183537342409
335183547933617	335183561418737	335183554021284
335183564274617	335183578102070	335183570331742
335183580357950	335183594785403	335183586589450
335183597622784	335183611468736	335183603713700
335183615115242	335183628152069	335183621201492
335183632474992	335183644835402	335183638517409
335183648832117	335183661518735	335183654930534
335183665610409	335183678202068	335183671664075
335183681228159	335183694885401	335183687509909
335183698641367	335183711568734	335183704737950
335183716504242	335183728252067	335183722682242
335183733798492	335183744935400	335183739862326
335183748497951	335183761618733	335183754615867
335183766662576	335183778302066	335183772775826
335183783960076	335183794985399	335183790017701
335183799367617	335183811668732	335183805479451
335183817169867	335183828352065	335183823352659
335183834418159	335183845035398	335183840579617
335183850719159	335183861718731	335183856847992
335183865103367	335183878402064	335183871234409
335183882376451	335183895085397	335183888526826
335183898106201	335183911768730	335183904245992
335183914551076	335183928452063	335183920685367
335183931032992	335183945135396	335183937187451
335183947864576	335183961818729	335183954013409
335183964681659	335183978502062	335183970814742
335183982334034	335183995185395	335183988553326
335183998755076	335184011868728	335184004915034
335184015708326	335184028552061	335184021855367
335184032995076	335184045235394	335184041413201
335184049150909	335184061918727	335184056895576
335184066047784	335184078602060	335184073182951
335184082155951	335184095285393	335184088898326
335184098825201	335184128652059	335184105292201
335184115308742	335184145335392	335184121558201
335184132420617	335184162018725	335184138641117
335184149282409	335184178702058	335184155494034
335184165703117	335184195385391	335184171885784
335184182476117	335184212068724	335184188593576
335184199176992	335184228752057	335184205292326
335184216047117	335184245435390	335184222140117
335184235390409	335184262118723	335184241432951
335184251507784	335184278802056	335184257568826
335184268553701	335184295485389	335184274614034
335184283998576	335184312168722	335184290089784
335184303909492	335184328852055	335184309921076
335184319502367	335184345535388	335184325598617
335184335548701	335184362218721	335184341622742
335184353679034	335184378902054	335184359677576
335184369758909	335184395585387	335184375750534
335184386148409	335184412268720	335184392079742
335184402998867	335184428952053	335184409045742
335184420424284	335184445635386	335184426510492
335184437789784	335184462318719	335184443784534
335184454371201	335184479002052	335184460433326
335184470256368	335184495685385	335184476257534
335184486861451	335184512368718	335184492862118
335184503909659	335184529052051	335184509866534
335184521522576	335184545735384	335184527547493
335184857297993	335184879402044	335184875656951
335184864585409	335184896085377	335184900395576
335184890228868	335184912768710	335184909204868
335184907042326	335184929452043	335184917832618
335184922804368	335184946135376	335184931482076
335184939576201	335184962818709	335184948334368
335184956160159	335184979502042	335184964669743
335184972918034	335184996185375	335184981422576
335184989810493	335185012868708	335184998382159
335185006997659	335185029552041	335185015566451
335185023420909	335185046235374	335185032039993
335185040165118	335185062918707	335185048743034
335185056884784	335185079602040	335185065385034
335185074449368	335185096285373	335185082927118
335185094042034	335185112968706	335185100187534
335185109931243	335185129652039	335185116073909
335185126336243	335185146335372	335185132440243
335185142852160	335185163018705	335185148997868
335185160140868	335185179702038	335185166237076
335185176963035	335185196385371	335185183102285
335185193954160	335185213068704	335185200082535
335185211561785	335185229752037	335185217629868
335185227354993	335185246435370	335185233451201
335185243219910	335185263118703	335185249325493
335185260726410	335185279802036	335185266833451
335185278503368	335185296485369	335185284579160
335185295821743	335185313168702	335185301969285
335185312419951	335185329852035	335185318436326
335185327959743	335185346535368	335185334027451
335185344896951	335185363218701	335185351012535
335185361543535	335185379902034	335185367642576
335185379282951	335185396585367	335185385386201
335185397181701	335185413268700	335185403354701
335185412637993	335185429952033	335185418720743
335185428714868	335185446635366	335185434783326
335185445386201	335185463318699	335185451564868
335185462638576	335185480002032	335185468764410
335185480385910	335185496685365	335185486607285
335185495362826	335185513368698	335185501540076
335185510745785	335185530052031	335185516891660
335185527672035	335185546735364	335185533851535
335185543963743	335185563418697	335185550132451
335185564440410	335185580102030	335185570574493
335185578257993	335185596785363	335185584479285
335185596261576	335185613468696	335185602665535
335185612327618	335185630152029	335185620738410
335185628426493	335185646835362	335185636168035
335185645043576	335185663518695	335185652180326
335185661787910	335185680202028	335185668531451
335185678435076	335185696885361	335185684908118
335185694712993	335185713568694	335185700955326
335185711577118	335185730252027	335185717788826
335185728109076	335185746935360	335185734267826
335185744889660	335185763618693	335185751043118
335185761694368	335185780302026	335185767855076
335185778448660	335185796985359	335185784553326
335185795235576	335185813668692	335185801355076
335185812074160	335185830352025	335185818143951
335185828874701	335185847035358	335185834969993
335185845860577	335185863718691	335185851879993
335185863997368	335185880402024	335185870056868
335185882200952	335185897085357	335185888217785
335185897826368	335185913768690	335185903870743

===
16683333
335184353679034	335184378902054	335184359677576
335184369758909	335184395585387	335184375750534
335184386148409	335184412268720	335184392079742
335184402998867	335184428952053	335184409045742
335184420424284	335184445635386	335184426510492
335184437789784	335184462318719	335184443784534
335184454371201	335184479002052	335184460433326
335184470256368	335184495685385	335184476257534
335184486861451	335184512368718	335184492862118
335184503909659	335184529052051	335184509866534
335184521522576	335184545735384	335184527547493
335184857297993	335184879402044	335184875656951
335184864585409	335184896085377	335184900395576
335184890228868	335184912768710	335184909204868
335184907042326	335184929452043	335184917832618
335184922804368	335184946135376	335184931482076
335184939576201	335184962818709	335184948334368
335184956160159	335184979502042	335184964669743
335184972918034	335184996185375	335184981422576
335184989810493	335185012868708	335184998382159
335185006997659	335185029552041	335185015566451
335185023420909	335185046235374	335185032039993
335185040165118	335185062918707	335185048743034
335185056884784	335185079602040	335185065385034
335185074449368	335185096285373	335185082927118
335185094042034	335185112968706	335185100187534
335185109931243	335185129652039	335185116073909
335185126336243	335185146335372	335185132440243
335185142852160	335185163018705	335185148997868
335185160140868	335185179702038	335185166237076
335185176963035	335185196385371	335185183102285
335185193954160	335185213068704	335185200082535
335185211561785	335185229752037	335185217629868
335185227354993	335185246435370	335185233451201
335185243219910	335185263118703	335185249325493
335185260726410	335185279802036	335185266833451
335185278503368	335185296485369	335185284579160
335185295821743	335185313168702	335185301969285
335185312419951	335185329852035	335185318436326
335185327959743	335185346535368	335185334027451
335185344896951	335185363218701	335185351012535
335185361543535	335185379902034	335185367642576
335185379282951	335185396585367	335185385386201
335185397181701	335185413268700	335185403354701
335185412637993	335185429952033	335185418720743
335185428714868	335185446635366	335185434783326
335185445386201	335185463318699	335185451564868
335185462638576	335185480002032	335185468764410
335185480385910	335185496685365	335185486607285
335185495362826	335185513368698	335185501540076
335185510745785	335185530052031	335185516891660
335185527672035	335185546735364	335185533851535
335185543963743	335185563418697	335185550132451
335185564440410	335185580102030	335185570574493
335185578257993	335185596785363	335185584479285
335185596261576	335185613468696	335185602665535
335185612327618	335185630152029	335185620738410
335185628426493	335185646835362	335185636168035
335185645043576	335185663518695	335185652180326
335185661787910	335185680202028	335185668531451
335185678435076	335185696885361	335185684908118
335185694712993	335185713568694	335185700955326
335185711577118	335185730252027	335185717788826
335185728109076	335185746935360	335185734267826
335185744889660	335185763618693	335185751043118
335185761694368	335185780302026	335185767855076
335185778448660	335185796985359	335185784553326
335185795235576	335185813668692	335185801355076
335185812074160	335185830352025	335185818143951
335185828874701	335185847035358	335185834969993
335185845860577	335185863718691	335185851879993
335185863997368	335185880402024	335185870056868
335185882200952	335185897085357	335185888217785
335185897826368	335185913768690	335185903870743
335185914377868	335185930452023	335185920345452
335185931518493	335185947135356	335185937658452
335185947273827	335185963818689	335185953351077
335185963595327	335185980502022	335185969634410
335185981339035	335185997185355	335185987350160
335185999244077	335186013868688	335186005252452
335186016992452	335186030552021	335186022950618
335186032842618	335186047235354	335186038791243
335186048911118	335186063918687	335186054961077
335186065807952	335186080602020	335186071826827
335186083183618	335186097285353	335186089238243
335186437660785	335186447635346	335186456045952
335186444758868	335186481002012	335186481221160
335186469198743	335186497685345	335186505182535
335186502024327	335186514368678	335186513824618
335186518775868	335186547735344	335186527476410
335186535536577	335186564418677	335186544313035
335186552246410	335186581102010	335186560789077
335186568963077	335186597785343	335186577514410
335186585971285	335186614468676	335186594550994
335186602724119	335186631152009	335186611278285
335186619409285	335186647835342	335186628030869
335186636055119	335186664518675	335186644656577
335186653007160	335186681202008	335186661519369
335186671949994	335186697885341	335186680451410
335186689083869	335186714568674	335186695191869
335186706389660	335186731252007	335186712512327
335186723931077	335186747935340	335186729935619
335186738908410	335186764618673	335186745026785
335186755450910	335186781302006	335186761732744
335186773068785	335186797985339	335186779205869
335186790227702	335186814668672	335186796379119
335186807420410	335186831352005	335186813529827
335186824105827	335186848035338	335186830116744
335186839471077	335186864718671	335186845750785
335186857054035	335186881402004	335186863164744
335186874276410	335186898085337	335186880474910
335186891748160	335186914768670	335186897852952
335186908404619	335186931452003	335186914412827
335186924672619	335186948135336	335186930614910
335186940337369	335186964818669	335186946597994
335186957346494	335186981502002	335186963434994
335186973967202	335186998185335	335186980166410
335186991126827	335187014868668	335186997225785
335187007858410	335187031552001	335187013966869
335187025603244	335187048235334	335187031696244
335187042979619	335187064918667	335187049079702
335187059188452	335187081602000	335187065264744
335187075073202	335187098285333	335187081153869
335187091949160	335187114968666	335187097978119
335187109292369	335187131651999	335187115415369
335187126671952	335187148335332	335187132835577
335187143489744	335187165018665	335187149576744

===
16683333
335185495362826	335185513368698	335185501540076
335185510745785	335185530052031	335185516891660
335185527672035	335185546735364	335185533851535
335185543963743	335185563418697	335185550132451
335185564440410	335185580102030	335185570574493
335185578257993	335185596785363	335185584479285
335185596261576	335185613468696	335185602665535
335185612327618	335185630152029	335185620738410
335185628426493	335185646835362	335185636168035
335185645043576	335185663518695	335185652180326
335185661787910	335185680202028	335185668531451
335185678435076	335185696885361	335185684908118
335185694712993	335185713568694	335185700955326
335185711577118	335185730252027	335185717788826
335185728109076	335185746935360	335185734267826
335185744889660	335185763618693	335185751043118
335185761694368	335185780302026	335185767855076
335185778448660	335185796985359	335185784553326
335185795235576	335185813668692	335185801355076
335185812074160	335185830352025	335185818143951
335185828874701	335185847035358	335185834969993
335185845860577	335185863718691	335185851879993
335185863997368	335185880402024	335185870056868
335185882200952	335185897085357	335185888217785
335185897826368	335185913768690	335185903870743
335185914377868	335185930452023	335185920345452
335185931518493	335185947135356	335185937658452
335185947273827	335185963818689	335185953351077
335185963595327	335185980502022	335185969634410
335185981339035	335185997185355	335185987350160
335185999244077	335186013868688	335186005252452
335186016992452	335186030552021	335186022950618
335186032842618	335186047235354	335186038791243
335186048911118	335186063918687	335186054961077
335186065807952	335186080602020	335186071826827
335186083183618	335186097285353	335186089238243
335186437660785	335186447635346	335186456045952
335186444758868	335186481002012	335186481221160
335186469198743	335186497685345	335186505182535
335186502024327	335186514368678	335186513824618
335186518775868	335186547735344	335186527476410
335186535536577	335186564418677	335186544313035
335186552246410	335186581102010	335186560789077
335186568963077	335186597785343	335186577514410
335186585971285	335186614468676	335186594550994
335186602724119	335186631152009	335186611278285
335186619409285	335186647835342	335186628030869
335186636055119	335186664518675	335186644656577
335186653007160	335186681202008	335186661519369
335186671949994	335186697885341	335186680451410
335186689083869	335186714568674	335186695191869
335186706389660	335186731252007	335186712512327
335186723931077	335186747935340	335186729935619
335186738908410	335186764618673	335186745026785
335186755450910	335186781302006	335186761732744
335186773068785	335186797985339	335186779205869
335186790227702	335186814668672	335186796379119
335186807420410	335186831352005	335186813529827
335186824105827	335186848035338	335186830116744
335186839471077	335186864718671	335186845750785
335186857054035	335186881402004	335186863164744
335186874276410	335186898085337	335186880474910
335186891748160	335186914768670	335186897852952
335186908404619	335186931452003	335186914412827
335186924672619	335186948135336	335186930614910
335186940337369	335186964818669	335186946597994
335186957346494	335186981502002	335186963434994
335186973967202	335186998185335	335186980166410
335186991126827	335187014868668	335186997225785
335187007858410	335187031552001	335187013966869
335187025603244	335187048235334	335187031696244
335187042979619	335187064918667	335187049079702
335187059188452	335187081602000	335187065264744
335187075073202	335187098285333	335187081153869
335187091949160	335187114968666	335187097978119
335187109292369	335187131651999	335187115415369
335187126671952	335187148335332	335187132835577
335187143489744	335187165018665	335187149576744
335187160033244	335187181701998	335187166282035
335187175384369	335187198385331	335187181525410
335187191387869	335187215068664	335187197504660
335187207565119	335187231751997	335187213692077
335187223632785	335187248435330	335187229737452
335187240550536	335187265118663	335187246682911
335187257137577	335187281801996	335187263363619
335187275014952	335187298485329	335187281222911
335187292539661	335187315168662	335187298695952
335187308475494	335187331851995	335187314615036
335187326007244	335187348535328	335187334334036
335187343074577	335187365218661	335187350809952
335187358502786	335187381901994	335187365635952
335187375390077	335187398585327	335187382128702
335187391846827	335187415268660	335187398309744
335187408500536	335187431951993	335187414704661
335187425898494	335187448635326	335187432051661
335187441982536	335187465318659	335187448175494
335187458623244	335187482001992	335187464801452
335187475302452	335187498685325	335187481457619
335187492117077	335187515368658	335187498199911
335187511148494	335187532051991	335187517189952
335187528365244	335187548735324	335187534600244
335187545004786	335187565418657	335187551070786
335187561930661	335187582101990	335187567986744
335187576730952	335187598785323	335187582823619
335187596896411	335187615468656	335187602874744
335187612594411	335187632151989	335187618608619
335187628045702	335187648835322	335187634061869
335187645037161	335187665518655	335187651075702
335187662490369	335187682201988	335187668509286
335187680925411	335187698885321	335187686931411
335187696940994	335187715568654	335187702914702
335187712267036	335187732251987	335187718221202
335187728827202	335187748935320	335187734852494
335187746124494	335187765618653	335187752144202
335187763589119	335187782301986	335187769706494
335187781283327	335187798985319	335187787269369
335187796793244	335187815668652	335187802790411
335187812864494	335187832351985	335187818902911
335188229290869	335188249435310	335188247613161
335188236964828	335188266118643	335188272846953
335188266176286	335188299485309	335188298755244
335188282693994	335188316168642	335188318922703
335188316049119	335188332851975	335188327664369
335188332863578	335188349535308	335188341618286
335188349521119	335188366218641	335188358062953
335188366356536	335188382901974	335188374905661
335188383064119	335188399585307	335188391656328

===
16683333
335187025603244	335187048235334	335187031696244
335187042979619	335187064918667	335187049079702
335187059188452	335187081602000	335187065264744
335187075073202	335187098285333	335187081153869
335187091949160	335187114968666	335187097978119
335187109292369	335187131651999	335187115415369
335187126671952	335187148335332	335187132835577
335187143489744	335187165018665	335187149576744
335187160033244	335187181701998	335187166282035
335187175384369	335187198385331	335187181525410
335187191387869	335187215068664	335187197504660
335187207565119	335187231751997	335187213692077
335187223632785	335187248435330	335187229737452
335187240550536	335187265118663	335187246682911
335187257137577	335187281801996	335187263363619
335187275014952	335187298485329	335187281222911
335187292539661	335187315168662	335187298695952
335187308475494	335187331851995	335187314615036
335187326007244	335187348535328	335187334334036
335187343074577	335187365218661	335187350809952
335187358502786	335187381901994	335187365635952
335187375390077	335187398585327	335187382128702
335187391846827	335187415268660	335187398309744
335187408500536	335187431951993	335187414704661
335187425898494	335187448635326	335187432051661
335187441982536	335187465318659	335187448175494
335187458623244	335187482001992	335187464801452
335187475302452	335187498685325	335187481457619
335187492117077	335187515368658	335187498199911
335187511148494	335187532051991	335187517189952
335187528365244	335187548735324	335187534600244
335187545004786	335187565418657	335187551070786
335187561930661	335187582101990	335187567986744
335187576730952	335187598785323	335187582823619
335187596896411	335187615468656	335187602874744
335187612594411	335187632151989	335187618608619
335187628045702	335187648835322	335187634061869
335187645037161	335187665518655	335187651075702
335187662490369	335187682201988	335187668509286
335187680925411	335187698885321	335187686931411
335187696940994	335187715568654	335187702914702
335187712267036	335187732251987	335187718221202
335187728827202	335187748935320	335187734852494
335187746124494	335187765618653	335187752144202
335187763589119	335187782301986	335187769706494
335187781283327	335187798985319	335187787269369
335187796793244	335187815668652	335187802790411
335187812864494	335187832351985	335187818902911
335188229290869	335188249435310	335188247613161
335188236964828	335188266118643	335188272846953
335188266176286	335188299485309	335188298755244
335188282693994	335188316168642	335188318922703
335188316049119	335188332851975	335188327664369
335188332863578	335188349535308	335188341618286
335188349521119	335188366218641	335188358062953
335188366356536	335188382901974	335188374905661
335188383064119	335188399585307	335188391656328
335188400069078	335188416268640	335188408628828
335188417238411	335188432951973	335188425859286
335188433793869	335188449635306	335188442429619
335188450741703	335188466318639	335188459218744
335188468166703	335188483001972	335188476637036
335188485957536	335188499685305	335188492121828
335188503245744	335188516368638	335188509361911
335188519980494	335188533051971	335188526077286
335188535972286	335188549735304	335188542091578
335188553113328	335188566418637	335188559332994
335188570358453	335188583101970	335188576478328
335188588970411	335188599785303	335188595028744
335188604445786	335188616468636	335188610429161
335188620634286	335188633151969	335188626702203
335188639190495	335188649835302	335188645259536
335188655233703	335188666518635	335188661388411
335188670531120	335188683201968	335188676719703
335188688082411	335188699885301	335188694254036
335188705733286	335188716568634	335188711900203
335188720950828	335188733251967	335188726998161
335188738241870	335188749935300	335188744403370
335188754444578	335188766618633	335188760536661
335188769823245	335188783301966	335188775960120
335188786692620	335188799985299	335188792804870
335188803128911	335188816668632	335188809326745
335188820894453	335188833351965	335188826974078
335188839764786	335188850035298	335188845534911
335188855232995	335188866718631	335188861192453
335188872421620	335188900085297	335188878540286
335188888913203	335188916768630	335188895016953
335188906736620	335188933451963	335188912958286
335188921509745	335188950135296	335188927714245
335188938041661	335188966818629	335188944145120
335188954509578	335188983501962	335188960570328
335188970877911	335189000185295	335188977008911
335188987724120	335189016868628	335188993842911
335189004474703	335189033551961	335189010657620
335189021952953	335189050235294	335189028144120
335189038481036	335189066918627	335189044608120
335189055506036	335189083601960	335189061712578
335189072850120	335189100285293	335189079178536
335189089801536	335189116968626	335189098230953
335189105887495	335189133651959	335189113663453
335189122282203	335189150335292	335189129422078
335189139110536	335189167018625	335189145813286
335189155767620	335189183701958	335189162217203
335189172496161	335189200385291	335189178712745
335189189273911	335189217068624	335189195491078
335189205747411	335189233751957	335189211894370
335189222596745	335189250435290	335189228724036
335189239229911	335189267118623	335189245351286
335189256178203	335189283801956	335189262184120
335189273113995	335189300485289	335189279151786
335189292656995	335189317168622	335189298703120
335189309713328	335189333851955	335189315806161
335189325658036	335189350535288	335189331791828
335189340940912	335189367218621	335189347100995
335189359984120	335189383901954	335189366057412
335189375679870	335189400585287	335189381711745
335189392588828	335189417268620	335189398620037
335189409246620	335189433951953	335189415265203
335189427553787	335189450635286	335189433568870
335189443640787	335189467318619	335189449753495
335189460191953	335189484001952	335189466190370
335189476064953	335189500685285	335189482043453
335189492903203	335189517368618	335189498931995
335189510514245	335189534051951	335189516533995
335189528380537	335189550735284	335189534069120
335189544400328	335189567418617	335189550501662
335189560472787	335189584101950	335189566462537

===
16683333
335187358502786	335187381901994	335187365635952
335187375390077	335187398585327	335187382128702
335187391846827	335187415268660	335187398309744
335187408500536	335187431951993	335187414704661
335187425898494	335187448635326	335187432051661
335187441982536	335187465318659	335187448175494
335187458623244	335187482001992	335187464801452
335187475302452	335187498685325	335187481457619
335187492117077	335187515368658	335187498199911
335187511148494	335187532051991	335187517189952
335187528365244	335187548735324	335187534600244
335187545004786	335187565418657	335187551070786
335187561930661	335187582101990	335187567986744
335187576730952	335187598785323	335187582823619
335187596896411	335187615468656	335187602874744
335187612594411	335187632151989	335187618608619
335187628045702	335187648835322	335187634061869
335187645037161	335187665518655	335187651075702
335187662490369	335187682201988	335187668509286
335187680925411	335187698885321	335187686931411
335187696940994	335187715568654	335187702914702
335187712267036	335187732251987	335187718221202
335187728827202	335187748935320	335187734852494
335187746124494	335187765618653	335187752144202
335187763589119	335187782301986	335187769706494
335187781283327	335187798985319	335187787269369
335187796793244	335187815668652	335187802790411
335187812864494	335187832351985	335187818902911
335188229290869	335188249435310	335188247613161
335188236964828	335188266118643	335188272846953
335188266176286	335188299485309	335188298755244
335188282693994	335188316168642	335188318922703
335188316049119	335188332851975	335188327664369
335188332863578	335188349535308	335188341618286
335188349521119	335188366218641	335188358062953
335188366356536	335188382901974	335188374905661
335188383064119	335188399585307	335188391656328
335188400069078	335188416268640	335188408628828
335188417238411	335188432951973	335188425859286
335188433793869	335188449635306	335188442429619
335188450741703	335188466318639	335188459218744
335188468166703	335188483001972	335188476637036
335188485957536	335188499685305	335188492121828
335188503245744	335188516368638	335188509361911
335188519980494	335188533051971	335188526077286
335188535972286	335188549735304	335188542091578
335188553113328	335188566418637	335188559332994
335188570358453	335188583101970	335188576478328
335188588970411	335188599785303	335188595028744
335188604445786	335188616468636	335188610429161
335188620634286	335188633151969	335188626702203
335188639190495	335188649835302	335188645259536
335188655233703	335188666518635	335188661388411
335188670531120	335188683201968	335188676719703
335188688082411	335188699885301	335188694254036
335188705733286	335188716568634	335188711900203
335188720950828	335188733251967	335188726998161
335188738241870	335188749935300	335188744403370
335188754444578	335188766618633	335188760536661
335188769823245	335188783301966	335188775960120
335188786692620	335188799985299	335188792804870
335188803128911	335188816668632	335188809326745
335188820894453	335188833351965	335188826974078
335188839764786	335188850035298	335188845534911
335188855232995	335188866718631	335188861192453
335188872421620	335188900085297	335188878540286
335188888913203	335188916768630	335188895016953
335188906736620	335188933451963	335188912958286
335188921509745	335188950135296	335188927714245
335188938041661	335188966818629	335188944145120
335188954509578	335188983501962	335188960570328
335188970877911	335189000185295	335188977008911
335188987724120	335189016868628	335188993842911
335189004474703	335189033551961	335189010657620
335189021952953	335189050235294	335189028144120
335189038481036	335189066918627	335189044608120
335189055506036	335189083601960	335189061712578
335189072850120	335189100285293	335189079178536
335189089801536	335189116968626	335189098230953
335189105887495	335189133651959	335189113663453
335189122282203	335189150335292	335189129422078
335189139110536	335189167018625	335189145813286
335189155767620	335189183701958	335189162217203
335189172496161	335189200385291	335189178712745
335189189273911	335189217068624	335189195491078
335189205747411	335189233751957	335189211894370
335189222596745	335189250435290	335189228724036
335189239229911	335189267118623	335189245351286
335189256178203	335189283801956	335189262184120
335189273113995	335189300485289	335189279151786
335189292656995	335189317168622	335189298703120
335189309713328	335189333851955	335189315806161
335189325658036	335189350535288	335189331791828
335189340940912	335189367218621	335189347100995
335189359984120	335189383901954	335189366057412
335189375679870	335189400585287	335189381711745
335189392588828	335189417268620	335189398620037
335189409246620	335189433951953	335189415265203
335189427553787	335189450635286	335189433568870
335189443640787	335189467318619	335189449753495
335189460191953	335189484001952	335189466190370
335189476064953	335189500685285	335189482043453
335189492903203	335189517368618	335189498931995
335189510514245	335189534051951	335189516533995
335189528380537	335189550735284	335189534069120
335189544400328	335189567418617	335189550501662
335189560472787	335189584101950	335189566462537
335190252664162	335190268118603	335190265225454
335190267449829	335190284801936	335190282137245
335190287682912	335190301485269	335190302316912
335190304622495	335190318168602	335190319241579
335190321048745	335190334851935	335190340103287
335190335830537	335190351535268	335190359449912
335190350722079	335190368218601	335190374357120
335190367909995	335190384901934	335190380804787
335190387229745	335190401585267	335190393438954
335190401268787	335190418268600	335190407512995
335190418342870	335190434951933	335190424638412
335190436961870	335190451635266	335190443320537
335190450088829	335190468318599	335190456437204
335190466339454	335190485001932	335190472704079
335190485511245	335190501685265	335190491845745
335190501518829	335190518368598	335190507794079
335190518821662	335190535051931	335190525070537
335190535630287	335190551735264	335190541763079
335190552975287	335190568418597	335190559114370
335190568556412	335190585101930	335190574491745

