16683333
0	0	0
0	0	0
0	0	0
0	0	0
0	0	0
0	0	0
0	0	0
0	0	0
0	0	0
0	0	0
0	0	0
0	0	0
0	0	0
0	0	0
0	0	0
0	0	0
0	0	0
0	0	0
0	0	0
0	0	0
0	0	0
0	0	0
0	0	0
0	0	0
0	0	0
0	0	0
0	0	0
0	0	0
0	0	0
0	0	0
0	0	0
0	0	0
0	0	0
0	0	0
0	0	0
0	0	0
0	0	0
0	0	0
0	0	0
0	0	0
0	0	0
0	0	0
0	0	0
0	0	0
0	0	0
0	0	0
0	0	0
0	0	0
0	0	0
0	0	0
0	0	0
0	0	0
0	0	0
0	0	0
0	0	0
0	0	0
0	0	0
0	0	0
0	0	0
0	0	0
0	0	0
0	0	0
0	0	0
0	0	0
0	0	0
0	0	0
0	0	0
0	0	0
0	0	0
0	0	0
0	0	0
0	0	0
0	0	0
0	0	0
0	0	0
0	0	0
0	0	0
0	0	0
0	0	0
0	0	0
0	0	0
0	0	0
0	0	0
0	0	0
0	0	0
0	0	0
0	0	0
0	0	0
0	0	0
0	0	0
0	0	0
0	0	0
0	0	0
0	0	0
0	0	0
0	0	0
0	0	0
0	0	0
0	0	0
0	0	0
0	0	0
0	0	0
0	0	0
0	0	0
0	0	0
0	0	0
0	0	0
0	0	0
0	0	0
0	0	0
0	0	0
0	0	0
0	0	0
0	0	0
0	0	0
0	0	0
0	0	0
0	0	0
0	0	0
0	0	0
0	0	0
0	0	0
0	0	0
0	0	0
0	0	0
0	0	0
0	0	0

===
16683333
0	0	0
0	0	0
0	0	0
0	0	0
0	0	0
0	0	0
0	0	0
0	0	0
0	0	0
0	0	0
0	0	0
0	0	0
0	0	0
0	0	0
0	0	0
0	0	0
0	0	0
0	0	0
0	0	0
0	0	0
0	0	0
0	0	0
0	0	0
0	0	0
0	0	0
0	0	0
0	0	0
0	0	0
0	0	0
0	0	0
0	0	0
0	0	0
0	0	0
0	0	0
0	0	0
0	0	0
0	0	0
0	0	0
0	0	0
0	0	0
0	0	0
0	0	0
0	0	0
0	0	0
0	0	0
0	0	0
0	0	0
0	0	0
0	0	0
0	0	0
0	0	0
0	0	0
0	0	0
0	0	0
0	0	0
0	0	0
0	0	0
0	0	0
0	0	0
0	0	0
0	0	0
0	0	0
0	0	0
0	0	0
0	0	0
0	0	0
0	0	0
0	0	0
0	0	0
0	0	0
0	0	0
0	0	0
0	0	0
0	0	0
0	0	0
0	0	0
0	0	0
0	0	0
0	0	0
0	0	0
0	0	0
334900474282357	334900480365782	334900490645982
334900497663065	334900513732448	334900515653607
334900520054232	334900530415781	334900538212732
334900541784024	334900547099114	334900559901315
334900560810565	334900563782447	334900571620857
334900575181107	334900580465780	334900582658690
334900587238315	334900597149113	334900594737024
334900606318190	334900613832446	334900613751232
334900620953982	334900630515779	334900628509357
334900640588857	334900647199112	334900648119274
334900653109899	334900663882445	334900660641607
334900672044482	334900680565778	334900679527066
334900688866149	334900697249111	334900696371524
334900706582482	334900713932444	334900714068107
334900722100274	334900730615777	334900729602941
334900739858316	334900747299110	334900747372441
334900754078607	334900763982443	334900761569024
334900770522274	334900797349109	334900777991691
334900786041316	334900814032442	334900793309899
334901060493732	334901097649103	334901082385232
334901089252774	334901114332436	334901105623941
334901115967191	334901131015769	334901125250524
334901135296524	334901147699102	334901144918232
334901151996066	334901164382435	334901161852107
334901164330857	334901181065768	334901174103566
334901177899607	334901197749101	334901187667191
334901195978066	334901214432434	334901205794274
334901210876524	334901231115767	334901220687982
334901227838149	334901247799100	334901237694732
334901243927232	334901264482433	334901253755524
334901260431232	334901281165766	334901270300357
334901277058524	334901297849099	334901286818274
334901294886649	334901314532432	334901304669566
334901321290774	334901331215765	334901328706899
334901331453358	334901347899098	334901338882816
334901344362858	334901364582431	334901351772024
334901361871899	334901381265764	334901369335483
334901379000858	334901397949097	334901386448108
334901395293733	334901414632430	334901402713149
334901412074024	334901431315763	334901419453483
334901429969066	334901447999096	334901437413024
334901445863858	334901464682429	334901453288358
334901462980649	334901481365762	334901470397108
334901480478024	334901498049095	334901487897691
334901497004608	334901514732428	334901504414733
334901513347191	334901531415761	334901520775858

===
16683333
0	0	0
0	0	0
0	0	0
0	0	0
0	0	0
0	0	0
0	0	0
0	0	0
0	0	0
0	0	0
0	0	0
0	0	0
0	0	0
0	0	0
0	0	0
0	0	0
0	0	0
0	0	0
0	0	0
0	0	0
0	0	0
0	0	0
0	0	0
0	0	0
0	0	0
0	0	0
0	0	0
0	0	0
0	0	0
334900474282357	334900480365782	334900490645982
334900497663065	334900513732448	334900515653607
334900520054232	334900530415781	334900538212732
334900541784024	334900547099114	334900559901315
334900560810565	334900563782447	334900571620857
334900575181107	334900580465780	334900582658690
334900587238315	334900597149113	334900594737024
334900606318190	334900613832446	334900613751232
334900620953982	334900630515779	334900628509357
334900640588857	334900647199112	334900648119274
334900653109899	334900663882445	334900660641607
334900672044482	334900680565778	334900679527066
334900688866149	334900697249111	334900696371524
334900706582482	334900713932444	334900714068107
334900722100274	334900730615777	334900729602941
334900739858316	334900747299110	334900747372441
334900754078607	334900763982443	334900761569024
334900770522274	334900797349109	334900777991691
334900786041316	334900814032442	334900793309899
334901060493732	334901097649103	334901082385232
334901089252774	334901114332436	334901105623941
334901115967191	334901131015769	334901125250524
334901135296524	334901147699102	334901144918232
334901151996066	334901164382435	334901161852107
334901164330857	334901181065768	334901174103566
334901177899607	334901197749101	334901187667191
334901195978066	334901214432434	334901205794274
334901210876524	334901231115767	334901220687982
334901227838149	334901247799100	334901237694732
334901243927232	334901264482433	334901253755524
334901260431232	334901281165766	334901270300357
334901277058524	334901297849099	334901286818274
334901294886649	334901314532432	334901304669566
334901321290774	334901331215765	334901328706899
334901331453358	334901347899098	334901338882816
334901344362858	334901364582431	334901351772024
334901361871899	334901381265764	334901369335483
334901379000858	334901397949097	334901386448108
334901395293733	334901414632430	334901402713149
334901412074024	334901431315763	334901419453483
334901429969066	334901447999096	334901437413024
334901445863858	334901464682429	334901453288358
334901462980649	334901481365762	334901470397108
334901480478024	334901498049095	334901487897691
334901497004608	334901514732428	334901504414733
334901513347191	334901531415761	334901520775858
334901527432566	334901548099094	334901534847899
334901543421066	334901564782427	334901550880399
334901561698816	334901581465760	334901569150816
334901578528149	334901598149093	334901585927108
334901593370816	334901614832426	334901600740774
334901610597233	334901631515759	334901617963566
334901628396024	334901648199092	334901635776024
334901645827358	334901664882425	334901653178983
334901661877066	334901681565758	334901669260149
334901681015274	334901698249091	334901688431441
334901694881191	334901714932424	334901702287441
334901711858608	334901731615757	334901719168108
334901727550608	334901748299090	334901735162441
334901746716358	334901764982423	334901754117233
334901764686191	334901781665756	334901772173524
334901790681191	334901798349089	334901798196524
334901805904149	334901815032422	334901815554566
334901818524858	334901831715755	334901827450441
334901833443108	334901848399088	334901841724441
334901850372358	334901865082421	334901858261316
334901866868066	334901881765754	334901874462691
334901884532108	334901898449087	334901891901441
334901898388191	334901915132420	334901905728483
334901914533274	334901931815753	334901921860483
334901931322608	334901948499086	334901938635649
334901948313024	334901965182419	334901955647649
334901965000358	334901981865752	334901972164108
334901981653941	334901998549085	334901989033233
334901998451816	334902015232418	334902005751274
334902015175274	334902031915751	334902022560900
334902028894233	334902048599084	334902036189691
334902050101233	334902065282417	334902057416066
334902066640858	334902081965750	334902073923066
334902083378483	334902098649083	334902090678941
334902100455983	334902115332416	334902107817233
334902116579025	334902132015749	334902123850025
334902133568150	334902148699082	334902140838066
334902150585233	334902165382415	334902157868025
334902169231316	334902182065748	334902176478316
334902184245316	334902198749081	334902191522691
334902201809650	334902215432414	334902209092566
334902218782525	334902232115747	334902226035483
334902234739275	334902248799080	334902242023400
334902252300566	334902265482413	334902259563025
334902264428316	334902282165746	334902271686275
334902628315816	334902649199072	334902650220358
334902641935816	334902682565738	334902679920108
334902670257941	334902699249071	334902708914983
334902704264400	334902732615737	334902731731150
334902724531067	334902749299070	334902742656817
334902753958400	334902765982403	334902763700108
334902771763400	334902782665736	334902781554025

===
16683333
334901395293733	334901414632430	334901402713149
334901412074024	334901431315763	334901419453483
334901429969066	334901447999096	334901437413024
334901445863858	334901464682429	334901453288358
334901462980649	334901481365762	334901470397108
334901480478024	334901498049095	334901487897691
334901497004608	334901514732428	334901504414733
334901513347191	334901531415761	334901520775858
334901527432566	334901548099094	334901534847899
334901543421066	334901564782427	334901550880399
334901561698816	334901581465760	334901569150816
334901578528149	334901598149093	334901585927108
334901593370816	334901614832426	334901600740774
334901610597233	334901631515759	334901617963566
334901628396024	334901648199092	334901635776024
334901645827358	334901664882425	334901653178983
334901661877066	334901681565758	334901669260149
334901681015274	334901698249091	334901688431441
334901694881191	334901714932424	334901702287441
334901711858608	334901731615757	334901719168108
334901727550608	334901748299090	334901735162441
334901746716358	334901764982423	334901754117233
334901764686191	334901781665756	334901772173524
334901790681191	334901798349089	334901798196524
334901805904149	334901815032422	334901815554566
334901818524858	334901831715755	334901827450441
334901833443108	334901848399088	334901841724441
334901850372358	334901865082421	334901858261316
334901866868066	334901881765754	334901874462691
334901884532108	334901898449087	334901891901441
334901898388191	334901915132420	334901905728483
334901914533274	334901931815753	334901921860483
334901931322608	334901948499086	334901938635649
334901948313024	334901965182419	334901955647649
334901965000358	334901981865752	334901972164108
334901981653941	334901998549085	334901989033233
334901998451816	334902015232418	334902005751274
334902015175274	334902031915751	334902022560900
334902028894233	334902048599084	334902036189691
334902050101233	334902065282417	334902057416066
334902066640858	334902081965750	334902073923066
334902083378483	334902098649083	334902090678941
334902100455983	334902115332416	334902107817233
334902116579025	334902132015749	334902123850025
334902133568150	334902148699082	334902140838066
334902150585233	334902165382415	334902157868025
334902169231316	334902182065748	334902176478316
334902184245316	334902198749081	334902191522691
334902201809650	334902215432414	334902209092566
334902218782525	334902232115747	334902226035483
334902234739275	334902248799080	334902242023400
334902252300566	334902265482413	334902259563025
334902264428316	334902282165746	334902271686275
334902628315816	334902649199072	334902650220358
334902641935816	334902682565738	334902679920108
334902670257941	334902699249071	334902708914983
334902704264400	334902732615737	334902731731150
334902724531067	334902749299070	334902742656817
334902753958400	334902765982403	334902763700108
334902771763400	334902782665736	334902781554025
334902792202983	334902799349069	334902801975900
334902809661233	334902816032402	334902819515775
334902822780400	334902832715735	334902832574233
334902837908775	334902849399068	334902847650608
334902856377400	334902866082401	334902866138233
334902873461067	334902882765734	334902880913983
334902890195608	334902899449067	334902897599442
334902905430025	334902916132400	334902912828233
334902920090067	334902932815733	334902927465525
334902941140442	334902949499066	334902948612192
334902959274858	334902966182399	334902966689817
334902976758650	334902982865732	334902984179317
334902989747025	334902999549065	334902997161608
334903005183150	334903016232398	334903012575775
334903027242817	334903032915731	334903034644900
334903042406900	334903049599064	334903050010192
334903060961317	334903066282397	334903068291692
334903071533317	334903082965730	334903078953483
334903089211317	334903099649063	334903096674650
334903105948983	334903116332396	334903113318525
334903123310275	334903133015729	334903130653858
334903141083067	334903149699062	334903148357317
334903157617150	334903183065728	334903165003900
334903175470108	334903199749061	334903182708358
334903193228567	334903216432394	334903200570608
334903208555525	334903233115727	334903216045442
334903225344858	334903249799060	334903232702608
334903242877192	334903266482393	334903250403400
334903260334567	334903283165726	334903267793692
334903275432817	334903299849059	334903282788067
334903293822025	334903316532392	334903301324692
334903309428317	334903333215725	334903316737650
334903324804858	334903349899058	334903332207275
334903341450650	334903366582391	334903348803442
334903357702817	334903383265724	334903368135108
334903374166442	334903399949057	334903381593483
334903394838858	334903416632390	334903402293608
334903409869442	334903433315723	334903417387400
334903424442942	334903449999056	334903434009442
334903447162192	334903466682389	334903456047359
334903462625775	334903483365722	334903470909400
334903475137859	334903500049055	334903483000775
334903491798275	334903516732388	334903499397567
334903508702150	334903533415721	334903516077442
334903526747109	334903550099054	334903534079650
334903543962734	334903566782387	334903551282900
334903557787234	334903583465720	334903565099317
334903574370025	334903600149053	334903581677650
334903591416400	334903616832386	334903598729609
334903611331525	334903633515719	334903618658317
334903629029900	334903650199052	334903636358900
334903641864067	334903666882385	334903649121400
334903659594275	334903683565718	334903666952442
334903677884025	334903700249051	334903685151400
334903700529484	334903716932384	334903707771859
334903715919525	334903733615717	334903723192817
334903726614400	334903750299050	334903733826567
334903744652817	334903766982383	334903751921525
334903762464150	334903783665716	334903769692984
334903783801400	334903800349049	334903791021984
334903800666484	334903817032382	334903807914817
334903812037984	334903833715715	334903819257484
334903829361317	334903850399048	334903836705234
334903846425734	334903867082381	334903853656234
334903868273900	334903883765714	334903875469234
334903879982109	334903900449047	334903887161484
334903895825359	334903917132380	334903903073067

===
16683333
334902753958400	334902765982403	334902763700108
334902771763400	334902782665736	334902781554025
334902792202983	334902799349069	334902801975900
334902809661233	334902816032402	334902819515775
334902822780400	334902832715735	334902832574233
334902837908775	334902849399068	334902847650608
334902856377400	334902866082401	334902866138233
334902873461067	334902882765734	334902880913983
334902890195608	334902899449067	334902897599442
334902905430025	334902916132400	334902912828233
334902920090067	334902932815733	334902927465525
334902941140442	334902949499066	334902948612192
334902959274858	334902966182399	334902966689817
334902976758650	334902982865732	334902984179317
334902989747025	334902999549065	334902997161608
334903005183150	334903016232398	334903012575775
334903027242817	334903032915731	334903034644900
334903042406900	334903049599064	334903050010192
334903060961317	334903066282397	334903068291692
334903071533317	334903082965730	334903078953483
334903089211317	334903099649063	334903096674650
334903105948983	334903116332396	334903113318525
334903123310275	334903133015729	334903130653858
334903141083067	334903149699062	334903148357317
334903157617150	334903183065728	334903165003900
334903175470108	334903199749061	334903182708358
334903193228567	334903216432394	334903200570608
334903208555525	334903233115727	334903216045442
334903225344858	334903249799060	334903232702608
334903242877192	334903266482393	334903250403400
334903260334567	334903283165726	334903267793692
334903275432817	334903299849059	334903282788067
334903293822025	334903316532392	334903301324692
334903309428317	334903333215725	334903316737650
334903324804858	334903349899058	334903332207275
334903341450650	334903366582391	334903348803442
334903357702817	334903383265724	334903368135108
334903374166442	334903399949057	334903381593483
334903394838858	334903416632390	334903402293608
334903409869442	334903433315723	334903417387400
334903424442942	334903449999056	334903434009442
334903447162192	334903466682389	334903456047359
334903462625775	334903483365722	334903470909400
334903475137859	334903500049055	334903483000775
334903491798275	334903516732388	334903499397567
334903508702150	334903533415721	334903516077442
334903526747109	334903550099054	334903534079650
334903543962734	334903566782387	334903551282900
334903557787234	334903583465720	334903565099317
334903574370025	334903600149053	334903581677650
334903591416400	334903616832386	334903598729609
334903611331525	334903633515719	334903618658317
334903629029900	334903650199052	334903636358900
334903641864067	334903666882385	334903649121400
334903659594275	334903683565718	334903666952442
334903677884025	334903700249051	334903685151400
334903700529484	334903716932384	334903707771859
334903715919525	334903733615717	334903723192817
334903726614400	334903750299050	334903733826567
334903744652817	334903766982383	334903751921525
334903762464150	334903783665716	334903769692984
334903783801400	334903800349049	334903791021984
334903800666484	334903817032382	334903807914817
334903812037984	334903833715715	334903819257484
334903829361317	334903850399048	334903836705234
334903846425734	334903867082381	334903853656234
334903868273900	334903883765714	334903875469234
334903879982109	334903900449047	334903887161484
334903895825359	334903917132380	334903903073067
334904275112651	334904300849039	334904296895026
334904282957901	334904317532372	334904323333609
334904314882151	334904350899038	334904350783984
334904332453567	334904367582371	334904374486609
334904368594526	334904384265704	334904384851567
334904387149859	334904400949037	334904396886401
334904399049526	334904417632370	334904408828234
334904417597984	334904434315703	334904427402859
334904435067567	334904450999036	334904444942817
334904452885734	334904467682369	334904462778401
334904465574859	334904484365702	334904475479484
334904482250109	334904501049035	334904492037901
334904501411442	334904517732368	334904511190234
334904518730234	334904534415701	334904526160067
334904533201401	334904551099034	334904540607276
334904550292026	334904567782367	334904557807276
334904568370401	334904584465700	334904575843192
334904585930442	334904601149033	334904593297526
334904601008401	334904617832366	334904608491776
334904619943359	334904634515699	334904627346442
334904637000067	334904651199032	334904644371651
334904652751026	334904667882365	334904660134192
334904670116151	334904684565698	334904677480151
334904687472734	334904701249031	334904694876692
334904705162984	334904717932364	334904712606817
334904722506817	334904734615697	334904729849651
334904737894026	334904751299030	334904745327151
334904755852484	334904767982363	334904763245692
334904771580026	334904784665696	334904778914609
334904788852276	334904801349029	334904796295151
334904806677484	334904818032362	334904814102568
334904821734151	334904834715695	334904829120318
334904839638943	334904851399028	334904847029609
334904855677693	334904868082361	334904862962526
334904873548609	334904884765694	334904880914443
334904890010609	334904901449027	334904897426943
334904906543359	334904918132360	334904913884859
334904920619401	334904934815693	334904928103818
334904937083609	334904951499026	334904944422484
334904954718651	334904968182359	334904964829151
334904971922068	334904984865692	334904979514193
334904987457026	334905001549025	334904994854109
334905004553943	334905018232358	334905012111276
334905024037151	334905034915691	334905031530734
334905041203026	334905051599024	334905050759359
334905056648734	334905068282357	334905065524026
334905072592984	334905084965690	334905080873109
334905088967151	334905101649023	334905096815318
334905105622276	334905118332356	334905113203526
334905120539901	334905135015689	334905127877568
334905137445151	334905151699022	334905144787609
334905154188776	334905168382355	334905161508943
334905170846526	334905185065688	334905178151484
334905187717776	334905201749021	334905195030984
334905204296776	334905218432354	334905211595359
334905221018734	334905235115687	334905228331943
334905238100901	334905251799020	334905245400318
334905254606609	334905268482353	334905261957484

===
16683333
334903611331525	334903633515719	334903618658317
334903629029900	334903650199052	334903636358900
334903641864067	334903666882385	334903649121400
334903659594275	334903683565718	334903666952442
334903677884025	334903700249051	334903685151400
334903700529484	334903716932384	334903707771859
334903715919525	334903733615717	334903723192817
334903726614400	334903750299050	334903733826567
334903744652817	334903766982383	334903751921525
334903762464150	334903783665716	334903769692984
334903783801400	334903800349049	334903791021984
334903800666484	334903817032382	334903807914817
334903812037984	334903833715715	334903819257484
334903829361317	334903850399048	334903836705234
334903846425734	334903867082381	334903853656234
334903868273900	334903883765714	334903875469234
334903879982109	334903900449047	334903887161484
334903895825359	334903917132380	334903903073067
334904275112651	334904300849039	334904296895026
334904282957901	334904317532372	334904323333609
334904314882151	334904350899038	334904350783984
334904332453567	334904367582371	334904374486609
334904368594526	334904384265704	334904384851567
334904387149859	334904400949037	334904396886401
334904399049526	334904417632370	334904408828234
334904417597984	334904434315703	334904427402859
334904435067567	334904450999036	334904444942817
334904452885734	334904467682369	334904462778401
334904465574859	334904484365702	334904475479484
334904482250109	334904501049035	334904492037901
334904501411442	334904517732368	334904511190234
334904518730234	334904534415701	334904526160067
334904533201401	334904551099034	334904540607276
334904550292026	334904567782367	334904557807276
334904568370401	334904584465700	334904575843192
334904585930442	334904601149033	334904593297526
334904601008401	334904617832366	334904608491776
334904619943359	334904634515699	334904627346442
334904637000067	334904651199032	334904644371651
334904652751026	334904667882365	334904660134192
334904670116151	334904684565698	334904677480151
334904687472734	334904701249031	334904694876692
334904705162984	334904717932364	334904712606817
334904722506817	334904734615697	334904729849651
334904737894026	334904751299030	334904745327151
334904755852484	334904767982363	334904763245692
334904771580026	334904784665696	334904778914609
334904788852276	334904801349029	334904796295151
334904806677484	334904818032362	334904814102568
334904821734151	334904834715695	334904829120318
334904839638943	334904851399028	334904847029609
334904855677693	334904868082361	334904862962526
334904873548609	334904884765694	334904880914443
334904890010609	334904901449027	334904897426943
334904906543359	334904918132360	334904913884859
334904920619401	334904934815693	334904928103818
334904937083609	334904951499026	334904944422484
334904954718651	334904968182359	334904964829151
334904971922068	334904984865692	334904979514193
334904987457026	334905001549025	334904994854109
334905004553943	334905018232358	334905012111276
334905024037151	334905034915691	334905031530734
334905041203026	334905051599024	334905050759359
334905056648734	334905068282357	334905065524026
334905072592984	334905084965690	334905080873109
334905088967151	334905101649023	334905096815318
334905105622276	334905118332356	334905113203526
334905120539901	334905135015689	334905127877568
334905137445151	334905151699022	334905144787609
334905154188776	334905168382355	334905161508943
334905170846526	334905185065688	334905178151484
334905187717776	334905201749021	334905195030984
334905204296776	334905218432354	334905211595359
334905221018734	334905235115687	334905228331943
334905238100901	334905251799020	334905245400318
334905254606609	334905268482353	334905261957484
334905273267776	334905285165686	334905280543443
334905289904443	334905301849019	334905297272109
334905307621276	334905318532352	334905314959693
334905322814151	334905335215685	334905330133568
334905339343818	334905351899018	334905346444276
334905357641234	334905368582351	334905364915526
334905374783818	334905385265684	334905382012734
334905391981151	334905401949017	334905399206568
334905409850651	334905418632350	334905417011568
334905425709776	334905435315683	334905433017109
334905443254734	334905451999016	334905450513234
334905460381818	334905468682349	334905467595943
334905477607526	334905485365682	334905484830568
334905493697318	334905502049015	334905500929859
334905850876985	334905885765674	334905872753193
334905861778735	334905902449007	334905900532110
334905901205943	334905935815673	334905931363193
334905911428401	334905969182339	334905959599193
334905944693443	334906002549005	334905988751360
334905980837901	334906019232338	334906003892776
334906011778985	334906035915671	334906021557276
334906028565485	334906052599004	334906038433276
334906047750110	334906069282337	334906057616360
334906065018026	334906085965670	334906074901193
334906078296735	334906102649003	334906088099651
334906095752068	334906119332336	334906105540651
334906113031735	334906136015669	334906120438776
334906129896110	334906152699002	334906137288151
334906147159026	334906169382335	334906154565901
334906163660026	334906186065668	334906171075693
334906180561526	334906202749001	334906187989276
334906198158776	334906219432334	334906205577151
334906215353527	334906236115667	334906222713902
334906233363527	334906252799000	334906240780735
334906249539777	334906269482333	334906256951485
334906265032443	334906286165666	334906272432443
334906282263443	334906302848999	334906289680693
334906299398485	334906319532332	334906306784985
334906317711693	334906336215665	334906325097318
334906332926652	334906352898998	334906340299193
334906350277652	334906369582331	334906357642652
334906368109777	334906386265664	334906375415777
334906386120360	334906402948997	334906393490402
334906401729193	334906419632330	334906409112652
334906418998360	334906436315663	334906426372610
334906434567527	334906452998996	334906441939777
334906452263735	334906469682329	334906459592943
334906468235277	334906486365662	334906475561735
334906485363985	334906503048995	334906492719318
334906502962818	334906519732328	334906510424735
334906516857443	334906536415661	334906524353610

===
16683333
334904855677693	334904868082361	334904862962526
334904873548609	334904884765694	334904880914443
334904890010609	334904901449027	334904897426943
334904906543359	334904918132360	334904913884859
334904920619401	334904934815693	334904928103818
334904937083609	334904951499026	334904944422484
334904954718651	334904968182359	334904964829151
334904971922068	334904984865692	334904979514193
334904987457026	334905001549025	334904994854109
334905004553943	334905018232358	334905012111276
334905024037151	334905034915691	334905031530734
334905041203026	334905051599024	334905050759359
334905056648734	334905068282357	334905065524026
334905072592984	334905084965690	334905080873109
334905088967151	334905101649023	334905096815318
334905105622276	334905118332356	334905113203526
334905120539901	334905135015689	334905127877568
334905137445151	334905151699022	334905144787609
334905154188776	334905168382355	334905161508943
334905170846526	334905185065688	334905178151484
334905187717776	334905201749021	334905195030984
334905204296776	334905218432354	334905211595359
334905221018734	334905235115687	334905228331943
334905238100901	334905251799020	334905245400318
334905254606609	334905268482353	334905261957484
334905273267776	334905285165686	334905280543443
334905289904443	334905301849019	334905297272109
334905307621276	334905318532352	334905314959693
334905322814151	334905335215685	334905330133568
334905339343818	334905351899018	334905346444276
334905357641234	334905368582351	334905364915526
334905374783818	334905385265684	334905382012734
334905391981151	334905401949017	334905399206568
334905409850651	334905418632350	334905417011568
334905425709776	334905435315683	334905433017109
334905443254734	334905451999016	334905450513234
334905460381818	334905468682349	334905467595943
334905477607526	334905485365682	334905484830568
334905493697318	334905502049015	334905500929859
334905850876985	334905885765674	334905872753193
334905861778735	334905902449007	334905900532110
334905901205943	334905935815673	334905931363193
334905911428401	334905969182339	334905959599193
334905944693443	334906002549005	334905988751360
334905980837901	334906019232338	334906003892776
334906011778985	334906035915671	334906021557276
334906028565485	334906052599004	334906038433276
334906047750110	334906069282337	334906057616360
334906065018026	334906085965670	334906074901193
334906078296735	334906102649003	334906088099651
334906095752068	334906119332336	334906105540651
334906113031735	334906136015669	334906120438776
334906129896110	334906152699002	334906137288151
334906147159026	334906169382335	334906154565901
334906163660026	334906186065668	334906171075693
334906180561526	334906202749001	334906187989276
334906198158776	334906219432334	334906205577151
334906215353527	334906236115667	334906222713902
334906233363527	334906252799000	334906240780735
334906249539777	334906269482333	334906256951485
334906265032443	334906286165666	334906272432443
334906282263443	334906302848999	334906289680693
334906299398485	334906319532332	334906306784985
334906317711693	334906336215665	334906325097318
334906332926652	334906352898998	334906340299193
334906350277652	334906369582331	334906357642652
334906368109777	334906386265664	334906375415777
334906386120360	334906402948997	334906393490402
334906401729193	334906419632330	334906409112652
334906418998360	334906436315663	334906426372610
334906434567527	334906452998996	334906441939777
334906452263735	334906469682329	334906459592943
334906468235277	334906486365662	334906475561735
334906485363985	334906503048995	334906492719318
334906502962818	334906519732328	334906510424735
334906516857443	334906536415661	334906524353610
334906533937735	334906553098994	334906541249735
334906551269568	334906569782327	334906558726235
334906566997152	334906586465660	334906574387735
334906582357943	334906603148993	334906589787652
334906599195860	334906619832326	334906606567693
334906615932027	334906636515659	334906623262902
334906633722277	334906653198992	334906641094693
334906650528235	334906669882325	334906657912985
334906666361818	334906686565658	334906673751735
334906686946485	334906703248991	334906696478277
334906702319485	334906719932324	334906711174485
334906718453152	334906736615657	334906726725943
334906734399527	334906753298990	334906742273860
334906751127943	334906769982323	334906758731568
334906767460235	334906786665656	334906774829943
334906785134110	334906803348989	334906792477068
334906799983527	334906820032322	334906807324860
334906816877068	334906836715655	334906824215735
334906834354360	334906853398988	334906841673110
334906850369152	334906870082321	334906857679902
334906868798443	334906886765654	334906876090318
334906886957860	334906903448987	334906894296235
334906905317443	334906920132320	334906912674319
334906920652694	334906936815653	334906927911777
334906935578277	334906953498986	334906942810610
334906955800110	334906970182319	334906962940735
334906970896819	334906986865652	334906978158444
334906988175819	334907003548985	334906995407860
334907006196777	334907020232318	334907013343402
334907023225819	334907036915651	334907030472235
334907038706027	334907053598984	334907045950694
334907055776485	334907070282317	334907063011527
334907074234027	334907086965650	334907081431110
334907089056652	334907103648983	334907096361860
334907106958319	334907120332316	334907114217569
334907124214360	334907137015649	334907131370277
334907139311319	334907153698982	334907146647277
334907157600402	334907170382315	334907164932985
334907174433485	334907187065648	334907181658777
334907541009985	334907554098974	334907562900694
334907557472944	334907587465640	334907593835902
334907580366985	334907620832306	334907625551069
334907613029319	334907637515639	334907638092152
334907646315277	334907654198972	334907656117277
334907661449027	334907670882305	334907671194194
334907678353611	334907687565638	334907688149861
334907694584611	334907704248971	334907704506902
334907712117444	334907720932304	334907721944361
334907728508569	334907737615637	334907738375402
334907744713527	334907754298970	334907754571152
334907761984152	334907770982303	334907771759236

===
16683333
334906418998360	334906436315663	334906426372610
334906434567527	334906452998996	334906441939777
334906452263735	334906469682329	334906459592943
334906468235277	334906486365662	334906475561735
334906485363985	334906503048995	334906492719318
334906502962818	334906519732328	334906510424735
334906516857443	334906536415661	334906524353610
334906533937735	334906553098994	334906541249735
334906551269568	334906569782327	334906558726235
334906566997152	334906586465660	334906574387735
334906582357943	334906603148993	334906589787652
334906599195860	334906619832326	334906606567693
334906615932027	334906636515659	334906623262902
334906633722277	334906653198992	334906641094693
334906650528235	334906669882325	334906657912985
334906666361818	334906686565658	334906673751735
334906686946485	334906703248991	334906696478277
334906702319485	334906719932324	334906711174485
334906718453152	334906736615657	334906726725943
334906734399527	334906753298990	334906742273860
334906751127943	334906769982323	334906758731568
334906767460235	334906786665656	334906774829943
334906785134110	334906803348989	334906792477068
334906799983527	334906820032322	334906807324860
334906816877068	334906836715655	334906824215735
334906834354360	334906853398988	334906841673110
334906850369152	334906870082321	334906857679902
334906868798443	334906886765654	334906876090318
334906886957860	334906903448987	334906894296235
334906905317443	334906920132320	334906912674319
334906920652694	334906936815653	334906927911777
334906935578277	334906953498986	334906942810610
334906955800110	334906970182319	334906962940735
334906970896819	334906986865652	334906978158444
334906988175819	334907003548985	334906995407860
334907006196777	334907020232318	334907013343402
334907023225819	334907036915651	334907030472235
334907038706027	334907053598984	334907045950694
334907055776485	334907070282317	334907063011527
334907074234027	334907086965650	334907081431110
334907089056652	334907103648983	334907096361860
334907106958319	334907120332316	334907114217569
334907124214360	334907137015649	334907131370277
334907139311319	334907153698982	334907146647277
334907157600402	334907170382315	334907164932985
334907174433485	334907187065648	334907181658777
334907541009985	334907554098974	334907562900694
334907557472944	334907587465640	334907593835902
334907580366985	334907620832306	334907625551069
334907613029319	334907637515639	334907638092152
334907646315277	334907654198972	334907656117277
334907661449027	334907670882305	334907671194194
334907678353611	334907687565638	334907688149861
334907694584611	334907704248971	334907704506902
334907712117444	334907720932304	334907721944361
334907728508569	334907737615637	334907738375402
334907744713527	334907754298970	334907754571152
334907761984152	334907770982303	334907771759236
334907780125652	334907787665636	334907789891194
334907801157152	334907804348969	334907808628277
334907814661902	334907821032302	334907822072236
334907829642736	334907837715635	334907837061152
334907845842027	334907854398968	334907853254361
334907862848152	334907871082301	334907870229402
334907876755819	334907887765634	334907884128361
334907893039527	334907904448967	334907900422986
334907909942361	334907921132300	334907917337902
334907927710652	334907937815633	334907935104444
334907946198902	334907954498966	334907953459736
334907961073611	334907971182299	334907968499027
334907979028652	334908004548965	334907986319694
334907995406736	334908021232298	334908002832319
334908013585569	334908037915631	334908020992777
334908029214527	334908054598964	334908036596194
334908046410611	334908071282297	334908054375486
334908063657652	334908087965630	334908071145944
334908080784486	334908104648963	334908088282819
334908098003777	334908121332296	334908105381319
334908116227402	334908138015629	334908123561444
334908130638569	334908154698962	334908138024944
334908148246236	334908171382295	334908155568944
334908166240319	334908188065628	334908173568694
334908181324111	334908204748961	334908188654069
334908198116111	334908221432294	334908205476277
334908216381277	334908238115627	334908223751111
334908233455027	334908254798960	334908240814402
334908249996861	334908271482293	334908257336569
334908265915152	334908288165626	334908273290569
334908283484027	334908304848959	334908290890069
334908299833069	334908321532292	334908307180444
334908316374194	334908338215625	334908323779986
334908332120486	334908354898958	334908339407736
334908348274778	334908371582291	334908355623861
334908364499361	334908388265624	334908371939736
334908380806028	334908404948957	334908388411694
334908398197986	334908421632290	334908405667861
334908414025028	334908438315623	334908421450069
334908431495528	334908454998956	334908439076236
334908447409069	334908471682289	334908454904944
334908464233319	334908488365622	334908473792403
334908482705111	334908505048955	334908491607278
334908497533194	334908521732288	334908505803611
334908515566069	334908538415621	334908523429903
334908532824819	334908555098954	334908540426653
334908547193736	334908571782287	334908554540861
334908564294611	334908588465620	334908571631944
334908580771403	334908605148953	334908588099778
334908597582819	334908621832286	334908604910236
334908614450403	334908638515619	334908621773861
334908631185319	334908655198952	334908638501903
334908647983944	334908671882285	334908655291611
334908664792861	334908688565618	334908672100194
334908681546194	334908705248951	334908688827236
334908701327819	334908721932284	334908708609361
334908717607153	334908738615617	334908724908611
334908735786986	334908755298950	334908743015944
334908753576903	334908771982283	334908760828194
334908769056653	334908788665616	334908776304194
334908786132778	334908805348949	334908793198361
334908803966111	334908822032282	334908811200069
334908819211694	334908838715615	334908826634153
334908836934861	334908855398948	334908844207278
334908854264694	334908872082281	334908861497986
334908871312819	334908888765614	334908878639944
334908887450986	334908905448947	334908894739028
334908904580444	334908922132280	334908911823486
334908922075819	334908938815613	334908929280153

===
16683333
334906734399527	334906753298990	334906742273860
334906751127943	334906769982323	334906758731568
334906767460235	334906786665656	334906774829943
334906785134110	334906803348989	334906792477068
334906799983527	334906820032322	334906807324860
334906816877068	334906836715655	334906824215735
334906834354360	334906853398988	334906841673110
334906850369152	334906870082321	334906857679902
334906868798443	334906886765654	334906876090318
334906886957860	334906903448987	334906894296235
334906905317443	334906920132320	334906912674319
334906920652694	334906936815653	334906927911777
334906935578277	334906953498986	334906942810610
334906955800110	334906970182319	334906962940735
334906970896819	334906986865652	334906978158444
334906988175819	334907003548985	334906995407860
334907006196777	334907020232318	334907013343402
334907023225819	334907036915651	334907030472235
334907038706027	334907053598984	334907045950694
334907055776485	334907070282317	334907063011527
334907074234027	334907086965650	334907081431110
334907089056652	334907103648983	334907096361860
334907106958319	334907120332316	334907114217569
334907124214360	334907137015649	334907131370277
334907139311319	334907153698982	334907146647277
334907157600402	334907170382315	334907164932985
334907174433485	334907187065648	334907181658777
334907541009985	334907554098974	334907562900694
334907557472944	334907587465640	334907593835902
334907580366985	334907620832306	334907625551069
334907613029319	334907637515639	334907638092152
334907646315277	334907654198972	334907656117277
334907661449027	334907670882305	334907671194194
334907678353611	334907687565638	334907688149861
334907694584611	334907704248971	334907704506902
334907712117444	334907720932304	334907721944361
334907728508569	334907737615637	334907738375402
334907744713527	334907754298970	334907754571152
334907761984152	334907770982303	334907771759236
334907780125652	334907787665636	334907789891194
334907801157152	334907804348969	334907808628277
334907814661902	334907821032302	334907822072236
334907829642736	334907837715635	334907837061152
334907845842027	334907854398968	334907853254361
334907862848152	334907871082301	334907870229402
334907876755819	334907887765634	334907884128361
334907893039527	334907904448967	334907900422986
334907909942361	334907921132300	334907917337902
334907927710652	334907937815633	334907935104444
334907946198902	334907954498966	334907953459736
334907961073611	334907971182299	334907968499027
334907979028652	334908004548965	334907986319694
334907995406736	334908021232298	334908002832319
334908013585569	334908037915631	334908020992777
334908029214527	334908054598964	334908036596194
334908046410611	334908071282297	334908054375486
334908063657652	334908087965630	334908071145944
334908080784486	334908104648963	334908088282819
334908098003777	334908121332296	334908105381319
334908116227402	334908138015629	334908123561444
334908130638569	334908154698962	334908138024944
334908148246236	334908171382295	334908155568944
334908166240319	334908188065628	334908173568694
334908181324111	334908204748961	334908188654069
334908198116111	334908221432294	334908205476277
334908216381277	334908238115627	334908223751111
334908233455027	334908254798960	334908240814402
334908249996861	334908271482293	334908257336569
334908265915152	334908288165626	334908273290569
334908283484027	334908304848959	334908290890069
334908299833069	334908321532292	334908307180444
334908316374194	334908338215625	334908323779986
334908332120486	334908354898958	334908339407736
334908348274778	334908371582291	334908355623861
334908364499361	334908388265624	334908371939736
334908380806028	334908404948957	334908388411694
334908398197986	334908421632290	334908405667861
334908414025028	334908438315623	334908421450069
334908431495528	334908454998956	334908439076236
334908447409069	334908471682289	334908454904944
334908464233319	334908488365622	334908473792403
334908482705111	334908505048955	334908491607278
334908497533194	334908521732288	334908505803611
334908515566069	334908538415621	334908523429903
334908532824819	334908555098954	334908540426653
334908547193736	334908571782287	334908554540861
334908564294611	334908588465620	334908571631944
334908580771403	334908605148953	334908588099778
334908597582819	334908621832286	334908604910236
334908614450403	334908638515619	334908621773861
334908631185319	334908655198952	334908638501903
334908647983944	334908671882285	334908655291611
334908664792861	334908688565618	334908672100194
334908681546194	334908705248951	334908688827236
334908701327819	334908721932284	334908708609361
334908717607153	334908738615617	334908724908611
334908735786986	334908755298950	334908743015944
334908753576903	334908771982283	334908760828194
334908769056653	334908788665616	334908776304194
334908786132778	334908805348949	334908793198361
334908803966111	334908822032282	334908811200069
334908819211694	334908838715615	334908826634153
334908836934861	334908855398948	334908844207278
334908854264694	334908872082281	334908861497986
334908871312819	334908888765614	334908878639944
334908887450986	334908905448947	334908894739028
334908904580444	334908922132280	334908911823486
334908922075819	334908938815613	334908929280153
334909478426403	334909489365602	334909494649278
334909493767111	334909506048935	334909512816361
334909517752528	334909539415601	334909535661236
334909536951653	334909556098934	334909553774861
334909563355361	334909572782267	334909570759945
334909578953653	334909589465600	334909586367986
334909594130320	334909606148933	334909601536861
334909611760111	334909622832266	334909619208861
334909627099486	334909639515599	334909634533153
334909645198236	334909656198932	334909652605861
334909657131528	334909672882265	334909664549486
334909678215236	334909689565598	334909685666861
334909695427195	334909706248931	334909702856028
334909713450112	334909722932264	334909720873695
334909728236320	334909739615597	334909735660695
334909746943362	334909756298930	334909754374945
334909757782987	334909772982263	334909765157695
334909775386112	334909789665596	334909782909153
334909792597153	334909806348929	334909799782487

