Applications Graphics Acceleration Info:
Uptime: 335115918 Realtime: 369790029

** Graphics info for pid 5275 [com.auroratv.lab] **

Stats since: 335105591705663ns
Total frames rendered: 409
Janky frames: 15 (3.67%)
Janky frames (legacy): 354 (86.55%)
50th percentile: 26ms
90th percentile: 42ms
95th percentile: 48ms
99th percentile: 93ms
Number Missed Vsync: 4
Number High input latency: 784
Number Slow UI thread: 12
Number Slow bitmap uploads: 0
Number Slow issue draw commands: 15
Number Frame deadline missed: 15
Number Frame deadline missed (legacy): 19
HISTOGRAM: 5ms=0 6ms=0 7ms=0 8ms=0 9ms=0 10ms=0 11ms=0 12ms=0 13ms=0 14ms=0 15ms=0 16ms=0 17ms=1 18ms=6 19ms=2 20ms=4 21ms=12 22ms=11 23ms=30 24ms=58 25ms=54 26ms=34 27ms=17 28ms=25 29ms=5 30ms=5 31ms=8 32ms=6 34ms=21 36ms=37 38ms=13 40ms=17 42ms=8 44ms=4 46ms=6 48ms=5 53ms=4 57ms=1 61ms=2 65ms=0 69ms=2 73ms=1 77ms=0 81ms=1 85ms=2 89ms=0 93ms=3 97ms=1 101ms=1 105ms=0 109ms=0 113ms=2 117ms=0 121ms=0 125ms=0 129ms=0 133ms=0 150ms=0 200ms=0 250ms=0 300ms=0 350ms=0 400ms=0 450ms=0 500ms=0 550ms=0 600ms=0 650ms=0 700ms=0 750ms=0 800ms=0 850ms=0 900ms=0 950ms=0 1000ms=0 1050ms=0 1100ms=0 1150ms=0 1200ms=0 1250ms=0 1300ms=0 1350ms=0 1400ms=0 1450ms=0 1500ms=0 1550ms=0 1600ms=0 1650ms=0 1700ms=0 1750ms=0 1800ms=0 1850ms=0 1900ms=0 1950ms=0 2000ms=0 2050ms=0 2100ms=0 2150ms=0 2200ms=0 2250ms=0 2300ms=0 2350ms=0 2400ms=0 2450ms=0 2500ms=0 2550ms=0 2600ms=0 2650ms=0 2700ms=0 2750ms=0 2800ms=0 2850ms=0 2900ms=0 2950ms=0 3000ms=0 3050ms=0 3100ms=0 3150ms=0 3200ms=0 3250ms=0 3300ms=0 3350ms=0 3400ms=0 3450ms=0 3500ms=0 3550ms=0 3600ms=0 3650ms=0 3700ms=0 3750ms=0 3800ms=0 3850ms=0 3900ms=0 3950ms=0 4000ms=0 4050ms=0 4100ms=0 4150ms=0 4200ms=0 4250ms=0 4300ms=0 4350ms=0 4400ms=0 4450ms=0 4500ms=0 4550ms=0 4600ms=0 4650ms=0 4700ms=0 4750ms=0 4800ms=0 4850ms=0 4900ms=0 4950ms=0
50th gpu percentile: 8ms
90th gpu percentile: 11ms
95th gpu percentile: 19ms
99th gpu percentile: 4950ms
GPU HISTOGRAM: 1ms=0 2ms=0 3ms=0 4ms=0 5ms=0 6ms=0 7ms=0 8ms=305 9ms=16 10ms=12 11ms=52 12ms=0 13ms=0 14ms=0 15ms=1 16ms=0 17ms=2 18ms=0 19ms=6 20ms=1 21ms=0 22ms=1 23ms=5 24ms=0 25ms=0 4950ms=8

Pipeline=Skia (OpenGL)
Memory policy:
  Max surface area: 2073600
  Max resource usage: 99.53MB (x48)
  Background retention: 50% (altUiHidden = true)
  GPU Context timeout: 10
Contexts: 1 (stopped = 0)
CPU Caches:
  Glyph Cache: 1.55 MB (1 entry)
  Glyph Count: 100 
Total CPU memory usage:
  1626660 bytes, 1.55 MB (0.00 bytes is purgeable)
GPU Caches:
  Image:
    Texture: 9.32 MB (26 entries)
  Other:
    Other: 174.55 KB (1 entry)
    Buffer Object: 464.00 bytes (2 entries)
    StencilAttachment: 16.00 KB (1 entry)
  Scratch:
    Texture: 4.04 MB (6 entries)
    RenderTarget: 73.50 MB (291 entries)
    Buffer Object: 78.03 KB (3 entries)
Total GPU memory usage:
  91357632 bytes, 87.13 MB (646.70 KB is purgeable)

Profile data in ms:

	com.auroratv.lab/com.auroratv.MainActivity/android.view.ViewRootImpl@6112d56 (visibility=0)
Window: com.auroratv.lab/com.auroratv.MainActivity
Stats since: 335105591704788ns
Total frames rendered: 409
Janky frames: 15 (3.67%)
Janky frames (legacy): 354 (86.55%)
50th percentile: 26ms
90th percentile: 42ms
95th percentile: 48ms
99th percentile: 93ms
Number Missed Vsync: 4
Number High input latency: 784
Number Slow UI thread: 12
Number Slow bitmap uploads: 0
Number Slow issue draw commands: 15
Number Frame deadline missed: 15
Number Frame deadline missed (legacy): 19
HISTOGRAM: 5ms=0 6ms=0 7ms=0 8ms=0 9ms=0 10ms=0 11ms=0 12ms=0 13ms=0 14ms=0 15ms=0 16ms=0 17ms=1 18ms=6 19ms=2 20ms=4 21ms=12 22ms=11 23ms=30 24ms=58 25ms=54 26ms=34 27ms=17 28ms=25 29ms=5 30ms=5 31ms=8 32ms=6 34ms=21 36ms=37 38ms=13 40ms=17 42ms=8 44ms=4 46ms=6 48ms=5 53ms=4 57ms=1 61ms=2 65ms=0 69ms=2 73ms=1 77ms=0 81ms=1 85ms=2 89ms=0 93ms=3 97ms=1 101ms=1 105ms=0 109ms=0 113ms=2 117ms=0 121ms=0 125ms=0 129ms=0 133ms=0 150ms=0 200ms=0 250ms=0 300ms=0 350ms=0 400ms=0 450ms=0 500ms=0 550ms=0 600ms=0 650ms=0 700ms=0 750ms=0 800ms=0 850ms=0 900ms=0 950ms=0 1000ms=0 1050ms=0 1100ms=0 1150ms=0 1200ms=0 1250ms=0 1300ms=0 1350ms=0 1400ms=0 1450ms=0 1500ms=0 1550ms=0 1600ms=0 1650ms=0 1700ms=0 1750ms=0 1800ms=0 1850ms=0 1900ms=0 1950ms=0 2000ms=0 2050ms=0 2100ms=0 2150ms=0 2200ms=0 2250ms=0 2300ms=0 2350ms=0 2400ms=0 2450ms=0 2500ms=0 2550ms=0 2600ms=0 2650ms=0 2700ms=0 2750ms=0 2800ms=0 2850ms=0 2900ms=0 2950ms=0 3000ms=0 3050ms=0 3100ms=0 3150ms=0 3200ms=0 3250ms=0 3300ms=0 3350ms=0 3400ms=0 3450ms=0 3500ms=0 3550ms=0 3600ms=0 3650ms=0 3700ms=0 3750ms=0 3800ms=0 3850ms=0 3900ms=0 3950ms=0 4000ms=0 4050ms=0 4100ms=0 4150ms=0 4200ms=0 4250ms=0 4300ms=0 4350ms=0 4400ms=0 4450ms=0 4500ms=0 4550ms=0 4600ms=0 4650ms=0 4700ms=0 4750ms=0 4800ms=0 4850ms=0 4900ms=0 4950ms=0
50th gpu percentile: 8ms
90th gpu percentile: 11ms
95th gpu percentile: 19ms
99th gpu percentile: 4950ms
GPU HISTOGRAM: 1ms=0 2ms=0 3ms=0 4ms=0 5ms=0 6ms=0 7ms=0 8ms=305 9ms=16 10ms=12 11ms=52 12ms=0 13ms=0 14ms=0 15ms=1 16ms=0 17ms=2 18ms=0 19ms=6 20ms=1 21ms=0 22ms=1 23ms=5 24ms=0 25ms=0 4950ms=8



---PROFILEDATA---
Flags,FrameTimelineVsyncId,IntendedVsync,Vsync,InputEventId,HandleInputStart,AnimationStart,PerformTraversalsStart,DrawStart,FrameDeadline,FrameInterval,FrameStartTime,SyncQueued,SyncStart,IssueDrawCommandsStart,SwapBuffers,FrameCompleted,DequeueBufferDuration,QueueBufferDuration,GpuCompleted,SwapBuffersCompleted,DisplayPresentTime,CommandSubmissionCompleted,
0,116008350,335111986814329,335111986814329,0,335111987065416,335111987066791,335111987567041,335111987715125,335112039097490,335111987059000,16799914,335111987926583,335111997178166,335111997934375,335112011405208,335112019095541,8962709,553458,335112019095541,335112012287708,-1,335112011405208,
0,116008358,335112003614243,335112003614243,0,335112003870458,335112003871708,335112004518208,335112004667125,335112055897404,335112003864458,16799914,335112004874416,335112012422666,335112013170083,335112028233625,335112035910166,10531792,524334,335112035910166,335112029072750,-1,335112028233625,
0,116008366,335112020414157,335112020414157,0,335112020672208,335112020673750,335112021197583,335112021345291,335112072697318,335112020665458,16799914,335112021552708,335112029205625,335112029954041,335112044996166,335112052666541,10611625,515625,335112052666541,335112045831875,-1,335112044996166,
0,116008374,335112037214071,335112037214071,0,335112037479875,335112037481291,335112037908583,335112038056208,335112089497232,335112037473375,16799914,335112038256125,335112045965416,335112046702916,335112061769583,335112069439625,10630458,513375,335112069439625,335112062605083,-1,335112061769583,
0,116008382,335112054013985,335112054013985,0,335112054271208,335112054282291,335112054755833,335112054901333,335112106297146,335112054265375,16799914,335112055100958,335112062738166,335112063483708,335112078857750,335112086539000,10626083,281791,335112086539000,335112079500916,-1,335112078857750,
0,116008390,335112070813899,335112070813899,0,335112071066750,335112071068666,335112071478083,335112071622416,335112123097060,335112071060833,16799914,335112071928916,335112079657583,335112080561500,335112095662125,335112103356291,10397042,325666,335112103356291,335112096360666,-1,335112095662125,
0,116008398,335112087613813,335112087613813,0,335112087861625,335112087863125,335112088360458,335112088506625,335112139896974,335112087855125,16799914,335112088684625,335112096497750,335112097266666,335112112577833,335112120224000,10515792,322500,335112120224000,335112113212875,-1,335112112577833,
0,116008406,335112104413727,335112104413727,0,335112104665083,335112104666458,335112105090166,335112105233666,335112156696888,335112104658750,16799914,335112105480000,335112113350458,335112114169250,335112129395791,335112137054666,10487125,285083,335112137054666,335112129990750,-1,335112129395791,
0,116008414,335112121213641,335112121213641,0,335112121508500,335112121509833,335112121922583,335112122068583,335112173496802,335112121501875,16799914,335112122223166,335112130257291,335112130998208,335112148181416,335112155895583,10421208,384125,335112155895583,335112148973833,-1,335112148181416,
0,116008422,335112138013555,335112138013555,0,335112138266083,335112138267625,335112138678708,335112138822541,335112190296716,335112138259500,16799914,335112138991416,335112149141625,335112150091083,335112165211666,335112172899625,8719333,325417,335112172899625,335112165889750,-1,335112165211666,
0,116008430,335112154813469,335112154813469,0,335112155178666,335112155180791,335112156251666,335112156458250,335112207096630,335112155170333,16799914,335112156677791,335112166039416,335112166889416,335112182612416,335112190333791,8754167,375833,335112190333791,335112183408250,-1,335112182612416,
0,116008438,335112171613383,335112171613383,0,335112171890750,335112171892666,335112181193916,335112181390958,335112223896544,335112171884708,16799914,335112181554625,335112183585625,335112185314791,335112199925791,335112207746625,7346542,378333,335112207746625,335112200809625,-1,335112199925791,
0,116008446,335112188413297,335112188413297,0,335112188795041,335112188797625,335112189375416,335112189699875,335112240696458,335112188785541,16799914,335112189750833,335112200977916,335112201815875,335112217176500,335112224892750,7560584,404625,335112224892750,335112218032791,-1,335112217176500,
0,116008454,335112205213211,335112205213211,0,335112205541583,335112205543375,335112205980833,335112206198708,335112257496372,335112205533708,16799914,335112206248000,335112218210041,335112219084583,335112233352833,335112241220541,6892667,371750,335112241220541,335112234235625,-1,335112233352833,
0,116008462,335112222013125,335112222013125,0,335112222340250,335112222342375,335112222775791,335112222962125,335112274296286,335112222332083,16799914,335112223008041,335112234399500,335112235270833,335112250165708,335112257864125,7729000,372250,335112257864125,335112250950166,-1,335112250165708,
0,116008470,335112238813039,335112238813039,0,335112239209833,335112239212083,335112239694333,335112239897916,335112291096200,335112239200708,16799914,335112239947916,335112251114916,335112251845708,335112267276083,335112275103208,7964250,374667,335112275103208,335112268208208,-1,335112267276083,
0,116008478,335112255612953,335112255612953,0,335112255940333,335112255942708,335112256648333,335112256849958,335112307896114,335112255931875,16799914,335112256899000,335112268374083,335112269136166,335112284864000,335112292726750,7227167,436958,335112292726750,335112285916208,-1,335112284864000,
0,116008486,335112272412867,335112272412867,0,335112272745291,335112272747250,335112273181666,335112273368250,335112324696028,335112272736958,16799914,335112273415000,335112286107833,335112286915541,335112300457958,335112308166458,6379541,373541,335112308166458,335112301242291,-1,335112300457958,
0,116008494,335112289212781,335112289212781,0,335112289574916,335112289577208,335112290048833,335112290250958,335112341495942,335112289564958,16799914,335112290300000,335112301406375,335112302137833,335112318923083,335112326643708,8115584,376292,335112326643708,335112319729375,-1,335112318923083,
0,116008502,335112306012695,335112306012695,0,335112306602375,335112306605166,335112307116666,335112307333375,335112358295856,335112306591583,16799914,335112307384625,335112319983916,335112320778041,335112334710833,335112342497875,5930416,864375,335112342497875,335112336086000,-1,335112334710833,
0,116008510,335112322812609,335112322812609,0,335112323139916,335112323141708,335112323581791,335112323768375,335112375095770,335112323131958,16799914,335112323814708,335112336265208,335112337154708,335112350604000,335112358453666,6314125,401583,335112358453666,335112351567166,-1,335112350604000,
0,116008518,335112339612523,335112339612523,0,335112339959958,335112339962250,335112340525541,335112340716000,335112391895684,335112339951291,16799914,335112340763208,335112351747166,335112352602250,335112368958791,335112377005250,8089791,407167,335112377005250,335112370089125,-1,335112368958791,
0,116008526,335112356412437,335112356412437,0,335112356772625,335112356775041,335112357435833,335112357655041,335112408695598,335112356763375,16799914,335112357705666,335112370272125,335112371072000,335112384404875,335112392123125,6207542,709542,335112392123125,335112385526750,-1,335112384404875,
0,116008670,335112692410717,335112692410717,-49574635,335112692673500,335112692675083,335112737783625,335112738008125,335112711094050,335112692667500,16799914,335112750047583,335112750191875,335112751686000,335112756806750,335112779124000,35167,326584,335112779124000,335112757657500,-1,335112756806750,
0,116008677,335112709210631,335112742810459,0,335112752146958,335112752148542,335112752903042,335112753081917,335112811893534,335112752132500,16799914,335112753460208,335112757796917,335112758661083,335112766194500,335112805587000,16417,12660584,335112805587000,335112779228292,-1,335112766194500,
0,116008684,335112759610373,335112759610373,0,335112759896208,335112759897750,335112764460042,335112764649833,335112828693448,335112759889917,16799914,335112766483542,335112779371208,335112780272458,335112802490208,335112833045792,16361792,2865291,335112833045792,335112805673625,-1,335112802490208,
0,116008692,335112776410287,335112776410287,0,335112780507625,335112780508708,335112781046000,335112781191875,335112862293276,335112780502042,16799914,335112781405250,335112805855875,335112806682083,335112819231583,335112847301042,6750291,13599083,335112847301042,335112833170500,-1,335112819231583,
0,116008700,335112793210201,335112793210201,0,335112806943417,335112806944417,335112807392375,335112807521708,335112879093190,335112806937875,16799914,335112807720333,335112833300583,335112834056958,335112852380333,335112862430333,12858667,513125,335112862430333,335112853220667,-1,335112852380333,
0,116008708,335112810010115,335112826810029,0,335112834323333,335112834324250,335112834814542,335112834950000,335112895893104,335112834312292,16799914,335112835154583,335112853351958,335112854111458,335112869041750,335112879146417,9624125,526917,335112879146417,335112869886417,-1,335112869041750,
0,116008717,335112843609943,335112843609943,0,335112854375458,335112854376500,335112854823083,335112854956625,335112912693018,335112854369042,16799914,335112855159042,335112870018625,335112870787917,335112885792167,335112895886292,9778083,511166,335112895886292,335112886620375,-1,335112885792167,
0,116008725,335112860409857,335112860409857,0,335112871169750,335112871171083,335112871706833,335112871845917,335112929492932,335112871163125,16799914,335112872092625,335112886750000,335112887514667,335112902773125,335112912920708,9955209,507750,335112912920708,335112903602917,-1,335112902773125,
0,116008733,335112877209771,335112877209771,0,335112887939833,335112887941500,335112888436833,335112888574125,335112946292846,335112887932208,16799914,335112888778542,335112903732083,335112904525833,335112919414875,335112929592083,9661250,544375,335112929592083,335112920301750,-1,335112919414875,
0,116008741,335112894009685,335112894009685,0,335112904791333,335112904792375,335112905199417,335112905331292,335112963092760,335112904785458,16799914,335112905602500,335112920434833,335112921193583,335112936215333,335112946438500,9737916,515792,335112946438500,335112937049625,-1,335112936215333,
0,116008749,335112910809599,335112910809599,0,335112921514083,335112921515167,335112921933750,335112922069458,335112979892674,335112921508833,16799914,335112922269625,335112937181250,335112937935000,335112952916542,335112963133750,9784667,511916,335112963133750,335112953750917,-1,335112952916542,
0,116008757,335112927609513,335112927609513,0,335112938193250,335112938194083,335112938639292,335112938770250,335112996692588,335112938187250,16799914,335112938972375,335112953882208,335112954637042,335112969664667,335112980029958,9935208,595875,335112980029958,335112970611375,-1,335112969664667,
0,116008765,335112944409427,335112944409427,0,335112954898083,335112954899167,335112955310583,335112955441167,335113013492502,335112954892042,16799914,335112955637958,335112970770708,335112971712958,335112989557833,335112999783458,10122917,716625,335112999783458,335112990722125,-1,335112989557833,
0,116008773,335112961209341,335112961209341,0,335112972168083,335112972170083,335112972681958,335112972846750,335113030292416,335112972158958,16799914,335112973093625,335112990884083,335112991817500,335113005499833,335113015933167,6679083,624375,335113015933167,335113006525792,-1,335113005499833,
0,116008781,335112978009255,335112978009255,0,335112992178417,335112992179750,335112992856417,335112993023375,335113047092330,335112992171000,16799914,335112993275667,335113006680917,335113007538333,335113021752000,335113029565250,7410000,626084,335113029565250,335113022769000,-1,335113021752000,
0,116008789,335112994809169,335112994809169,0,335113008074292,335113008075833,335113008439750,335113008582667,335113063892244,335113008066458,16799914,335113008807542,335113022931625,335113023835667,335113039506333,335113047359875,8403625,704458,335113047359875,335113040651083,-1,335113039506333,
0,116008797,335113011609083,335113011609083,0,335113024176125,335113024177833,335113024615583,335113024782750,335113080692158,335113024168625,16799914,335113025033708,335113040811875,335113041714208,335113055578292,335113063392458,7421500,660542,335113063392458,335113056616833,-1,335113055578292,
0,116008805,335113028408997,335113028408997,0,335113041917458,335113041918833,335113042368833,335113042540667,335113097492072,335113041910542,16799914,335113042791833,335113056775750,335113057668583,335113075287333,335113083123292,7943625,410875,335113083123292,335113076084292,-1,335113075287333,
0,116008813,335113045208911,335113045208911,0,335113057962833,335113057964500,335113058429958,335113058600000,335113114291986,335113057955625,16799914,335113058856750,335113076236583,335113077202875,335113088555875,335113096424708,5093916,337208,335113096424708,335113089252458,-1,335113088555875,
0,116008821,335113062008825,335113062008825,0,335113077403500,335113077404750,335113077861167,335113078022250,335113131091900,335113077397625,16799914,335113078366375,335113089405708,335113090263958,335113104453500,335113112260917,8708459,351000,335113112260917,335113105177833,-1,335113104453500,
0,116008829,335113078808739,335113078808739,0,335113090459500,335113090460458,335113091032375,335113091186250,335113147891814,335113090453208,16799914,335113091410250,335113105332042,335113106197500,335113122082208,335113129908917,9840458,371000,335113129908917,335113122821667,-1,335113122082208,
0,116008837,335113095608653,335113095608653,0,335113106397542,335113106398625,335113106818458,335113106979667,335113164691728,335113106391375,16799914,335113107212500,335113122976042,335113123827500,335113139732584,335113147577750,9131917,366000,335113147577750,335113140548834,-1,335113139732584,
0,116008845,335113112408567,335113112408567,0,335113124382417,335113124383792,335113124887667,335113125060167,335113181491642,335113124374167,16799914,335113125310500,335113140712375,335113141609000,335113157135500,335113165048709,8335000,364166,335113165048709,335113157893334,-1,335113157135500,
0,116008853,335113129208481,335113129208481,0,335113141825084,335113141826542,335113142356917,335113142527167,335113198291556,335113141817917,16799914,335113142777375,335113158056417,335113158954250,335113174648084,335113182562250,7672917,363792,335113182562250,335113175486209,-1,335113174648084,
0,116008861,335113146008395,335113146008395,0,335113159189917,335113159191209,335113159629584,335113159798000,335113215091470,335113159183084,16799914,335113160208667,335113175649917,335113176689459,335113189982459,335113197795792,6616375,360584,335113197795792,335113190730042,-1,335113189982459,
0,116008869,335113162808309,335113162808309,0,335113176899917,335113176901209,335113177367459,335113177728375,335113231891384,335113176893292,16799914,335113177987334,335113190892334,335113191793792,335113207708709,335113215624084,8463500,373875,335113215624084,335113208556792,-1,335113207708709,
0,116008877,335113179608223,335113179608223,0,335113191998500,335113191999625,335113192998750,335113193186625,335113248691298,335113191990917,16799914,335113193459584,335113208735834,335113209709250,335113225569209,335113233490917,7520625,411667,335113233490917,335113226426334,-1,335113225569209,
0,116008885,335113196408137,335113196408137,0,335113209947792,335113209949459,335113210474709,335113210707500,335113265491212,335113209923542,16799914,335113211002792,335113226601042,335113227590042,335113241300625,335113249122209,6319333,380292,335113249122209,335113242102459,-1,335113241300625,
0,116008893,335113213208051,335113213208051,0,335113227809375,335113227811167,335113228516875,335113228724125,335113282291126,335113227801875,16799914,335113229025459,335113242274084,335113243238834,335113260075542,335113267889709,7618083,478625,335113267889709,335113260968834,-1,335113260075542,
0,116008901,335113230007965,335113230007965,0,335113243462459,335113243463875,335113243873000,335113244107792,335113299091040,335113243454959,16799914,335113244354917,335113261145250,335113262218042,335113274994792,335113282883084,5254667,375625,335113282883084,335113275938334,-1,335113274994792,
0,116008909,335113246807879,335113246807879,0,335113262443459,335113262444959,335113262826542,335113263081334,335113315890954,335113262435792,16799914,335113263361625,335113276148709,335113277210417,335113290205834,335113297969500,7219000,307500,335113297969500,335113290849917,-1,335113290205834,
0,116008917,335113263607793,335113263607793,0,335113277477500,335113277479042,335113277889000,335113278075834,335113332690868,335113277469667,16799914,335113278521375,335113290995250,335113291775084,335113309506250,335113317338667,9631459,395125,335113317338667,335113310334917,-1,335113309506250,
0,116008925,335113280407707,335113280407707,0,335113291959375,335113291960459,335113292321292,335113292472167,335113349490782,335113291953459,16799914,335113292672917,335113310559542,335113311624292,335113327078792,335113334912625,6442292,800084,335113334912625,335113328323375,-1,335113327078792,
0,116008933,335113297207621,335113297207621,0,335113312087125,335113312089209,335113312597292,335113312792584,335113366290696,335113311998667,16799914,335113313145334,335113328498375,335113329765542,335113342701084,335113350502875,4853417,372584,335113350502875,335113343602250,-1,335113342701084,
0,116008941,335113314007535,335113314007535,0,335113329987334,335113329988750,335113330491542,335113330676167,335113383090610,335113329979667,16799914,335113330923250,335113343840042,335113344873000,335113360953209,335113368825875,6769292,412000,335113368825875,335113361782459,-1,335113360953209,
0,116008949,335113330807449,335113330807449,0,335113345093584,335113345094917,335113345471292,335113345773250,335113399890524,335113345085625,16799914,335113346026875,335113362027292,335113363267250,335113375920042,335113383785875,4982459,376834,335113383785875,335113376758459,-1,335113375920042,
0,116008957,335113347607363,335113347607363,0,335113363487042,335113363488750,335113363954959,335113364175459,335113416690438,335113363479250,16799914,335113364463459,335113376932417,335113377886334,335113394072750,335113401895334,7379875,375125,335113401895334,335113394859459,-1,335113394072750,
0,116008965,335113364407277,335113364407277,0,335113378152959,335113378154250,335113378561500,335113378746792,335113433490352,335113378144917,16799914,335113379043125,335113395032792,335113395988417,335113411510500,335113419325875,5997125,409125,335113419325875,335113412333250,-1,335113411510500,
0,116008973,335113381207191,335113381207191,0,335113396359084,335113396360417,335113396744125,335113396930292,335113450290266,335113396351209,16799914,335113397178084,335113412584000,335113413645500,335113426436542,335113434401834,5162500,312917,335113434401834,335113427279000,-1,335113426436542,
0,116008981,335113398007105,335113398007105,0,335113413868375,335113413869667,335113414303959,335113414510875,335113467090180,335113413860375,16799914,335113414787209,335113427429542,335113428291500,335113441067625,335113448825209,6768375,303541,335113448825209,335113441704292,-1,335113441067625,
0,116008989,335113414807019,335113414807019,0,335113428572709,335113428574584,335113428906834,335113429062084,335113483890094,335113428548417,16799914,335113429264334,335113441846417,335113442657167,335113457484125,335113465338917,9382792,300208,335113465338917,335113458123209,-1,335113457484125,
0,116008997,335113431606933,335113431606933,0,335113442851209,335113442852500,335113443201584,335113443437500,335113500690008,335113442844584,16799914,335113443648459,335113458261375,335113459019209,335113474540167,335113482307959,9729541,504458,335113482307959,335113475381375,-1,335113474540167,
0,116009005,335113448406847,335113448406847,0,335113459208625,335113459210292,335113459572375,335113459727375,335113517489922,335113459202500,16799914,335113460053584,335113475509959,335113476274459,335113490156375,335113497923750,9096458,530334,335113497923750,335113491022417,-1,335113490156375,
0,116009013,335113465206761,335113465206761,-395326326,335113476700959,335113476702334,335113477035459,335113477198459,335113534289836,335113476692459,16799914,335113477395292,335113491152750,335113491866042,335113507178625,335113514925500,10234625,483125,335113514925500,335113508078417,-1,335113507178625,
0,116009021,335113482006675,335113482006675,0,335113492711459,335113492713084,335113493045917,335113493234959,335113551089750,335113492705167,16799914,335113493559709,335113508208750,335113508996834,335113523652125,335113531412500,9871667,547500,335113531412500,335113524517334,-1,335113523652125,
0,116009029,335113498806589,335113498806589,-337820417,335113509421500,335113509423042,335113509745959,335113509893042,335113567889664,335113509414959,16799914,335113510089959,335113524649917,335113525370375,335113541858292,335113549701375,10481041,302917,335113549701375,335113542525792,-1,335113541858292,
0,116009037,335113515606503,335113515606503,0,335113526561917,335113526563334,335113526907209,335113527189792,335113584689578,335113526554250,16799914,335113527500292,335113542674917,335113543458334,335113557643209,335113565418917,9150417,294792,335113565418917,335113558265292,-1,335113557643209,
0,116009045,335113532406417,335113532406417,0,335113543646417,335113543647459,335113545882750,335113546046584,335113601489492,335113543641084,16799914,335113546759500,335113558409875,335113559205792,335113574973000,335113582736334,10340917,295583,335113582736334,335113575589875,-1,335113574973000,
0,116009053,335113549206331,335113549206331,0,335113559448875,335113559450042,335113569902292,335113570073209,335113618289406,335113559442792,16799914,335113574099667,335113575723209,335113576621042,335113591214875,335113599086917,9485541,296750,335113599086917,335113591830667,-1,335113591214875,
0,116009061,335113566006245,335113566006245,0,335113577110792,335113577111875,335113582108292,335113582281375,335113635089320,335113577104042,16799914,335113583744250,335113591968167,335113592791459,335113608566959,335113618490834,10098708,340792,335113618490834,335113609227125,-1,335113608566959,
0,116009069,335113582806159,335113582806159,0,335113593187042,335113593188625,335113593642334,335113593786667,335113651889234,335113593181375,16799914,335113593999000,335113609388459,335113610157334,335113625183792,335113634417917,9524208,364208,335113634417917,335113625867167,-1,335113625183792,
0,116009077,335113599606073,335113599606073,0,335113610451334,335113610452959,335113610906917,335113611042917,335113668689148,335113610445709,16799914,335113611284125,335113626002250,335113626845250,335113641563792,335113650199750,9712958,289833,335113650199750,335113642178417,-1,335113641563792,
0,116009085,335113616405987,335113616405987,0,335113627119292,335113627120375,335113627632875,335113627768417,335113685489062,335113627113000,16799914,335113627977000,335113642312792,335113643084917,335113659696375,335113667914792,10241958,572375,335113667914792,335113660594417,-1,335113659696375,
0,116009093,335113633205901,335113633205901,0,335113643357334,335113643358209,335113643792417,335113643926292,335113702288976,335113643352042,16799914,335113644175500,335113660730250,335113661501750,335113676734542,335113684687125,8619542,528125,335113684687125,335113677579000,-1,335113676734542,
0,116009101,335113650005815,335113650005815,0,335113661765709,335113661766667,335113662255000,335113662392167,335113719088890,335113661760459,16799914,335113662598167,335113677713042,335113678482625,335113692978459,335113700700625,8407250,513666,335113700700625,335113693809000,-1,335113692978459,
0,116009109,335113666805729,335113666805729,0,335113678745917,335113678746875,335113679192125,335113679327500,335113735888804,335113678740292,16799914,335113679532959,335113693944167,335113694691375,335113708228084,335113715918209,9003375,515125,335113715918209,335113709058792,-1,335113708228084,
0,116009117,335113683605643,335113683605643,0,335113695077834,335113695079334,335113695604959,335113695743834,335113752688718,335113695070334,16799914,335113695960667,335113709190000,335113709930167,335113725059959,335113732728875,10636500,508834,335113732728875,335113725891375,-1,335113725059959,
0,116009125,335113700405557,335113700405557,0,335113710093125,335113710094167,335113710655209,335113710857167,335113769488632,335113710087667,16799914,335113711084750,335113726022084,335113726768209,335113741753625,335113749442792,10525083,519291,335113749442792,335113742588917,-1,335113741753625,
0,116009133,335113717205471,335113717205471,0,335113726929292,335113726930292,335113727346625,335113727486542,335113786288546,335113726923584,16799914,335113727685334,335113742722125,335113743460250,335113758490667,335113766154875,10612041,510875,335113766154875,335113759320500,-1,335113758490667,
0,116009141,335113734005385,335113734005385,0,335113743622167,335113743623000,335113744102709,335113744249834,335113803088460,335113743616834,16799914,335113744455250,335113759452750,335113760231292,335113776237084,335113783981917,10659958,600167,335113783981917,335113777265292,-1,335113776237084,
0,116009149,335113750805299,335113750805299,0,335113760424417,335113760425459,335113760864209,335113761003834,335113819888374,335113760419500,16799914,335113761195917,335113777414625,335113778318875,335113794165959,335113801880292,9760959,597750,335113801880292,335113795138334,-1,335113794165959,
0,116009157,335113767605213,335113767605213,0,335113778692459,335113778694250,335113779267125,335113779428167,335113836688288,335113778684542,16799914,335113779630459,335113795292084,335113796194417,335113811803792,335113819504417,8840250,681084,335113819504417,335113812966292,-1,335113811803792,
0,116009165,335113784405127,335113784405127,0,335113796382209,335113796383292,335113797014709,335113797181750,335113853488202,335113796375667,16799914,335113797397250,335113813136792,335113814125292,335113827840292,335113835601751,7654959,637917,335113835601751,335113828927792,-1,335113827840292,
0,116009173,335113801205041,335113801205041,0,335113814440125,335113814441709,335113814997417,335113815174625,335113870288116,335113814431750,16799914,335113815437125,335113829102167,335113830097334,335113847317542,335113855233251,8666125,789875,335113855233251,335113848560917,-1,335113847317542,
0,116009181,335113818004955,335113818004955,0,335113830393001,335113830394334,335113830950584,335113831169251,335113887088030,335113830384792,16799914,335113831426292,335113848746459,335113849803167,335113862332792,335113870078792,5895458,312917,335113870078792,335113862983167,-1,335113862332792,
0,116009189,335113834804869,335113834804869,0,335113850028459,335113850029876,335113851031042,335113851221626,335113903887944,335113850020626,16799914,335113851436626,335113863126959,335113863922209,335113879328584,335113887026376,8705542,745167,335113887026376,335113880497792,-1,335113879328584,
0,116009197,335113851604783,335113851604783,0,335113864183626,335113864184709,335113870199126,335113870493084,335113920687858,335113864177042,16799914,335113870670834,335113880683126,335113881787167,335113896315126,335113904054709,7537959,688958,335113904054709,335113897439709,-1,335113896315126,
0,116009205,335113868404697,335113868404697,0,335113882656001,335113882658251,335113883099876,335113883309751,335113937487772,335113882644834,16799914,335113883362459,335113897601709,335113898330251,335113914298292,335113922060917,7791083,697375,335113922060917,335113915418459,-1,335113914298292,
0,116009213,335113885204611,335113885204611,0,335113898541959,335113898543334,335113898951626,335113899128417,335113954287686,335113898534042,16799914,335113899173834,335113915582167,335113916363834,335113931063042,335113938779626,6442833,941584,335113938779626,335113932465501,-1,335113931063042,
0,116009221,335113902004525,335113902004525,0,335113916576751,335113916578042,335113917007126,335113917251876,335113971087600,335113916569084,16799914,335113917326876,335113932640876,335113933556501,335113946477251,335113954275792,5977416,397875,335113954275792,335113947324459,-1,335113946477251,
0,116009229,335113918804439,335113918804439,0,335113933815376,335113933817001,335113934257251,335113934435792,335113987887514,335113933806042,16799914,335113934482292,335113947558834,335113948416376,335113963443459,335113971170001,7817375,431416,335113971170001,335113964611126,-1,335113963443459,
0,116009237,335113935604353,335113935604353,0,335113948654001,335113948655667,335113949103501,335113949295917,335114004687428,335113948645542,16799914,335113949344626,335113964785917,335113965585084,335113979803001,335113987578751,7521292,688458,335113987578751,335113980957542,-1,335113979803001,
0,116009245,335113952404267,335113952404267,0,335113965820292,335113965822001,335113966272126,335113966464876,335114021487342,335113965811792,16799914,335113966514209,335113981117792,335113981845126,335113997046501,335114004809209,8151958,672792,335114004809209,335113998138167,-1,335113997046501,
0,116009253,335113969204181,335113969204181,0,335113982056376,335113982057709,335113982464459,335113982639834,335114038287256,335113982048501,16799914,335113982684876,335113998303584,335113999022792,335114014027959,335114021736876,7744084,751125,335114021736876,335114015241709,-1,335114014027959,
0,116009261,335113986004095,335113986004095,0,335113999233042,335113999234501,335113999764167,335113999941417,335114055087170,335113999225292,16799914,335113999986959,335114015406542,335114016187584,335114030597001,335114038323376,7254542,731500,335114038323376,335114031808001,-1,335114030597001,
0,116009269,335114002804009,335114002804009,0,335114016462084,335114016463542,335114016949376,335114017125417,335114071887084,335114016454126,16799914,335114017171709,335114031984042,335114032822834,335114047085126,335114054812751,7508750,792667,335114054812751,335114048334709,-1,335114047085126,
0,116009277,335114019603923,335114019603923,0,335114033056209,335114033058251,335114033598792,335114033788959,335114088686998,335114033047917,16799914,335114034065792,335114048509042,335114049303042,335114063588209,335114071425251,7854458,718625,335114071425251,335114064732209,-1,335114063588209,
0,116009285,335114036403837,335114036403837,0,335114049530167,335114049531834,335114049972917,335114050163709,335114105486912,335114049521334,16799914,335114050213959,335114064894917,335114065622417,335114080720042,335114088434959,8419958,674333,335114088434959,335114081844292,-1,335114080720042,
0,116009598,335114775600053,335114775600053,0,335114776079834,335114776082334,335114790691084,335114790929584,335114794283386,335114776066584,16799914,335114796537168,335114796717793,335114797893668,335114805916126,335114822629459,30209,456667,335114822629459,335114806798584,-1,335114805916126,
0,116009605,335114792399967,335114792399967,0,335114798525501,335114798528293,335114800239168,335114800509876,335114844683128,335114798512709,16799914,335114800978501,335114806959668,335114808179543,335114824791584,335114843186209,21792,577000,335114843186209,335114825850709,-1,335114824791584,
0,116009612,335114809199881,335114809199881,0,335114809632959,335114809635168,335114810985376,335114811420959,335114861483042,335114809622709,16799914,335114811468501,335114826037834,335114826991876,335114841959918,335114861389543,3395875,957167,335114861389543,335114843307126,-1,335114841959918,
0,116009620,335114825999795,335114825999795,0,335114828635668,335114828638251,335114830513626,335114830781918,335114878282956,335114828620251,16799914,335114831411668,335114843460584,335114844228584,335114864392668,335114882742376,2406000,321375,335114882742376,335114865053501,-1,335114864392668,
0,116009628,335114842799709,335114842799709,0,335114844883501,335114844885501,335114846260209,335114846472543,335114911882784,335114844872793,16799914,335114847065668,335114865187168,335114868556918,335114876328418,335114906986251,19833,6031750,335114906986251,335114882853418,-1,335114876328418,
0,116009636,335114859599623,335114859599623,0,335114868890668,335114868892251,335114870323293,335114870505918,335114928682698,335114868882334,16799914,335114870865584,335114883002751,335114883689543,335114913360668,335114921222376,13323375,518542,335114921222376,335114914291626,-1,335114913360668,
0,116009644,335114876399537,335114876399537,0,335114884054126,335114884055793,335114885222543,335114885465793,335114945482612,335114884044376,16799914,335114885800918,335114914434668,335114915285834,335114922341793,335114930277043,21750,516500,335114930277043,335114923238459,-1,335114922341793,
0,116009652,335114893199451,335114909999365,0,335114915624376,335114915625793,335114916876876,335114917078543,335114962282526,335114915609793,16799914,335114917459418,335114923396501,335114924279376,335114946268793,335114954227876,6431958,435291,335114954227876,335114947260834,-1,335114946268793,
0,116009661,335114926799279,335114926799279,0,335114927163209,335114927165418,335114928457418,335114928657834,335114979082440,335114927153501,16799914,335114929067293,335114947423668,335114948350043,335114955695043,335114963616584,21375,407125,335114963616584,335114956543168,-1,335114955695043,
0,116009669,335114943599193,335114943599193,0,335114948706168,335114948707584,335114949910043,335114950098084,335114995882354,335114948698626,16799914,335114950581876,335114956703251,335114957986751,335114969838251,335114977775084,5875709,312583,335114977775084,335114970747834,-1,335114969838251,
0,116009677,335114960399107,335114960399107,0,335114960707626,335114960709584,335114961719918,335114961882084,335115012682268,335114960700959,16799914,335114962212459,335114970924876,335114971595709,335114986242376,335114994128501,9286292,348792,335114994128501,335114986996334,-1,335114986242376,
0,116009685,335114977199021,335114977199021,0,335114977516209,335114977518126,335114978872543,335114979101834,335115029482182,335114977490043,16799914,335114979924584,335114987130418,335114987836334,335115004197418,335115012040834,10007042,354500,335115012040834,335115004971001,-1,335115004197418,
0,116009693,335114993998935,335114993998935,0,335114994343709,335114994345459,335114995634668,335114995824126,335115046282096,335114994335168,16799914,335114996372001,335115005122001,335115005910876,335115022609334,335115030474793,8827292,660416,335115030474793,335115023669168,-1,335115022609334,
0,116009701,335115010798849,335115010798849,0,335115011162126,335115011164251,335115012646209,335115012898251,335115063082010,335115011153043,16799914,335115013325376,335115023827334,335115024608459,335115043482959,335115051334251,6891000,478708,335115051334251,335115044361043,-1,335115043482959,
0,116009709,335115027598763,335115027598763,0,335115027935001,335115027937043,335115029270668,335115029459001,335115079881924,335115027926293,16799914,335115029839959,335115044621251,335115045463709,335115055639126,335115063625084,3062458,347666,335115063625084,335115056521501,-1,335115055639126,
0,116009717,335115044398677,335115044398677,0,335115046018459,335115046020001,335115047319084,335115047586126,335115096681838,335115046008876,16799914,335115048466043,335115056682501,335115057522293,335115071315584,335115079167126,7750667,415542,335115079167126,335115072122084,-1,335115071315584,
0,116009725,335115061198591,335115061198591,0,335115061532584,335115061534626,335115062978334,335115064206834,335115113481752,335115061524168,16799914,335115064687334,335115072285459,335115073000584,335115088739501,335115096608668,9043792,723125,335115096608668,335115089899376,-1,335115088739501,
0,116009733,335115077998505,335115077998505,0,335115078405209,335115078407334,335115078746668,335115078944626,335115130281666,335115078396626,16799914,335115079260168,335115090066668,335115090790084,335115105070918,335115112941793,7750292,677541,335115112941793,335115106180084,-1,335115105070918,
0,116009741,335115094798419,335115094798419,0,335115095150668,335115095152376,335115095537251,335115095728001,335115147081580,335115095142293,16799914,335115095981168,335115106345376,335115107096876,335115122824001,335115130525126,8609542,684292,335115130525126,335115123938168,-1,335115122824001,
---PROFILEDATA---


View hierarchy:

  com.auroratv.lab/com.auroratv.MainActivity/android.view.ViewRootImpl@6112d56
  307 views, 543.78 kB of render nodes


Total ViewRootImpl   : 1
Total attached Views : 307
Total RenderNode     : 543.78 kB (used) / 2150.11 kB (capacity)

