Applications Graphics Acceleration Info:
Uptime: 334810875 Realtime: 369484986

** Graphics info for pid 680 [com.auroratv.lab] **

Stats since: 334800493072518ns
Total frames rendered: 413
Janky frames: 18 (4.36%)
Janky frames (legacy): 399 (96.61%)
50th percentile: 34ms
90th percentile: 44ms
95th percentile: 57ms
99th percentile: 105ms
Number Missed Vsync: 3
Number High input latency: 791
Number Slow UI thread: 11
Number Slow bitmap uploads: 1
Number Slow issue draw commands: 18
Number Frame deadline missed: 18
Number Frame deadline missed (legacy): 17
HISTOGRAM: 5ms=0 6ms=0 7ms=0 8ms=0 9ms=0 10ms=0 11ms=0 12ms=0 13ms=0 14ms=0 15ms=0 16ms=0 17ms=0 18ms=0 19ms=0 20ms=0 21ms=0 22ms=5 23ms=20 24ms=48 25ms=55 26ms=19 27ms=13 28ms=6 29ms=1 30ms=3 31ms=1 32ms=7 34ms=32 36ms=56 38ms=65 40ms=30 42ms=9 44ms=9 46ms=2 48ms=7 53ms=4 57ms=1 61ms=3 65ms=5 69ms=2 73ms=0 77ms=0 81ms=0 85ms=0 89ms=1 93ms=0 97ms=2 101ms=2 105ms=1 109ms=3 113ms=0 117ms=1 121ms=0 125ms=0 129ms=0 133ms=0 150ms=0 200ms=0 250ms=0 300ms=0 350ms=0 400ms=0 450ms=0 500ms=0 550ms=0 600ms=0 650ms=0 700ms=0 750ms=0 800ms=0 850ms=0 900ms=0 950ms=0 1000ms=0 1050ms=0 1100ms=0 1150ms=0 1200ms=0 1250ms=0 1300ms=0 1350ms=0 1400ms=0 1450ms=0 1500ms=0 1550ms=0 1600ms=0 1650ms=0 1700ms=0 1750ms=0 1800ms=0 1850ms=0 1900ms=0 1950ms=0 2000ms=0 2050ms=0 2100ms=0 2150ms=0 2200ms=0 2250ms=0 2300ms=0 2350ms=0 2400ms=0 2450ms=0 2500ms=0 2550ms=0 2600ms=0 2650ms=0 2700ms=0 2750ms=0 2800ms=0 2850ms=0 2900ms=0 2950ms=0 3000ms=0 3050ms=0 3100ms=0 3150ms=0 3200ms=0 3250ms=0 3300ms=0 3350ms=0 3400ms=0 3450ms=0 3500ms=0 3550ms=0 3600ms=0 3650ms=0 3700ms=0 3750ms=0 3800ms=0 3850ms=0 3900ms=0 3950ms=0 4000ms=0 4050ms=0 4100ms=0 4150ms=0 4200ms=0 4250ms=0 4300ms=0 4350ms=0 4400ms=0 4450ms=0 4500ms=0 4550ms=0 4600ms=0 4650ms=0 4700ms=0 4750ms=0 4800ms=0 4850ms=0 4900ms=0 4950ms=0
50th gpu percentile: 8ms
90th gpu percentile: 11ms
95th gpu percentile: 23ms
99th gpu percentile: 4950ms
GPU HISTOGRAM: 1ms=0 2ms=0 3ms=0 4ms=0 5ms=0 6ms=0 7ms=0 8ms=283 9ms=47 10ms=6 11ms=44 12ms=2 13ms=0 14ms=1 15ms=0 16ms=1 17ms=1 18ms=1 19ms=2 20ms=2 21ms=0 22ms=1 23ms=5 24ms=1 25ms=0 4950ms=16

Pipeline=Skia (OpenGL)
Memory policy:
  Max surface area: 2073600
  Max resource usage: 99.53MB (x48)
  Background retention: 50% (altUiHidden = true)
  GPU Context timeout: 10
Contexts: 1 (stopped = 0)
CPU Caches:
  Glyph Cache: 1.52 MB (1 entry)
  Glyph Count: 97 
Total CPU memory usage:
  1592456 bytes, 1.52 MB (0.00 bytes is purgeable)
GPU Caches:
  Image:
    Texture: 16.46 MB (46 entries)
  Other:
    Other: 171.39 KB (1 entry)
    Buffer Object: 464.00 bytes (2 entries)
    StencilAttachment: 18.00 KB (2 entries)
  Scratch:
    RenderTarget: 3.96 MB (18 entries)
    Texture: 4.04 MB (6 entries)
    Buffer Object: 78.03 KB (3 entries)
Total GPU memory usage:
  25924532 bytes, 24.72 MB (9.61 MB is purgeable)

Profile data in ms:

	com.auroratv.lab/com.auroratv.MainActivity/android.view.ViewRootImpl@86c1518 (visibility=0)
Window: com.auroratv.lab/com.auroratv.MainActivity
Stats since: 334800493043184ns
Total frames rendered: 413
Janky frames: 18 (4.36%)
Janky frames (legacy): 399 (96.61%)
50th percentile: 34ms
90th percentile: 44ms
95th percentile: 57ms
99th percentile: 105ms
Number Missed Vsync: 3
Number High input latency: 791
Number Slow UI thread: 11
Number Slow bitmap uploads: 1
Number Slow issue draw commands: 18
Number Frame deadline missed: 18
Number Frame deadline missed (legacy): 17
HISTOGRAM: 5ms=0 6ms=0 7ms=0 8ms=0 9ms=0 10ms=0 11ms=0 12ms=0 13ms=0 14ms=0 15ms=0 16ms=0 17ms=0 18ms=0 19ms=0 20ms=0 21ms=0 22ms=5 23ms=20 24ms=48 25ms=55 26ms=19 27ms=13 28ms=6 29ms=1 30ms=3 31ms=1 32ms=7 34ms=32 36ms=56 38ms=65 40ms=30 42ms=9 44ms=9 46ms=2 48ms=7 53ms=4 57ms=1 61ms=3 65ms=5 69ms=2 73ms=0 77ms=0 81ms=0 85ms=0 89ms=1 93ms=0 97ms=2 101ms=2 105ms=1 109ms=3 113ms=0 117ms=1 121ms=0 125ms=0 129ms=0 133ms=0 150ms=0 200ms=0 250ms=0 300ms=0 350ms=0 400ms=0 450ms=0 500ms=0 550ms=0 600ms=0 650ms=0 700ms=0 750ms=0 800ms=0 850ms=0 900ms=0 950ms=0 1000ms=0 1050ms=0 1100ms=0 1150ms=0 1200ms=0 1250ms=0 1300ms=0 1350ms=0 1400ms=0 1450ms=0 1500ms=0 1550ms=0 1600ms=0 1650ms=0 1700ms=0 1750ms=0 1800ms=0 1850ms=0 1900ms=0 1950ms=0 2000ms=0 2050ms=0 2100ms=0 2150ms=0 2200ms=0 2250ms=0 2300ms=0 2350ms=0 2400ms=0 2450ms=0 2500ms=0 2550ms=0 2600ms=0 2650ms=0 2700ms=0 2750ms=0 2800ms=0 2850ms=0 2900ms=0 2950ms=0 3000ms=0 3050ms=0 3100ms=0 3150ms=0 3200ms=0 3250ms=0 3300ms=0 3350ms=0 3400ms=0 3450ms=0 3500ms=0 3550ms=0 3600ms=0 3650ms=0 3700ms=0 3750ms=0 3800ms=0 3850ms=0 3900ms=0 3950ms=0 4000ms=0 4050ms=0 4100ms=0 4150ms=0 4200ms=0 4250ms=0 4300ms=0 4350ms=0 4400ms=0 4450ms=0 4500ms=0 4550ms=0 4600ms=0 4650ms=0 4700ms=0 4750ms=0 4800ms=0 4850ms=0 4900ms=0 4950ms=0
50th gpu percentile: 8ms
90th gpu percentile: 11ms
95th gpu percentile: 23ms
99th gpu percentile: 4950ms
GPU HISTOGRAM: 1ms=0 2ms=0 3ms=0 4ms=0 5ms=0 6ms=0 7ms=0 8ms=283 9ms=47 10ms=6 11ms=44 12ms=2 13ms=0 14ms=1 15ms=0 16ms=1 17ms=1 18ms=1 19ms=2 20ms=2 21ms=0 22ms=1 23ms=5 24ms=1 25ms=0 4950ms=16



---PROFILEDATA---
Flags,FrameTimelineVsyncId,IntendedVsync,Vsync,InputEventId,HandleInputStart,AnimationStart,PerformTraversalsStart,DrawStart,FrameDeadline,FrameInterval,FrameStartTime,SyncQueued,SyncStart,IssueDrawCommandsStart,SwapBuffers,FrameCompleted,DequeueBufferDuration,QueueBufferDuration,GpuCompleted,SwapBuffersCompleted,DisplayPresentTime,CommandSubmissionCompleted,
0,115879955,334806949473721,334806949473721,0,334806959847729,334806959848646,334806960392854,334806960548521,334807018557567,334806959841813,16800171,334806960798729,334806975365979,334806976329063,334806991065521,334806998950729,9988875,301292,334806998950729,334806991687854,-1,334806991065521,
0,115879963,334806966273892,334806966273892,0,334806976641979,334806976643271,334806977116479,334806977257563,334807035357738,334806976636188,16800171,334806977490313,334806991822104,334806992800771,334807007906646,334807015829896,10322333,300542,334807015829896,334807008598021,-1,334807007906646,
0,115879971,334806983074063,334806983074063,0,334806993097563,334806993098521,334806993587396,334806993750563,334807052157909,334806993091188,16800171,334806993971896,334807008736063,334807009633063,334807025090854,334807032911479,10290250,295959,334807032911479,334807025760854,-1,334807025090854,
0,115879979,334806999874234,334806999874234,0,334807010031188,334807010032229,334807010493021,334807010634313,334807068958080,334807010023396,16800171,334807010928854,334807025918229,334807026845063,334807041479688,334807049266396,9889333,299375,334807049266396,334807042102313,-1,334807041479688,
0,115879987,334807016674405,334807016674405,0,334807027042104,334807027043188,334807027528063,334807027669688,334807085758251,334807027036521,16800171,334807028155979,334807042241229,334807043162021,334807058568938,334807066310813,10382375,296292,334807066310813,334807059180188,-1,334807058568938,
0,115879995,334807033474576,334807033474576,0,334807043349021,334807043349854,334807043782688,334807043930229,334807102558422,334807043343604,16800171,334807044184688,334807059314188,334807060308896,334807074997979,334807082739688,10019750,333916,334807082739688,334807075657021,-1,334807074997979,
0,115880003,334807050274747,334807050274747,0,334807060496063,334807060497313,334807060997021,334807061156021,334807119358593,334807060476438,16800171,334807061346563,334807075791354,334807076779521,334807091816063,334807099526563,10354750,290916,334807099526563,334807092463771,-1,334807091816063,
0,115880011,334807067074918,334807067074918,0,334807076954313,334807076955229,334807077404813,334807077546813,334807136158764,334807076948646,16800171,334807077747896,334807092601188,334807093480229,334807108655104,334807116370188,10429959,299375,334807116370188,334807109279104,-1,334807108655104,
0,115880019,334807083875089,334807083875089,0,334807093646396,334807093647521,334807094084646,334807094240854,334807152958935,334807093641479,16800171,334807094422021,334807109414396,334807110296938,334807129281771,334807137079688,11096875,446584,334807137079688,334807130199479,-1,334807129281771,
0,115880027,334807100675260,334807100675260,0,334807110459896,334807110460854,334807110899604,334807111041896,334807169759106,334807110455229,16800171,334807111241854,334807130392396,334807131674979,334807144834688,334807152681938,6265417,365666,334807152681938,334807145674438,-1,334807144834688,
0,115880035,334807117475431,334807117475431,0,334807131865063,334807131866354,334807132644938,334807132853438,334807186559277,334807131858104,16800171,334807133050729,334807145841313,334807147018729,334807161830563,334807169542688,7897959,317042,334807169542688,334807162491771,-1,334807161830563,
0,115880043,334807134275602,334807134275602,0,334807147279688,334807147281354,334807148475354,334807148669396,334807203359448,334807147271771,16800171,334807149150521,334807162708604,334807163651229,334807178783521,334807186530438,8126458,396167,334807186530438,334807179602979,-1,334807178783521,
0,115880051,334807151075773,334807151075773,0,334807163843063,334807163844188,334807171500854,334807171742146,334807220159619,334807163837229,16800171,334807171945813,334807179780229,334807181726396,334807196041604,334807203815938,7013625,392084,334807203815938,334807196861563,-1,334807196041604,
0,115880059,334807167875944,334807167875944,0,334807182079229,334807182081104,334807182736646,334807182920604,334807236959790,334807182046104,16800171,334807182967063,334807197030479,334807197875354,334807213861021,334807221619063,7629250,507833,334807221619063,334807214827396,-1,334807213861021,
0,115880067,334807184676115,334807184676115,0,334807198685313,334807198687146,334807199358146,334807199554438,334807253759961,334807198674354,16800171,334807199624188,334807214990188,334807215943021,334807229417729,334807237162646,6113583,514250,334807237162646,334807230352688,-1,334807229417729,
0,115880075,334807201476286,334807201476286,0,334807216317396,334807216318729,334807216760229,334807216941354,334807270560132,334807216310563,16800171,334807216987479,334807230519604,334807231478646,334807246736938,334807254593938,7536542,383500,334807254593938,334807247619938,-1,334807246736938,
0,115880083,334807218276457,334807218276457,0,334807231692938,334807231694479,334807232208229,334807232453729,334807287360303,334807231685813,16800171,334807232504979,334807247783271,334807248826104,334807264268479,334807272066396,7125417,438375,334807272066396,334807265205604,-1,334807264268479,
0,115880091,334807235076628,334807235076628,0,334807249038313,334807249039604,334807249484563,334807249671396,334807304160474,334807249031146,16800171,334807249719188,334807265394604,334807266127354,334807277922438,334807285690146,6048542,429417,334807285690146,334807278763021,-1,334807277922438,
0,115880099,334807251876799,334807251876799,0,334807266326354,334807266327479,334807266727021,334807266887813,334807320960645,334807266319854,16800171,334807266929896,334807278917229,334807279710729,334807295909271,334807303761104,9606458,346291,334807303761104,334807296772063,-1,334807295909271,
0,115880107,334807268676970,334807268676970,0,334807279912604,334807279913688,334807280356354,334807280536188,334807337760816,334807279905396,16800171,334807280581229,334807296924896,334807297689229,334807314841021,334807322815063,8566833,427333,334807322815063,334807315805896,-1,334807314841021,
0,115880115,334807285477141,334807285477141,0,334807297885521,334807297886563,334807298290021,334807298457521,334807354560987,334807297878646,16800171,334807298501229,334807315973979,334807316940313,334807329938979,334807337677104,6048792,775208,334807337677104,334807331126813,-1,334807329938979,
0,115880123,334807302277312,334807302277312,0,334807317162646,334807317163938,334807317601063,334807317778604,334807371361158,334807317154771,16800171,334807317823354,334807331290521,334807332249063,334807347488979,334807355343896,7674625,854167,334807355343896,334807348779854,-1,334807347488979,
0,115880131,334807319077483,334807319077483,0,334807332807229,334807332808938,334807333284229,334807333478188,334807388161329,334807332798771,16800171,334807333527229,334807348941813,334807349795938,334807364722354,334807372504979,7214000,709250,334807372504979,334807365878771,-1,334807364722354,
0,115880139,334807335877654,334807335877654,0,334807350005563,334807350007313,334807350449146,334807350635146,334807404961500,334807349998396,16800171,334807350681438,334807366042229,334807366964979,334807381839771,334807389605646,6661250,809542,334807389605646,334807383112146,-1,334807381839771,
0,115880147,334807352677825,334807352677825,0,334807367184854,334807367186271,334807367642688,334807367823813,334807421761671,334807367177063,16800171,334807367868688,334807383294521,334807384507104,334807397103313,334807404921646,5584209,446125,334807404921646,334807397980938,-1,334807397103313,
0,115880313,334807739081758,334807739081758,-18471158,334807739431688,334807739433480,334807787028313,334807787537313,334807757765091,334807739424230,16800171,334807800326688,334807800455855,334807802197188,334807807670230,334807830118188,21541,336959,334807830118188,334807808336396,-1,334807807670230,
0,115880320,334807755881929,334807789482271,0,334807802562813,334807802564105,334807803303980,334807803478730,334807858566117,334807802549980,16800171,334807804309521,334807808478438,334807809536271,334807817119188,334807857987521,42916,12767917,334807857987521,334807830250813,-1,334807817119188,
0,115880327,334807806282442,334807806282442,0,334807810038688,334807810039980,334807813859605,334807814038021,334807875366288,334807810030271,16800171,334807815752771,334807830401438,334807831388396,334807850016105,334807886957855,11783333,7667333,334807886957855,334807858095855,-1,334807850016105,
0,115880334,334807823082613,334807823082613,0,334807831739021,334807831740355,334807832286146,334807832431271,334807908966630,334807831732938,16800171,334807832644271,334807858230396,334807859149563,334807866928313,334807915782938,1118875,19818000,334807915782938,334807887084521,-1,334807866928313,
0,115880342,334807839882784,334807856682955,0,334807859480438,334807859531646,334807860224063,334807860394938,334807942566972,334807859466480,16800171,334807860639105,334807887240730,334807888419730,334807899310688,334807936838980,5153334,16242667,334807936838980,334807915903188,-1,334807899310688,
0,115880351,334807873483126,334807873483126,0,334807888711271,334807888712855,334807889274813,334807889416438,334807959367143,334807888703646,16800171,334807889634396,334807916088438,334807917042896,334807933759146,334807946911021,10137750,2817541,334807946911021,334807936938563,-1,334807933759146,
0,115880359,334807890283297,334807907083468,0,334807917326896,334807917328021,334807917868771,334807918011105,334807976167314,334807917314896,16800171,334807918475980,334807937069980,334807938040438,334807949986771,334807960189771,5911500,537042,334807960189771,334807950891896,-1,334807949986771,
0,115880368,334807923883639,334807923883639,0,334807938604938,334807938606396,334807939137188,334807939281896,334807992967485,334807938585813,16800171,334807939482771,334807951023230,334807951935230,334807966380230,334807976576855,8895500,533375,334807976576855,334807967235730,-1,334807966380230,
0,115880376,334807940683810,334807940683810,0,334807952235521,334807952236480,334807952661271,334807952797146,334808009767656,334807952229646,16800171,334807952990563,334807967366730,334807968350771,334807984028396,334807994380355,9289167,315875,334807994380355,334807984677146,-1,334807984028396,
0,115880384,334807957483981,334807957483981,0,334807968650396,334807968651563,334807969069730,334807969204563,334808026567827,334807968643896,16800171,334807969400605,334807984815271,334807985759230,334808003105730,334808013401646,8817459,324167,334808013401646,334808003778896,-1,334808003105730,
0,115880392,334807974284152,334807974284152,0,334807986070521,334807986072063,334807986566688,334807986733063,334808043367998,334807986063105,16800171,334807986958480,334808003929521,334808004954896,334808017047313,334808027305688,6382584,321083,334808027305688,334808017697271,-1,334808017047313,
0,115880400,334807991084323,334807991084323,0,334808005365563,334808005367188,334808005848146,334808005994230,334808060168169,334808005358521,16800171,334808006267230,334808017833480,334808018810146,334808033614605,334808043822771,9237875,325000,334808043822771,334808034261271,-1,334808033614605,
0,115880408,334808007884494,334808007884494,0,334808019129605,334808019130896,334808019653980,334808019797271,334808076968340,334808019122813,16800171,334808020047813,334808034396896,334808035318021,334808051748813,334808061998938,9751166,440042,334808061998938,334808052611605,-1,334808051748813,
0,115880416,334808024684665,334808024684665,0,334808035597938,334808035599146,334808036175813,334808036317355,334808093768511,334808035592146,16800171,334808036514980,334808052768813,334808053898563,334808069654771,334808077432188,8049291,420917,334808077432188,334808070461355,-1,334808069654771,
0,115880424,334808041484836,334808041484836,0,334808054384980,334808054386688,334808054835438,334808055013771,334808110568682,334808054374563,16800171,334808055292730,334808070664271,334808071785855,334808085732230,334808093504980,6946500,390917,334808093504980,334808086521105,-1,334808085732230,
0,115880432,334808058285007,334808058285007,0,334808072116146,334808072117438,334808072582396,334808072744980,334808127368853,334808072108896,16800171,334808072997938,334808086688646,334808087777313,334808103419771,334808111217146,7944125,460375,334808111217146,334808104311021,-1,334808103419771,
0,115880440,334808075085178,334808075085178,0,334808087979313,334808087980438,334808088478896,334808088651605,334808144169024,334808087972730,16800171,334808088906105,334808104477730,334808105573313,334808118931605,334808126692938,6791333,333917,334808126692938,334808119630938,-1,334808118931605,
0,115880448,334808091885349,334808091885349,0,334808105777438,334808105778646,334808106232105,334808106409355,334808160969195,334808105770980,16800171,334808106667230,334808119787438,334808120845563,334808135956771,334808143755646,8320708,332625,334808143755646,334808136691938,-1,334808135956771,
0,115880456,334808108685520,334808108685520,0,334808121037271,334808121038438,334808121463688,334808121624480,334808177769366,334808121031480,16800171,334808121948063,334808136843146,334808137835146,334808153748480,334808161598230,8537125,707417,334808161598230,334808154874688,-1,334808153748480,
0,115880464,334808125485691,334808125485691,0,334808138023980,334808138024980,334808138441105,334808138657938,334808194569537,334808138017813,16800171,334808138920730,334808155034355,334808156188563,334808169364438,334808177161563,6531167,368042,334808177161563,334808170132480,-1,334808169364438,
0,115880472,334808142285862,334808142285862,0,334808156392355,334808156393605,334808156861688,334808157036063,334808211369708,334808156385813,16800171,334808157285480,334808170295563,334808171353980,334808187952730,334808195793313,8448458,469167,334808195793313,334808188865355,-1,334808187952730,
0,115880480,334808159086033,334808159086033,0,334808171569563,334808171571021,334808172107730,334808172295105,334808228169879,334808171562021,16800171,334808172567646,334808189038980,334808190291605,334808205120438,334808212944105,6637917,391583,334808212944105,334808205966480,-1,334808205120438,
0,115880488,334808175886204,334808175886204,0,334808190520063,334808190521771,334808191088105,334808191288855,334808244970050,334808190512980,16800171,334808191580771,334808206142855,334808207293980,334808222364855,334808230174855,6447250,376125,334808230174855,334808223154146,-1,334808222364855,
0,115880496,334808192686375,334808192686375,0,334808207517688,334808207519313,334808208046396,334808208234480,334808261770221,334808207510271,16800171,334808208616438,334808223328146,334808224525938,334808239312563,334808247150980,5816542,517042,334808247150980,334808240283896,-1,334808239312563,
0,115880504,334808209486546,334808209486546,0,334808224752688,334808224753855,334808225239938,334808225440855,334808278570392,334808224745396,16800171,334808225709188,334808240519438,334808241894146,334808255041271,334808262852730,5081334,485708,334808262852730,334808255965813,-1,334808255041271,
0,115880512,334808226286717,334808226286717,0,334808242139313,334808242140980,334808242672188,334808242856813,334808295370563,334808242131730,16800171,334808243123855,334808256168480,334808257403438,334808272605855,334808280421021,6608333,400375,334808280421021,334808273435730,-1,334808272605855,
0,115880520,334808243086888,334808243086888,0,334808257627938,334808257629355,334808258142688,334808258326396,334808312170734,334808257620271,16800171,334808258712980,334808273612396,334808274791896,334808289774521,334808297571688,6058333,896958,334808297571688,334808291341271,-1,334808289774521,
0,115880528,334808259887059,334808259887059,0,334808275013188,334808275014396,334808275420063,334808275607646,334808328970905,334808275005855,16800171,334808275851938,334808291516521,334808292744938,334808305192605,334808313066771,4536625,685916,334808313066771,334808306353313,-1,334808305192605,
0,115880536,334808276687230,334808276687230,0,334808292969146,334808292970563,334808293360605,334808293546063,334808345771076,334808292961896,16800171,334808293794855,334808306523813,334808307775188,334808323502063,334808331299646,6523083,755292,334808331299646,334808324986021,-1,334808323502063,
0,115880544,334808293487401,334808293487401,0,334808308027646,334808308029105,334808308434771,334808308618980,334808362571247,334808307995896,16800171,334808308861480,334808325178313,334808326339271,334808338968230,334808346845563,4642542,767584,334808346845563,334808340206188,-1,334808338968230,
0,115880552,334808310287572,334808310287572,0,334808326564105,334808326565563,334808326963605,334808327251938,334808379371418,334808326557021,16800171,334808327543271,334808340383605,334808341726396,334808354101938,334808361864980,5650834,372041,334808361864980,334808354887188,-1,334808354101938,
0,115880560,334808327087743,334808327087743,0,334808341923355,334808341924271,334808342389063,334808342563063,334808396171589,334808341917396,16800171,334808342782938,334808355135063,334808356579230,334808373237688,334808381049438,8267209,386417,334808381049438,334808374091480,-1,334808373237688,
0,115880568,334808343887914,334808343887914,0,334808356919855,334808356921355,334808357311897,334808357498605,334808412971760,334808356912105,16800171,334808357843563,334808374269938,334808375420563,334808389006480,334808396871605,6077125,399292,334808396871605,334808389828022,-1,334808389006480,
0,115880576,334808360688085,334808360688085,0,334808375645147,334808375646397,334808376112355,334808376329230,334808429771931,334808375637897,16800171,334808376574605,334808390003730,334808391132605,334808406363188,334808414222647,7323625,720458,334808414222647,334808407515313,-1,334808406363188,
0,115880584,334808377488256,334808377488256,0,334808391373605,334808391374813,334808391776522,334808391982897,334808446572102,334808391366438,16800171,334808392519730,334808407687647,334808408856438,334808423521730,334808431368022,6390333,766667,334808431368022,334808424721022,-1,334808423521730,
0,115880592,334808394288427,334808394288427,0,334808409076730,334808409078022,334808409464813,334808409650813,334808463372273,334808409069438,16800171,334808409993105,334808424891397,334808426044480,334808440473813,334808448477147,5787541,825167,334808448477147,334808441801230,-1,334808440473813,
0,115880600,334808411088598,334808411088598,0,334808426266105,334808426267355,334808426654438,334808426837730,334808480172444,334808426258980,16800171,334808427079730,334808442001355,334808443276980,334808456887855,334808464646897,5947375,674125,334808464646897,334808457965897,-1,334808456887855,
0,115880608,334808427888769,334808427888769,0,334808443522063,334808443523480,334808444179105,334808444422772,334808496972615,334808443515063,16800171,334808444687313,334808458127438,334808459162730,334808471353688,334808479094647,6085167,695875,334808479094647,334808472419438,-1,334808471353688,
0,115880616,334808444688940,334808444688940,0,334808459496147,334808459497563,334808459886147,334808460102563,334808513772786,334808459489438,16800171,334808460327980,334808472568605,334808473526147,334808487040063,334808494918355,8154125,604375,334808494918355,334808487992897,-1,334808487040063,
0,115880624,334808461489111,334808461489111,0,334808473723938,334808473725272,334808474082605,334808474239730,334808530572957,334808473718730,16800171,334808474438772,334808488162647,334808489072480,334808503543813,334808511235230,9481917,565459,334808511235230,334808504431230,-1,334808503543813,
0,115880632,334808478289282,334808478289282,0,334808489256522,334808489257563,334808489579938,334808489724688,334808547373128,334808489251813,16800171,334808489919563,334808504565855,334808505417688,334808520181813,334808527886897,9786625,520916,334808527886897,334808521020230,-1,334808520181813,
0,115880640,334808495089453,334808495089453,-440616373,334808505830647,334808505831938,334808506136147,334808506282855,334808564173299,334808505824022,16800171,334808506622188,334808521153438,334808521988563,334808536749938,334808544499063,10017625,284125,334808544499063,334808537383230,-1,334808536749938,
0,115880648,334808511889624,334808511889624,0,334808522922980,334808522924355,334808523325022,334808523509855,334808580973470,334808522917480,16800171,334808523718980,334808537518813,334808538358688,334808553575980,334808561381105,10421375,292583,334808561381105,334808554177147,-1,334808553575980,
0,115880656,334808528689795,334808528689795,-816013189,334808538763772,334808538765188,334808539064188,334808539205272,334808597773641,334808538758147,16800171,334808539384730,334808554312063,334808555153355,334808571521647,334808579302813,10616625,458250,334808579302813,334808572361688,-1,334808571521647,
0,115880664,334808545489966,334808545489966,0,334808556449397,334808556450897,334808556805522,334808556994188,334808614573812,334808556442230,16800171,334808557358355,334808572509772,334808573503605,334808587796980,334808595554230,8992541,568459,334808595554230,334808588757897,-1,334808587796980,
0,115880672,334808562290137,334808562290137,0,334808573686938,334808573687938,334808575791813,334808575982355,334808631373983,334808573681563,16800171,334808576717563,334808588896730,334808589847438,334808605174813,334808612913438,9747916,606833,334808612913438,334808606138230,-1,334808605174813,
0,115880680,334808579090308,334808579090308,0,334808590083605,334808590084563,334808603534230,334808603694272,334808648174154,334808590077563,16800171,334808607781730,334808607905605,334808609253397,334808622768230,334808630696147,6943667,538416,334808630696147,334808623634313,-1,334808622768230,
0,115880688,334808595890479,334808595890479,0,334808609796855,334808609797980,334808613759397,334808613919980,334808664974325,334808609789522,16800171,334808616854105,334808623767605,334808624798688,334808640577438,334808650644813,8009791,561500,334808650644813,334808641462438,-1,334808640577438,
0,115880696,334808612690650,334808612690650,0,334808625127147,334808625128188,334808625603897,334808625765313,334808681774496,334808625120813,16800171,334808625982605,334808641596272,334808642510313,334808656112438,334808665517188,7084833,536917,334808665517188,334808656981688,-1,334808656112438,
0,115880704,334808629490821,334808629490821,0,334808642780813,334808642781813,334808643243063,334808643378897,334808698574667,334808642774772,16800171,334808643585522,334808657111605,334808658095397,334808672294438,334808681128522,8312583,540125,334808681128522,334808673220647,-1,334808672294438,
0,115880712,334808646290992,334808646290992,0,334808658382063,334808658383188,334808658871105,334808659005355,334808715374838,334808658375813,16800171,334808659203938,334808673355730,334808674367313,334808688401355,334808696800813,8803084,559167,334808696800813,334808689291897,-1,334808688401355,
0,115880720,334808663091163,334808663091163,0,334808674641897,334808674642897,334808675091563,334808675225313,334808732175009,334808674636355,16800171,334808675430897,334808689424647,334808690358938,334808705051522,334808713141480,9608125,572250,334808713141480,334808705948480,-1,334808705051522,
0,115880728,334808679891334,334808679891334,0,334808690635605,334808690636605,334808691085272,334808691221272,334808748975180,334808690629480,16800171,334808691424605,334808706083938,334808707007813,334808722342730,334808730213105,9784792,553792,334808730213105,334808723218647,-1,334808722342730,
0,115880736,334808696691505,334808696691505,0,334808707318355,334808707319397,334808707776313,334808707914438,334808765775351,334808707311772,16800171,334808708161063,334808723351355,334808724279480,334808738438313,334808746275897,9274000,301000,334808746275897,334808739064605,-1,334808738438313,
0,115880744,334808713491676,334808713491676,0,334808724675563,334808724676897,334808725143355,334808725284063,334808782575522,334808724668438,16800171,334808725495480,334808739198772,334808740143813,334808755458938,334808763256188,10207458,340541,334808763256188,334808756123897,-1,334808755458938,
0,115880752,334808730291847,334808730291847,0,334808740321313,334808740321980,334808740835188,334808740982855,334808799375693,334808740315980,16800171,334808741509855,334808756260772,334808757254647,334808771818063,334808779542022,9891875,295667,334808779542022,334808772535230,-1,334808771818063,
0,115880760,334808747092018,334808747092018,0,334808757422272,334808757423105,334808757843897,334808757990897,334808816175864,334808757417188,16800171,334808758232147,334808772673397,334808773653105,334808789081688,334808796801147,10280833,307416,334808796801147,334808789708063,-1,334808789081688,
0,115880768,334808763892189,334808763892189,0,334808773852522,334808773853522,334808774273980,334808774417980,334808832976035,334808773847063,16800171,334808774614647,334808789843188,334808790824230,334808808472480,334808816255313,10532833,387375,334808816255313,334808809286230,-1,334808808472480,
0,115880776,334808780692360,334808780692360,0,334808790991980,334808790993063,334808791412813,334808791554855,334808849776206,334808790986522,16800171,334808791748855,334808809450438,334808810542522,334808824300230,334808832146230,7421416,366333,334808832146230,334808825068355,-1,334808824300230,
0,115880784,334808797492531,334808797492531,0,334808810749688,334808810751105,334808811354188,334808811525272,334808866576377,334808810742688,16800171,334808811737397,334808825234480,334808826338355,334808842570480,334808850509022,8551375,389084,334808850509022,334808843497772,-1,334808842570480,
0,115880792,334808814292702,334808814292702,0,334808826556855,334808826558272,334808827110563,334808827295522,334808883376548,334808826549313,16800171,334808827528605,334808843676313,334808845057480,334808860052230,334808867910313,6829792,389625,334808867910313,334808860958188,-1,334808860052230,
0,115880800,334808831092873,334808831092873,0,334808845275563,334808845277063,334808845828188,334808846029938,334808900176719,334808845267938,16800171,334808846227772,334808861132605,334808862462480,334808876447272,334808884281230,6073208,618791,334808884281230,334808877498813,-1,334808876447272,
0,115880808,334808847893044,334808847893044,0,334808862685438,334808862686980,334808863222438,334808863403147,334808916976890,334808862678063,16800171,334808863594688,334808877674355,334808878975563,334808890634188,334808898380188,6096958,386792,334808898380188,334808891435897,-1,334808890634188,
0,115880816,334808864693215,334808864693215,0,334808879192605,334808879194188,334808880309647,334808880501147,334808933777061,334808879184730,16800171,334808880720355,334808891612563,334808892837397,334808910344147,334808918106188,9560375,436833,334808918106188,334808911254855,-1,334808910344147,
0,115880824,334808881493386,334808881493386,0,334808893058105,334808893059605,334808903113772,334808903316730,334808950577232,334808893050647,16800171,334808903469688,334808911434230,334808912803563,334808926429230,334808934195188,6190416,427583,334808934195188,334808927316813,-1,334808926429230,
0,115880832,334808898293557,334808898293557,0,334808913111147,334808913113063,334808913542480,334808913727522,334808967377403,334808913103272,16800171,334808913775855,334808927498230,334808928487188,334808942990980,334808950757855,7233583,515291,334808950757855,334808943972438,-1,334808942990980,
0,115880840,334808915093728,334808915093728,0,334808929387563,334808929389397,334808929920647,334808930128522,334808984177574,334808929375438,16800171,334808930177480,334808944181563,334808945216855,334808962157397,334808969900522,7621708,387125,334808969900522,334808963025063,-1,334808962157397,
0,115880848,334808931893899,334808931893899,0,334808945454563,334808945456188,334808945907897,334808946178188,334809000977745,334808945446397,16800171,334808946228980,334808963225813,334808964208855,334808977813438,334808985723188,5073500,419125,334808985723188,334808978848397,-1,334808977813438,
0,115880856,334808948694070,334808948694070,0,334808964426272,334808964428022,334808964844688,334808965021772,334809017777916,334808964418563,16800171,334808965067855,334808979085813,334808980094063,334808992933480,334809000692855,6025916,425416,334809000692855,334808993831813,-1,334808992933480,
0,115880864,334808965494241,334808965494241,0,334808980336188,334808980337897,334808980795397,334808980988272,334809034578087,334808980327855,16800171,334808981038022,334808994012980,334808994930938,334809009838938,334809017582063,8138958,389000,334809017582063,334809010651022,-1,334809009838938,
0,115880872,334808982294412,334808982294412,0,334808995258147,334808995260063,334808995707647,334808995900563,334809051378258,334808995249772,16800171,334808995949147,334809010819188,334809011675980,334809027622522,334809035375313,8212166,416250,334809035375313,334809028515563,-1,334809027622522,
0,115880880,334808999094583,334808999094583,0,334809011884897,334809011886813,334809012341480,334809012519688,334809068178429,334809011877688,16800171,334809012566063,334809028720313,334809029569063,334809044191147,334809051949814,7157000,382542,334809051949814,334809044997397,-1,334809044191147,
0,115880888,334809015894754,334809015894754,0,334809029780813,334809029782313,334809030197480,334809030379813,334809084978600,334809029773272,16800171,334809030428563,334809045161272,334809046005730,334809061969480,334809069734272,7414583,451541,334809069734272,334809062912397,-1,334809061969480,
0,115880896,334809032694925,334809032694925,0,334809046234980,334809046236480,334809046698814,334809046875939,334809101778771,334809046227355,16800171,334809046921647,334809063106480,334809063973772,334809077355772,334809085239355,6095625,419791,334809085239355,334809078238522,-1,334809077355772,
0,115880904,334809049495096,334809049495096,0,334809064230355,334809064231814,334809064737897,334809064913397,334809118578942,334809064222980,16800171,334809064958814,334809078417272,334809079342647,334809093683897,334809101514897,7561208,423083,334809101514897,334809094574147,-1,334809093683897,
0,115880912,334809066295267,334809066295267,0,334809079579772,334809079581189,334809080347230,334809080544355,334809135379113,334809079572022,16800171,334809080592689,334809094753730,334809095669647,334809112851022,334809120706397,8212041,482333,334809120706397,334809113828730,-1,334809112851022,
0,115881106,334809519899884,334809519899884,0,334809520331897,334809520334189,334809534386480,334809534799855,334809538583217,334809520321897,16800171,334809539856230,334809540078022,334809541188064,334809548824939,334809565585564,30916,467333,334809565585564,334809549778980,-1,334809548824939,
0,115881113,334809536700055,334809536700055,0,334809541655814,334809541658064,334809543125439,334809543388022,334809588983730,334809541644564,16800171,334809544095105,334809549940105,334809550847314,334809565714480,334809584574855,20583,606334,334809584574855,334809566772105,-1,334809565714480,
0,115881120,334809553500226,334809553500226,0,334809553957730,334809553960147,334809555213689,334809555440147,334809605783901,334809553948564,16800171,334809555484105,334809566949189,334809568176855,334809587682397,334809606487855,6023958,415583,334809606487855,334809588475105,-1,334809587682397,
0,115881128,334809570300397,334809570300397,0,334809570658522,334809570660855,334809572128564,334809572531605,334809639384243,334809570649439,16800171,334809573012064,334809588627355,334809589668605,334809605493314,334809625077230,1195250,470333,334809625077230,334809606607397,-1,334809605493314,
0,115881136,334809587100568,334809587100568,0,334809589900564,334809589902022,334809591195022,334809591401689,334809656184414,334809589893272,16800171,334809591854939,334809606885730,334809612098314,334809633705064,334809641790855,12667709,416625,334809641790855,334809634576189,-1,334809633705064,
0,115881144,334809603900739,334809603900739,0,334809612582814,334809612584272,334809613833314,334809614028522,334809672984585,334809612574355,16800171,334809614439980,334809634806980,334809635748439,334809652591147,334809660627939,5810375,417000,334809660627939,334809653426314,-1,334809652591147,
0,115881152,334809620700910,334809620700910,0,334809636273522,334809636275064,334809637589189,334809637809189,334809689784756,334809636264397,16800171,334809638247605,334809653596189,334809654671897,334809666299022,334809674353355,3824708,468875,334809674353355,334809667224855,-1,334809666299022,
0,115881160,334809637501081,334809654301252,0,334809655128564,334809655129897,334809656659397,334809656893314,334809706584927,334809655112064,16800171,334809657494105,334809667412105,334809668385397,334809684632314,334809692659814,6640625,414792,334809692659814,334809685462480,-1,334809684632314,
0,115881169,334809671101423,334809671101423,0,334809671472439,334809671474647,334809672933522,334809673139189,334809723385098,334809671464105,16800171,334809673669189,334809685635189,334809686567189,334809699977730,334809708113272,5388541,390208,334809708113272,334809700814189,-1,334809699977730,
0,115881177,334809687901594,334809687901594,0,334809688337480,334809688339397,334809689675730,334809691704730,334809740185269,334809688328480,16800171,334809692313897,334809701079730,334809701992855,334809717692772,334809725820064,6912500,433625,334809725820064,334809718664439,-1,334809717692772,
0,115881185,334809704701765,334809704701765,0,334809705049230,334809705051147,334809706330189,334809706527439,334809756985440,334809705041314,16800171,334809708683439,334809718837647,334809719864980,334809733247397,334809741280230,5558708,501750,334809741280230,334809734171147,-1,334809733247397,
0,115881193,334809721501936,334809721501936,0,334809721936522,334809721938522,334809723324022,334809723532647,334809773785611,334809721927689,16800171,334809724147397,334809734341647,334809735381105,334809751061147,334809759084522,6938833,388792,334809759084522,334809751934064,-1,334809751061147,
0,115881201,334809738302107,334809738302107,0,334809738662355,334809738664439,334809739880939,334809740244480,334809790585782,334809738653730,16800171,334809740709355,334809752174564,334809753098231,334809765924356,334809773976397,5799417,393667,334809773976397,334809766737647,-1,334809765924356,
0,115881209,334809755102278,334809755102278,0,334809755435814,334809755437564,334809756708689,334809756926897,334809807385953,334809755427772,16800171,334809757340439,334809766928981,334809767845439,334809783971189,334809792070564,8076584,485584,334809792070564,334809784907272,-1,334809783971189,
0,115881217,334809771902449,334809771902449,0,334809772292772,334809772294939,334809773763106,334809773982939,334809824186124,334809772283397,16800171,334809774436356,334809785076772,334809786082064,334809800561606,334809808673856,6721583,393375,334809808673856,334809801381647,-1,334809800561606,
0,115881225,334809788702620,334809788702620,0,334809789075522,334809789078022,334809790586647,334809790812606,334809840986295,334809789065522,16800171,334809791268231,334809801555356,334809802429272,334809816643939,334809824573897,7198209,781708,334809824573897,334809817863356,-1,334809816643939,
0,115881233,334809805502791,334809805502791,0,334809805864314,334809805866397,334809807580689,334809807809439,334809857786466,334809805856106,16800171,334809808450647,334809818027897,334809818990897,334809833505272,334809841443439,7291917,682541,334809841443439,334809834602022,-1,334809833505272,
0,115881241,334809822302962,334809822302962,0,334809822704647,334809822706814,334809823171814,334809823391147,334809874586637,334809822695106,16800171,334809823728772,334809834767397,334809835622772,334809850345481,334809858307981,7500375,762625,334809858307981,334809851552689,-1,334809850345481,
0,115881249,334809839103133,334809839103133,0,334809839446397,334809839448147,334809839738772,334809839981022,334809891386808,334809839439022,16800171,334809840286356,334809851721106,334809852641689,334809866036772,334809873773689,7028458,714750,334809873773689,334809867166272,-1,334809866036772,
---PROFILEDATA---


View hierarchy:

  com.auroratv.lab/com.auroratv.MainActivity/android.view.ViewRootImpl@86c1518
  357 views, 634.99 kB of render nodes


Total ViewRootImpl   : 1
Total attached Views : 357
Total RenderNode     : 634.99 kB (used) / 2550.89 kB (capacity)

