16683333
0	0	0
0	0	0
0	0	0
0	0	0
0	0	0
0	0	0
0	0	0
0	0	0
0	0	0
0	0	0
0	0	0
0	0	0
0	0	0
0	0	0
0	0	0
0	0	0
0	0	0
0	0	0
0	0	0
0	0	0
0	0	0
0	0	0
0	0	0
0	0	0
0	0	0
0	0	0
0	0	0
0	0	0
0	0	0
0	0	0
0	0	0
0	0	0
0	0	0
0	0	0
0	0	0
0	0	0
0	0	0
0	0	0
0	0	0
0	0	0
0	0	0
0	0	0
0	0	0
0	0	0
0	0	0
0	0	0
0	0	0
0	0	0
0	0	0
0	0	0
0	0	0
0	0	0
0	0	0
0	0	0
0	0	0
0	0	0
0	0	0
0	0	0
0	0	0
0	0	0
0	0	0
0	0	0
0	0	0
0	0	0
0	0	0
0	0	0
0	0	0
0	0	0
0	0	0
0	0	0
0	0	0
0	0	0
0	0	0
0	0	0
0	0	0
0	0	0
0	0	0
0	0	0
0	0	0
0	0	0
0	0	0
0	0	0
0	0	0
0	0	0
0	0	0
0	0	0
0	0	0
0	0	0
0	0	0
0	0	0
0	0	0
0	0	0
0	0	0
0	0	0
0	0	0
0	0	0
0	0	0
0	0	0
0	0	0
0	0	0
0	0	0
0	0	0
0	0	0
0	0	0
0	0	0
0	0	0
0	0	0
0	0	0
0	0	0
0	0	0
0	0	0
0	0	0
0	0	0
0	0	0
0	0	0
0	0	0
0	0	0
0	0	0
0	0	0
0	0	0
0	0	0
0	0	0
0	0	0
0	0	0
0	0	0
0	0	0
0	0	0

===
16683333
0	0	0
0	0	0
0	0	0
0	0	0
0	0	0
0	0	0
0	0	0
0	0	0
0	0	0
0	0	0
0	0	0
0	0	0
0	0	0
0	0	0
0	0	0
0	0	0
0	0	0
0	0	0
0	0	0
0	0	0
0	0	0
0	0	0
0	0	0
0	0	0
0	0	0
0	0	0
0	0	0
0	0	0
0	0	0
0	0	0
0	0	0
0	0	0
0	0	0
0	0	0
0	0	0
0	0	0
0	0	0
0	0	0
0	0	0
0	0	0
0	0	0
0	0	0
0	0	0
0	0	0
0	0	0
0	0	0
0	0	0
0	0	0
0	0	0
0	0	0
0	0	0
0	0	0
0	0	0
0	0	0
0	0	0
0	0	0
0	0	0
0	0	0
0	0	0
0	0	0
0	0	0
0	0	0
0	0	0
0	0	0
0	0	0
0	0	0
0	0	0
0	0	0
0	0	0
0	0	0
0	0	0
0	0	0
0	0	0
334800567532351	334800570998116	334800583931184
334800587459476	334800604364782	334800606168018
334800604096309	334800621048115	334800625611393
334800632670643	334800654414781	334800655845018
334800654052309	334800671098114	334800664376893
334800674672060	334800687781447	334800682343601
334800691606893	334800704464780	334800699286060
334800718091560	334800721148113	334800725734435
334800726462018	334800737831446	334800734255560
334800743395310	334800754514779	334800751146268
334800759512476	334800771198112	334800767266935
334800775690935	334800787881445	334800783384685
334800795010851	334800804564778	334800802699101
334800811252351	334800821248111	334800818916851
334800828779393	334800837931444	334800836246351
334800846082268	334800854614777	334800853731351
334800862996185	334800887981443	334800870612643
334800879543601	334800904664776	334800886830310
334801082508310	334801104864772	334801104619351
334801111037935	334801154914771	334801139360351
334801127211726	334801171598104	334801169632560
334801167068018	334801204964770	334801199283810
334801182132976	334801221648103	334801215451851
334801214595726	334801238331436	334801225384518
334801230327101	334801255014769	334801240219310
334801247750393	334801271698102	334801257640393
334801263357226	334801288381435	334801273265810
334801279872976	334801305064768	334801291217685
334801299978976	334801321748101	334801309767768
334801316519601	334801338431434	334801326321685
334801337452560	334801355114767	334801344816810
334801349266601	334801371798100	334801356662435
334801366665310	334801388481433	334801374054602
334801383738602	334801405164766	334801391117060
334801401338768	334801421848099	334801408724685
334801417245435	334801438531432	334801424583643
334801433111893	334801455214765	334801440455727
334801450875602	334801471898098	334801458218227
334801468155602	334801488581431	334801475417393
334801483592935	334801505264764	334801490978727
334801501191852	334801521948097	334801508559018
334801518349602	334801538631430	334801525685185
334801535070185	334801555314763	334801542400143
334801550797227	334801571998096	334801558146268
334801568582060	334801588681429	334801575842977
334801585643352	334801605364762	334801593007852
334801602725477	334801622048095	334801610063518
334801618643018	334801638731428	334801625980393
334801635590393	334801655414761	334801642936893
334801653783477	334801672098094	334801661234268
334801671808185	334801688781427	334801679057352
334801686319268	334801705464760	334801693901477
334801700493435	334801722148093	334801708344893
334801717579602	334801738831426	334801725369727

===
16683333
0	0	0
0	0	0
0	0	0
0	0	0
0	0	0
0	0	0
0	0	0
0	0	0
0	0	0
0	0	0
0	0	0
0	0	0
0	0	0
0	0	0
0	0	0
0	0	0
0	0	0
0	0	0
0	0	0
0	0	0
0	0	0
0	0	0
0	0	0
0	0	0
334800567532351	334800570998116	334800583931184
334800587459476	334800604364782	334800606168018
334800604096309	334800621048115	334800625611393
334800632670643	334800654414781	334800655845018
334800654052309	334800671098114	334800664376893
334800674672060	334800687781447	334800682343601
334800691606893	334800704464780	334800699286060
334800718091560	334800721148113	334800725734435
334800726462018	334800737831446	334800734255560
334800743395310	334800754514779	334800751146268
334800759512476	334800771198112	334800767266935
334800775690935	334800787881445	334800783384685
334800795010851	334800804564778	334800802699101
334800811252351	334800821248111	334800818916851
334800828779393	334800837931444	334800836246351
334800846082268	334800854614777	334800853731351
334800862996185	334800887981443	334800870612643
334800879543601	334800904664776	334800886830310
334801082508310	334801104864772	334801104619351
334801111037935	334801154914771	334801139360351
334801127211726	334801171598104	334801169632560
334801167068018	334801204964770	334801199283810
334801182132976	334801221648103	334801215451851
334801214595726	334801238331436	334801225384518
334801230327101	334801255014769	334801240219310
334801247750393	334801271698102	334801257640393
334801263357226	334801288381435	334801273265810
334801279872976	334801305064768	334801291217685
334801299978976	334801321748101	334801309767768
334801316519601	334801338431434	334801326321685
334801337452560	334801355114767	334801344816810
334801349266601	334801371798100	334801356662435
334801366665310	334801388481433	334801374054602
334801383738602	334801405164766	334801391117060
334801401338768	334801421848099	334801408724685
334801417245435	334801438531432	334801424583643
334801433111893	334801455214765	334801440455727
334801450875602	334801471898098	334801458218227
334801468155602	334801488581431	334801475417393
334801483592935	334801505264764	334801490978727
334801501191852	334801521948097	334801508559018
334801518349602	334801538631430	334801525685185
334801535070185	334801555314763	334801542400143
334801550797227	334801571998096	334801558146268
334801568582060	334801588681429	334801575842977
334801585643352	334801605364762	334801593007852
334801602725477	334801622048095	334801610063518
334801618643018	334801638731428	334801625980393
334801635590393	334801655414761	334801642936893
334801653783477	334801672098094	334801661234268
334801671808185	334801688781427	334801679057352
334801686319268	334801705464760	334801693901477
334801700493435	334801722148093	334801708344893
334801717579602	334801738831426	334801725369727
334801734476810	334801755514759	334801742852727
334801753887935	334801772198092	334801761596560
334801768237143	334801788881425	334801775810977
334801784360977	334801805564758	334801792102060
334801804917310	334801822248091	334801812325310
334801819079060	334801838931424	334801826518268
334801844500518	334801855614757	334801851899935
334801854929685	334801872298090	334801864630935
334801868676602	334801888981423	334801877707227
334801885617185	334801905664756	334801894031560
334801902339893	334801922348089	334801910379435
334801918726768	334801939031422	334801926478060
334801936159018	334801955714755	334801943660685
334801952566185	334801972398088	334801960070143
334801968721560	334801989081421	334801976213185
334801984983268	334802005764754	334801992431602
334802001615935	334802022448087	334802009033393
334802018301685	334802039131420	334802025717352
334802035082852	334802055814753	334802042457435
334802051940560	334802072498086	334802059312310
334802068707935	334802089181419	334802076097435
334802086117352	334802105864752	334802093439602
334802103534227	334802122548085	334802110809769
334802121409769	334802139231418	334802128664685
334802137757102	334802155914751	334802145087227
334802154999852	334802172598084	334802162322560
334802171674560	334802189281417	334802179030435
334802189142352	334802205964750	334802196464602
334802206197852	334802222648083	334802213513727
334802221735727	334802239331416	334802229075394
334802239327227	334802256014749	334802246646477
334802256927560	334802272698082	334802264243977
334802274016602	334802289381415	334802281414977
334802289746019	334802306064748	334802297073477
334802307042019	334802322748081	334802314369935
334802324308352	334802339431414	334802331614269
334802340985519	334802356114747	334802348321977
334802726747644	334802739831406	334802748840269
334802735522310	334802773198072	334802777819936
334802759180186	334802806564738	334802807473644
334802792062519	334802839931404	334802836685602
334802827190769	334802856614737	334802857006186
334802859557352	334802873298070	334802869403894
334802876092686	334802889981403	334802885906894
334802892994394	334802906664736	334802902860352
334802909805061	334802923348069	334802919714102
334802927694686	334802940031402	334802937576352
334802947936602	334802956714735	334802957691561
334802963288852	334802973398068	334802973074936

===
16683333
334801468155602	334801488581431	334801475417393
334801483592935	334801505264764	334801490978727
334801501191852	334801521948097	334801508559018
334801518349602	334801538631430	334801525685185
334801535070185	334801555314763	334801542400143
334801550797227	334801571998096	334801558146268
334801568582060	334801588681429	334801575842977
334801585643352	334801605364762	334801593007852
334801602725477	334801622048095	334801610063518
334801618643018	334801638731428	334801625980393
334801635590393	334801655414761	334801642936893
334801653783477	334801672098094	334801661234268
334801671808185	334801688781427	334801679057352
334801686319268	334801705464760	334801693901477
334801700493435	334801722148093	334801708344893
334801717579602	334801738831426	334801725369727
334801734476810	334801755514759	334801742852727
334801753887935	334801772198092	334801761596560
334801768237143	334801788881425	334801775810977
334801784360977	334801805564758	334801792102060
334801804917310	334801822248091	334801812325310
334801819079060	334801838931424	334801826518268
334801844500518	334801855614757	334801851899935
334801854929685	334801872298090	334801864630935
334801868676602	334801888981423	334801877707227
334801885617185	334801905664756	334801894031560
334801902339893	334801922348089	334801910379435
334801918726768	334801939031422	334801926478060
334801936159018	334801955714755	334801943660685
334801952566185	334801972398088	334801960070143
334801968721560	334801989081421	334801976213185
334801984983268	334802005764754	334801992431602
334802001615935	334802022448087	334802009033393
334802018301685	334802039131420	334802025717352
334802035082852	334802055814753	334802042457435
334802051940560	334802072498086	334802059312310
334802068707935	334802089181419	334802076097435
334802086117352	334802105864752	334802093439602
334802103534227	334802122548085	334802110809769
334802121409769	334802139231418	334802128664685
334802137757102	334802155914751	334802145087227
334802154999852	334802172598084	334802162322560
334802171674560	334802189281417	334802179030435
334802189142352	334802205964750	334802196464602
334802206197852	334802222648083	334802213513727
334802221735727	334802239331416	334802229075394
334802239327227	334802256014749	334802246646477
334802256927560	334802272698082	334802264243977
334802274016602	334802289381415	334802281414977
334802289746019	334802306064748	334802297073477
334802307042019	334802322748081	334802314369935
334802324308352	334802339431414	334802331614269
334802340985519	334802356114747	334802348321977
334802726747644	334802739831406	334802748840269
334802735522310	334802773198072	334802777819936
334802759180186	334802806564738	334802807473644
334802792062519	334802839931404	334802836685602
334802827190769	334802856614737	334802857006186
334802859557352	334802873298070	334802869403894
334802876092686	334802889981403	334802885906894
334802892994394	334802906664736	334802902860352
334802909805061	334802923348069	334802919714102
334802927694686	334802940031402	334802937576352
334802947936602	334802956714735	334802957691561
334802963288852	334802973398068	334802973074936
334802980799811	334803006764734	334802988203061
334802994803811	334803006764734	334803002288352
334803013894269	334803023448067	334803021282311
334803028679019	334803040131400	334803036063852
334803044841227	334803056814733	334803052210144
334803062371811	334803073498066	334803069731394
334803079877227	334803090181399	334803087200102
334803096749769	334803106864732	334803104059019
334803112838936	334803123548065	334803120201269
334803129993102	334803140231398	334803137351394
334803148722394	334803156914731	334803156039186
334803164376519	334803173598064	334803171772311
334803182929769	334803190281397	334803190254644
334803197944394	334803206964730	334803205342602
334803215867019	334803223648063	334803223201061
334803232476686	334803240331396	334803239828769
334803247135644	334803257014729	334803254568019
334803265344144	334803273698062	334803272677477
334803281227561	334803307064728	334803288554602
334803298683686	334803323748061	334803306016227
334803315953727	334803340431394	334803323290394
334803331576102	334803357114727	334803338910936
334803349185519	334803373798060	334803356547019
334803367177727	334803390481393	334803374537061
334803381646852	334803407164726	334803389032602
334803398216769	334803423848059	334803405586727
334803415090602	334803440531392	334803422354144
334803430193061	334803457214725	334803437552769
334803446944602	334803473898058	334803454295186
334803463686144	334803490581391	334803471081519
334803482262144	334803507264724	334803489703103
334803500260603	334803523948057	334803508045228
334803515485186	334803540631390	334803522840644
334803532479436	334803557314723	334803541527686
334803548308811	334803573998056	334803556793603
334803564701894	334803590681389	334803572843478
334803581832394	334803607364722	334803589523686
334803598028603	334803624048055	334803605494478
334803615046353	334803640731388	334803622550603
334803631780978	334803657414721	334803639220603
334803648629519	334803674098054	334803656089144
334803665447478	334803690781387	334803672831811
334803682149394	334803707464720	334803689520644
334803698547811	334803724148053	334803705881811
334803715365061	334803740831386	334803722739019
334803732244978	334803757514719	334803739647061
334803752298728	334803774198052	334803759733353
334803767924103	334803790881385	334803775275603
334803786451519	334803807564718	334803793784853
334803803202728	334803824248051	334803810504311
334803819639644	334803840931384	334803826985561
334803837639894	334803857614717	334803844974603
334803854526936	334803874298050	334803861873144
334803869259269	334803890981383	334803876579019
334803887186686	334803907664716	334803894514603
334803903962561	334803924348049	334803911279978
334803920753894	334803941031382	334803928039103
334803937665394	334803957714715	334803944860228
334803953993103	334803974398048	334803961250769
334803970872061	334803991081381	334803978178269
334803987820436	334804007764714	334803995137144
334804005283436	334804024448047	334804012477853

===
16683333
334802909805061	334802923348069	334802919714102
334802927694686	334802940031402	334802937576352
334802947936602	334802956714735	334802957691561
334802963288852	334802973398068	334802973074936
334802980799811	334803006764734	334802988203061
334802994803811	334803006764734	334803002288352
334803013894269	334803023448067	334803021282311
334803028679019	334803040131400	334803036063852
334803044841227	334803056814733	334803052210144
334803062371811	334803073498066	334803069731394
334803079877227	334803090181399	334803087200102
334803096749769	334803106864732	334803104059019
334803112838936	334803123548065	334803120201269
334803129993102	334803140231398	334803137351394
334803148722394	334803156914731	334803156039186
334803164376519	334803173598064	334803171772311
334803182929769	334803190281397	334803190254644
334803197944394	334803206964730	334803205342602
334803215867019	334803223648063	334803223201061
334803232476686	334803240331396	334803239828769
334803247135644	334803257014729	334803254568019
334803265344144	334803273698062	334803272677477
334803281227561	334803307064728	334803288554602
334803298683686	334803323748061	334803306016227
334803315953727	334803340431394	334803323290394
334803331576102	334803357114727	334803338910936
334803349185519	334803373798060	334803356547019
334803367177727	334803390481393	334803374537061
334803381646852	334803407164726	334803389032602
334803398216769	334803423848059	334803405586727
334803415090602	334803440531392	334803422354144
334803430193061	334803457214725	334803437552769
334803446944602	334803473898058	334803454295186
334803463686144	334803490581391	334803471081519
334803482262144	334803507264724	334803489703103
334803500260603	334803523948057	334803508045228
334803515485186	334803540631390	334803522840644
334803532479436	334803557314723	334803541527686
334803548308811	334803573998056	334803556793603
334803564701894	334803590681389	334803572843478
334803581832394	334803607364722	334803589523686
334803598028603	334803624048055	334803605494478
334803615046353	334803640731388	334803622550603
334803631780978	334803657414721	334803639220603
334803648629519	334803674098054	334803656089144
334803665447478	334803690781387	334803672831811
334803682149394	334803707464720	334803689520644
334803698547811	334803724148053	334803705881811
334803715365061	334803740831386	334803722739019
334803732244978	334803757514719	334803739647061
334803752298728	334803774198052	334803759733353
334803767924103	334803790881385	334803775275603
334803786451519	334803807564718	334803793784853
334803803202728	334803824248051	334803810504311
334803819639644	334803840931384	334803826985561
334803837639894	334803857614717	334803844974603
334803854526936	334803874298050	334803861873144
334803869259269	334803890981383	334803876579019
334803887186686	334803907664716	334803894514603
334803903962561	334803924348049	334803911279978
334803920753894	334803941031382	334803928039103
334803937665394	334803957714715	334803944860228
334803953993103	334803974398048	334803961250769
334803970872061	334803991081381	334803978178269
334803987820436	334804007764714	334803995137144
334804005283436	334804024448047	334804012477853
334804449580270	334804474898038	334804471669186
334804458470520	334804491581371	334804494971103
334804489693770	334804508264704	334804504925061
334804506225936	334804524948037	334804516085645
334804522898561	334804541631370	334804532835686
334804539490520	334804558314703	334804549307145
334804556267436	334804574998036	334804565947478
334804573246311	334804591681369	334804583102436
334804589911311	334804608364702	334804599768103
334804606726770	334804625048035	334804616642770
334804623327770	334804641731368	334804633264686
334804640197311	334804658414701	334804649918728
334804658506603	334804675098034	334804668423811
334804677153270	334804691781367	334804684549645
334804692905145	334804708464700	334804700335311
334804709338353	334804725148033	334804716784853
334804726980728	334804741831366	334804734368311
334804744436061	334804758514699	334804751770103
334804759955061	334804775198032	334804767311061
334804777002936	334804791881365	334804784371645
334804794146353	334804808564698	334804801476353
334804810537061	334804825248031	334804817942270
334804827314478	334804841931364	334804834724395
334804845467186	334804858614697	334804852788812
334804863127812	334804875298030	334804870500728
334804878188103	334804891981363	334804885522812
334804896777603	334804908664696	334804904081812
334804911670770	334804925348029	334804919011437
334804930425645	334804942031362	334804937601145
334804945721020	334804958714695	334804953117937
334804964159437	334804975398028	334804971487645
334804979324437	334804992081361	334804986695103
334804997447145	334805008764694	334805004855187
334805013146270	334805025448027	334805020500728
334805031050520	334805042131360	334805038375728
334805046394728	334805058814693	334805053672478
334805063821395	334805075498026	334805071263145
334805081470687	334805092181359	334805088856145
334805097445603	334805108864692	334805104813187
334805111895562	334805125548025	334805119260770
334805128784395	334805142231358	334805136229478
334805145927645	334805158914691	334805153235437
334805162257270	334805175598024	334805172398978
334805179396687	334805192281357	334805188101603
334805196448562	334805208964690	334805203898312
334805213134187	334805225648023	334805220708937
334805229772895	334805242331356	334805239457562
334805245281978	334805259014689	334805254318270
334805261910853	334805275698022	334805270269687
334805278646812	334805292381355	334805286663812
334805295419728	334805309064688	334805303176520
334805311813603	334805325748021	334805319279353
334805328660520	334805342431354	334805336159728
334805345068395	334805359114687	334805352524228
334805361772520	334805375798020	334805369190145
334805378576395	334805392481353	334805385922978
334805395805728	334805409164686	334805403196728
334805412274687	334805425848019	334805419638187
334805429302062	334805442531352	334805436683770
334805446095478	334805459214685	334805453473978
334805462533687	334805475898018	334805469915478

===
16683333
334803786451519	334803807564718	334803793784853
334803803202728	334803824248051	334803810504311
334803819639644	334803840931384	334803826985561
334803837639894	334803857614717	334803844974603
334803854526936	334803874298050	334803861873144
334803869259269	334803890981383	334803876579019
334803887186686	334803907664716	334803894514603
334803903962561	334803924348049	334803911279978
334803920753894	334803941031382	334803928039103
334803937665394	334803957714715	334803944860228
334803953993103	334803974398048	334803961250769
334803970872061	334803991081381	334803978178269
334803987820436	334804007764714	334803995137144
334804005283436	334804024448047	334804012477853
334804449580270	334804474898038	334804471669186
334804458470520	334804491581371	334804494971103
334804489693770	334804508264704	334804504925061
334804506225936	334804524948037	334804516085645
334804522898561	334804541631370	334804532835686
334804539490520	334804558314703	334804549307145
334804556267436	334804574998036	334804565947478
334804573246311	334804591681369	334804583102436
334804589911311	334804608364702	334804599768103
334804606726770	334804625048035	334804616642770
334804623327770	334804641731368	334804633264686
334804640197311	334804658414701	334804649918728
334804658506603	334804675098034	334804668423811
334804677153270	334804691781367	334804684549645
334804692905145	334804708464700	334804700335311
334804709338353	334804725148033	334804716784853
334804726980728	334804741831366	334804734368311
334804744436061	334804758514699	334804751770103
334804759955061	334804775198032	334804767311061
334804777002936	334804791881365	334804784371645
334804794146353	334804808564698	334804801476353
334804810537061	334804825248031	334804817942270
334804827314478	334804841931364	334804834724395
334804845467186	334804858614697	334804852788812
334804863127812	334804875298030	334804870500728
334804878188103	334804891981363	334804885522812
334804896777603	334804908664696	334804904081812
334804911670770	334804925348029	334804919011437
334804930425645	334804942031362	334804937601145
334804945721020	334804958714695	334804953117937
334804964159437	334804975398028	334804971487645
334804979324437	334804992081361	334804986695103
334804997447145	334805008764694	334805004855187
334805013146270	334805025448027	334805020500728
334805031050520	334805042131360	334805038375728
334805046394728	334805058814693	334805053672478
334805063821395	334805075498026	334805071263145
334805081470687	334805092181359	334805088856145
334805097445603	334805108864692	334805104813187
334805111895562	334805125548025	334805119260770
334805128784395	334805142231358	334805136229478
334805145927645	334805158914691	334805153235437
334805162257270	334805175598024	334805172398978
334805179396687	334805192281357	334805188101603
334805196448562	334805208964690	334805203898312
334805213134187	334805225648023	334805220708937
334805229772895	334805242331356	334805239457562
334805245281978	334805259014689	334805254318270
334805261910853	334805275698022	334805270269687
334805278646812	334805292381355	334805286663812
334805295419728	334805309064688	334805303176520
334805311813603	334805325748021	334805319279353
334805328660520	334805342431354	334805336159728
334805345068395	334805359114687	334805352524228
334805361772520	334805375798020	334805369190145
334805378576395	334805392481353	334805385922978
334805395805728	334805409164686	334805403196728
334805412274687	334805425848019	334805419638187
334805429302062	334805442531352	334805436683770
334805446095478	334805459214685	334805453473978
334805462533687	334805475898018	334805469915478
334805482880395	334805492581351	334805490234562
334805498039312	334805509264684	334805505383270
334805513717270	334805525948017	334805521054895
334805530239312	334805542631350	334805537563562
334805547931437	334805559314683	334805555276437
334805565538104	334805575998016	334805572816895
334805582926479	334805592681349	334805590216479
334805599954187	334805609364682	334805607247729
334805616408187	334805626048015	334805623753020
334805633228520	334805642731348	334805640554395
334805650227270	334805676098014	334805657518479
334805666195187	334805692781347	334805673590395
334805685467104	334805709464680	334805692798145
334805702394395	334805726148013	334805709612854
334806066986895	334806093181339	334806089124729
334806075841770	334806126548005	334806117958270
334806103366604	334806159914671	334806147771687
334806135949062	334806176598004	334806168562479
334806169000562	334806193281337	334806179027312
334806185701979	334806209964670	334806195529520
334806202872354	334806226648003	334806212807895
334806219511187	334806243331336	334806229416645
334806236212729	334806260014669	334806246032187
334806252904562	334806276698002	334806262807896
334806269614979	334806293381335	334806279527021
334806286238146	334806310064668	334806296054021
334806306321979	334806326748001	334806316114187
334806323286979	334806343431334	334806330654312
334806338704771	334806360114667	334806346085937
334806357375562	334806376798000	334806364749854
334806374566021	334806393481333	334806381921604
334806390251771	334806410164666	334806397644271
334806407788812	334806426847999	334806415172062
334806425027062	334806443531332	334806432362896
334806440468521	334806460214665	334806447796729
334806458072146	334806476897998	334806465408771
334806475217104	334806493581331	334806482558729
334806491498021	334806510264664	334806498842854
334806508691604	334806526947997	334806515992937
334806524626354	334806543631330	334806532217354
334806543486187	334806560314663	334806550689146
334806558862437	334806576997996	334806566174604
334806576888104	334806593681329	334806584184646
334806591659396	334806610364662	334806598981146
334806609066437	334806627047995	334806616237854
334806627128312	334806643731328	334806634458687
334806643151896	334806660414661	334806650523104
334806658871437	334806677097994	334806666207229
334806677118271	334806693781327	334806684456854
334806694304604	334806710464660	334806701583271
334806709532812	334806727147993	334806716885687
334806727100104	334806743831326	334806734469812

===
16683333
334805031050520	334805042131360	334805038375728
334805046394728	334805058814693	334805053672478
334805063821395	334805075498026	334805071263145
334805081470687	334805092181359	334805088856145
334805097445603	334805108864692	334805104813187
334805111895562	334805125548025	334805119260770
334805128784395	334805142231358	334805136229478
334805145927645	334805158914691	334805153235437
334805162257270	334805175598024	334805172398978
334805179396687	334805192281357	334805188101603
334805196448562	334805208964690	334805203898312
334805213134187	334805225648023	334805220708937
334805229772895	334805242331356	334805239457562
334805245281978	334805259014689	334805254318270
334805261910853	334805275698022	334805270269687
334805278646812	334805292381355	334805286663812
334805295419728	334805309064688	334805303176520
334805311813603	334805325748021	334805319279353
334805328660520	334805342431354	334805336159728
334805345068395	334805359114687	334805352524228
334805361772520	334805375798020	334805369190145
334805378576395	334805392481353	334805385922978
334805395805728	334805409164686	334805403196728
334805412274687	334805425848019	334805419638187
334805429302062	334805442531352	334805436683770
334805446095478	334805459214685	334805453473978
334805462533687	334805475898018	334805469915478
334805482880395	334805492581351	334805490234562
334805498039312	334805509264684	334805505383270
334805513717270	334805525948017	334805521054895
334805530239312	334805542631350	334805537563562
334805547931437	334805559314683	334805555276437
334805565538104	334805575998016	334805572816895
334805582926479	334805592681349	334805590216479
334805599954187	334805609364682	334805607247729
334805616408187	334805626048015	334805623753020
334805633228520	334805642731348	334805640554395
334805650227270	334805676098014	334805657518479
334805666195187	334805692781347	334805673590395
334805685467104	334805709464680	334805692798145
334805702394395	334805726148013	334805709612854
334806066986895	334806093181339	334806089124729
334806075841770	334806126548005	334806117958270
334806103366604	334806159914671	334806147771687
334806135949062	334806176598004	334806168562479
334806169000562	334806193281337	334806179027312
334806185701979	334806209964670	334806195529520
334806202872354	334806226648003	334806212807895
334806219511187	334806243331336	334806229416645
334806236212729	334806260014669	334806246032187
334806252904562	334806276698002	334806262807896
334806269614979	334806293381335	334806279527021
334806286238146	334806310064668	334806296054021
334806306321979	334806326748001	334806316114187
334806323286979	334806343431334	334806330654312
334806338704771	334806360114667	334806346085937
334806357375562	334806376798000	334806364749854
334806374566021	334806393481333	334806381921604
334806390251771	334806410164666	334806397644271
334806407788812	334806426847999	334806415172062
334806425027062	334806443531332	334806432362896
334806440468521	334806460214665	334806447796729
334806458072146	334806476897998	334806465408771
334806475217104	334806493581331	334806482558729
334806491498021	334806510264664	334806498842854
334806508691604	334806526947997	334806515992937
334806524626354	334806543631330	334806532217354
334806543486187	334806560314663	334806550689146
334806558862437	334806576997996	334806566174604
334806576888104	334806593681329	334806584184646
334806591659396	334806610364662	334806598981146
334806609066437	334806627047995	334806616237854
334806627128312	334806643731328	334806634458687
334806643151896	334806660414661	334806650523104
334806658871437	334806677097994	334806666207229
334806677118271	334806693781327	334806684456854
334806694304604	334806710464660	334806701583271
334806709532812	334806727147993	334806716885687
334806727100104	334806743831326	334806734469812
334806744424646	334806760514659	334806751782396
334806759073979	334806777197992	334806766452396
334806776531146	334806793881325	334806783804104
334806791651771	334806810564658	334806799001854
334806806928646	334806827247991	334806814283479
334806823661271	334806843931324	334806831005021
334806840352229	334806860614657	334806847739354
334806858368146	334806877297990	334806865786687
334806878351229	334806893981323	334806885637771
334806891269062	334806910664656	334806898729354
334806909627229	334806927347989	334806919288062
334806925623937	334806944031322	334806934661812
334806941847354	334806960714655	334806950264313
334806958230146	334806977397988	334806966226563
334806974939229	334806994081321	334806982685729
334806991397729	334807010764654	334806998950729
334807008315063	334807027447987	334807015829896
334807025429729	334807044131320	334807032911479
334807041817563	334807060814653	334807049266396
334807058898396	334807077497986	334807066310813
334807075338438	334807094181319	334807082739688
334807092182729	334807110864652	334807099526563
334807108989104	334807127547985	334807116370188
334807129759271	334807144231318	334807137079688
334807145323021	334807160914651	334807152681938
334807162186771	334807177597984	334807169542688
334807179213896	334807194281317	334807186530438
334807196477438	334807210964650	334807203815938
334807214453479	334807227647983	334807221619063
334807229901104	334807244331316	334807237162646
334807247248354	334807261014649	334807254593938
334807264778521	334807277697982	334807272066396
334807278325063	334807294381315	334807285690146
334807296444521	334807311064648	334807303761104
334807315389188	334807327747981	334807322815063
334807330361604	334807344431314	334807337677104
334807347952729	334807361114647	334807355343896
334807365181813	334807377797980	334807372504979
334807382289646	334807394481313	334807389605646
334807397546813	334807411164646	334807404921646
334807808043230	334807828247971	334807830118188
334807817482355	334807844931304	334807857987521
334807850429396	334807878297970	334807886957855
334807867260021	334807911664636	334807915782938
334807899641688	334807928347969	334807936838980
334807934140313	334807945031302	334807946911021
334807950374438	334807961714635	334807960189771
334807966745313	334807978397968	334807976576855

===
16683333
334806558862437	334806576997996	334806566174604
334806576888104	334806593681329	334806584184646
334806591659396	334806610364662	334806598981146
334806609066437	334806627047995	334806616237854
334806627128312	334806643731328	334806634458687
334806643151896	334806660414661	334806650523104
334806658871437	334806677097994	334806666207229
334806677118271	334806693781327	334806684456854
334806694304604	334806710464660	334806701583271
334806709532812	334806727147993	334806716885687
334806727100104	334806743831326	334806734469812
334806744424646	334806760514659	334806751782396
334806759073979	334806777197992	334806766452396
334806776531146	334806793881325	334806783804104
334806791651771	334806810564658	334806799001854
334806806928646	334806827247991	334806814283479
334806823661271	334806843931324	334806831005021
334806840352229	334806860614657	334806847739354
334806858368146	334806877297990	334806865786687
334806878351229	334806893981323	334806885637771
334806891269062	334806910664656	334806898729354
334806909627229	334806927347989	334806919288062
334806925623937	334806944031322	334806934661812
334806941847354	334806960714655	334806950264313
334806958230146	334806977397988	334806966226563
334806974939229	334806994081321	334806982685729
334806991397729	334807010764654	334806998950729
334807008315063	334807027447987	334807015829896
334807025429729	334807044131320	334807032911479
334807041817563	334807060814653	334807049266396
334807058898396	334807077497986	334807066310813
334807075338438	334807094181319	334807082739688
334807092182729	334807110864652	334807099526563
334807108989104	334807127547985	334807116370188
334807129759271	334807144231318	334807137079688
334807145323021	334807160914651	334807152681938
334807162186771	334807177597984	334807169542688
334807179213896	334807194281317	334807186530438
334807196477438	334807210964650	334807203815938
334807214453479	334807227647983	334807221619063
334807229901104	334807244331316	334807237162646
334807247248354	334807261014649	334807254593938
334807264778521	334807277697982	334807272066396
334807278325063	334807294381315	334807285690146
334807296444521	334807311064648	334807303761104
334807315389188	334807327747981	334807322815063
334807330361604	334807344431314	334807337677104
334807347952729	334807361114647	334807355343896
334807365181813	334807377797980	334807372504979
334807382289646	334807394481313	334807389605646
334807397546813	334807411164646	334807404921646
334807808043230	334807828247971	334807830118188
334807817482355	334807844931304	334807857987521
334807850429396	334807878297970	334807886957855
334807867260021	334807911664636	334807915782938
334807899641688	334807928347969	334807936838980
334807934140313	334807945031302	334807946911021
334807950374438	334807961714635	334807960189771
334807966745313	334807978397968	334807976576855
334807984381896	334807995081301	334807994380355
334808003493605	334808011764634	334808013401646
334808017405271	334808028447967	334808027305688
334808033975313	334808045131300	334808043822771
334808052202313	334808061814633	334808061998938
334808070072105	334808095181299	334808077432188
334808086168688	334808095181299	334808093504980
334808103888688	334808128547965	334808111217146
334808119314188	334808145231298	334808126692938
334808136376605	334808161914631	334808143755646
334808154186063	334808178597964	334808161598230
334808169778313	334808195281297	334808177161563
334808188511146	334808211964630	334808195793313
334808205585105	334808228647963	334808212944105
334808222794688	334808245331296	334808230174855
334808239780771	334808262014629	334808247150980
334808255496105	334808278697962	334808262852730
334808273048480	334808295381295	334808280421021
334808290242146	334808312064628	334808297571688
334808305677230	334808328747961	334808313066771
334808323982105	334808345431294	334808331299646
334808339473896	334808362114627	334808346845563
334808354534897	334808378797960	334808361864980
334808373713730	334808395481293	334808381049438
334808389444147	334808412164626	334808396871605
334808406801272	334808428847959	334808414222647
334808423966313	334808445531292	334808431368022
334808440977230	334808462214625	334808448477147
334808457297522	334808478897958	334808464646897
334808471729897	334808495581291	334808479094647
334808487400230	334808512264624	334808494918355
334808503878855	334808528947957	334808511235230
334808520529147	334808545631290	334808527886897
334808537118438	334808562314623	334808544499063
334808553905230	334808578997956	334808561381105
334808571905605	334808595681289	334808579302813
334808588198397	334808612364622	334808595554230
334808605541397	334808629047955	334808612913438
334808623113272	334808645731288	334808630696147
334808640917063	334808662414621	334808650644813
334808656464772	334808679097954	334808665517188
334808672697605	334808695781287	334808681128522
334808688746438	334808712464620	334808696800813
334808705391355	334808729147953	334808713141480
334808722678480	334808745831286	334808730213105
334808738775688	334808762514619	334808746275897
334808755808230	334808779197952	334808763256188
334808772195855	334808795881285	334808779542022
334808789417355	334808812564618	334808796801147
334808808912147	334808829247951	334808816255313
334808824707313	334808845931284	334808832146230
334808843110397	334808862614617	334808850509022
334808860579147	334808879297950	334808867910313
334808876887480	334808895981283	334808884281230
334808891058938	334808912664616	334808898380188
334808910816647	334808929347949	334808918106188
334808926898313	334808946031282	334808934195188
334808943461230	334808962714615	334808950757855
334808962593272	334808979397948	334808969900522
334808978437480	334808996081281	334808985723188
334808993411063	334809012764614	334809000692855
334809010272022	334809029447947	334809017582063
334809028084313	334809046131280	334809035375313
334809044624605	334809062814613	334809051949814
334809062465855	334809079497946	334809069734272
334809077821647	334809096181279	334809085239355
334809094156105	334809112864612	334809101514897
334809113346522	334809129547945	334809120706397

===
16683333
334806878351229	334806893981323	334806885637771
334806891269062	334806910664656	334806898729354
334806909627229	334806927347989	334806919288062
334806925623937	334806944031322	334806934661812
334806941847354	334806960714655	334806950264313
334806958230146	334806977397988	334806966226563
334806974939229	334806994081321	334806982685729
334806991397729	334807010764654	334806998950729
334807008315063	334807027447987	334807015829896
334807025429729	334807044131320	334807032911479
334807041817563	334807060814653	334807049266396
334807058898396	334807077497986	334807066310813
334807075338438	334807094181319	334807082739688
334807092182729	334807110864652	334807099526563
334807108989104	334807127547985	334807116370188
334807129759271	334807144231318	334807137079688
334807145323021	334807160914651	334807152681938
334807162186771	334807177597984	334807169542688
334807179213896	334807194281317	334807186530438
334807196477438	334807210964650	334807203815938
334807214453479	334807227647983	334807221619063
334807229901104	334807244331316	334807237162646
334807247248354	334807261014649	334807254593938
334807264778521	334807277697982	334807272066396
334807278325063	334807294381315	334807285690146
334807296444521	334807311064648	334807303761104
334807315389188	334807327747981	334807322815063
334807330361604	334807344431314	334807337677104
334807347952729	334807361114647	334807355343896
334807365181813	334807377797980	334807372504979
334807382289646	334807394481313	334807389605646
334807397546813	334807411164646	334807404921646
334807808043230	334807828247971	334807830118188
334807817482355	334807844931304	334807857987521
334807850429396	334807878297970	334807886957855
334807867260021	334807911664636	334807915782938
334807899641688	334807928347969	334807936838980
334807934140313	334807945031302	334807946911021
334807950374438	334807961714635	334807960189771
334807966745313	334807978397968	334807976576855
334807984381896	334807995081301	334807994380355
334808003493605	334808011764634	334808013401646
334808017405271	334808028447967	334808027305688
334808033975313	334808045131300	334808043822771
334808052202313	334808061814633	334808061998938
334808070072105	334808095181299	334808077432188
334808086168688	334808095181299	334808093504980
334808103888688	334808128547965	334808111217146
334808119314188	334808145231298	334808126692938
334808136376605	334808161914631	334808143755646
334808154186063	334808178597964	334808161598230
334808169778313	334808195281297	334808177161563
334808188511146	334808211964630	334808195793313
334808205585105	334808228647963	334808212944105
334808222794688	334808245331296	334808230174855
334808239780771	334808262014629	334808247150980
334808255496105	334808278697962	334808262852730
334808273048480	334808295381295	334808280421021
334808290242146	334808312064628	334808297571688
334808305677230	334808328747961	334808313066771
334808323982105	334808345431294	334808331299646
334808339473896	334808362114627	334808346845563
334808354534897	334808378797960	334808361864980
334808373713730	334808395481293	334808381049438
334808389444147	334808412164626	334808396871605
334808406801272	334808428847959	334808414222647
334808423966313	334808445531292	334808431368022
334808440977230	334808462214625	334808448477147
334808457297522	334808478897958	334808464646897
334808471729897	334808495581291	334808479094647
334808487400230	334808512264624	334808494918355
334808503878855	334808528947957	334808511235230
334808520529147	334808545631290	334808527886897
334808537118438	334808562314623	334808544499063
334808553905230	334808578997956	334808561381105
334808571905605	334808595681289	334808579302813
334808588198397	334808612364622	334808595554230
334808605541397	334808629047955	334808612913438
334808623113272	334808645731288	334808630696147
334808640917063	334808662414621	334808650644813
334808656464772	334808679097954	334808665517188
334808672697605	334808695781287	334808681128522
334808688746438	334808712464620	334808696800813
334808705391355	334808729147953	334808713141480
334808722678480	334808745831286	334808730213105
334808738775688	334808762514619	334808746275897
334808755808230	334808779197952	334808763256188
334808772195855	334808795881285	334808779542022
334808789417355	334808812564618	334808796801147
334808808912147	334808829247951	334808816255313
334808824707313	334808845931284	334808832146230
334808843110397	334808862614617	334808850509022
334808860579147	334808879297950	334808867910313
334808876887480	334808895981283	334808884281230
334808891058938	334808912664616	334808898380188
334808910816647	334808929347949	334808918106188
334808926898313	334808946031282	334808934195188
334808943461230	334808962714615	334808950757855
334808962593272	334808979397948	334808969900522
334808978437480	334808996081281	334808985723188
334808993411063	334809012764614	334809000692855
334809010272022	334809029447947	334809017582063
334809028084313	334809046131280	334809035375313
334809044624605	334809062814613	334809051949814
334809062465855	334809079497946	334809069734272
334809077821647	334809096181279	334809085239355
334809094156105	334809112864612	334809101514897
334809113346522	334809129547945	334809120706397
334809549370897	334809563314603	334809565585564
334809566197439	334809579997936	334809584574855
334809588129064	334809613364602	334809606487855
334809606174980	334809630047935	334809625077230
334809634194230	334809646731268	334809641790855
334809653042022	334809663414601	334809660627939
334809666806355	334809680097934	334809674353355
334809685078980	334809696781267	334809692659814
334809700430022	334809713464600	334809708113272
334809718282314	334809730147933	334809725820064
334809733674230	334809746831266	334809741280230
334809751493606	334809763514599	334809759084522
334809766353314	334809780197932	334809773976397
334809784428606	334809796881265	334809792070564
334809800992981	334809813564598	334809808673856
334809817088481	334809830247931	334809824573897
334809833929814	334809846931264	334809841443439
334809850806272	334809863614597	334809858307981
334809866460981	334809880297930	334809873773689

