16683333
0	0	0
0	0	0
0	0	0
0	0	0
0	0	0
0	0	0
0	0	0
0	0	0
0	0	0
0	0	0
0	0	0
0	0	0
0	0	0
0	0	0
0	0	0
0	0	0
0	0	0
0	0	0
0	0	0
0	0	0
0	0	0
0	0	0
0	0	0
0	0	0
0	0	0
0	0	0
0	0	0
0	0	0
0	0	0
0	0	0
0	0	0
0	0	0
0	0	0
0	0	0
0	0	0
0	0	0
0	0	0
0	0	0
0	0	0
0	0	0
0	0	0
0	0	0
0	0	0
0	0	0
0	0	0
0	0	0
0	0	0
0	0	0
0	0	0
0	0	0
0	0	0
0	0	0
0	0	0
0	0	0
0	0	0
0	0	0
0	0	0
0	0	0
0	0	0
0	0	0
0	0	0
0	0	0
0	0	0
0	0	0
0	0	0
0	0	0
0	0	0
0	0	0
0	0	0
0	0	0
0	0	0
0	0	0
0	0	0
0	0	0
0	0	0
0	0	0
0	0	0
0	0	0
0	0	0
0	0	0
0	0	0
0	0	0
0	0	0
0	0	0
0	0	0
0	0	0
0	0	0
0	0	0
0	0	0
0	0	0
0	0	0
0	0	0
0	0	0
0	0	0
0	0	0
0	0	0
0	0	0
0	0	0
0	0	0
0	0	0
0	0	0
0	0	0
0	0	0
0	0	0
0	0	0
0	0	0
0	0	0
0	0	0
0	0	0
0	0	0
0	0	0
0	0	0
0	0	0
0	0	0
0	0	0
0	0	0
0	0	0
0	0	0
0	0	0
0	0	0
0	0	0
0	0	0
0	0	0
0	0	0
0	0	0
0	0	0
335407649041182	335407655807116	335407665331391

===
16683333
0	0	0
0	0	0
0	0	0
0	0	0
0	0	0
0	0	0
0	0	0
0	0	0
0	0	0
0	0	0
0	0	0
0	0	0
0	0	0
0	0	0
0	0	0
0	0	0
0	0	0
0	0	0
0	0	0
0	0	0
0	0	0
0	0	0
0	0	0
0	0	0
0	0	0
0	0	0
0	0	0
0	0	0
0	0	0
0	0	0
0	0	0
0	0	0
0	0	0
0	0	0
0	0	0
0	0	0
0	0	0
0	0	0
0	0	0
0	0	0
0	0	0
0	0	0
0	0	0
0	0	0
0	0	0
0	0	0
0	0	0
0	0	0
0	0	0
0	0	0
0	0	0
0	0	0
0	0	0
0	0	0
0	0	0
0	0	0
0	0	0
0	0	0
0	0	0
0	0	0
0	0	0
0	0	0
0	0	0
0	0	0
0	0	0
0	0	0
0	0	0
0	0	0
0	0	0
0	0	0
0	0	0
0	0	0
0	0	0
0	0	0
0	0	0
0	0	0
335407649041182	335407655807116	335407665331391
335407680394849	335407689173782	335407699016599
335407699819682	335407705857115	335407717341932
335407717935016	335407722540448	335407724148641
335407730483099	335407739223781	335407736925932
335407745922849	335407755907114	335407753606057
335407764518432	335407772590447	335407772217016
335407780626641	335407789273780	335407788324391
335407795442599	335407805957113	335407803113641
335407810816016	335407822640446	335407818501932
335407828341682	335407839323779	335407836050724
335407846597474	335407856007112	335407854631432
335407861396016	335407872690445	335407869107016
335407877674266	335407889373778	335407885382224
335407898180807	335407906057111	335407905741099
335407912992849	335407922740444	335407920574974
335407930072557	335407939423777	335407937637807
335407946917932	335407972790443	335407954476349
335407963654891	335407989473776	335407971222599
335407981955516	335408006157109	335407989545474
335407997692349	335408022840442	335408005007432
335408415960308	335408439923767	335408438057599
335408436517974	335408473290433	335408462651433
335408455296766	335408489973766	335408472571058
335408486701641	335408506657099	335408496558141
335408503291516	335408523340432	335408513257808
335408517223516	335408540023765	335408527295433
335408534182808	335408556707098	335408543968099
335408551095391	335408573390431	335408560933891
335408566708141	335408590073764	335408576569474
335408583832391	335408606757097	335408593715183
335408600048724	335408623440430	335408609918599
335408617320058	335408640123763	335408627221724
335408635012308	335408656807096	335408644807766
335408653417349	335408673490429	335408663199558
335408670990599	335408690173762	335408678403974
335408685821808	335408706857095	335408693253933
335408701921433	335408723540428	335408709306974
335408719111724	335408740223761	335408726504058
335408737451683	335408756907094	335408744831016
335408752462224	335408773590427	335408759842766
335408769741808	335408790273760	335408777082933
335408787125891	335408806957093	335408794480849
335408804456474	335408823640426	335408811759599
335408822050224	335408840323759	335408829309433
335408837073808	335408857007092	335408844409683
335408854511433	335408873690425	335408861862975
335408871465016	335408890373758	335408878807141
335408888164350	335408907057091	335408895540058
335408906253891	335408923740424	335408913700725
335408920646766	335408940423757	335408928127350

===
16683333
0	0	0
0	0	0
0	0	0
0	0	0
0	0	0
0	0	0
0	0	0
0	0	0
0	0	0
0	0	0
0	0	0
0	0	0
0	0	0
0	0	0
0	0	0
0	0	0
0	0	0
0	0	0
0	0	0
0	0	0
0	0	0
0	0	0
0	0	0
335407649041182	335407655807116	335407665331391
335407680394849	335407689173782	335407699016599
335407699819682	335407705857115	335407717341932
335407717935016	335407722540448	335407724148641
335407730483099	335407739223781	335407736925932
335407745922849	335407755907114	335407753606057
335407764518432	335407772590447	335407772217016
335407780626641	335407789273780	335407788324391
335407795442599	335407805957113	335407803113641
335407810816016	335407822640446	335407818501932
335407828341682	335407839323779	335407836050724
335407846597474	335407856007112	335407854631432
335407861396016	335407872690445	335407869107016
335407877674266	335407889373778	335407885382224
335407898180807	335407906057111	335407905741099
335407912992849	335407922740444	335407920574974
335407930072557	335407939423777	335407937637807
335407946917932	335407972790443	335407954476349
335407963654891	335407989473776	335407971222599
335407981955516	335408006157109	335407989545474
335407997692349	335408022840442	335408005007432
335408415960308	335408439923767	335408438057599
335408436517974	335408473290433	335408462651433
335408455296766	335408489973766	335408472571058
335408486701641	335408506657099	335408496558141
335408503291516	335408523340432	335408513257808
335408517223516	335408540023765	335408527295433
335408534182808	335408556707098	335408543968099
335408551095391	335408573390431	335408560933891
335408566708141	335408590073764	335408576569474
335408583832391	335408606757097	335408593715183
335408600048724	335408623440430	335408609918599
335408617320058	335408640123763	335408627221724
335408635012308	335408656807096	335408644807766
335408653417349	335408673490429	335408663199558
335408670990599	335408690173762	335408678403974
335408685821808	335408706857095	335408693253933
335408701921433	335408723540428	335408709306974
335408719111724	335408740223761	335408726504058
335408737451683	335408756907094	335408744831016
335408752462224	335408773590427	335408759842766
335408769741808	335408790273760	335408777082933
335408787125891	335408806957093	335408794480849
335408804456474	335408823640426	335408811759599
335408822050224	335408840323759	335408829309433
335408837073808	335408857007092	335408844409683
335408854511433	335408873690425	335408861862975
335408871465016	335408890373758	335408878807141
335408888164350	335408907057091	335408895540058
335408906253891	335408923740424	335408913700725
335408920646766	335408940423757	335408928127350
335408939437100	335408957107090	335408946862225
335408957527016	335408973790423	335408964920141
335408970908975	335408990473756	335408978267641
335408986539100	335409007157089	335408993878766
335409004778850	335409023840422	335409012138808
335409023577683	335409040523755	335409030909391
335409040428058	335409057207088	335409047613683
335409054783850	335409073890421	335409062206600
335409070597183	335409090573754	335409077984766
335409088952933	335409107257087	335409096401600
335409103868433	335409123940420	335409111192641
335409121162558	335409140623753	335409128537975
335409137181725	335409157307086	335409144555183
335409153922600	335409173990419	335409161317808
335409172425516	335409190673752	335409179815891
335409188653141	335409207357085	335409196163225
335409208260725	335409224040418	335409215728100
335409223756225	335409240723751	335409232791433
335409239344058	335409257407084	335409247771600
335409255702391	335409274090417	335409263696141
335409272494516	335409290773750	335409280250016
335409289016558	335409307457083	335409296550433
335409305661350	335409324140416	335409313163433
335409322566558	335409340823749	335409330054516
335409338442475	335409357507082	335409345907850
335409355200600	335409374190415	335409362609016
335409372080516	335409390873748	335409379405558
335409388802225	335409407557081	335409396203808
335409405612058	335409424240414	335409413047558
335409423437516	335409440923747	335409430789516
335409442783975	335409457607080	335409450188183
335409457848183	335409474290413	335409465212558
335409477098516	335409490973746	335409484413850
335409493161350	335409507657079	335409500415850
335409510892808	335409524340412	335409518139891
335409526144266	335409541023745	335409533465975
335409543010517	335409557707078	335409550312642
335409560087558	335409574390411	335409567375933
335409578063808	335409591073744	335409585382558
335409593986308	335409607757077	335409601313392
335409611038683	335409624440410	335409618368808
335409628647100	335409641123743	335409635962308
335409646554642	335409657807076	335409653900725
335409661836308	335409674490409	335409669134558
335409678088350	335409691173742	335409685094100
335409695076767	335409707857075	335409702399600
335410040244350	335410058207068	335410062311517
335410049175100	335410091573734	335410090174225
335410080063392	335410108257067	335410119157517
335410113563225	335410124940400	335410129534600
335410129848808	335410141623733	335410139864017
335410145961225	335410158307066	335410155810308
335410162700850	335410174990399	335410172492267

===
16683333
335408787125891	335408806957093	335408794480849
335408804456474	335408823640426	335408811759599
335408822050224	335408840323759	335408829309433
335408837073808	335408857007092	335408844409683
335408854511433	335408873690425	335408861862975
335408871465016	335408890373758	335408878807141
335408888164350	335408907057091	335408895540058
335408906253891	335408923740424	335408913700725
335408920646766	335408940423757	335408928127350
335408939437100	335408957107090	335408946862225
335408957527016	335408973790423	335408964920141
335408970908975	335408990473756	335408978267641
335408986539100	335409007157089	335408993878766
335409004778850	335409023840422	335409012138808
335409023577683	335409040523755	335409030909391
335409040428058	335409057207088	335409047613683
335409054783850	335409073890421	335409062206600
335409070597183	335409090573754	335409077984766
335409088952933	335409107257087	335409096401600
335409103868433	335409123940420	335409111192641
335409121162558	335409140623753	335409128537975
335409137181725	335409157307086	335409144555183
335409153922600	335409173990419	335409161317808
335409172425516	335409190673752	335409179815891
335409188653141	335409207357085	335409196163225
335409208260725	335409224040418	335409215728100
335409223756225	335409240723751	335409232791433
335409239344058	335409257407084	335409247771600
335409255702391	335409274090417	335409263696141
335409272494516	335409290773750	335409280250016
335409289016558	335409307457083	335409296550433
335409305661350	335409324140416	335409313163433
335409322566558	335409340823749	335409330054516
335409338442475	335409357507082	335409345907850
335409355200600	335409374190415	335409362609016
335409372080516	335409390873748	335409379405558
335409388802225	335409407557081	335409396203808
335409405612058	335409424240414	335409413047558
335409423437516	335409440923747	335409430789516
335409442783975	335409457607080	335409450188183
335409457848183	335409474290413	335409465212558
335409477098516	335409490973746	335409484413850
335409493161350	335409507657079	335409500415850
335409510892808	335409524340412	335409518139891
335409526144266	335409541023745	335409533465975
335409543010517	335409557707078	335409550312642
335409560087558	335409574390411	335409567375933
335409578063808	335409591073744	335409585382558
335409593986308	335409607757077	335409601313392
335409611038683	335409624440410	335409618368808
335409628647100	335409641123743	335409635962308
335409646554642	335409657807076	335409653900725
335409661836308	335409674490409	335409669134558
335409678088350	335409691173742	335409685094100
335409695076767	335409707857075	335409702399600
335410040244350	335410058207068	335410062311517
335410049175100	335410091573734	335410090174225
335410080063392	335410108257067	335410119157517
335410113563225	335410124940400	335410129534600
335410129848808	335410141623733	335410139864017
335410145961225	335410158307066	335410155810308
335410162700850	335410174990399	335410172492267
335410179620058	335410191673732	335410189561308
335410197432808	335410208357065	335410207405183
335410213633808	335410225040398	335410223524683
335410230151059	335410241723731	335410240068142
335410246286684	335410258407064	335410256132142
335410262952225	335410275090397	335410272751142
335410280813809	335410291773730	335410288248392
335410298160767	335410308457063	335410305543059
335410314759642	335410325140396	335410322217017
335410332590100	335410341823729	335410340062475
335410350235225	335410358507062	335410357622767
335410367117267	335410391873728	335410374536225
335410384453309	335410408557061	335410391739975
335410402579142	335410425240394	335410409920100
335410418406934	335410441923727	335410425659600
335410436334642	335410458607060	335410443568725
335410451923059	335410475290393	335410459203225
335410468927225	335410491973726	335410476210517
335410485880267	335410508657059	335410493239142
335410501472559	335410525340392	335410508819725
335410519484850	335410542023725	335410526829059
335410534985684	335410558707058	335410542325434
335410552790142	335410575390391	335410560128059
335410569757184	335410592073724	335410577084434
335410585696267	335410608757057	335410593059059
335410603542392	335410625440390	335410610882100
335410618819184	335410642123723	335410626163725
335410636612017	335410658807056	335410643939350
335410653376100	335410675490389	335410660922059
335410670819434	335410692173722	335410678280934
335410684567642	335410708857055	335410692059642
335410700671017	335410725540388	335410707979767
335410718471934	335410742223721	335410725851350
335410735584142	335410758907054	335410743046142
335410751314475	335410775590387	335410758732392
335410771134017	335410792273720	335410778679142
335410786223850	335410808957053	335410795924684
335410801854434	335410825640386	335410810946892
335410817683059	335410842323719	335410826121225
335410834403600	335410859007052	335410842422142
335410851197559	335410875690385	335410858953975
335410868347475	335410892373718	335410875845850
335410884683100	335410909057051	335410892195434
335410901257767	335410925740384	335410908718434
335410917646142	335410942423717	335410925043767
335410934382017	335410959107050	335410941796309
335410951236642	335410975790383	335410958644184
335410968482434	335410992473716	335410975885226
335410984939309	335411009157049	335410992338642
335411001584892	335411025840382	335411008974309
335411018544476	335411042523715	335411025916434
335411035551267	335411059207048	335411042907434
335411054924684	335411075890381	335411062332059
335411072455934	335411092573714	335411079772726
335411088093892	335411109257047	335411095383267
335411106213101	335411125940380	335411113462976
335411123572059	335411142623713	335411130922226
335411140225392	335411159307046	335411147492684
335411156501476	335411175990379	335411163915101
335411172738142	335411192673712	335411180137517
335411190455934	335411209357045	335411197774184
335411207523684	335411226040378	335411214848517
335411224551476	335411242723711	335411231839434
335411240704934	335411259407044	335411248085809
335411259257892	335411276090377	335411266579059

===
16683333
335410145961225	335410158307066	335410155810308
335410162700850	335410174990399	335410172492267
335410179620058	335410191673732	335410189561308
335410197432808	335410208357065	335410207405183
335410213633808	335410225040398	335410223524683
335410230151059	335410241723731	335410240068142
335410246286684	335410258407064	335410256132142
335410262952225	335410275090397	335410272751142
335410280813809	335410291773730	335410288248392
335410298160767	335410308457063	335410305543059
335410314759642	335410325140396	335410322217017
335410332590100	335410341823729	335410340062475
335410350235225	335410358507062	335410357622767
335410367117267	335410391873728	335410374536225
335410384453309	335410408557061	335410391739975
335410402579142	335410425240394	335410409920100
335410418406934	335410441923727	335410425659600
335410436334642	335410458607060	335410443568725
335410451923059	335410475290393	335410459203225
335410468927225	335410491973726	335410476210517
335410485880267	335410508657059	335410493239142
335410501472559	335410525340392	335410508819725
335410519484850	335410542023725	335410526829059
335410534985684	335410558707058	335410542325434
335410552790142	335410575390391	335410560128059
335410569757184	335410592073724	335410577084434
335410585696267	335410608757057	335410593059059
335410603542392	335410625440390	335410610882100
335410618819184	335410642123723	335410626163725
335410636612017	335410658807056	335410643939350
335410653376100	335410675490389	335410660922059
335410670819434	335410692173722	335410678280934
335410684567642	335410708857055	335410692059642
335410700671017	335410725540388	335410707979767
335410718471934	335410742223721	335410725851350
335410735584142	335410758907054	335410743046142
335410751314475	335410775590387	335410758732392
335410771134017	335410792273720	335410778679142
335410786223850	335410808957053	335410795924684
335410801854434	335410825640386	335410810946892
335410817683059	335410842323719	335410826121225
335410834403600	335410859007052	335410842422142
335410851197559	335410875690385	335410858953975
335410868347475	335410892373718	335410875845850
335410884683100	335410909057051	335410892195434
335410901257767	335410925740384	335410908718434
335410917646142	335410942423717	335410925043767
335410934382017	335410959107050	335410941796309
335410951236642	335410975790383	335410958644184
335410968482434	335410992473716	335410975885226
335410984939309	335411009157049	335410992338642
335411001584892	335411025840382	335411008974309
335411018544476	335411042523715	335411025916434
335411035551267	335411059207048	335411042907434
335411054924684	335411075890381	335411062332059
335411072455934	335411092573714	335411079772726
335411088093892	335411109257047	335411095383267
335411106213101	335411125940380	335411113462976
335411123572059	335411142623713	335411130922226
335411140225392	335411159307046	335411147492684
335411156501476	335411175990379	335411163915101
335411172738142	335411192673712	335411180137517
335411190455934	335411209357045	335411197774184
335411207523684	335411226040378	335411214848517
335411224551476	335411242723711	335411231839434
335411240704934	335411259407044	335411248085809
335411259257892	335411276090377	335411266579059
335411627253684	335411643123703	335411649328643
335411637400351	335411676490369	335411678278018
335411659458893	335411709857035	335411708066559
335411691878393	335411726540368	335411720658226
335411725534351	335411743223701	335411735488976
335411741973893	335411759907034	335411751785018
335411758847518	335411776590367	335411768652684
335411775251226	335411793273700	335411785098268
335411791997768	335411809957033	335411801891934
335411809201518	335411826640366	335411819100726
335411825473559	335411843323699	335411835369601
335411842302101	335411860007032	335411852101476
335411860645018	335411876690365	335411870439976
335411878018726	335411893373698	335411885392018
335411895970434	335411910057031	335411903046101
335411911971309	335411926740364	335411919350601
335411930050018	335411943423697	335411937426143
335411946272976	335411960107030	335411953623184
335411961871351	335411976790363	335411969249143
335411979536143	335411993473696	335411986882059
335411996341476	335412010157029	335412003667684
335412013102059	335412026840362	335412020428643
335412030849851	335412043523695	335412038161518
335412046708559	335412060207028	335412054251309
335412064667101	335412076890361	335412072074309
335412081544059	335412093573694	335412088940143
335412097429934	335412110257027	335412105071393
335412115017768	335412126940360	335412122363476
335412133130934	335412143623693	335412140439851
335412148334351	335412160307026	335412155663101
335412164865893	335412176990359	335412172145893
335412182905684	335412193673692	335412190233768
335412198071226	335412210357025	335412205408559
335412215289059	335412227040358	335412222622309
335412233623726	335412243723691	335412240972268
335412249227559	335412260407024	335412256587851
335412265843393	335412277090357	335412273179768
335412284130184	335412293773690	335412291355184
335412297619768	335412310457023	335412305052768
335412315760559	335412327140356	335412323130476
335412331030435	335412343823689	335412338450018
335412346706435	335412360507022	335412354072101
335412363081226	335412377190355	335412370449935
335412379570935	335412393873688	335412386920185
335412396360226	335412410557021	335412403762601
335412414952185	335412427240354	335412422389768
335412431409476	335412443923687	335412438792560
335412447858601	335412460607020	335412455279185
335412465152476	335412477290353	335412474177976
335412481220018	335412493973686	335412489694435
335412497382810	335412510657019	335412505395893
335412514130101	335412527340352	335412521871435
335412530556643	335412544023685	335412538107101
335412547338018	335412560707018	335412554829768
335412564286518	335412577390351	335412571761560
335412581251893	335412594073684	335412588723226
335412598004351	335412610757017	335412605415101
335412614791060	335412627440350	335412622184851
335412631631101	335412644123683	335412638992851
335412648134893	335412660807016	335412655499435

===
16683333
335410901257767	335410925740384	335410908718434
335410917646142	335410942423717	335410925043767
335410934382017	335410959107050	335410941796309
335410951236642	335410975790383	335410958644184
335410968482434	335410992473716	335410975885226
335410984939309	335411009157049	335410992338642
335411001584892	335411025840382	335411008974309
335411018544476	335411042523715	335411025916434
335411035551267	335411059207048	335411042907434
335411054924684	335411075890381	335411062332059
335411072455934	335411092573714	335411079772726
335411088093892	335411109257047	335411095383267
335411106213101	335411125940380	335411113462976
335411123572059	335411142623713	335411130922226
335411140225392	335411159307046	335411147492684
335411156501476	335411175990379	335411163915101
335411172738142	335411192673712	335411180137517
335411190455934	335411209357045	335411197774184
335411207523684	335411226040378	335411214848517
335411224551476	335411242723711	335411231839434
335411240704934	335411259407044	335411248085809
335411259257892	335411276090377	335411266579059
335411627253684	335411643123703	335411649328643
335411637400351	335411676490369	335411678278018
335411659458893	335411709857035	335411708066559
335411691878393	335411726540368	335411720658226
335411725534351	335411743223701	335411735488976
335411741973893	335411759907034	335411751785018
335411758847518	335411776590367	335411768652684
335411775251226	335411793273700	335411785098268
335411791997768	335411809957033	335411801891934
335411809201518	335411826640366	335411819100726
335411825473559	335411843323699	335411835369601
335411842302101	335411860007032	335411852101476
335411860645018	335411876690365	335411870439976
335411878018726	335411893373698	335411885392018
335411895970434	335411910057031	335411903046101
335411911971309	335411926740364	335411919350601
335411930050018	335411943423697	335411937426143
335411946272976	335411960107030	335411953623184
335411961871351	335411976790363	335411969249143
335411979536143	335411993473696	335411986882059
335411996341476	335412010157029	335412003667684
335412013102059	335412026840362	335412020428643
335412030849851	335412043523695	335412038161518
335412046708559	335412060207028	335412054251309
335412064667101	335412076890361	335412072074309
335412081544059	335412093573694	335412088940143
335412097429934	335412110257027	335412105071393
335412115017768	335412126940360	335412122363476
335412133130934	335412143623693	335412140439851
335412148334351	335412160307026	335412155663101
335412164865893	335412176990359	335412172145893
335412182905684	335412193673692	335412190233768
335412198071226	335412210357025	335412205408559
335412215289059	335412227040358	335412222622309
335412233623726	335412243723691	335412240972268
335412249227559	335412260407024	335412256587851
335412265843393	335412277090357	335412273179768
335412284130184	335412293773690	335412291355184
335412297619768	335412310457023	335412305052768
335412315760559	335412327140356	335412323130476
335412331030435	335412343823689	335412338450018
335412346706435	335412360507022	335412354072101
335412363081226	335412377190355	335412370449935
335412379570935	335412393873688	335412386920185
335412396360226	335412410557021	335412403762601
335412414952185	335412427240354	335412422389768
335412431409476	335412443923687	335412438792560
335412447858601	335412460607020	335412455279185
335412465152476	335412477290353	335412474177976
335412481220018	335412493973686	335412489694435
335412497382810	335412510657019	335412505395893
335412514130101	335412527340352	335412521871435
335412530556643	335412544023685	335412538107101
335412547338018	335412560707018	335412554829768
335412564286518	335412577390351	335412571761560
335412581251893	335412594073684	335412588723226
335412598004351	335412610757017	335412605415101
335412614791060	335412627440350	335412622184851
335412631631101	335412644123683	335412638992851
335412648134893	335412660807016	335412655499435
335412667006685	335412694173682	335412674381018
335412682646268	335412694173682	335412690036393
335412703273226	335412710857015	335412710625101
335412717519643	335412727540348	335412724929810
335412732587685	335412744223681	335412739940226
335412748811851	335412760907014	335412756152518
335412766123101	335412794273680	335412773455768
335412783475935	335412810957013	335412790806893
335412801038476	335412827640346	335412808362143
335412819074268	335412844323679	335412826383435
335412836356476	335412861007012	335412843763560
335412854438976	335412877690345	335412861865935
335412869923685	335412894373678	335412877199185
335412887393476	335412911057011	335412894796768
335412904719185	335412927740344	335412912089851
335412920153810	335412944423677	335412927329935
335412937687476	335412961107010	335412945005143
335413422217310	335413444923667	335413444327602
335413435395643	335413478290333	335413473195227
335413460451352	335413511656999	335413502950935
335413490436893	335413528340332	335413521583435
335413523656018	335413545023665	335413533627227
335413539312643	335413561706998	335413549205227
335413556840810	335413578390331	335413566652518
335413573754143	335413595073664	335413583676643
335413590670018	335413611756997	335413600535935
335413607235227	335413628440330	335413617199727
335413623891102	335413645123663	335413633816435
335413642086852	335413661806996	335413651873477
335413659521727	335413678490329	335413669292560
335413676216102	335413695173662	335413683551810
335413693374310	335413711856995	335413700763727
335413709514977	335413728540328	335413716911268
335413725975352	335413745223661	335413733333602
335413742336269	335413761906994	335413749725019
335413759204102	335413778590327	335413766589935
335413778337060	335413795273660	335413785768269
335413794684810	335413811956993	335413801998852
335413810607769	335413828640326	335413817910894
335413827913144	335413845323659	335413835257435
335413845295477	335413862006992	335413852530019
335413862579185	335413878690325	335413869901102
335413877989935	335413895373658	335413885342810
335413895733019	335413912056991	335413903081144
335413913411227	335413928740324	335413920664352

===
16683333
335412164865893	335412176990359	335412172145893
335412182905684	335412193673692	335412190233768
335412198071226	335412210357025	335412205408559
335412215289059	335412227040358	335412222622309
335412233623726	335412243723691	335412240972268
335412249227559	335412260407024	335412256587851
335412265843393	335412277090357	335412273179768
335412284130184	335412293773690	335412291355184
335412297619768	335412310457023	335412305052768
335412315760559	335412327140356	335412323130476
335412331030435	335412343823689	335412338450018
335412346706435	335412360507022	335412354072101
335412363081226	335412377190355	335412370449935
335412379570935	335412393873688	335412386920185
335412396360226	335412410557021	335412403762601
335412414952185	335412427240354	335412422389768
335412431409476	335412443923687	335412438792560
335412447858601	335412460607020	335412455279185
335412465152476	335412477290353	335412474177976
335412481220018	335412493973686	335412489694435
335412497382810	335412510657019	335412505395893
335412514130101	335412527340352	335412521871435
335412530556643	335412544023685	335412538107101
335412547338018	335412560707018	335412554829768
335412564286518	335412577390351	335412571761560
335412581251893	335412594073684	335412588723226
335412598004351	335412610757017	335412605415101
335412614791060	335412627440350	335412622184851
335412631631101	335412644123683	335412638992851
335412648134893	335412660807016	335412655499435
335412667006685	335412694173682	335412674381018
335412682646268	335412694173682	335412690036393
335412703273226	335412710857015	335412710625101
335412717519643	335412727540348	335412724929810
335412732587685	335412744223681	335412739940226
335412748811851	335412760907014	335412756152518
335412766123101	335412794273680	335412773455768
335412783475935	335412810957013	335412790806893
335412801038476	335412827640346	335412808362143
335412819074268	335412844323679	335412826383435
335412836356476	335412861007012	335412843763560
335412854438976	335412877690345	335412861865935
335412869923685	335412894373678	335412877199185
335412887393476	335412911057011	335412894796768
335412904719185	335412927740344	335412912089851
335412920153810	335412944423677	335412927329935
335412937687476	335412961107010	335412945005143
335413422217310	335413444923667	335413444327602
335413435395643	335413478290333	335413473195227
335413460451352	335413511656999	335413502950935
335413490436893	335413528340332	335413521583435
335413523656018	335413545023665	335413533627227
335413539312643	335413561706998	335413549205227
335413556840810	335413578390331	335413566652518
335413573754143	335413595073664	335413583676643
335413590670018	335413611756997	335413600535935
335413607235227	335413628440330	335413617199727
335413623891102	335413645123663	335413633816435
335413642086852	335413661806996	335413651873477
335413659521727	335413678490329	335413669292560
335413676216102	335413695173662	335413683551810
335413693374310	335413711856995	335413700763727
335413709514977	335413728540328	335413716911268
335413725975352	335413745223661	335413733333602
335413742336269	335413761906994	335413749725019
335413759204102	335413778590327	335413766589935
335413778337060	335413795273660	335413785768269
335413794684810	335413811956993	335413801998852
335413810607769	335413828640326	335413817910894
335413827913144	335413845323659	335413835257435
335413845295477	335413862006992	335413852530019
335413862579185	335413878690325	335413869901102
335413877989935	335413895373658	335413885342810
335413895733019	335413912056991	335413903081144
335413913411227	335413928740324	335413920664352
335413928199519	335413945423657	335413935557935
335413947566935	335413962106990	335413954983019
335413962562269	335413978790323	335413969893894
335413977749185	335413995473656	335413985143560
335413994954435	335414012156989	335414002283185
335414012899477	335414028840322	335414020200894
335414028382144	335414045523655	335414035796394
335414046703102	335414062206988	335414054073227
335414061273894	335414078890321	335414068562060
335414078264394	335414095573654	335414085647810
335414094655019	335414112256987	335414102000560
335414110415769	335414128940320	335414117784352
335414126797477	335414145623653	335414134166644
335414143612727	335414162306986	335414151014644
335414161510810	335414178990319	335414168982060
335414179855935	335414195673652	335414187145935
335414195339977	335414212356985	335414202516519
335414212256852	335414229040318	335414221272102
335414228466644	335414245723651	335414236943810
335414244840519	335414262406984	335414252891019
335414261505352	335414279090317	335414269247977
335414279088644	335414295773650	335414286669477
335414294596477	335414312456983	335414302102144
335414311831144	335414329140316	335414319250144
335414328572477	335414345823649	335414336027935
335414345030519	335414362506982	335414352430477
335414362187727	335414379190315	335414369569644
335414378992144	335414395873648	335414386356935
335414395559602	335414412556981	335414402936935
335414412332477	335414429240314	335414419727644
335414431496977	335414445923647	335414438905352
335414449043561	335414462606980	335414458169311
335414466282352	335414479290313	335414473600144
335414483620227	335414495973646	335414490864144
335414499681311	335414512656979	335414507018394
335414517881477	335414529340312	335414525211602
335414533585561	335414546023645	335414540909311
335414550060644	335414562706978	335414557287102
335414567471394	335414579390311	335414574787686
335414585019977	335414596073644	335414592321352
335414600714602	335414612756977	335414608031477
335414617582602	335414629440310	335414624889894
335414633604561	335414646123643	335414640907727
335414651528769	335414662806976	335414658939644
335414669860311	335414679490309	335414677174144
335414684525394	335414696173642	335414691881894
335415047539769	335415063206968	335415069625644
335415055419852	335415096573634	335415098520977
335415085688727	335415113256967	335415128166936
335415119023727	335415129940300	335415143398519
335415135666311	335415146623633	335415153369103
335415152268269	335415163306966	335415163199144

===
16683333
335413778337060	335413795273660	335413785768269
335413794684810	335413811956993	335413801998852
335413810607769	335413828640326	335413817910894
335413827913144	335413845323659	335413835257435
335413845295477	335413862006992	335413852530019
335413862579185	335413878690325	335413869901102
335413877989935	335413895373658	335413885342810
335413895733019	335413912056991	335413903081144
335413913411227	335413928740324	335413920664352
335413928199519	335413945423657	335413935557935
335413947566935	335413962106990	335413954983019
335413962562269	335413978790323	335413969893894
335413977749185	335413995473656	335413985143560
335413994954435	335414012156989	335414002283185
335414012899477	335414028840322	335414020200894
335414028382144	335414045523655	335414035796394
335414046703102	335414062206988	335414054073227
335414061273894	335414078890321	335414068562060
335414078264394	335414095573654	335414085647810
335414094655019	335414112256987	335414102000560
335414110415769	335414128940320	335414117784352
335414126797477	335414145623653	335414134166644
335414143612727	335414162306986	335414151014644
335414161510810	335414178990319	335414168982060
335414179855935	335414195673652	335414187145935
335414195339977	335414212356985	335414202516519
335414212256852	335414229040318	335414221272102
335414228466644	335414245723651	335414236943810
335414244840519	335414262406984	335414252891019
335414261505352	335414279090317	335414269247977
335414279088644	335414295773650	335414286669477
335414294596477	335414312456983	335414302102144
335414311831144	335414329140316	335414319250144
335414328572477	335414345823649	335414336027935
335414345030519	335414362506982	335414352430477
335414362187727	335414379190315	335414369569644
335414378992144	335414395873648	335414386356935
335414395559602	335414412556981	335414402936935
335414412332477	335414429240314	335414419727644
335414431496977	335414445923647	335414438905352
335414449043561	335414462606980	335414458169311
335414466282352	335414479290313	335414473600144
335414483620227	335414495973646	335414490864144
335414499681311	335414512656979	335414507018394
335414517881477	335414529340312	335414525211602
335414533585561	335414546023645	335414540909311
335414550060644	335414562706978	335414557287102
335414567471394	335414579390311	335414574787686
335414585019977	335414596073644	335414592321352
335414600714602	335414612756977	335414608031477
335414617582602	335414629440310	335414624889894
335414633604561	335414646123643	335414640907727
335414651528769	335414662806976	335414658939644
335414669860311	335414679490309	335414677174144
335414684525394	335414696173642	335414691881894
335415047539769	335415063206968	335415069625644
335415055419852	335415096573634	335415098520977
335415085688727	335415113256967	335415128166936
335415119023727	335415129940300	335415143398519
335415135666311	335415146623633	335415153369103
335415152268269	335415163306966	335415163199144
335415169474936	335415179990299	335415179342519
335415189167186	335415213356965	335415199105311
335415203075478	335415230040298	335415213000853
335415219637894	335415246723631	335415229514894
335415236063186	335415263406964	335415245988936
335415252742853	335415280090297	335415262525311
335415270795353	335415296773630	335415280578186
335415288470603	335415313456963	335415295830103
335415305349228	335415330140296	335415312725144
335415321263853	335415346823629	335415328640019
335415338745853	335415363506962	335415346121603
335415355539936	335415380190295	335415362929811
335415373612436	335415396873628	335415380992853
335415391028644	335415413556961	335415398363436
335415406478436	335415430240294	335415413885853
335415423745061	335415446923627	335415431150519
335415441072103	335415463606960	335415448492853
335415456990644	335415480290293	335415464359978
335415474614894	335415496973626	335415481899228
335415493006103	335415513656959	335415500493394
335415508336228	335415530340292	335415515708853
335415526341144	335415547023625	335415533643561
335415541735394	335415563706958	335415549065311
335415559118436	335415580390291	335415566459144
335415577824853	335415597073624	335415585061394
335415593297603	335415613756957	335415600386561
335415609727519	335415630440290	335415617120936
335415626645561	335415647123623	335415633706353
335415642741728	335415663806956	335415650165853
335415661195728	335415680490289	335415668560103
335415677648978	335415697173622	335415684939103
335415690919978	335415713856955	335415698327394
335415707506228	335415730540288	335415714880186
335415724081103	335415747223621	335415731434311
335415742119603	335415763906954	335415749562519
335415757667186	335415780590287	335415765058478
335415776190728	335415797273620	335415783739103
335415792036228	335415813956953	335415799516978
335415809216894	335415830640286	335415819019644
335415824097895	335415847323619	335415833109270
335415840889478	335415864006952	335415849321686
335415857901145	335415880690285	335415865914978
335415874344811	335415897373618	335415882101520
335415890992311	335415914056951	335415898536311
335415907534311	335415930740284	335415914999978
335415924373520	335415947423617	335415931825645
335415941392228	335415964106950	335415948780895
335415958092436	335415980790283	335415965540561
335415974694103	335415997473616	335415982064686
335415991522770	335416014156949	335415998929395
335416008381311	335416030840282	335416015763436
335416026139728	335416047523615	335416033502353
335416045596395	335416064206948	335416052960311
335416060283436	335416080890281	335416067647436
335416078643353	335416097573614	335416086040561
335416094883145	335416114256947	335416102208936
335416111105395	335416130940280	335416118432853
335416129159561	335416147623613	335416136498061
335416145202395	335416164306946	335416152522603
335416163495270	335416180990279	335416170810853
335416179418853	335416197673612	335416186707478
335416196850270	335416214356945	335416204230520
335416214162728	335416231040278	335416221487228
335416230727353	335416247723611	335416238016686
335416247143853	335416264406944	335416254401353
335416263461728	335416281090277	335416270727561

===
16683333
335414078264394	335414095573654	335414085647810
335414094655019	335414112256987	335414102000560
335414110415769	335414128940320	335414117784352
335414126797477	335414145623653	335414134166644
335414143612727	335414162306986	335414151014644
335414161510810	335414178990319	335414168982060
335414179855935	335414195673652	335414187145935
335414195339977	335414212356985	335414202516519
335414212256852	335414229040318	335414221272102
335414228466644	335414245723651	335414236943810
335414244840519	335414262406984	335414252891019
335414261505352	335414279090317	335414269247977
335414279088644	335414295773650	335414286669477
335414294596477	335414312456983	335414302102144
335414311831144	335414329140316	335414319250144
335414328572477	335414345823649	335414336027935
335414345030519	335414362506982	335414352430477
335414362187727	335414379190315	335414369569644
335414378992144	335414395873648	335414386356935
335414395559602	335414412556981	335414402936935
335414412332477	335414429240314	335414419727644
335414431496977	335414445923647	335414438905352
335414449043561	335414462606980	335414458169311
335414466282352	335414479290313	335414473600144
335414483620227	335414495973646	335414490864144
335414499681311	335414512656979	335414507018394
335414517881477	335414529340312	335414525211602
335414533585561	335414546023645	335414540909311
335414550060644	335414562706978	335414557287102
335414567471394	335414579390311	335414574787686
335414585019977	335414596073644	335414592321352
335414600714602	335414612756977	335414608031477
335414617582602	335414629440310	335414624889894
335414633604561	335414646123643	335414640907727
335414651528769	335414662806976	335414658939644
335414669860311	335414679490309	335414677174144
335414684525394	335414696173642	335414691881894
335415047539769	335415063206968	335415069625644
335415055419852	335415096573634	335415098520977
335415085688727	335415113256967	335415128166936
335415119023727	335415129940300	335415143398519
335415135666311	335415146623633	335415153369103
335415152268269	335415163306966	335415163199144
335415169474936	335415179990299	335415179342519
335415189167186	335415213356965	335415199105311
335415203075478	335415230040298	335415213000853
335415219637894	335415246723631	335415229514894
335415236063186	335415263406964	335415245988936
335415252742853	335415280090297	335415262525311
335415270795353	335415296773630	335415280578186
335415288470603	335415313456963	335415295830103
335415305349228	335415330140296	335415312725144
335415321263853	335415346823629	335415328640019
335415338745853	335415363506962	335415346121603
335415355539936	335415380190295	335415362929811
335415373612436	335415396873628	335415380992853
335415391028644	335415413556961	335415398363436
335415406478436	335415430240294	335415413885853
335415423745061	335415446923627	335415431150519
335415441072103	335415463606960	335415448492853
335415456990644	335415480290293	335415464359978
335415474614894	335415496973626	335415481899228
335415493006103	335415513656959	335415500493394
335415508336228	335415530340292	335415515708853
335415526341144	335415547023625	335415533643561
335415541735394	335415563706958	335415549065311
335415559118436	335415580390291	335415566459144
335415577824853	335415597073624	335415585061394
335415593297603	335415613756957	335415600386561
335415609727519	335415630440290	335415617120936
335415626645561	335415647123623	335415633706353
335415642741728	335415663806956	335415650165853
335415661195728	335415680490289	335415668560103
335415677648978	335415697173622	335415684939103
335415690919978	335415713856955	335415698327394
335415707506228	335415730540288	335415714880186
335415724081103	335415747223621	335415731434311
335415742119603	335415763906954	335415749562519
335415757667186	335415780590287	335415765058478
335415776190728	335415797273620	335415783739103
335415792036228	335415813956953	335415799516978
335415809216894	335415830640286	335415819019644
335415824097895	335415847323619	335415833109270
335415840889478	335415864006952	335415849321686
335415857901145	335415880690285	335415865914978
335415874344811	335415897373618	335415882101520
335415890992311	335415914056951	335415898536311
335415907534311	335415930740284	335415914999978
335415924373520	335415947423617	335415931825645
335415941392228	335415964106950	335415948780895
335415958092436	335415980790283	335415965540561
335415974694103	335415997473616	335415982064686
335415991522770	335416014156949	335415998929395
335416008381311	335416030840282	335416015763436
335416026139728	335416047523615	335416033502353
335416045596395	335416064206948	335416052960311
335416060283436	335416080890281	335416067647436
335416078643353	335416097573614	335416086040561
335416094883145	335416114256947	335416102208936
335416111105395	335416130940280	335416118432853
335416129159561	335416147623613	335416136498061
335416145202395	335416164306946	335416152522603
335416163495270	335416180990279	335416170810853
335416179418853	335416197673612	335416186707478
335416196850270	335416214356945	335416204230520
335416214162728	335416231040278	335416221487228
335416230727353	335416247723611	335416238016686
335416247143853	335416264406944	335416254401353
335416263461728	335416281090277	335416270727561
335416635703270	335416648123603	335416651883437
335416653557228	335416664806936	335416671902437
335416675951978	335416698173602	335416694209770
335416690514645	335416714856935	335416712962270
335416719749062	335416748223601	335416742564812
335416737191812	335416764906934	335416762500978
335416769550353	335416781590267	335416777006228
335416788154770	335416798273600	335416795660562
335416802245145	335416814956933	335416809753353
335416818940437	335416831640266	335416826470812
335416835135437	335416848323599	335416842723562
335416850920187	335416865006932	335416858523853
335416868752812	335416881690265	335416876362395
335416886990937	335416898373598	335416894603687
335416902116978	335416915056931	335416909667895
335416919087520	335416931740264	335416926472270
335416935344562	335416948423597	335416944664437
335416952231645	335416965106930	335416959434437

