Applications Graphics Acceleration Info:
Uptime: 334734283 Realtime: 369408393

** Graphics info for pid 31894 [com.auroratv.lab] **

Stats since: 334723846779773ns
Total frames rendered: 407
Janky frames: 20 (4.91%)
Janky frames (legacy): 371 (91.15%)
50th percentile: 26ms
90th percentile: 42ms
95th percentile: 57ms
99th percentile: 97ms
Number Missed Vsync: 5
Number High input latency: 774
Number Slow UI thread: 13
Number Slow bitmap uploads: 2
Number Slow issue draw commands: 20
Number Frame deadline missed: 20
Number Frame deadline missed (legacy): 20
HISTOGRAM: 5ms=0 6ms=0 7ms=0 8ms=0 9ms=0 10ms=0 11ms=0 12ms=0 13ms=0 14ms=0 15ms=0 16ms=0 17ms=0 18ms=0 19ms=0 20ms=1 21ms=4 22ms=12 23ms=31 24ms=75 25ms=69 26ms=25 27ms=12 28ms=3 29ms=0 30ms=5 31ms=1 32ms=5 34ms=5 36ms=35 38ms=53 40ms=24 42ms=9 44ms=3 46ms=2 48ms=6 53ms=3 57ms=5 61ms=3 65ms=4 69ms=1 73ms=0 77ms=1 81ms=0 85ms=0 89ms=2 93ms=1 97ms=5 101ms=0 105ms=2 109ms=0 113ms=0 117ms=0 121ms=0 125ms=0 129ms=0 133ms=0 150ms=0 200ms=0 250ms=0 300ms=0 350ms=0 400ms=0 450ms=0 500ms=0 550ms=0 600ms=0 650ms=0 700ms=0 750ms=0 800ms=0 850ms=0 900ms=0 950ms=0 1000ms=0 1050ms=0 1100ms=0 1150ms=0 1200ms=0 1250ms=0 1300ms=0 1350ms=0 1400ms=0 1450ms=0 1500ms=0 1550ms=0 1600ms=0 1650ms=0 1700ms=0 1750ms=0 1800ms=0 1850ms=0 1900ms=0 1950ms=0 2000ms=0 2050ms=0 2100ms=0 2150ms=0 2200ms=0 2250ms=0 2300ms=0 2350ms=0 2400ms=0 2450ms=0 2500ms=0 2550ms=0 2600ms=0 2650ms=0 2700ms=0 2750ms=0 2800ms=0 2850ms=0 2900ms=0 2950ms=0 3000ms=0 3050ms=0 3100ms=0 3150ms=0 3200ms=0 3250ms=0 3300ms=0 3350ms=0 3400ms=0 3450ms=0 3500ms=0 3550ms=0 3600ms=0 3650ms=0 3700ms=0 3750ms=0 3800ms=0 3850ms=0 3900ms=0 3950ms=0 4000ms=0 4050ms=0 4100ms=0 4150ms=0 4200ms=0 4250ms=0 4300ms=0 4350ms=0 4400ms=0 4450ms=0 4500ms=0 4550ms=0 4600ms=0 4650ms=0 4700ms=0 4750ms=0 4800ms=0 4850ms=0 4900ms=0 4950ms=0
50th gpu percentile: 8ms
90th gpu percentile: 11ms
95th gpu percentile: 23ms
99th gpu percentile: 4950ms
GPU HISTOGRAM: 1ms=0 2ms=0 3ms=0 4ms=0 5ms=0 6ms=0 7ms=0 8ms=284 9ms=35 10ms=7 11ms=47 12ms=0 13ms=0 14ms=0 15ms=0 16ms=0 17ms=3 18ms=0 19ms=4 20ms=1 21ms=0 22ms=2 23ms=5 24ms=3 25ms=0 4950ms=16

Pipeline=Skia (OpenGL)
Memory policy:
  Max surface area: 2073600
  Max resource usage: 99.53MB (x48)
  Background retention: 50% (altUiHidden = true)
  GPU Context timeout: 10
Contexts: 1 (stopped = 0)
CPU Caches:
  Glyph Cache: 1.54 MB (1 entry)
  Glyph Count: 95 
Total CPU memory usage:
  1611549 bytes, 1.54 MB (0.00 bytes is purgeable)
GPU Caches:
  Image:
    Texture: 20.98 MB (69 entries)
  Other:
    Other: 173.77 KB (1 entry)
    Buffer Object: 464.00 bytes (2 entries)
    StencilAttachment: 18.00 KB (2 entries)
  Scratch:
    RenderTarget: 3.96 MB (18 entries)
    Texture: 4.04 MB (6 entries)
    Buffer Object: 78.03 KB (3 entries)
Total GPU memory usage:
  30667248 bytes, 29.25 MB (9.60 MB is purgeable)

Profile data in ms:

	com.auroratv.lab/com.auroratv.MainActivity/android.view.ViewRootImpl@2996ac4 (visibility=0)
Window: com.auroratv.lab/com.auroratv.MainActivity
Stats since: 334723846778398ns
Total frames rendered: 407
Janky frames: 20 (4.91%)
Janky frames (legacy): 371 (91.15%)
50th percentile: 26ms
90th percentile: 42ms
95th percentile: 57ms
99th percentile: 97ms
Number Missed Vsync: 5
Number High input latency: 774
Number Slow UI thread: 13
Number Slow bitmap uploads: 2
Number Slow issue draw commands: 20
Number Frame deadline missed: 20
Number Frame deadline missed (legacy): 20
HISTOGRAM: 5ms=0 6ms=0 7ms=0 8ms=0 9ms=0 10ms=0 11ms=0 12ms=0 13ms=0 14ms=0 15ms=0 16ms=0 17ms=0 18ms=0 19ms=0 20ms=1 21ms=4 22ms=12 23ms=31 24ms=75 25ms=69 26ms=25 27ms=12 28ms=3 29ms=0 30ms=5 31ms=1 32ms=5 34ms=5 36ms=35 38ms=53 40ms=24 42ms=9 44ms=3 46ms=2 48ms=6 53ms=3 57ms=5 61ms=3 65ms=4 69ms=1 73ms=0 77ms=1 81ms=0 85ms=0 89ms=2 93ms=1 97ms=5 101ms=0 105ms=2 109ms=0 113ms=0 117ms=0 121ms=0 125ms=0 129ms=0 133ms=0 150ms=0 200ms=0 250ms=0 300ms=0 350ms=0 400ms=0 450ms=0 500ms=0 550ms=0 600ms=0 650ms=0 700ms=0 750ms=0 800ms=0 850ms=0 900ms=0 950ms=0 1000ms=0 1050ms=0 1100ms=0 1150ms=0 1200ms=0 1250ms=0 1300ms=0 1350ms=0 1400ms=0 1450ms=0 1500ms=0 1550ms=0 1600ms=0 1650ms=0 1700ms=0 1750ms=0 1800ms=0 1850ms=0 1900ms=0 1950ms=0 2000ms=0 2050ms=0 2100ms=0 2150ms=0 2200ms=0 2250ms=0 2300ms=0 2350ms=0 2400ms=0 2450ms=0 2500ms=0 2550ms=0 2600ms=0 2650ms=0 2700ms=0 2750ms=0 2800ms=0 2850ms=0 2900ms=0 2950ms=0 3000ms=0 3050ms=0 3100ms=0 3150ms=0 3200ms=0 3250ms=0 3300ms=0 3350ms=0 3400ms=0 3450ms=0 3500ms=0 3550ms=0 3600ms=0 3650ms=0 3700ms=0 3750ms=0 3800ms=0 3850ms=0 3900ms=0 3950ms=0 4000ms=0 4050ms=0 4100ms=0 4150ms=0 4200ms=0 4250ms=0 4300ms=0 4350ms=0 4400ms=0 4450ms=0 4500ms=0 4550ms=0 4600ms=0 4650ms=0 4700ms=0 4750ms=0 4800ms=0 4850ms=0 4900ms=0 4950ms=0
50th gpu percentile: 8ms
90th gpu percentile: 11ms
95th gpu percentile: 23ms
99th gpu percentile: 4950ms
GPU HISTOGRAM: 1ms=0 2ms=0 3ms=0 4ms=0 5ms=0 6ms=0 7ms=0 8ms=284 9ms=35 10ms=7 11ms=47 12ms=0 13ms=0 14ms=0 15ms=0 16ms=0 17ms=3 18ms=0 19ms=4 20ms=1 21ms=0 22ms=2 23ms=5 24ms=3 25ms=0 4950ms=16



---PROFILEDATA---
Flags,FrameTimelineVsyncId,IntendedVsync,Vsync,InputEventId,HandleInputStart,AnimationStart,PerformTraversalsStart,DrawStart,FrameDeadline,FrameInterval,FrameStartTime,SyncQueued,SyncStart,IssueDrawCommandsStart,SwapBuffers,FrameCompleted,DequeueBufferDuration,QueueBufferDuration,GpuCompleted,SwapBuffersCompleted,DisplayPresentTime,CommandSubmissionCompleted,
0,115847388,334730190095667,334730190095667,0,334730190361609,334730190363109,334730190849568,334730190998943,334730242379000,334730190355943,16800000,334730191271359,334730200231818,334730201702693,334730215984359,334730224760609,8490000,314542,334730224760609,334730216648068,-1,334730215984359,
0,115847396,334730206895667,334730206895667,0,334730207167818,334730207169109,334730207689109,334730207839901,334730259179000,334730207161943,16800000,334730208085609,334730216944193,334730218322859,334730232866026,334730241292276,8816750,286709,334730241292276,334730233510776,-1,334730232866026,
0,115847404,334730223695667,334730223695667,0,334730223978734,334730223979859,334730224508318,334730224662193,334730275979000,334730223972901,16800000,334730225084984,334730233690734,334730235091859,334730249458651,334730257522068,8755792,314000,334730257522068,334730250078943,-1,334730249458651,
0,115847412,334730240495667,334730240495667,0,334730240749234,334730240750901,334730241227443,334730241392276,334730292779000,334730240743526,16800000,334730241621276,334730250255484,334730251644984,334730266209526,334730274043484,9040667,300916,334730274043484,334730266828443,-1,334730266209526,
0,115847420,334730257295667,334730257295667,0,334730257608318,334730257610151,334730258101568,334730258256484,334730309579000,334730257601984,16800000,334730258483234,334730267007693,334730268527359,334730283100026,334730290959859,8978834,294875,334730290959859,334730283777901,-1,334730283100026,
0,115847428,334730274095667,334730274095667,0,334730274354859,334730274356068,334730274849193,334730275002526,334730326379000,334730274348859,16800000,334730275231068,334730283956234,334730285465484,334730299881193,334730307663943,8855542,300209,334730307663943,334730300515526,-1,334730299881193,
0,115847436,334730290895667,334730290895667,0,334730291180318,334730291181943,334730291732859,334730291897943,334730343179000,334730291173943,16800000,334730292418276,334730300696234,334730302153234,334730316662276,334730324364193,8895791,299500,334730324364193,334730317316193,-1,334730316662276,
0,115847444,334730307695667,334730307695667,0,334730307951859,334730307953193,334730308435651,334730308605651,334730359979000,334730307945901,16800000,334730308821568,334730317549943,334730318873609,334730333483193,334730341241776,9041250,303000,334730341241776,334730334208526,-1,334730333483193,
0,115847452,334730324495667,334730324495667,0,334730324751443,334730324752651,334730325198901,334730325356151,334730376779000,334730324745318,16800000,334730325571609,334730334392359,334730335801359,334730350223568,334730357928109,8886333,299583,334730357928109,334730350867234,-1,334730350223568,
0,115847460,334730341295667,334730341295667,0,334730341555859,334730341557276,334730342046651,334730342204109,334730393579000,334730341549859,16800000,334730342406984,334730351048109,334730352445609,334730367175068,334730374852609,9110875,380084,334730374852609,334730367866443,-1,334730367175068,
0,115847468,334730358095667,334730358095667,0,334730358344943,334730358346651,334730358790859,334730358967734,334730410379000,334730358339318,16800000,334730359170443,334730368077193,334730369405443,334730383667859,334730391426734,8878875,324917,334730391426734,334730384319693,-1,334730383667859,
0,115847476,334730374895667,334730374895667,0,334730375175151,334730375176318,334730375623776,334730375774609,334730427179000,334730375169109,16800000,334730375965526,334730384564109,334730385985109,334730400545276,334730408239526,9046708,302875,334730408239526,334730401187318,-1,334730400545276,
0,115847484,334730391695667,334730391695667,0,334730391961234,334730391962818,334730392496776,334730392647901,334730443979000,334730391955526,16800000,334730392808026,334730401367651,334730402754443,334730417385276,334730425105693,9084750,357375,334730425105693,334730418077818,-1,334730417385276,
0,115847492,334730408495667,334730408495667,0,334730408765776,334730408767318,334730409213609,334730409367943,334730460779000,334730408760109,16800000,334730409531068,334730418260776,334730419608776,334730436324109,334730444085401,9450166,678250,334730444085401,334730437371609,-1,334730436324109,
0,115847500,334730425295667,334730425295667,0,334730425607318,334730425609068,334730426531651,334730426712818,334730477579000,334730425600068,16800000,334730426909068,334730437593984,334730439249318,334730453683109,334730461383734,6609542,717916,334730461383734,334730454808859,-1,334730453683109,
0,115847508,334730442095667,334730442095667,0,334730442433234,334730442434818,334730452332568,334730452504526,334730494379000,334730442426151,16800000,334730452638943,334730455037318,334730457657026,334730469796401,334730477633734,5000708,761250,334730477633734,334730471015276,-1,334730469796401,
0,115847516,334730458895667,334730458895667,0,334730459187776,334730459189318,334730459660443,334730459839484,334730511179000,334730459180734,16800000,334730459882109,334730471211401,334730472571359,334730486206609,334730493962901,6775291,731792,334730493962901,334730487383443,-1,334730486206609,
0,115847524,334730475695667,334730475695667,0,334730475989984,334730475991484,334730476440151,334730476612068,334730527979000,334730475982943,16800000,334730476656484,334730487609651,334730489032984,334730504329734,334730512064443,7296875,869500,334730512064443,334730505675109,-1,334730504329734,
0,115847532,334730492495667,334730492495667,0,334730492889984,334730492891526,334730493323401,334730493505651,334730544779000,334730492882276,16800000,334730493552109,334730505900234,334730507630359,334730520571276,334730528302818,5470083,651375,334730528302818,334730521669318,-1,334730520571276,
0,115847540,334730509295667,334730509295667,0,334730509616234,334730509618026,334730510122776,334730510347776,334730561579000,334730509608943,16800000,334730510393901,334730521864359,334730523184359,334730537034401,334730544727109,6608875,694709,334730544727109,334730538140776,-1,334730537034401,
0,115847548,334730526095667,334730526095667,0,334730526395359,334730526396859,334730526804109,334730526974609,334730578379000,334730526388901,16800000,334730527018026,334730538379068,334730539762109,334730554657943,334730562356609,7077792,836291,334730562356609,334730555902068,-1,334730554657943,
0,115847556,334730542895667,334730542895667,0,334730543250276,334730543252401,334730543714859,334730543911818,334730595179000,334730543242651,16800000,334730543959609,334730556190443,334730557818943,334730571503443,334730579200359,5780542,767500,334730579200359,334730572657151,-1,334730571503443,
0,115847564,334730559695667,334730559695667,0,334730560041609,334730560043359,334730560477151,334730560658359,334730611979000,334730560032859,16800000,334730560703818,334730572865026,334730574264568,334730587453234,334730595289151,5780167,749417,334730595289151,334730588605484,-1,334730587453234,
0,115847572,334730576495667,334730576495667,0,334730576823609,334730576825276,334730577261943,334730577445734,334730628779000,334730576816276,16800000,334730577491734,334730588811068,334730590227734,334730604996193,334730612819109,7029667,726333,334730612819109,334730606138234,-1,334730604996193,
0,115847580,334730593295667,334730593295667,0,334730593668443,334730593670193,334730594132901,334730594327901,334730645579000,334730593660568,16800000,334730594376859,334730606366651,334730607764943,334730622431859,334730630209234,6368625,721833,334730630209234,334730623571818,-1,334730622431859,
0,115847588,334730610095667,334730610095667,0,334730610416068,334730610417859,334730610847901,334730611027776,334730662379000,334730610408318,16800000,334730611073151,334730623799318,334730625421193,334730637978818,334730645692401,5363375,679791,334730645692401,334730639069734,-1,334730637978818,
0,115847596,334730626895667,334730626895667,0,334730627268068,334730627269651,334730627755359,334730627949359,334730679179000,334730627260609,16800000,334730627998359,334730639277109,334730640886818,334730655130526,334730662814193,6685042,791833,334730662814193,334730656323276,-1,334730655130526,
0,115847775,334731046895667,334731046895667,-643060432,334731047184610,334731047186151,334731096118401,334731096351443,334731065579000,334731047178485,16800000,334731108857235,334731109116818,334731111414360,334731117675901,334731140055151,22625,339375,334731140055151,334731118353985,-1,334731117675901,
0,115847782,334731063695667,334731097295667,0,334731111835026,334731111835860,334731112528943,334731112779943,334731166379000,334731111823068,16800000,334731113355443,334731118547026,334731119889360,334731128408860,334731167832235,18375,11432833,334731167832235,334731140177526,-1,334731128408860,
0,115847789,334731114095667,334731114095667,0,334731120523985,334731120525276,334731124675693,334731124950276,334731199979000,334731120515985,16800000,334731126758985,334731140352526,334731141762235,334731158175610,334731196658526,9266959,9373791,334731196658526,334731167931068,-1,334731158175610,
0,115847796,334731130895667,334731130895667,0,334731142200193,334731142201693,334731142674401,334731142817443,334731216779000,334731142194360,16800000,334731143028818,334731168126276,334731169554026,334731190734193,334731213961235,15117417,5687667,334731213961235,334731196781151,-1,334731190734193,
0,115847804,334731147695667,334731164495667,0,334731169836610,334731169837735,334731170424151,334731170565651,334731233579000,334731169825318,16800000,334731170783693,334731196957401,334731198409443,334731207777610,334731223929818,3186625,5885708,334731223929818,334731214055693,-1,334731207777610,
0,115847813,334731181295667,334731198095667,0,334731198743693,334731198744985,334731199241693,334731199384026,334731250379000,334731198731360,16800000,334731199600651,334731214233068,334731215709818,334731224450068,334731234616193,2668333,290084,334731234616193,334731225038901,-1,334731224450068,
0,115847822,334731214895667,334731214895667,0,334731215978610,334731215979526,334731216482360,334731216620151,334731267179000,334731215973235,16800000,334731217199985,334731225220776,334731226545860,334731240774985,334731250942485,8584959,294500,334731250942485,334731241382193,-1,334731240774985,
0,115847830,334731231695667,334731231695667,0,334731231955485,334731231956860,334731232402610,334731232550526,334731283979000,334731231949776,16800000,334731232877401,334731241561776,334731242858276,334731257497735,334731267674110,8999416,290375,334731267674110,334731258099526,-1,334731257497735,
0,115847838,334731248495667,334731248495667,0,334731248800610,334731248801943,334731249215068,334731249359276,334731300779000,334731248794568,16800000,334731249556485,334731258280818,334731259605776,334731274418693,334731284610151,9122000,290709,334731284610151,334731275020276,-1,334731274418693,
0,115847846,334731265295667,334731265295667,0,334731265543943,334731265545485,334731265959276,334731266102485,334731317579000,334731265538193,16800000,334731266366193,334731275197651,334731276534276,334731291045610,334731301264068,8922625,288875,334731301264068,334731291642151,-1,334731291045610,
0,115847854,334731282095667,334731282095667,0,334731282355735,334731282356901,334731282770985,334731282913110,334731334379000,334731282350151,16800000,334731283113193,334731291821985,334731293152818,334731308885110,334731319124026,9294958,342125,334731319124026,334731309614276,-1,334731308885110,
0,115847862,334731298895667,334731298895667,0,334731299173110,334731299174568,334731299635818,334731299794985,334731351179000,334731299167110,16800000,334731300049235,334731309804985,334731311284526,334731328699526,334731338832901,10653625,319125,334731338832901,334731329336818,-1,334731328699526,
0,115847870,334731315695667,334731315695667,0,334731315997943,334731315999318,334731316477818,334731316639485,334731367979000,334731315991818,16800000,334731316863735,334731329607901,334731331153110,334731342416568,334731352572276,4984375,635125,334731352572276,334731343371526,-1,334731342416568,
0,115847878,334731332495667,334731332495667,0,334731332791651,334731332793110,334731333301276,334731333470610,334731384779000,334731332786110,16800000,334731333711068,334731343544026,334731344899193,334731358826943,334731366541235,7964000,579291,334731366541235,334731359737693,-1,334731358826943,
0,115847886,334731349295667,334731349295667,0,334731349592443,334731349593776,334731349978568,334731350123360,334731401579000,334731349586193,16800000,334731350340943,334731359924693,334731361359776,334731375286735,334731382990401,8174542,565667,334731382990401,334731376167401,-1,334731375286735,
0,115847894,334731366095667,334731366095667,0,334731366425151,334731366426485,334731366939276,334731367104651,334731418379000,334731366418151,16800000,334731367337693,334731376344860,334731377617901,334731391690943,334731399399401,8603041,582834,334731399399401,334731392591401,-1,334731391690943,
0,115847902,334731382895667,334731382895667,0,334731383185526,334731383186901,334731383590818,334731383744610,334731435179000,334731383179443,16800000,334731384047151,334731392771818,334731394059318,334731408673776,334731416379693,8966750,552667,334731416379693,334731409556318,-1,334731408673776,
0,115847910,334731399695667,334731399695667,0,334731400086526,334731400088276,334731400496651,334731400665985,334731451979000,334731400079693,16800000,334731400923443,334731409741276,334731411065360,334731425605943,334731433318443,8744250,555833,334731433318443,334731426505151,-1,334731425605943,
0,115847918,334731416495667,334731416495667,0,334731416758818,334731416759985,334731417160610,334731417407110,334731468779000,334731416752943,16800000,334731417626318,334731426697110,334731428089860,334731442413526,334731450138360,8605792,555667,334731450138360,334731443303235,-1,334731442413526,
0,115847926,334731433295667,334731433295667,0,334731433615318,334731433616610,334731434046443,334731434204276,334731485579000,334731433607943,16800000,334731434429026,334731443498110,334731444911235,334731460421152,334731468147777,8779209,598792,334731468147777,334731461380860,-1,334731460421152,
0,115847934,334731450095667,334731450095667,0,334731450382402,334731450383943,334731450844777,334731451030360,334731502379000,334731450376193,16800000,334731451257568,334731461588068,334731463110735,334731477489943,334731485318735,7200500,466750,334731485318735,334731478340318,-1,334731477489943,
0,115847942,334731466895667,334731466895667,0,334731467174110,334731467175568,334731467601568,334731467830360,334731519179000,334731467167985,16800000,334731468095235,334731478561568,334731480180027,334731496171693,334731503928568,7360917,344000,334731503928568,334731497000193,-1,334731496171693,
0,115847950,334731483695667,334731483695667,0,334731484046818,334731484048485,334731484711193,334731484914610,334731535979000,334731484037902,16800000,334731485198193,334731497222360,334731498803485,334731510901277,334731518651943,5441209,600792,334731518651943,334731511861402,-1,334731510901277,
0,115847958,334731500495667,334731500495667,0,334731500808568,334731500810402,334731501360985,334731501541985,334731552779000,334731500801902,16800000,334731501801818,334731512100610,334731513564818,334731528502068,334731536300693,7463791,448917,334731536300693,334731529348735,-1,334731528502068,
0,115847966,334731517295667,334731517295667,0,334731517680318,334731517682152,334731518158152,334731518355902,334731569579000,334731517672902,16800000,334731518771027,334731529568318,334731531124443,334731546263902,334731554031402,6802583,347209,334731554031402,334731547121610,-1,334731546263902,
0,115847974,334731534095667,334731534095667,0,334731534418568,334731534420318,334731534895485,334731535201277,334731586379000,334731534410818,16800000,334731535477943,334731547345193,334731548971402,334731562270610,334731570031235,5600750,357459,334731570031235,334731563013610,-1,334731562270610,
0,115847982,334731550895667,334731550895667,0,334731551215360,334731551216777,334731551702610,334731551883777,334731603179000,334731551208652,16800000,334731552188485,334731563233360,334731564873443,334731579626527,334731587387693,6655083,461000,334731587387693,334731580494360,-1,334731579626527,
0,115847990,334731567695667,334731567695667,0,334731568090777,334731568092402,334731568553943,334731568771110,334731619979000,334731568043527,16800000,334731569030652,334731580718068,334731582253818,334731595564818,334731604114902,5926917,445250,334731604114902,334731596388527,-1,334731595564818,
0,115847998,334731584495667,334731584495667,0,334731584809068,334731584810735,334731585267527,334731585453402,334731636779000,334731584801902,16800000,334731585689818,334731596608985,334731598276860,334731613603943,334731621340152,6946125,379625,334731621340152,334731614414777,-1,334731613603943,
0,115848006,334731601295667,334731601295667,0,334731601743193,334731601744902,334731602165027,334731602362485,334731653579000,334731601734985,16800000,334731602684318,334731614655110,334731616540610,334731631615943,334731639375985,5673375,419750,334731639375985,334731632456985,-1,334731631615943,
0,115848014,334731618095667,334731618095667,0,334731618498610,334731618500527,334731618922027,334731619124068,334731670379000,334731618490735,16800000,334731619440443,334731632698152,334731634634568,334731646934235,334731654667235,4007291,308167,334731654667235,334731647594068,-1,334731646934235,
0,115848022,334731634895667,334731634895667,0,334731635261860,334731635263652,334731635648152,334731635836443,334731687179000,334731635253110,16800000,334731636182693,334731647789235,334731649285027,334731664493610,334731672254027,6481500,381708,334731672254027,334731665297235,-1,334731664493610,
0,115848030,334731651695667,334731651695667,0,334731652048943,334731652050360,334731652390568,334731652551568,334731703979000,334731652041693,16800000,334731652758110,334731665538568,334731667605027,334731680352277,334731688161818,4598250,502875,334731688161818,334731681239360,-1,334731680352277,
0,115848038,334731668495667,334731668495667,0,334731668989027,334731668990652,334731669355527,334731669532152,334731720779000,334731668980318,16800000,334731669850027,334731681461860,334731683000485,334731697777277,334731705614735,6137417,402959,334731705614735,334731698596527,-1,334731697777277,
0,115848046,334731685295667,334731685295667,0,334731685641902,334731685643652,334731686032277,334731686217485,334731737579000,334731685634360,16800000,334731686457568,334731698856610,334731700705527,334731713296818,334731721068402,5113834,481458,334731721068402,334731714216735,-1,334731713296818,
0,115848054,334731702095667,334731702095667,0,334731702430152,334731702431693,334731702809235,334731702989943,334731754379000,334731702423068,16800000,334731703224735,334731714449027,334731716091193,334731731783693,334731739603568,6666333,393875,334731739603568,334731732643360,-1,334731731783693,
0,115848062,334731718895667,334731718895667,0,334731719235318,334731719237110,334731719623485,334731719808735,334731771179000,334731719227652,16800000,334731720082068,334731732887027,334731734734485,334731747346568,334731755152402,4607125,449667,334731755152402,334731748209277,-1,334731747346568,
0,115848070,334731735695667,334731735695667,0,334731736047485,334731736049568,334731736412652,334731736629610,334731787979000,334731736039568,16800000,334731736856027,334731748454485,334731750301568,334731766969652,334731774746152,6209250,384458,334731774746152,334731767910568,-1,334731766969652,
0,115848078,334731752495667,334731752495667,0,334731752821360,334731752823402,334731753207568,334731753396318,334731804779000,334731752813568,16800000,334731753640902,334731768182027,334731769907568,334731781368318,334731789168652,3430791,336417,334731789168652,334731782085777,-1,334731781368318,
0,115848086,334731769295667,334731769295667,0,334731770131735,334731770132902,334731770518527,334731770707235,334731821579000,334731770123943,16800000,334731770951777,334731782299235,334731783794902,334731796283277,334731804074693,6054667,652167,334731804074693,334731797343527,-1,334731796283277,
0,115848094,334731786095667,334731786095667,0,334731786534110,334731786535777,334731787179027,334731787341235,334731838379000,334731786526693,16800000,334731787612860,334731797581818,334731799115818,334731813706943,334731821424277,7795209,635000,334731821424277,334731814722193,-1,334731813706943,
0,115848102,334731802895667,334731802895667,0,334731803236443,334731803238027,334731803645193,334731803825027,334731855179000,334731803229860,16800000,334731804156652,334731814924443,334731816345110,334731829236777,334731837010860,6751250,559291,334731837010860,334731830144485,-1,334731829236777,
0,115848110,334731819695667,334731819695667,0,334731819992318,334731819993568,334731820346693,334731820510027,334731871979000,334731819985902,16800000,334731820707235,334731830333735,334731831660318,334731845210610,334731852894568,8224000,286416,334731852894568,334731845803193,-1,334731845210610,
0,115848118,334731836495667,334731836495667,-194606415,334731836762068,334731836764068,334731837102485,334731837292985,334731888779000,334731836755152,16800000,334731837551402,334731845979943,334731847378027,334731864110235,334731871904027,9692583,667709,334731871904027,334731865141818,-1,334731864110235,
0,115848126,334731853295667,334731853295667,-871842723,334731853632985,334731853634360,334731855726693,334731855909568,334731905579000,334731853626360,16800000,334731856624985,334731865333860,334731866938902,334731879696152,334731887460735,6646333,603417,334731887460735,334731880663902,-1,334731879696152,
0,115848134,334731870095667,334731870095667,0,334731870422735,334731870424027,334731883438318,334731883589193,334731922379000,334731870416235,16800000,334731887900443,334731888098610,334731889852527,334731897195693,334731905091902,528625,514375,334731905091902,334731898022735,-1,334731897195693,
0,115848142,334731886895667,334731886895667,0,334731890295318,334731890296485,334731891419818,334731891586193,334731939179000,334731890288902,16800000,334731891833443,334731898201110,334731899519152,334731913657402,334731923697152,7626000,515292,334731923697152,334731914484985,-1,334731913657402,
0,115848150,334731903695667,334731903695667,0,334731903964485,334731903965735,334731908254943,334731908430360,334731955979000,334731903958860,16800000,334731909996985,334731914659443,334731916233235,334731929938693,334731939322193,7683750,289625,334731939322193,334731930547068,-1,334731929938693,
0,115848158,334731920495667,334731920495667,0,334731920749777,334731920751318,334731922397902,334731922746277,334731972779000,334731920744027,16800000,334731923026610,334731930722985,334731932069568,334731946038985,334731954774610,8599958,288958,334731954774610,334731946630318,-1,334731946038985,
0,115848166,334731937295667,334731937295667,0,334731937542485,334731937543693,334731938022943,334731938166402,334731989579000,334731937536568,16800000,334731938370110,334731946805985,334731948189110,334731962750902,334731971078152,9253291,293500,334731971078152,334731963356860,-1,334731962750902,
0,115848174,334731954095667,334731954095667,0,334731954362485,334731954363860,334731954861943,334731955010860,334732006379000,334731954356485,16800000,334731955390443,334731963538943,334731964900110,334731979527943,334731987607027,9339625,323416,334731987607027,334731980169652,-1,334731979527943,
0,115848182,334731970895667,334731970895667,0,334731971163235,334731971164610,334731971621277,334731971789360,334732023179000,334731971157193,16800000,334731972042485,334731980351693,334731981666027,334731996408985,334732004250902,9396667,289208,334732004250902,334731997006360,-1,334731996408985,
0,115848190,334731987695667,334731987695667,0,334731987980402,334731987981652,334731988522610,334731988673318,334732039979000,334731987973860,16800000,334731988888402,334731997182152,334731998490568,334732012777110,334732020594902,9290083,285625,334732020594902,334732013374277,-1,334732012777110,
0,115848198,334732004495667,334732004495667,0,334732004751860,334732004753235,334732005261693,334732005405360,334732056779000,334732004745777,16800000,334732005655735,334732013551193,334732014855027,334732029921693,334732037758777,9834166,286875,334732037758777,334732030582568,-1,334732029921693,
0,115848206,334732021295667,334732021295667,0,334732021568402,334732021569652,334732022068902,334732022213860,334732073579000,334732021562485,16800000,334732022645152,334732030761527,334732032460860,334732046615902,334732054398902,8993834,284708,334732054398902,334732047278777,-1,334732046615902,
0,115848214,334732038095667,334732038095667,0,334732038352152,334732038353402,334732038783693,334732038933110,334732090379000,334732038346277,16800000,334732039132818,334732047455235,334732048866527,334732063462485,334732071255818,9359250,321875,334732071255818,334732064152443,-1,334732063462485,
0,115848222,334732054895667,334732054895667,0,334732055156985,334732055158360,334732055628068,334732055787652,334732107179000,334732055150735,16800000,334732056046068,334732064333277,334732065744360,334732080137610,334732087855985,9265292,287667,334732087855985,334732080736860,-1,334732080137610,
0,115848230,334732071695667,334732071695667,0,334732071965152,334732071966277,334732072421860,334732072565443,334732123979000,334732071959902,16800000,334732072754943,334732080911652,334732082206277,334732096778652,334732104457693,9647625,287667,334732104457693,334732097377402,-1,334732096778652,
0,115848238,334732088495667,334732088495667,0,334732088749777,334732088751235,334732089154318,334732089336402,334732140779000,334732088744318,16800000,334732089516193,334732097554985,334732098843068,334732113793943,334732121563568,9808709,289125,334732121563568,334732114466860,-1,334732113793943,
0,115848246,334732105295667,334732105295667,0,334732105549277,334732105550527,334732105985110,334732106175360,334732157579000,334732105543068,16800000,334732106371110,334732114653027,334732116028777,334732130286610,334732137999193,9340125,288000,334732137999193,334732130899402,-1,334732130286610,
0,115848254,334732122095667,334732122095667,0,334732122358568,334732122360110,334732122790943,334732122936402,334732174379000,334732122353027,16800000,334732123085902,334732131077235,334732132406652,334732147300193,334732155053944,9744917,289500,334732155053944,334732147976027,-1,334732147300193,
0,115848262,334732138895667,334732138895667,0,334732139146527,334732139148318,334732139569943,334732139713402,334732191179000,334732139140652,16800000,334732139889027,334732148182402,334732149556527,334732166433027,334732174127110,9743375,369708,334732174127110,334732167173902,-1,334732166433027,
0,115848270,334732155695667,334732155695667,0,334732155991735,334732155993402,334732156951777,334732157124277,334732207979000,334732155984735,16800000,334732157340360,334732167366319,334732168921152,334732184440235,334732192331902,7356708,783416,334732192331902,334732185706194,-1,334732184440235,
0,115848278,334732172495667,334732172495667,0,334732172869902,334732172871444,334732181317235,334732181498860,334732224779000,334732172861777,16800000,334732181637694,334732185932569,334732187699777,334732199330194,334732207103235,5188000,723583,334732207103235,334732200449069,-1,334732199330194,
0,115848286,334732189295667,334732189295667,0,334732189595652,334732189597110,334732189983277,334732190190777,334732241579000,334732189588610,16800000,334732190233610,334732200658069,334732201962444,334732218006610,334732225707902,8053167,674625,334732225707902,334732219069860,-1,334732218006610,
0,115848294,334732206095667,334732206095667,0,334732206425652,334732206427319,334732206913277,334732207144277,334732258379000,334732206418027,16800000,334732207193235,334732219277069,334732220626652,334732233135777,334732240829652,5916834,632250,334732240829652,334732234147652,-1,334732233135777,
0,115848302,334732222895667,334732222895667,0,334732223199569,334732223200985,334732223611319,334732223783735,334732275179000,334732223192652,16800000,334732223827694,334732234354944,334732235633069,334732251587110,334732259298235,7872333,695750,334732259298235,334732252832277,-1,334732251587110,
0,115848310,334732239695667,334732239695667,0,334732240081860,334732240083777,334732240568152,334732240824027,334732291979000,334732240073694,16800000,334732240873444,334732253155860,334732254542694,334732267309944,334732275033069,5743125,735250,334732275033069,334732268463485,-1,334732267309944,
0,115848318,334732256495667,334732256495667,0,334732256802319,334732256803652,334732257246902,334732257439527,334732308779000,334732256795360,16800000,334732257484569,334732268686777,334732270089985,334732286764110,334732294483569,7307875,663166,334732294483569,334732287938485,-1,334732286764110,
0,115848326,334732273295667,334732273295667,0,334732273657402,334732273659194,334732274239319,334732274453235,334732325579000,334732273649569,16800000,334732274504610,334732288284485,334732289809027,334732302147235,334732309864402,4109250,720709,334732309864402,334732303274944,-1,334732302147235,
0,115848334,334732290095667,334732290095667,0,334732290446902,334732290448319,334732290854735,334732291037277,334732342379000,334732290439069,16800000,334732291083652,334732303499527,334732304960902,334732319921444,334732327711819,5976708,492416,334732327711819,334732320865777,-1,334732319921444,
0,115848342,334732306895667,334732306895667,0,334732307235069,334732307236777,334732307801235,334732308115527,334732359179000,334732307227777,16800000,334732308168944,334732321092902,334732322651652,334732335663485,334732343379860,4803584,522417,334732343379860,334732336600735,-1,334732335663485,
0,115848350,334732323695667,334732323695667,0,334732324112319,334732324114069,334732324525069,334732324709069,334732375979000,334732324103277,16800000,334732324755485,334732336830360,334732338356360,334732353688402,334732361437652,6130209,493333,334732361437652,334732354634652,-1,334732353688402,
0,115848358,334732340495667,334732340495667,0,334732340850902,334732340852652,334732341265652,334732341448152,334732392779000,334732340842944,16800000,334732341494610,334732354864694,334732356420944,334732369260902,334732377081069,4816584,504167,334732377081069,334732370211610,-1,334732369260902,
0,115848366,334732357295667,334732357295667,0,334732357634735,334732357636444,334732358107485,334732358291902,334732409579000,334732357606569,16800000,334732358338652,334732370441777,334732371956652,334732387526360,334732395234402,6320625,431208,334732395234402,334732388375319,-1,334732387526360,
0,115848601,334732911695667,334732911695667,0,334732912040319,334732912042486,334732925168777,334732925444111,334732930379000,334732911996069,16800000,334732930898069,334732931104402,334732932636861,334732939194027,334732955850402,27958,421209,334732955850402,334732940103777,-1,334732939194027,
0,115848608,334732928495667,334732928495667,0,334732933058694,334732933060777,334732934587444,334732934833152,334732980779000,334732933047902,16800000,334732935278569,334732940539611,334732942251902,334732958974611,334732977722861,29333,416750,334732977722861,334732959831319,-1,334732958974611,
0,115848615,334732945295667,334732945295667,0,334732945755777,334732945758569,334732947691444,334732947954111,334732997579000,334732945745236,16800000,334732948000236,334732960119652,334732961841069,334732979741986,334732998506444,4415375,397625,334732998506444,334732980625777,-1,334732979741986,
0,115848623,334732962095667,334732962095667,0,334732963406486,334732963408194,334732965119527,334732965376777,334733031179000,334732963397152,16800000,334732965942652,334732980854027,334732983931944,334732996108569,334733017167236,25666,2133959,334733017167236,334732998627194,-1,334732996108569,
0,115848631,334732978895667,334732978895667,0,334732984291402,334732984292986,334732985848277,334732986056486,334733047979000,334732984282611,16800000,334732986652944,334732998839027,334733004140736,334733026105194,334733049348611,12378208,404041,334733049348611,334733026932611,-1,334733026105194,
0,115848639,334732995695667,334732995695667,0,334733004519277,334733004520444,334733005752527,334733006059069,334733081579000,334733004511277,16800000,334733006452277,334733027162652,334733028646277,334733046224527,334733072447236,4836417,2724000,334733072447236,334733049477486,-1,334733046224527,
0,115848647,334733012495667,334733012495667,0,334733029014319,334733029015569,334733030366736,334733030567361,334733098379000,334733029006902,16800000,334733030956069,334733049705902,334733051361944,334733075882069,334733083932527,15667458,406334,334733083932527,334733076740277,-1,334733075882069,
0,115848655,334733029295667,334733046095667,0,334733051782361,334733051783902,334733053182319,334733053404527,334733115179000,334733051766777,16800000,334733053835944,334733076975736,334733078437111,334733094994236,334733102990986,5181167,405250,334733102990986,334733095810652,-1,334733094994236,
0,115848664,334733062895667,334733062895667,0,334733079040277,334733079041902,334733080544944,334733080755277,334733131979000,334733079031027,16800000,334733081160069,334733096094777,334733097552652,334733108687736,334733116720486,3014291,412750,334733116720486,334733109541319,-1,334733108687736,
0,115848672,334733079695667,334733096495667,0,334733098023694,334733098025069,334733099378236,334733099595444,334733148779000,334733098006777,16800000,334733100112111,334733109794652,334733111407486,334733124669486,334733132674236,5911041,384667,334733132674236,334733125463027,-1,334733124669486,
0,115848681,334733113295667,334733113295667,0,334733113664652,334733113666402,334733114971027,334733115201277,334733165579000,334733113655444,16800000,334733115774111,334733125699027,334733127155861,334733143145319,334733151244069,7047084,379792,334733151244069,334733143926069,-1,334733143145319,
0,115848689,334733130095667,334733130095667,0,334733130516402,334733130518486,334733131954444,334733132212861,334733182379000,334733130507152,16800000,334733132676736,334733144292152,334733145868111,334733159581611,334733167591736,5163375,457333,334733167591736,334733160455152,-1,334733159581611,
0,115848697,334733146895667,334733146895667,0,334733147226569,334733147228277,334733148731069,334733148961486,334733199179000,334733147219611,16800000,334733149420069,334733160692611,334733162152194,334733175669194,334733183679111,5453208,479750,334733183679111,334733176558361,-1,334733175669194,
0,115848705,334733163695667,334733163695667,0,334733164064111,334733164065902,334733165371444,334733165572736,334733215979000,334733164055694,16800000,334733165979277,334733176839944,334733178404027,334733193125694,334733201299319,6327500,436750,334733201299319,334733194109236,-1,334733193125694,
0,115848713,334733180495667,334733180495667,0,334733180870152,334733180871986,334733182199861,334733182444902,334733232779000,334733180862361,16800000,334733182867777,334733194348486,334733195983236,334733209145652,334733217188611,5345042,355417,334733217188611,334733209978736,-1,334733209145652,
0,115848721,334733197295667,334733197295667,0,334733197622861,334733197624652,334733199128361,334733199330319,334733249579000,334733197614736,16800000,334733199894736,334733210193736,334733212132194,334733224943861,334733232815986,6287708,595042,334733232815986,334733225887694,-1,334733224943861,
0,115848729,334733214095667,334733214095667,0,334733214664444,334733214666152,334733215007986,334733215202819,334733266379000,334733214656986,16800000,334733215500777,334733226078777,334733227296361,334733240287111,334733248297486,7689791,286333,334733248297486,334733240985527,-1,334733240287111,
0,115848737,334733230895667,334733230895667,0,334733231244569,334733231246486,334733231506277,334733231694194,334733283179000,334733231238444,16800000,334733231932777,334733241167486,334733242288611,334733257414861,334733265237069,9004584,642875,334733265237069,334733258448569,-1,334733257414861,
---PROFILEDATA---


View hierarchy:

  com.auroratv.lab/com.auroratv.MainActivity/android.view.ViewRootImpl@2996ac4
  357 views, 635.08 kB of render nodes


Total ViewRootImpl   : 1
Total attached Views : 357
Total RenderNode     : 635.08 kB (used) / 2550.89 kB (capacity)

