16683333
0	0	0
0	0	0
0	0	0
0	0	0
0	0	0
0	0	0
0	0	0
0	0	0
0	0	0
0	0	0
0	0	0
0	0	0
0	0	0
0	0	0
0	0	0
0	0	0
0	0	0
0	0	0
0	0	0
0	0	0
0	0	0
0	0	0
0	0	0
0	0	0
0	0	0
0	0	0
0	0	0
0	0	0
0	0	0
0	0	0
0	0	0
0	0	0
0	0	0
0	0	0
0	0	0
0	0	0
0	0	0
0	0	0
0	0	0
0	0	0
0	0	0
0	0	0
0	0	0
0	0	0
0	0	0
0	0	0
0	0	0
0	0	0
0	0	0
0	0	0
0	0	0
0	0	0
0	0	0
0	0	0
0	0	0
0	0	0
0	0	0
0	0	0
0	0	0
0	0	0
0	0	0
0	0	0
0	0	0
0	0	0
0	0	0
0	0	0
0	0	0
0	0	0
0	0	0
0	0	0
0	0	0
0	0	0
0	0	0
0	0	0
0	0	0
0	0	0
0	0	0
0	0	0
0	0	0
0	0	0
0	0	0
0	0	0
0	0	0
0	0	0
0	0	0
0	0	0
0	0	0
0	0	0
0	0	0
0	0	0
0	0	0
0	0	0
0	0	0
0	0	0
0	0	0
0	0	0
0	0	0
0	0	0
0	0	0
0	0	0
0	0	0
0	0	0
0	0	0
0	0	0
0	0	0
0	0	0
0	0	0
0	0	0
0	0	0
0	0	0
0	0	0
0	0	0
0	0	0
0	0	0
0	0	0
0	0	0
0	0	0
0	0	0
0	0	0
0	0	0
0	0	0
0	0	0
0	0	0
0	0	0
0	0	0
0	0	0
0	0	0

===
16683333
0	0	0
0	0	0
0	0	0
0	0	0
0	0	0
0	0	0
0	0	0
0	0	0
0	0	0
0	0	0
0	0	0
0	0	0
0	0	0
0	0	0
0	0	0
0	0	0
0	0	0
0	0	0
0	0	0
0	0	0
0	0	0
0	0	0
0	0	0
0	0	0
0	0	0
0	0	0
0	0	0
0	0	0
0	0	0
0	0	0
0	0	0
0	0	0
0	0	0
0	0	0
0	0	0
0	0	0
0	0	0
0	0	0
0	0	0
0	0	0
0	0	0
0	0	0
0	0	0
0	0	0
0	0	0
0	0	0
0	0	0
0	0	0
0	0	0
0	0	0
0	0	0
0	0	0
0	0	0
0	0	0
0	0	0
0	0	0
0	0	0
0	0	0
0	0	0
0	0	0
0	0	0
0	0	0
0	0	0
0	0	0
0	0	0
0	0	0
0	0	0
0	0	0
0	0	0
0	0	0
0	0	0
0	0	0
0	0	0
0	0	0
0	0	0
0	0	0
0	0	0
0	0	0
0	0	0
0	0	0
0	0	0
0	0	0
0	0	0
334925504222161	334925512600116	334925520599202
334925533183827	334925545966782	334925551849411
334925551708077	334925562650115	334925571193452
334925580568286	334925596016781	334925599171286
334925590576786	334925612700114	334925606272619
334925622138869	334925629383447	334925629832827
334925637761494	334925646066780	334925645447994
334925652437619	334925662750113	334925660115036
334925667590619	334925679433446	334925675289661
334925684559411	334925696116779	334925692283452
334925701639286	334925712800112	334925709328119
334925719176536	334925729483445	334925729044661
334925736440952	334925746166778	334925744215786
334925752590869	334925762850111	334925760285369
334925769648911	334925779533444	334925777229411
334925787089828	334925796216777	334925794673411
334925803514286	334925812900110	334925811080703
334925819681453	334925829583443	334925827266286
334925837639661	334925862950109	334925845143786
334925853894369	334925879633442	334925861467494
334925871619119	334925896316775	334925878999244
334926305858328	334926330083433	334926328105119
334926328343161	334926363450099	334926357269619
334926346328244	334926396816765	334926386671703
334926377338369	334926430183431	334926416387369
334926410509244	334926446866764	334926428964161
334926441869286	334926463550097	334926451640869
334926458578953	334926480233430	334926468418161
334926474980994	334926496916763	334926484880995
334926491166120	334926513600096	334926501077953
334926510056870	334926530283429	334926519950495
334926527016620	334926546966762	334926536804203
334926544717703	334926563650095	334926554428786
334926563976536	334926580333428	334926571335453
334926577600703	334926597016761	334926585015161
334926593407411	334926613700094	334926600802578
334926610753703	334926630383427	334926618199036
334926627872370	334926647066760	334926635244745
334926643740745	334926663750093	334926651085953
334926660905620	334926680433426	334926668401370
334926678147078	334926697116759	334926685633578
334926695890578	334926713800092	334926703209995
334926711512578	334926730483425	334926718898328
334926729073620	334926747166758	334926736458411

===
16683333
0	0	0
0	0	0
0	0	0
0	0	0
0	0	0
0	0	0
0	0	0
0	0	0
0	0	0
0	0	0
0	0	0
0	0	0
0	0	0
0	0	0
0	0	0
0	0	0
0	0	0
0	0	0
0	0	0
0	0	0
0	0	0
0	0	0
0	0	0
0	0	0
0	0	0
0	0	0
0	0	0
0	0	0
0	0	0
0	0	0
0	0	0
0	0	0
0	0	0
334925504222161	334925512600116	334925520599202
334925533183827	334925545966782	334925551849411
334925551708077	334925562650115	334925571193452
334925580568286	334925596016781	334925599171286
334925590576786	334925612700114	334925606272619
334925622138869	334925629383447	334925629832827
334925637761494	334925646066780	334925645447994
334925652437619	334925662750113	334925660115036
334925667590619	334925679433446	334925675289661
334925684559411	334925696116779	334925692283452
334925701639286	334925712800112	334925709328119
334925719176536	334925729483445	334925729044661
334925736440952	334925746166778	334925744215786
334925752590869	334925762850111	334925760285369
334925769648911	334925779533444	334925777229411
334925787089828	334925796216777	334925794673411
334925803514286	334925812900110	334925811080703
334925819681453	334925829583443	334925827266286
334925837639661	334925862950109	334925845143786
334925853894369	334925879633442	334925861467494
334925871619119	334925896316775	334925878999244
334926305858328	334926330083433	334926328105119
334926328343161	334926363450099	334926357269619
334926346328244	334926396816765	334926386671703
334926377338369	334926430183431	334926416387369
334926410509244	334926446866764	334926428964161
334926441869286	334926463550097	334926451640869
334926458578953	334926480233430	334926468418161
334926474980994	334926496916763	334926484880995
334926491166120	334926513600096	334926501077953
334926510056870	334926530283429	334926519950495
334926527016620	334926546966762	334926536804203
334926544717703	334926563650095	334926554428786
334926563976536	334926580333428	334926571335453
334926577600703	334926597016761	334926585015161
334926593407411	334926613700094	334926600802578
334926610753703	334926630383427	334926618199036
334926627872370	334926647066760	334926635244745
334926643740745	334926663750093	334926651085953
334926660905620	334926680433426	334926668401370
334926678147078	334926697116759	334926685633578
334926695890578	334926713800092	334926703209995
334926711512578	334926730483425	334926718898328
334926729073620	334926747166758	334926736458411
334926745232911	334926763850091	334926752655161
334926760917203	334926780533424	334926768327703
334926778748620	334926797216757	334926786137620
334926793520828	334926813900090	334926800866286
334926810349661	334926830583423	334926817803453
334926827057078	334926847266756	334926834501036
334926843615120	334926863950089	334926850944703
334926861613036	334926880633422	334926868874703
334926879081161	334926897316755	334926886414203
334926894914161	334926914000088	334926902263495
334926912934661	334926930683421	334926920280203
334926929554911	334926947366754	334926936889286
334926946609745	334926964050087	334926953985828
334926962535453	334926980733420	334926969982578
334926978375203	334926997416753	334926985757245
334926995450661	334927014100086	334927002895245
334927013599578	334927030783419	334927021156536
334927029726411	334927047466752	334927037099953
334927048789495	334927064150085	334927056461078
334927069903745	334927080833418	334927077490203
334927082029870	334927097516751	334927091763411
334927096230661	334927114200084	334927105330078
334927113401411	334927130883417	334927121828370
334927129768953	334927147566750	334927137797578
334927146407078	334927164250083	334927154173203
334927163212661	334927180933416	334927170767661
334927179117161	334927197616749	334927186594495
334927195906245	334927214300082	334927203316745
334927212844537	334927230983415	334927220247953
334927229463412	334927247666748	334927236848203
334927246563537	334927264350081	334927253938328
334927263398203	334927281033414	334927270787412
334927280521412	334927297716747	334927287861495
334927296560995	334927314400080	334927303928787
334927313971370	334927331083413	334927321321870
334927332998537	334927347766746	334927340398870
334927350497495	334927364450079	334927357864328
334927365767953	334927381133412	334927373092953
334927383825287	334927397816745	334927391197828
334927399590912	334927414500078	334927406920912
334927417330245	334927431183411	334927424641912
334927435249162	334927447866744	334927442547120
334927450777620	334927464550077	334927458101453
334927468471995	334927481233410	334927475792328
334927485417370	334927497916743	334927492758787
334927501257578	334927514600076	334927508661703
334927518802203	334927531283409	334927526122995
334927536478245	334927547966742	334927543773037
334927931281829	334927948366734	334927953351537
334927942995620	334927981733400	334927981237120

===
16683333
334926643740745	334926663750093	334926651085953
334926660905620	334926680433426	334926668401370
334926678147078	334926697116759	334926685633578
334926695890578	334926713800092	334926703209995
334926711512578	334926730483425	334926718898328
334926729073620	334926747166758	334926736458411
334926745232911	334926763850091	334926752655161
334926760917203	334926780533424	334926768327703
334926778748620	334926797216757	334926786137620
334926793520828	334926813900090	334926800866286
334926810349661	334926830583423	334926817803453
334926827057078	334926847266756	334926834501036
334926843615120	334926863950089	334926850944703
334926861613036	334926880633422	334926868874703
334926879081161	334926897316755	334926886414203
334926894914161	334926914000088	334926902263495
334926912934661	334926930683421	334926920280203
334926929554911	334926947366754	334926936889286
334926946609745	334926964050087	334926953985828
334926962535453	334926980733420	334926969982578
334926978375203	334926997416753	334926985757245
334926995450661	334927014100086	334927002895245
334927013599578	334927030783419	334927021156536
334927029726411	334927047466752	334927037099953
334927048789495	334927064150085	334927056461078
334927069903745	334927080833418	334927077490203
334927082029870	334927097516751	334927091763411
334927096230661	334927114200084	334927105330078
334927113401411	334927130883417	334927121828370
334927129768953	334927147566750	334927137797578
334927146407078	334927164250083	334927154173203
334927163212661	334927180933416	334927170767661
334927179117161	334927197616749	334927186594495
334927195906245	334927214300082	334927203316745
334927212844537	334927230983415	334927220247953
334927229463412	334927247666748	334927236848203
334927246563537	334927264350081	334927253938328
334927263398203	334927281033414	334927270787412
334927280521412	334927297716747	334927287861495
334927296560995	334927314400080	334927303928787
334927313971370	334927331083413	334927321321870
334927332998537	334927347766746	334927340398870
334927350497495	334927364450079	334927357864328
334927365767953	334927381133412	334927373092953
334927383825287	334927397816745	334927391197828
334927399590912	334927414500078	334927406920912
334927417330245	334927431183411	334927424641912
334927435249162	334927447866744	334927442547120
334927450777620	334927464550077	334927458101453
334927468471995	334927481233410	334927475792328
334927485417370	334927497916743	334927492758787
334927501257578	334927514600076	334927508661703
334927518802203	334927531283409	334927526122995
334927536478245	334927547966742	334927543773037
334927931281829	334927948366734	334927953351537
334927942995620	334927981733400	334927981237120
334927972059245	334927998416733	334928010245870
334928006096620	334928015100066	334928026582662
334928021000370	334928031783399	334928036557662
334928036736995	334928048466732	334928046551454
334928053977870	334928065150065	334928063782329
334928070011287	334928081833398	334928079933662
334928087280329	334928098516731	334928097137995
334928103564870	334928115200064	334928113442537
334928120318329	334928131883397	334928130242120
334928137153287	334928148566730	334928146956745
334928154647787	334928165250063	334928164471329
334928172274954	334928181933396	334928179942037
334928188887870	334928198616729	334928196322870
334928205589454	334928215300062	334928213050995
334928223279245	334928248666728	334928230673245
334928240447245	334928265350061	334928247873287
334928257735329	334928282033394	334928265120620
334928275754787	334928298716727	334928282944329
334928290703954	334928315400060	334928298083495
334928308389704	334928332083393	334928315764287
334928326181037	334928348766726	334928333549787
334928341964829	334928365450059	334928349259537
334928359680370	334928382133392	334928367110620
334928375111495	334928398816725	334928382486370
334928391035829	334928415500058	334928398389745
334928408206120	334928432183391	334928415577870
334928425533204	334928448866724	334928432983120
334928443529870	334928465550057	334928450949995
334928458356579	334928482233390	334928465699579
334928475739287	334928498916723	334928483076620
334928491699912	334928515600056	334928499140370
334928509991329	334928532283389	334928517331995
334928525776162	334928548966722	334928533121370
334928543227579	334928565650055	334928550582912
334928560632704	334928582333388	334928568381954
334928576535912	334928599016721	334928583880579
334928591526787	334928615700054	334928598948912
334928607940496	334928632383387	334928615333454
334928623911496	334928649066720	334928631366329
334928641829162	334928665750053	334928649267371
334928658356079	334928682433386	334928665795996
334928679820662	334928699116719	334928687362621
334928693973412	334928715800052	334928703768787
334928709014371	334928732483385	334928718060579
334928725024162	334928749166718	334928733461912
334928741698954	334928765850051	334928749717954
334928758380537	334928782533384	334928766151746
334928775542121	334928799216717	334928783070912
334928791768579	334928815900050	334928799268371
334928808485579	334928832583383	334928815944204
334928825189079	334928849266716	334928832578954
334928842038246	334928865950049	334928849444579
334928858816746	334928882633382	334928866198621
334928876022954	334928899316715	334928883381246
334928892827829	334928916000048	334928900197662
334928909183912	334928932683381	334928916611912
334928926189912	334928949366714	334928933563121
334928945490204	334928966050047	334928952820912
334928963187204	334928982733380	334928970477037
334928979017162	334928999416713	334928986339121
334928996849079	334929016100046	334929004163246
334929012597329	334929032783379	334929019996579
334929029930454	334929049466712	334929037288579
334929047116246	334929066150045	334929054440537
334929063516162	334929082833378	334929070790662
334929081508829	334929099516711	334929088841871
334929097953829	334929116200044	334929105275579
334929115810996	334929132883377	334929123160371
334929130750496	334929149566710	334929138098871
334929148727079	334929166250043	334929156125912
334929164182621	334929182933376	334929171472287

===
16683333
334927518802203	334927531283409	334927526122995
334927536478245	334927547966742	334927543773037
334927931281829	334927948366734	334927953351537
334927942995620	334927981733400	334927981237120
334927972059245	334927998416733	334928010245870
334928006096620	334928015100066	334928026582662
334928021000370	334928031783399	334928036557662
334928036736995	334928048466732	334928046551454
334928053977870	334928065150065	334928063782329
334928070011287	334928081833398	334928079933662
334928087280329	334928098516731	334928097137995
334928103564870	334928115200064	334928113442537
334928120318329	334928131883397	334928130242120
334928137153287	334928148566730	334928146956745
334928154647787	334928165250063	334928164471329
334928172274954	334928181933396	334928179942037
334928188887870	334928198616729	334928196322870
334928205589454	334928215300062	334928213050995
334928223279245	334928248666728	334928230673245
334928240447245	334928265350061	334928247873287
334928257735329	334928282033394	334928265120620
334928275754787	334928298716727	334928282944329
334928290703954	334928315400060	334928298083495
334928308389704	334928332083393	334928315764287
334928326181037	334928348766726	334928333549787
334928341964829	334928365450059	334928349259537
334928359680370	334928382133392	334928367110620
334928375111495	334928398816725	334928382486370
334928391035829	334928415500058	334928398389745
334928408206120	334928432183391	334928415577870
334928425533204	334928448866724	334928432983120
334928443529870	334928465550057	334928450949995
334928458356579	334928482233390	334928465699579
334928475739287	334928498916723	334928483076620
334928491699912	334928515600056	334928499140370
334928509991329	334928532283389	334928517331995
334928525776162	334928548966722	334928533121370
334928543227579	334928565650055	334928550582912
334928560632704	334928582333388	334928568381954
334928576535912	334928599016721	334928583880579
334928591526787	334928615700054	334928598948912
334928607940496	334928632383387	334928615333454
334928623911496	334928649066720	334928631366329
334928641829162	334928665750053	334928649267371
334928658356079	334928682433386	334928665795996
334928679820662	334928699116719	334928687362621
334928693973412	334928715800052	334928703768787
334928709014371	334928732483385	334928718060579
334928725024162	334928749166718	334928733461912
334928741698954	334928765850051	334928749717954
334928758380537	334928782533384	334928766151746
334928775542121	334928799216717	334928783070912
334928791768579	334928815900050	334928799268371
334928808485579	334928832583383	334928815944204
334928825189079	334928849266716	334928832578954
334928842038246	334928865950049	334928849444579
334928858816746	334928882633382	334928866198621
334928876022954	334928899316715	334928883381246
334928892827829	334928916000048	334928900197662
334928909183912	334928932683381	334928916611912
334928926189912	334928949366714	334928933563121
334928945490204	334928966050047	334928952820912
334928963187204	334928982733380	334928970477037
334928979017162	334928999416713	334928986339121
334928996849079	334929016100046	334929004163246
334929012597329	334929032783379	334929019996579
334929029930454	334929049466712	334929037288579
334929047116246	334929066150045	334929054440537
334929063516162	334929082833378	334929070790662
334929081508829	334929099516711	334929088841871
334929097953829	334929116200044	334929105275579
334929115810996	334929132883377	334929123160371
334929130750496	334929149566710	334929138098871
334929148727079	334929166250043	334929156125912
334929164182621	334929182933376	334929171472287
334929569350288	334929583333368	334929591366788
334929580881246	334929616700034	334929620385996
334929601269538	334929650066700	334929650089621
334929633403371	334929666750033	334929666735579
334929666603288	334929683433366	334929676720121
334929683883413	334929700116699	334929693682663
334929700755663	334929716800032	334929710575038
334929716689204	334929733483365	334929726511579
334929733445454	334929750166698	334929743330454
334929750233413	334929766850031	334929760127121
334929766892454	334929783533364	334929776876246
334929786715413	334929800216697	334929796462746
334929801392329	334929816900030	334929811267454
334929818117871	334929833583363	334929825549746
334929834856913	334929850266696	334929842249329
334929853079996	334929866950029	334929860556204
334929870524913	334929883633362	334929877956371
334929886707288	334929900316695	334929894031371
334929903307538	334929917000028	334929910681496
334929919781746	334929933683361	334929927195496
334929936863246	334929950366694	334929944166288
334929954404454	334929967050027	334929961818621
334929970494204	334929983733360	334929977907871
334929988279788	334930000416693	334929995616121
334930005258121	334930017100026	334930012612080
334930021129996	334930033783359	334930028469163
334930038127246	334930050466692	334930045480330
334930055280705	334930067150025	334930062624913
334930071107288	334930083833358	334930078451371
334930088741913	334930100516691	334930096097788
334930105708163	334930117200024	334930113049246
334930121605955	334930133883357	334930128940121
334930139179163	334930150566690	334930146557163
334930155069163	334930167250023	334930162410871
334930173012288	334930183933356	334930180307121
334930190060121	334930200616689	334930197395288
334930208385830	334930217300022	334930215724913
334930223599788	334930233983355	334930230937496
334930242182246	334930250666688	334930249637705
334930255578121	334930267350021	334930262959788
334930272551205	334930284033354	334930279836496
334930288683788	334930300716687	334930296072163
334930304261788	334930317400020	334930311650705
334930322537205	334930334083353	334930329923121
334930338845413	334930350766686	334930346224205
334930357047663	334930367450019	334930364642621
334930372931330	334930384133352	334930382699913
334930388752580	334930400816685	334930397798121
334930405105455	334930417500018	334930413553705
334930422026121	334930434183351	334930430097038
334930438482955	334930450866684	334930446241913
334930455025413	334930467550017	334930462555080

===
16683333
334928808485579	334928832583383	334928815944204
334928825189079	334928849266716	334928832578954
334928842038246	334928865950049	334928849444579
334928858816746	334928882633382	334928866198621
334928876022954	334928899316715	334928883381246
334928892827829	334928916000048	334928900197662
334928909183912	334928932683381	334928916611912
334928926189912	334928949366714	334928933563121
334928945490204	334928966050047	334928952820912
334928963187204	334928982733380	334928970477037
334928979017162	334928999416713	334928986339121
334928996849079	334929016100046	334929004163246
334929012597329	334929032783379	334929019996579
334929029930454	334929049466712	334929037288579
334929047116246	334929066150045	334929054440537
334929063516162	334929082833378	334929070790662
334929081508829	334929099516711	334929088841871
334929097953829	334929116200044	334929105275579
334929115810996	334929132883377	334929123160371
334929130750496	334929149566710	334929138098871
334929148727079	334929166250043	334929156125912
334929164182621	334929182933376	334929171472287
334929569350288	334929583333368	334929591366788
334929580881246	334929616700034	334929620385996
334929601269538	334929650066700	334929650089621
334929633403371	334929666750033	334929666735579
334929666603288	334929683433366	334929676720121
334929683883413	334929700116699	334929693682663
334929700755663	334929716800032	334929710575038
334929716689204	334929733483365	334929726511579
334929733445454	334929750166698	334929743330454
334929750233413	334929766850031	334929760127121
334929766892454	334929783533364	334929776876246
334929786715413	334929800216697	334929796462746
334929801392329	334929816900030	334929811267454
334929818117871	334929833583363	334929825549746
334929834856913	334929850266696	334929842249329
334929853079996	334929866950029	334929860556204
334929870524913	334929883633362	334929877956371
334929886707288	334929900316695	334929894031371
334929903307538	334929917000028	334929910681496
334929919781746	334929933683361	334929927195496
334929936863246	334929950366694	334929944166288
334929954404454	334929967050027	334929961818621
334929970494204	334929983733360	334929977907871
334929988279788	334930000416693	334929995616121
334930005258121	334930017100026	334930012612080
334930021129996	334930033783359	334930028469163
334930038127246	334930050466692	334930045480330
334930055280705	334930067150025	334930062624913
334930071107288	334930083833358	334930078451371
334930088741913	334930100516691	334930096097788
334930105708163	334930117200024	334930113049246
334930121605955	334930133883357	334930128940121
334930139179163	334930150566690	334930146557163
334930155069163	334930167250023	334930162410871
334930173012288	334930183933356	334930180307121
334930190060121	334930200616689	334930197395288
334930208385830	334930217300022	334930215724913
334930223599788	334930233983355	334930230937496
334930242182246	334930250666688	334930249637705
334930255578121	334930267350021	334930262959788
334930272551205	334930284033354	334930279836496
334930288683788	334930300716687	334930296072163
334930304261788	334930317400020	334930311650705
334930322537205	334930334083353	334930329923121
334930338845413	334930350766686	334930346224205
334930357047663	334930367450019	334930364642621
334930372931330	334930384133352	334930382699913
334930388752580	334930400816685	334930397798121
334930405105455	334930417500018	334930413553705
334930422026121	334930434183351	334930430097038
334930438482955	334930450866684	334930446241913
334930455025413	334930467550017	334930462555080
334930472191455	334930484233350	334930479687996
334930489238038	334930500916683	334930496929830
334930505833705	334930517600016	334930513237705
334930522472413	334930534283349	334930529843955
334930539471830	334930550966682	334930546853163
334930555794746	334930567650015	334930563186663
334930572563330	334930584333348	334930579927246
334930589903913	334930601016681	334930597257413
334930606196871	334930617700014	334930613592746
334930623266080	334930634383347	334930630681996
334930642484330	334930667750013	334930649801538
334930658689705	334930684433346	334930666011496
334930676622371	334930701116679	334930684038247
334930692949247	334930717800012	334930700271580
334930710983455	334930734483345	334930718373205
334930727749538	334930751166678	334930735034205
334930743593830	334930767850011	334930750918330
334930761067872	334930784533344	334930768398580
334930778372872	334930801216677	334930785679205
334930793904538	334930817900010	334930801227663
334930811811788	334930834583343	334930819272705
334930828260288	334930851266676	334930835516997
334930844817997	334930867950009	334930852155080
334931203017330	334931234983335	334931225099830
334931212979163	334931251666668	334931252890163
334931246023663	334931268350001	334931267601038
334931262960205	334931285033334	334931277275038
334931279151830	334931301716667	334931289154288
334931296925580	334931318400000	334931306978747
334931313482997	334931335083333	334931323248038
334931329645497	334931351766666	334931339433205
334931346542080	334931368449999	334931356397163
334931363317830	334931385133332	334931373203080
334931379956664	334931401816665	334931389856205
334931396845705	334931418499998	334931406779830
334931413500872	334931435183331	334931423302622
334931431659497	334931451866664	334931441534955
334931449647997	334931468549997	334931457042580
334931465634414	334931485233330	334931472980164
334931482648080	334931501916663	334931490033372
334931499749455	334931518599996	334931507202705
334931515946622	334931535283329	334931523391497
334931533013247	334931551966662	334931540476039
334931550224372	334931568649995	334931557633664
334931566842580	334931585333328	334931574275455
334931584842789	334931602016661	334931592332164
334931600462330	334931618699994	334931607921664
334931618552872	334931635383327	334931625942080
334931634267914	334931652066660	334931641609539
334931652222039	334931668749993	334931659559289
334931668147747	334931685433326	334931675470122
334931686231872	334931702116659	334931693224164
334931701730580	334931718799992	334931709305789

===
16683333
334930139179163	334930150566690	334930146557163
334930155069163	334930167250023	334930162410871
334930173012288	334930183933356	334930180307121
334930190060121	334930200616689	334930197395288
334930208385830	334930217300022	334930215724913
334930223599788	334930233983355	334930230937496
334930242182246	334930250666688	334930249637705
334930255578121	334930267350021	334930262959788
334930272551205	334930284033354	334930279836496
334930288683788	334930300716687	334930296072163
334930304261788	334930317400020	334930311650705
334930322537205	334930334083353	334930329923121
334930338845413	334930350766686	334930346224205
334930357047663	334930367450019	334930364642621
334930372931330	334930384133352	334930382699913
334930388752580	334930400816685	334930397798121
334930405105455	334930417500018	334930413553705
334930422026121	334930434183351	334930430097038
334930438482955	334930450866684	334930446241913
334930455025413	334930467550017	334930462555080
334930472191455	334930484233350	334930479687996
334930489238038	334930500916683	334930496929830
334930505833705	334930517600016	334930513237705
334930522472413	334930534283349	334930529843955
334930539471830	334930550966682	334930546853163
334930555794746	334930567650015	334930563186663
334930572563330	334930584333348	334930579927246
334930589903913	334930601016681	334930597257413
334930606196871	334930617700014	334930613592746
334930623266080	334930634383347	334930630681996
334930642484330	334930667750013	334930649801538
334930658689705	334930684433346	334930666011496
334930676622371	334930701116679	334930684038247
334930692949247	334930717800012	334930700271580
334930710983455	334930734483345	334930718373205
334930727749538	334930751166678	334930735034205
334930743593830	334930767850011	334930750918330
334930761067872	334930784533344	334930768398580
334930778372872	334930801216677	334930785679205
334930793904538	334930817900010	334930801227663
334930811811788	334930834583343	334930819272705
334930828260288	334930851266676	334930835516997
334930844817997	334930867950009	334930852155080
334931203017330	334931234983335	334931225099830
334931212979163	334931251666668	334931252890163
334931246023663	334931268350001	334931267601038
334931262960205	334931285033334	334931277275038
334931279151830	334931301716667	334931289154288
334931296925580	334931318400000	334931306978747
334931313482997	334931335083333	334931323248038
334931329645497	334931351766666	334931339433205
334931346542080	334931368449999	334931356397163
334931363317830	334931385133332	334931373203080
334931379956664	334931401816665	334931389856205
334931396845705	334931418499998	334931406779830
334931413500872	334931435183331	334931423302622
334931431659497	334931451866664	334931441534955
334931449647997	334931468549997	334931457042580
334931465634414	334931485233330	334931472980164
334931482648080	334931501916663	334931490033372
334931499749455	334931518599996	334931507202705
334931515946622	334931535283329	334931523391497
334931533013247	334931551966662	334931540476039
334931550224372	334931568649995	334931557633664
334931566842580	334931585333328	334931574275455
334931584842789	334931602016661	334931592332164
334931600462330	334931618699994	334931607921664
334931618552872	334931635383327	334931625942080
334931634267914	334931652066660	334931641609539
334931652222039	334931668749993	334931659559289
334931668147747	334931685433326	334931675470122
334931686231872	334931702116659	334931693224164
334931701730580	334931718799992	334931709305789
334931720656497	334931735483325	334931728129997
334931735759414	334931752166658	334931743201289
334931753734497	334931768849991	334931761110580
334931767440997	334931785533324	334931774827039
334931784603664	334931802216657	334931791943539
334931802083414	334931818899990	334931809382289
334931818191914	334931835583323	334931825532955
334931835448539	334931852266656	334931842779039
334931852515414	334931868949989	334931859869497
334931871888789	334931885633322	334931879345914
334931886220872	334931902316655	334931893643830
334931902957414	334931918999988	334931910103955
334931918101705	334931935683321	334931925499122
334931935115789	334931952366654	334931942821247
334931953141330	334931969049987	334931961774955
334931972214997	334931985733320	334931979594914
334931986124205	334932002416653	334931995826289
334932001727914	334932019099986	334932010769705
334932017794872	334932035783319	334932026214164
334932034468747	334932052466652	334932042495039
334932051418664	334932069149985	334932059114580
334932067775747	334932085833318	334932075310497
334932084620164	334932102516651	334932092127206
334932101821039	334932119199984	334932109289289
334932118542789	334932135883317	334932125992831
334932135312039	334932152566650	334932142678497
334932151973706	334932169249983	334932159327122
334932168767747	334932185933316	334932176215539
334932185561706	334932202616649	334932192955539
334932202070122	334932219299982	334932209471706
334932218762497	334932235983315	334932226162581
334932235905706	334932252666648	334932243304122
334932255565414	334932269349981	334932262936664
334932271101081	334932286033314	334932278441122
334932289322331	334932302716647	334932296617664
334932305764206	334932319399980	334932313086289
334932322329164	334932336083313	334932329651997
334932339709706	334932352766646	334932347095997
334932358329372	334932369449979	334932365528997
334932373559081	334932386133312	334932380961914
334932391721039	334932402816645	334932399039331
334932406712372	334932419499978	334932414034789
334932424304664	334932436183311	334932431607331
334932441443664	334932452866644	334932448723539
334932457255872	334932469549977	334932464573997
334932474520081	334932486233310	334932481824914
334932808933248	334932819899970	334932831019498
334932818902081	334932853266636	334932859957248
334932842654373	334932869949969	334932880706331
334932875672539	334932886633302	334932890558456
334932892618039	334932903316635	334932902682248
334932909711039	334932919999968	334932919645873
334932929981914	334932936683301	334932939785039
334932942996289	334932953366634	334932952925414

===
16683333
334931652222039	334931668749993	334931659559289
334931668147747	334931685433326	334931675470122
334931686231872	334931702116659	334931693224164
334931701730580	334931718799992	334931709305789
334931720656497	334931735483325	334931728129997
334931735759414	334931752166658	334931743201289
334931753734497	334931768849991	334931761110580
334931767440997	334931785533324	334931774827039
334931784603664	334931802216657	334931791943539
334931802083414	334931818899990	334931809382289
334931818191914	334931835583323	334931825532955
334931835448539	334931852266656	334931842779039
334931852515414	334931868949989	334931859869497
334931871888789	334931885633322	334931879345914
334931886220872	334931902316655	334931893643830
334931902957414	334931918999988	334931910103955
334931918101705	334931935683321	334931925499122
334931935115789	334931952366654	334931942821247
334931953141330	334931969049987	334931961774955
334931972214997	334931985733320	334931979594914
334931986124205	334932002416653	334931995826289
334932001727914	334932019099986	334932010769705
334932017794872	334932035783319	334932026214164
334932034468747	334932052466652	334932042495039
334932051418664	334932069149985	334932059114580
334932067775747	334932085833318	334932075310497
334932084620164	334932102516651	334932092127206
334932101821039	334932119199984	334932109289289
334932118542789	334932135883317	334932125992831
334932135312039	334932152566650	334932142678497
334932151973706	334932169249983	334932159327122
334932168767747	334932185933316	334932176215539
334932185561706	334932202616649	334932192955539
334932202070122	334932219299982	334932209471706
334932218762497	334932235983315	334932226162581
334932235905706	334932252666648	334932243304122
334932255565414	334932269349981	334932262936664
334932271101081	334932286033314	334932278441122
334932289322331	334932302716647	334932296617664
334932305764206	334932319399980	334932313086289
334932322329164	334932336083313	334932329651997
334932339709706	334932352766646	334932347095997
334932358329372	334932369449979	334932365528997
334932373559081	334932386133312	334932380961914
334932391721039	334932402816645	334932399039331
334932406712372	334932419499978	334932414034789
334932424304664	334932436183311	334932431607331
334932441443664	334932452866644	334932448723539
334932457255872	334932469549977	334932464573997
334932474520081	334932486233310	334932481824914
334932808933248	334932819899970	334932831019498
334932818902081	334932853266636	334932859957248
334932842654373	334932869949969	334932880706331
334932875672539	334932886633302	334932890558456
334932892618039	334932903316635	334932902682248
334932909711039	334932919999968	334932919645873
334932929981914	334932936683301	334932939785039
334932942996289	334932953366634	334932952925414
334932960518123	334932986733300	334932970429123
334932977210414	334932986733300	334932987113206
334932994560664	334933003416633	334933004507664
334933010632539	334933020099966	334933020388914
334933026320164	334933036783299	334933036112039
334933043180539	334933070149965	334933050533498
334933061818831	334933086833298	334933069192748
334933077229789	334933103516631	334933084540331
334933095316998	334933120199964	334933102639039
334933111543748	334933136883297	334933118866914
334933129707373	334933153566630	334933137000873
334933145507039	334933170249963	334933152838414
334933162819123	334933186933296	334933170200664
334933179620998	334933203616629	334933187034706
334933198006081	334933220299962	334933205379914
334933213509581	334933236983295	334933220819873
334933231191581	334933253666628	334933238579623
334933246233456	334933270349961	334933253577498
334933263069581	334933287033294	334933270403539
334933279735039	334933303716627	334933287081664
334933298339248	334933320399960	334933305688206
334933313515123	334933337083293	334933320910539
334933331557581	334933353766626	334933338985164
334933347050248	334933370449959	334933354395581
334933365530039	334933387133292	334933372942873
334933381895706	334933403816625	334933389221081
334933397631539	334933420499958	334933404978123
334933416211831	334933437183291	334933423509539
334933431084831	334933453866624	334933438433914
334933450561873	334933470549957	334933457825456
334933466975998	334933487233290	334933474401998
334933484643623	334933503916623	334933491955123
334933499875123	334933520599956	334933507234331
334933516135456	334933537283289	334933523515956
334933531151123	334933553966622	334933538550331
334933547142581	334933570649955	334933554606581
334933563994248	334933587333288	334933571372248
334933581651540	334933604016621	334933589124623
334933604938748	334933620699954	334933612250873
334933619476915	334933637383287	334933627090123
334933631836040	334933654066620	334933641575873
334933647552206	334933670749953	334933656597665
334933664355540	334933687433286	334933672789998
334933681123498	334933704116619	334933689141956
334933698437331	334933720799952	334933706204998
334933714206665	334933737483285	334933721751040
334933730937540	334933754166618	334933738430206
334933747703415	334933770849951	334933755194290
334933764473456	334933787533284	334933771873831
334933782096956	334933804216617	334933789495040
334933798514040	334933820899950	334933805887206
334933815160581	334933837583283	334933822548706
334933832059915	334933854266616	334933839413206
334933848730581	334933870949949	334933856127831
334933865384081	334933887633282	334933872755373
334933882954165	334933904316615	334933890349540
334933901596956	334933920999948	334933908941040
334933918766540	334933937683281	334933926078081
334933934305290	334933954366614	334933941712373
334933952816373	334933971049947	334933960403706
334933970320831	334933987733280	334933977707081
334933986116206	334934004416613	334933993472581
334934003707790	334934021099946	334934010793165
334934020645873	334934037783279	334934027950248
334934037260623	334934054466612	334934044558581
334934053708123	334934071149945	334934061027040
334934069726956	334934087833278	334934077042373
334934086477956	334934104516611	334934093791165
334934102864040	334934121199944	334934110174915

===
16683333
334931935115789	334931952366654	334931942821247
334931953141330	334931969049987	334931961774955
334931972214997	334931985733320	334931979594914
334931986124205	334932002416653	334931995826289
334932001727914	334932019099986	334932010769705
334932017794872	334932035783319	334932026214164
334932034468747	334932052466652	334932042495039
334932051418664	334932069149985	334932059114580
334932067775747	334932085833318	334932075310497
334932084620164	334932102516651	334932092127206
334932101821039	334932119199984	334932109289289
334932118542789	334932135883317	334932125992831
334932135312039	334932152566650	334932142678497
334932151973706	334932169249983	334932159327122
334932168767747	334932185933316	334932176215539
334932185561706	334932202616649	334932192955539
334932202070122	334932219299982	334932209471706
334932218762497	334932235983315	334932226162581
334932235905706	334932252666648	334932243304122
334932255565414	334932269349981	334932262936664
334932271101081	334932286033314	334932278441122
334932289322331	334932302716647	334932296617664
334932305764206	334932319399980	334932313086289
334932322329164	334932336083313	334932329651997
334932339709706	334932352766646	334932347095997
334932358329372	334932369449979	334932365528997
334932373559081	334932386133312	334932380961914
334932391721039	334932402816645	334932399039331
334932406712372	334932419499978	334932414034789
334932424304664	334932436183311	334932431607331
334932441443664	334932452866644	334932448723539
334932457255872	334932469549977	334932464573997
334932474520081	334932486233310	334932481824914
334932808933248	334932819899970	334932831019498
334932818902081	334932853266636	334932859957248
334932842654373	334932869949969	334932880706331
334932875672539	334932886633302	334932890558456
334932892618039	334932903316635	334932902682248
334932909711039	334932919999968	334932919645873
334932929981914	334932936683301	334932939785039
334932942996289	334932953366634	334932952925414
334932960518123	334932986733300	334932970429123
334932977210414	334932986733300	334932987113206
334932994560664	334933003416633	334933004507664
334933010632539	334933020099966	334933020388914
334933026320164	334933036783299	334933036112039
334933043180539	334933070149965	334933050533498
334933061818831	334933086833298	334933069192748
334933077229789	334933103516631	334933084540331
334933095316998	334933120199964	334933102639039
334933111543748	334933136883297	334933118866914
334933129707373	334933153566630	334933137000873
334933145507039	334933170249963	334933152838414
334933162819123	334933186933296	334933170200664
334933179620998	334933203616629	334933187034706
334933198006081	334933220299962	334933205379914
334933213509581	334933236983295	334933220819873
334933231191581	334933253666628	334933238579623
334933246233456	334933270349961	334933253577498
334933263069581	334933287033294	334933270403539
334933279735039	334933303716627	334933287081664
334933298339248	334933320399960	334933305688206
334933313515123	334933337083293	334933320910539
334933331557581	334933353766626	334933338985164
334933347050248	334933370449959	334933354395581
334933365530039	334933387133292	334933372942873
334933381895706	334933403816625	334933389221081
334933397631539	334933420499958	334933404978123
334933416211831	334933437183291	334933423509539
334933431084831	334933453866624	334933438433914
334933450561873	334933470549957	334933457825456
334933466975998	334933487233290	334933474401998
334933484643623	334933503916623	334933491955123
334933499875123	334933520599956	334933507234331
334933516135456	334933537283289	334933523515956
334933531151123	334933553966622	334933538550331
334933547142581	334933570649955	334933554606581
334933563994248	334933587333288	334933571372248
334933581651540	334933604016621	334933589124623
334933604938748	334933620699954	334933612250873
334933619476915	334933637383287	334933627090123
334933631836040	334933654066620	334933641575873
334933647552206	334933670749953	334933656597665
334933664355540	334933687433286	334933672789998
334933681123498	334933704116619	334933689141956
334933698437331	334933720799952	334933706204998
334933714206665	334933737483285	334933721751040
334933730937540	334933754166618	334933738430206
334933747703415	334933770849951	334933755194290
334933764473456	334933787533284	334933771873831
334933782096956	334933804216617	334933789495040
334933798514040	334933820899950	334933805887206
334933815160581	334933837583283	334933822548706
334933832059915	334933854266616	334933839413206
334933848730581	334933870949949	334933856127831
334933865384081	334933887633282	334933872755373
334933882954165	334933904316615	334933890349540
334933901596956	334933920999948	334933908941040
334933918766540	334933937683281	334933926078081
334933934305290	334933954366614	334933941712373
334933952816373	334933971049947	334933960403706
334933970320831	334933987733280	334933977707081
334933986116206	334934004416613	334933993472581
334934003707790	334934021099946	334934010793165
334934020645873	334934037783279	334934027950248
334934037260623	334934054466612	334934044558581
334934053708123	334934071149945	334934061027040
334934069726956	334934087833278	334934077042373
334934086477956	334934104516611	334934093791165
334934102864040	334934121199944	334934110174915
334934509837415	334934521599936	334934526109207
334934530019998	334934554966602	334934548494790
334934549922707	334934571649935	334934568211873
334934580283998	334934605016601	334934598603957
334934599716998	334934621699934	334934623185582
334934628292373	334934655066600	334934649187915
334934642703373	334934671749933	334934656881582
334934674835748	334934688433266	334934682421540
334934692722248	334934705116599	334934700360165
334934709177290	334934721799932	334934716788790
334934726430832	334934738483265	334934734031998
334934742717582	334934755166598	334934750347540
334934762093707	334934771849931	334934769701332
334934776833498	334934788533264	334934784431373
334934791429082	334934805216597	334934798943207
334934808488123	334934821899930	334934816093373
334934825665498	334934838583263	334934832914707

