Applications Graphics Acceleration Info:
Uptime: 335342939 Realtime: 370017050

** Graphics info for pid 8176 [com.auroratv.lab] **

Stats since: 335332566582438ns
Total frames rendered: 411
Janky frames: 18 (4.38%)
Janky frames (legacy): 379 (92.21%)
50th percentile: 26ms
90th percentile: 42ms
95th percentile: 57ms
99th percentile: 105ms
Number Missed Vsync: 4
Number High input latency: 787
Number Slow UI thread: 15
Number Slow bitmap uploads: 1
Number Slow issue draw commands: 18
Number Frame deadline missed: 18
Number Frame deadline missed (legacy): 17
HISTOGRAM: 5ms=0 6ms=0 7ms=0 8ms=0 9ms=0 10ms=0 11ms=0 12ms=0 13ms=0 14ms=0 15ms=0 16ms=0 17ms=0 18ms=0 19ms=0 20ms=2 21ms=0 22ms=17 23ms=23 24ms=86 25ms=62 26ms=32 27ms=11 28ms=8 29ms=1 30ms=2 31ms=4 32ms=3 34ms=7 36ms=28 38ms=54 40ms=28 42ms=6 44ms=5 46ms=4 48ms=5 53ms=1 57ms=5 61ms=2 65ms=3 69ms=0 73ms=2 77ms=0 81ms=0 85ms=0 89ms=0 93ms=2 97ms=3 101ms=0 105ms=3 109ms=0 113ms=1 117ms=0 121ms=1 125ms=0 129ms=0 133ms=0 150ms=0 200ms=0 250ms=0 300ms=0 350ms=0 400ms=0 450ms=0 500ms=0 550ms=0 600ms=0 650ms=0 700ms=0 750ms=0 800ms=0 850ms=0 900ms=0 950ms=0 1000ms=0 1050ms=0 1100ms=0 1150ms=0 1200ms=0 1250ms=0 1300ms=0 1350ms=0 1400ms=0 1450ms=0 1500ms=0 1550ms=0 1600ms=0 1650ms=0 1700ms=0 1750ms=0 1800ms=0 1850ms=0 1900ms=0 1950ms=0 2000ms=0 2050ms=0 2100ms=0 2150ms=0 2200ms=0 2250ms=0 2300ms=0 2350ms=0 2400ms=0 2450ms=0 2500ms=0 2550ms=0 2600ms=0 2650ms=0 2700ms=0 2750ms=0 2800ms=0 2850ms=0 2900ms=0 2950ms=0 3000ms=0 3050ms=0 3100ms=0 3150ms=0 3200ms=0 3250ms=0 3300ms=0 3350ms=0 3400ms=0 3450ms=0 3500ms=0 3550ms=0 3600ms=0 3650ms=0 3700ms=0 3750ms=0 3800ms=0 3850ms=0 3900ms=0 3950ms=0 4000ms=0 4050ms=0 4100ms=0 4150ms=0 4200ms=0 4250ms=0 4300ms=0 4350ms=0 4400ms=0 4450ms=0 4500ms=0 4550ms=0 4600ms=0 4650ms=0 4700ms=0 4750ms=0 4800ms=0 4850ms=0 4900ms=0 4950ms=0
50th gpu percentile: 8ms
90th gpu percentile: 11ms
95th gpu percentile: 19ms
99th gpu percentile: 4950ms
GPU HISTOGRAM: 1ms=0 2ms=0 3ms=0 4ms=0 5ms=0 6ms=0 7ms=1 8ms=287 9ms=42 10ms=5 11ms=48 12ms=0 13ms=0 14ms=0 15ms=1 16ms=1 17ms=4 18ms=0 19ms=3 20ms=1 21ms=0 22ms=0 23ms=5 24ms=0 25ms=0 4950ms=13

Pipeline=Skia (OpenGL)
Memory policy:
  Max surface area: 2073600
  Max resource usage: 99.53MB (x48)
  Background retention: 50% (altUiHidden = true)
  GPU Context timeout: 10
Contexts: 1 (stopped = 0)
CPU Caches:
  Glyph Cache: 1.56 MB (1 entry)
  Glyph Count: 100 
Total CPU memory usage:
  1639040 bytes, 1.56 MB (0.00 bytes is purgeable)
GPU Caches:
  Image:
    Texture: 20.98 MB (70 entries)
  Other:
    Other: 172.18 KB (1 entry)
    Buffer Object: 464.00 bytes (2 entries)
    StencilAttachment: 18.00 KB (2 entries)
  Scratch:
    RenderTarget: 3.96 MB (18 entries)
    Texture: 4.04 MB (6 entries)
    Buffer Object: 78.03 KB (3 entries)
Total GPU memory usage:
  30667164 bytes, 29.25 MB (9.61 MB is purgeable)

Profile data in ms:

	com.auroratv.lab/com.auroratv.MainActivity/android.view.ViewRootImpl@1725dad (visibility=0)
Window: com.auroratv.lab/com.auroratv.MainActivity
Stats since: 335332566581063ns
Total frames rendered: 411
Janky frames: 18 (4.38%)
Janky frames (legacy): 379 (92.21%)
50th percentile: 26ms
90th percentile: 42ms
95th percentile: 57ms
99th percentile: 105ms
Number Missed Vsync: 4
Number High input latency: 787
Number Slow UI thread: 15
Number Slow bitmap uploads: 1
Number Slow issue draw commands: 18
Number Frame deadline missed: 18
Number Frame deadline missed (legacy): 17
HISTOGRAM: 5ms=0 6ms=0 7ms=0 8ms=0 9ms=0 10ms=0 11ms=0 12ms=0 13ms=0 14ms=0 15ms=0 16ms=0 17ms=0 18ms=0 19ms=0 20ms=2 21ms=0 22ms=17 23ms=23 24ms=86 25ms=62 26ms=32 27ms=11 28ms=8 29ms=1 30ms=2 31ms=4 32ms=3 34ms=7 36ms=28 38ms=54 40ms=28 42ms=6 44ms=5 46ms=4 48ms=5 53ms=1 57ms=5 61ms=2 65ms=3 69ms=0 73ms=2 77ms=0 81ms=0 85ms=0 89ms=0 93ms=2 97ms=3 101ms=0 105ms=3 109ms=0 113ms=1 117ms=0 121ms=1 125ms=0 129ms=0 133ms=0 150ms=0 200ms=0 250ms=0 300ms=0 350ms=0 400ms=0 450ms=0 500ms=0 550ms=0 600ms=0 650ms=0 700ms=0 750ms=0 800ms=0 850ms=0 900ms=0 950ms=0 1000ms=0 1050ms=0 1100ms=0 1150ms=0 1200ms=0 1250ms=0 1300ms=0 1350ms=0 1400ms=0 1450ms=0 1500ms=0 1550ms=0 1600ms=0 1650ms=0 1700ms=0 1750ms=0 1800ms=0 1850ms=0 1900ms=0 1950ms=0 2000ms=0 2050ms=0 2100ms=0 2150ms=0 2200ms=0 2250ms=0 2300ms=0 2350ms=0 2400ms=0 2450ms=0 2500ms=0 2550ms=0 2600ms=0 2650ms=0 2700ms=0 2750ms=0 2800ms=0 2850ms=0 2900ms=0 2950ms=0 3000ms=0 3050ms=0 3100ms=0 3150ms=0 3200ms=0 3250ms=0 3300ms=0 3350ms=0 3400ms=0 3450ms=0 3500ms=0 3550ms=0 3600ms=0 3650ms=0 3700ms=0 3750ms=0 3800ms=0 3850ms=0 3900ms=0 3950ms=0 4000ms=0 4050ms=0 4100ms=0 4150ms=0 4200ms=0 4250ms=0 4300ms=0 4350ms=0 4400ms=0 4450ms=0 4500ms=0 4550ms=0 4600ms=0 4650ms=0 4700ms=0 4750ms=0 4800ms=0 4850ms=0 4900ms=0 4950ms=0
50th gpu percentile: 8ms
90th gpu percentile: 11ms
95th gpu percentile: 19ms
99th gpu percentile: 4950ms
GPU HISTOGRAM: 1ms=0 2ms=0 3ms=0 4ms=0 5ms=0 6ms=0 7ms=1 8ms=287 9ms=42 10ms=5 11ms=48 12ms=0 13ms=0 14ms=0 15ms=1 16ms=1 17ms=4 18ms=0 19ms=3 20ms=1 21ms=0 22ms=0 23ms=5 24ms=0 25ms=0 4950ms=13



---PROFILEDATA---
Flags,FrameTimelineVsyncId,IntendedVsync,Vsync,InputEventId,HandleInputStart,AnimationStart,PerformTraversalsStart,DrawStart,FrameDeadline,FrameInterval,FrameStartTime,SyncQueued,SyncStart,IssueDrawCommandsStart,SwapBuffers,FrameCompleted,DequeueBufferDuration,QueueBufferDuration,GpuCompleted,SwapBuffersCompleted,DisplayPresentTime,CommandSubmissionCompleted,
0,116104297,335339089067622,335339089067622,0,335339089328566,335339089329983,335339089839941,335339089997150,335339141350497,335339089322400,16799771,335339090214441,335339099168525,335339100579483,335339114648233,335339122523483,8619875,287833,335339122523483,335339115323400,-1,335339114648233,
0,116104305,335339105867393,335339105867393,0,335339106138066,335339106139483,335339106626608,335339106773066,335339158150268,335339106131608,16799771,335339106979733,335339115500733,335339116941941,335339131112566,335339138958483,9062792,288084,335339138958483,335339131718400,-1,335339131112566,
0,116104313,335339122667164,335339122667164,0,335339122927191,335339122928525,335339123380441,335339123523441,335339174950039,335339122921108,16799771,335339123731483,335339131893525,335339133222150,335339147696441,335339155492358,9530917,317750,335339155492358,335339148324566,-1,335339147696441,
0,116104321,335339139466935,335339139466935,0,335339139723316,335339139724608,335339140229816,335339140374483,335339191749810,335339139717233,16799771,335339140746108,335339148566275,335339149942066,335339164810275,335339172547983,9670208,284875,335339172547983,335339165406150,-1,335339164810275,
0,116104329,335339156266706,335339156266706,0,335339156520150,335339156521483,335339156952400,335339157131150,335339208549581,335339156514150,16799771,335339157334358,335339165580400,335339167020150,335339181238066,335339188996316,9399375,287042,335339188996316,335339181844150,-1,335339181238066,
0,116104337,335339173066477,335339173066477,0,335339173355441,335339173356900,335339173777150,335339173921191,335339225349352,335339173349066,16799771,335339174121400,335339182021941,335339183305733,335339198036108,335339205846441,9862792,290875,335339205846441,335339198706816,-1,335339198036108,
0,116104345,335339189866248,335339189866248,0,335339190126150,335339190127691,335339190550066,335339190693233,335339242149123,335339190119983,16799771,335339190882400,335339198883650,335339200311108,335339215152566,335339222859983,9648375,348000,335339222859983,335339215814650,-1,335339215152566,
0,116104353,335339206666019,335339206666019,0,335339206921775,335339206923191,335339207342983,335339207486691,335339258948894,335339206915608,16799771,335339207665066,335339216040025,335339217390733,335339232128650,335339239922108,9424958,292417,335339239922108,335339232799775,-1,335339232128650,
0,116104361,335339223465790,335339223465790,0,335339223759900,335339223761275,335339224207316,335339224353108,335339275748665,335339223753858,16799771,335339224532900,335339232977733,335339234324566,335339248923400,335339256653483,9243541,341000,335339256653483,335339249580483,-1,335339248923400,
0,116104369,335339240265561,335339240265561,0,335339240523191,335339240524566,335339240950358,335339241094941,335339292548436,335339240517191,16799771,335339241243983,335339249782275,335339251145275,335339265263233,335339272968025,9233292,305166,335339272968025,335339265886525,-1,335339265263233,
0,116104377,335339257065332,335339257065332,0,335339257337400,335339257338691,335339257756608,335339257900483,335339309348207,335339257332025,16799771,335339258053025,335339266062900,335339267339483,335339282800900,335339290540358,9963333,384417,335339290540358,335339283552066,-1,335339282800900,
0,116104385,335339273865103,335339273865103,0,335339274116900,335339274118066,335339274891691,335339275043650,335339326147978,335339274110900,16799771,335339275206691,335339283794483,335339285468275,335339301573983,335339309286691,9057583,328542,335339309286691,335339302269275,-1,335339301573983,
0,116104393,335339290664874,335339290664874,0,335339291011400,335339291013316,335339299990608,335339300364941,335339342947749,335339291002775,16799771,335339300518900,335339302475941,335339304226566,335339317777650,335339325507566,6947291,348125,335339325507566,335339318613900,-1,335339317777650,
0,116104401,335339307464645,335339307464645,0,335339307761650,335339307763358,335339308299608,335339308515316,335339359747520,335339307754150,16799771,335339308559233,335339318825025,335339320152608,335339335502400,335339343233233,8010375,403000,335339343233233,335339336290400,-1,335339335502400,
0,116104409,335339324264416,335339324264416,0,335339324688900,335339324690566,335339325163983,335339325359816,335339376547291,335339324679941,16799771,335339325406650,335339336596108,335339337877316,335339352146858,335339359889191,6870792,663500,335339359889191,335339353221233,-1,335339352146858,
0,116104417,335339341064187,335339341064187,0,335339341383150,335339341384900,335339341940858,335339342133525,335339393347062,335339341375858,16799771,335339342188275,335339353441941,335339354927358,335339368428108,335339376226066,6615667,711709,335339376226066,335339369559066,-1,335339368428108,
0,116104425,335339357863958,335339357863958,0,335339358186650,335339358188358,335339358693275,335339358876483,335339410146833,335339358179066,16799771,335339358922191,335339369781275,335339371182733,335339387552608,335339395281525,7483792,478125,335339395281525,335339388433441,-1,335339387552608,
0,116104433,335339374663729,335339374663729,0,335339375006275,335339375008108,335339375467108,335339375663233,335339426946604,335339374997566,16799771,335339375711525,335339388639983,335339390035066,335339402391941,335339410131733,5083166,385917,335339410131733,335339403193108,-1,335339402391941,
0,116104441,335339391463500,335339391463500,0,335339391785691,335339391787775,335339392283441,335339392463525,335339443746375,335339391777941,16799771,335339392508400,335339403415483,335339404860150,335339420309108,335339428066650,7477250,372750,335339428066650,335339421098691,-1,335339420309108,
0,116104449,335339408263271,335339408263271,0,335339408702275,335339408704358,335339409207983,335339409420775,335339460546146,335339408692233,16799771,335339409472733,335339421324733,335339422700358,335339436948816,335339444713316,6299292,457708,335339444713316,335339437864691,-1,335339436948816,
0,116104457,335339425063042,335339425063042,0,335339425532483,335339425534566,335339425989733,335339426180233,335339477345917,335339425435483,16799771,335339426226733,335339438110983,335339439701108,335339452927191,335339460670358,6067959,375625,335339460670358,335339453714733,-1,335339452927191,
0,116104465,335339441862813,335339441862813,0,335339442219025,335339442220941,335339442654733,335339442839900,335339494145688,335339442209983,16799771,335339442885566,335339453941733,335339455310775,335339470118275,335339477880191,7293500,371083,335339477880191,335339470909025,-1,335339470118275,
0,116104473,335339458662584,335339458662584,0,335339459063191,335339459065691,335339459534358,335339459736108,335339510945459,335339459053733,16799771,335339459785358,335339471132900,335339472620358,335339487384233,335339495129483,6904000,473084,335339495129483,335339488279025,-1,335339487384233,
0,116104481,335339475462355,335339475462355,0,335339475808983,335339475810858,335339476323900,335339476512191,335339527745230,335339475800858,16799771,335339476558358,335339488504900,335339489874608,335339503803108,335339511553566,6273792,367916,335339511553566,335339504660483,-1,335339503803108,
0,116104611,335339777858233,335339777858233,-1026451857,335339778225817,335339778227400,335339835087983,335339835390900,335339796541566,335339778218692,16799771,335339847689108,335339847863900,335339849999192,335339855559942,335339878015858,21792,351375,335339878015858,335339856289233,-1,335339855559942,
0,116104618,335339794658004,335339845057317,0,335339850445567,335339850447192,335339851094067,335339851321233,335339897340192,335339850433025,16799771,335339851880692,335339856476650,335339857820858,335339865073900,335339906879483,17084,12678708,335339906879483,335339878111525,-1,335339865073900,
0,116104625,335339861857088,335339861857088,0,335339862196567,335339862197942,335339866617942,335339866791025,335339930939734,335339862189442,16799771,335339868263942,335339878287900,335339879717775,335339888267233,335339928468858,2331250,18483542,335339928468858,335339907098275,-1,335339888267233,
0,116104633,335339878656859,335339878656859,0,335339879958233,335339879959192,335339880535525,335339880691567,335339947739505,335339879952692,16799771,335339880926775,335339907268067,335339908595442,335339921475358,335339938338942,6914042,6753167,335339938338942,335339928561233,-1,335339921475358,
0,116104641,335339895456630,335339895456630,0,335339908852817,335339908853650,335339909342108,335339909475150,335339964539276,335339908847108,16799771,335339909677275,335339928737858,335339930242275,335339938273900,335339948653692,2217834,288125,335339948653692,335339938885483,-1,335339938273900,
0,116104649,335339912256401,335339929056172,0,335339930531067,335339930532525,335339931056650,335339931203025,335339981339047,335339930519567,16799771,335339931472442,335339939061525,335339940445692,335339954827900,335339965004400,8802125,292083,335339965004400,335339955435025,-1,335339954827900,
0,116104658,335339945855943,335339945855943,0,335339946119608,335339946121483,335339946667192,335339946827775,335339998138818,335339946113525,16799771,335339947279233,335339955608650,335339957040942,335339971890567,335339982180108,8932958,289334,335339982180108,335339972613150,-1,335339971890567,
0,116104666,335339962655714,335339962655714,0,335339962926150,335339962927650,335339963418275,335339963567858,335340014938589,335339962919608,16799771,335339963767525,335339972790233,335339974163942,335339988926108,335339999132858,8635750,288667,335339999132858,335339989530775,-1,335339988926108,
0,116104674,335339979455485,335339979455485,0,335339979720733,335339979722108,335339980183858,335339980329025,335340031738360,335339979714358,16799771,335339980528317,335339989780483,335339991164983,335340005473400,335340015701775,8432250,290125,335340015701775,335340006082358,-1,335340005473400,
0,116104682,335339996255256,335339996255256,0,335339996530525,335339996532400,335339997006275,335339997151567,335340048538131,335339996524233,16799771,335339997371817,335340006258525,335340007584233,335340022686692,335340033063525,8895459,294209,335340033063525,335340023307650,-1,335340022686692,
0,116104690,335340013055027,335340013055027,0,335340013328275,335340013329483,335340013763692,335340013905525,335340065337902,335340013321942,16799771,335340014103150,335340023489817,335340025034025,335340039812483,335340050259192,8320708,312875,335340050259192,335340040605192,-1,335340039812483,
0,116104698,335340029854798,335340029854798,0,335340030160733,335340030162150,335340030656442,335340030814025,335340082137673,335340030153858,16799771,335340031094442,335340040797650,335340042344192,335340057068733,335340067271942,7720917,372250,335340067271942,335340057773525,-1,335340057068733,
0,116104706,335340046654569,335340046654569,0,335340046976817,335340046978233,335340047505317,335340047662192,335340098937444,335340046970233,16799771,335340047908108,335340057950275,335340059381858,335340072681525,335340082969650,7401458,309083,335340082969650,335340073373775,-1,335340072681525,
0,116104714,335340063454340,335340063454340,0,335340063708192,335340063709942,335340064200358,335340064351692,335340115737215,335340063702317,16799771,335340064559775,335340073551733,335340074917775,335340090541108,335340098297108,8831458,352292,335340098297108,335340091283108,-1,335340090541108,
0,116104722,335340080254111,335340080254111,0,335340080566400,335340080568067,335340080986525,335340081138650,335340132536986,335340080559692,16799771,335340081365900,335340091514317,335340093226608,335340107957442,335340115834275,7265292,362500,335340115834275,335340108764400,-1,335340107957442,
0,116104730,335340097053882,335340097053882,0,335340097331150,335340097332858,335340097763400,335340097936025,335340149336757,335340097325192,16799771,335340098214358,335340109046733,335340110625733,335340125163192,335340132954858,6980917,616584,335340132954858,335340126155733,-1,335340125163192,
0,116104738,335340113853653,335340113853653,0,335340114183858,335340114185692,335340114665192,335340114843108,335340166136528,335340114175733,16799771,335340115093067,335340126360858,335340127938692,335340141633858,335340149437442,6387917,626708,335340149437442,335340142756817,-1,335340141633858,
0,116104746,335340130653424,335340130653424,0,335340130962608,335340130964733,335340131389983,335340131576025,335340182936299,335340130955775,16799771,335340131875983,335340142969608,335340144855317,335340157779108,335340165560900,6154917,594833,335340165560900,335340158747358,-1,335340157779108,
0,116104754,335340147453195,335340147453195,0,335340147776108,335340147777692,335340148288733,335340148456317,335340199736070,335340147768483,16799771,335340148690650,335340158951233,335340160542358,335340175329983,335340183105608,7425083,639000,335340183105608,335340176341150,-1,335340175329983,
0,116104762,335340164252966,335340164252966,0,335340164584733,335340164586942,335340165072692,335340165250317,335340216535841,335340164576983,16799771,335340165548650,335340176543817,335340178248525,335340193939567,335340201698775,6714416,691750,335340201698775,335340195022483,-1,335340193939567,
0,116104770,335340181052737,335340181052737,0,335340181354567,335340181356067,335340181700983,335340181913483,335340233335612,335340181347275,16799771,335340182211192,335340195234692,335340196990942,335340209267108,335340217030650,4548375,659792,335340217030650,335340210317025,-1,335340209267108,
0,116104778,335340197852508,335340197852508,0,335340198184067,335340198185567,335340198554775,335340198769692,335340250135383,335340198176567,16799771,335340199030900,335340210529900,335340212114650,335340226795025,335340234560775,6382750,623959,335340234560775,335340227809358,-1,335340226795025,
0,116104786,335340214652279,335340214652279,0,335340214971192,335340214972983,335340215366983,335340215563192,335340266935154,335340214964233,16799771,335340215849817,335340228059192,335340229604150,335340242277317,335340250018858,5624209,635458,335340250018858,335340243309442,-1,335340242277317,
0,116104794,335340231452050,335340231452050,0,335340231774275,335340231776025,335340232246483,335340232506317,335340283734925,335340231766608,16799771,335340232741067,335340243530192,335340245110358,335340260164525,335340267907525,7064333,634042,335340267907525,335340261189400,-1,335340260164525,
0,116104802,335340248251821,335340248251821,0,335340248609400,335340248611108,335340249107983,335340249305942,335340300534696,335340248600775,16799771,335340249562400,335340261402192,335340262931400,335340276952483,335340284716567,6231375,716000,335340284716567,335340278089900,-1,335340276952483,
0,116104810,335340265051592,335340265051592,0,335340265379817,335340265381567,335340265841483,335340266023775,335340317334467,335340265371942,16799771,335340266261358,335340278319817,335340280257525,335340293510150,335340301257775,5353709,644083,335340301257775,335340294546275,-1,335340293510150,
0,116104818,335340281851363,335340281851363,0,335340282183150,335340282184817,335340282569733,335340282750567,335340334134238,335340282175442,16799771,335340282985567,335340294760942,335340296338150,335340310318067,335340318078650,6162500,625708,335340318078650,335340311338900,-1,335340310318067,
0,116104826,335340298651134,335340298651134,0,335340299030525,335340299032275,335340299454275,335340299650233,335340350934009,335340299022525,16799771,335340299904483,335340311555983,335340313136900,335340327987692,335340335758859,6174209,658250,335340335758859,335340329066900,-1,335340327987692,
0,116104834,335340315450905,335340315450905,0,335340315783608,335340315785483,335340316210483,335340316396067,335340367733780,335340315775692,16799771,335340316645983,335340329280025,335340330821942,335340342991234,335340350778275,5176875,645750,335340350778275,335340344054984,-1,335340342991234,
0,116104842,335340332250676,335340332250676,0,335340332573525,335340332575442,335340332962692,335340333230900,335340384533551,335340332565859,16799771,335340333472317,335340344269859,335340345807984,335340360887317,335340368664150,7189000,631833,335340368664150,335340361909234,-1,335340360887317,
0,116104850,335340349050447,335340349050447,0,335340349408317,335340349410025,335340349828859,335340350025484,335340401333322,335340349399275,16799771,335340350285317,335340362124317,335340363654150,335340378363359,335340386227817,6242583,675333,335340386227817,335340379567109,-1,335340378363359,
0,116104858,335340365850218,335340365850218,0,335340366179775,335340366181650,335340366569317,335340366754150,335340418133093,335340366172150,16799771,335340367012150,335340379885400,335340381954984,335340393322609,335340401101859,4177417,644333,335340401101859,335340394357442,-1,335340393322609,
0,116104866,335340382649989,335340382649989,0,335340382988067,335340382989775,335340383449525,335340383678817,335340434932864,335340382980442,16799771,335340384083609,335340394571317,335340396144109,335340411700734,335340419527984,7439458,622667,335340419527984,335340412759609,-1,335340411700734,
0,116104874,335340399449760,335340399449760,0,335340399782317,335340399784150,335340400213567,335340400402442,335340451732635,335340399774400,16799771,335340400641984,335340412974525,335340414525734,335340426966900,335340434717317,5480792,644209,335340434717317,335340428031984,-1,335340426966900,
0,116104882,335340416249531,335340416249531,0,335340416620609,335340416622942,335340417050359,335340417272942,335340468532406,335340416611025,16799771,335340417509817,335340428250817,335340429782025,335340445013275,335340452950609,7168250,616500,335340452950609,335340446107817,-1,335340445013275,
0,116104890,335340433049302,335340433049302,0,335340433412067,335340433413859,335340433826525,335340434024484,335340485332177,335340433404359,16799771,335340434284359,335340446401900,335340448137234,335340461791567,335340469614484,5863833,975208,335340469614484,335340463187900,-1,335340461791567,
0,116104898,335340449849073,335340449849073,0,335340450176859,335340450178692,335340450565317,335340450748275,335340502131948,335340450169025,16799771,335340450984984,335340463401734,335340464988817,335340477385025,335340485134525,5356375,633625,335340485134525,335340478414317,-1,335340477385025,
0,116104906,335340466648844,335340466648844,0,335340466989859,335340466991567,335340467459400,335340467643567,335340518931719,335340466981900,16799771,335340467878567,335340478629109,335340480215942,335340495169859,335340502979942,7083458,674166,335340502979942,335340496238442,-1,335340495169859,
0,116104914,335340483448615,335340483448615,0,335340483842900,335340483844692,335340484314525,335340484511609,335340535731490,335340483834442,16799771,335340484857900,335340496454275,335340498015859,335340512285984,335340520053775,6375042,986208,335340520053775,335340513691775,-1,335340512285984,
0,116104922,335340500248386,335340500248386,0,335340500572942,335340500574692,335340500959692,335340501140192,335340552531261,335340500565067,16799771,335340501456150,335340513905025,335340515452192,335340527769275,335340535552775,5355292,630666,335340535552775,335340528841067,-1,335340527769275,
0,116104930,335340517048157,335340517048157,0,335340517373817,335340517375775,335340517843192,335340518032234,335340569331032,335340517366150,16799771,335340518268442,335340529056942,335340530586275,335340546595650,335340554369775,7140500,637125,335340554369775,335340547631900,-1,335340546595650,
0,116104938,335340533847928,335340533847928,0,335340534211859,335340534213525,335340534719484,335340534949109,335340586130803,335340534203359,16799771,335340535219567,335340547837025,335340549373317,335340561052650,335340568874484,5180750,613708,335340568874484,335340562042609,-1,335340561052650,
0,116104946,335340550647699,335340550647699,0,335340550988609,335340550990234,335340551388234,335340551566609,335340602930574,335340550980650,16799771,335340552066525,335340562243484,335340563908525,335340578264275,335340586017109,7259625,586375,335340586017109,335340579223734,-1,335340578264275,
0,116104954,335340567447470,335340567447470,0,335340567796942,335340567798650,335340568235067,335340568419025,335340619730345,335340567788775,16799771,335340568661775,335340579422442,335340580909234,335340593660150,335340601398150,6876500,726917,335340601398150,335340594749984,-1,335340593660150,
0,116104962,335340584247241,335340584247241,0,335340584646609,335340584648150,335340584990025,335340585146567,335340636530116,335340584639567,16799771,335340585342484,335340594938484,335340596318317,335340610325775,335340618125942,8561125,300208,335340618125942,335340610956692,-1,335340610325775,
0,116104970,335340601047012,335340601047012,-461914069,335340601686984,335340601688484,335340602006359,335340602197150,335340653329887,335340601680234,16799771,335340602426400,335340611137400,335340612474025,335340630699067,335340638503734,11610042,455834,335340638503734,335340631619984,-1,335340630699067,
0,116104978,335340617846783,335340617846783,-865659956,335340618440067,335340618441650,335340620899609,335340621082859,335340670129658,335340618432859,16799771,335340621857525,335340631809150,335340633523900,335340644452734,335340652479234,4563083,631959,335340652479234,335340645433734,-1,335340644452734,
0,116104986,335340634646554,335340634646554,0,335340634972650,335340634974275,335340635533234,335340635718067,335340686929429,335340634965359,16799771,335340636246442,335340645613484,335340647097025,335340662641484,335340670600067,7864834,622500,335340670600067,335340663620150,-1,335340662641484,
0,116104994,335340651446325,335340651446325,0,335340651745109,335340651746567,335340664546317,335340664694609,335340703729200,335340651738942,16799771,335340668330025,335340668507150,335340669942817,335340678351567,335340686277192,1715375,286666,335340686277192,335340678963109,-1,335340678351567,
0,116105002,335340668246096,335340668246096,0,335340670199400,335340670200484,335340674801317,335340674969484,335340720528971,335340670193650,16799771,335340676870692,335340679139734,335340680559150,335340695844317,335340705966109,7891000,274750,335340705966109,335340696499400,-1,335340695844317,
0,116105010,335340685045867,335340685045867,0,335340685303192,335340685304275,335340685791442,335340685943984,335340737328742,335340685296734,16799771,335340686158525,335340696675609,335340698016317,335340710733942,335340720123817,7262750,287000,335340720123817,335340711338442,-1,335340710733942,
0,116105018,335340701845638,335340701845638,0,335340702105359,335340702106567,335340702681150,335340702828109,335340754128513,335340702098734,16799771,335340703046442,335340711515275,335340712866984,335340727323442,335340736106900,9121500,288958,335340736106900,335340727937484,-1,335340727323442,
0,116105026,335340718645409,335340718645409,0,335340718900109,335340718901525,335340719384150,335340719539650,335340770928284,335340718893817,16799771,335340719764150,335340728138817,335340729459484,335340744108984,335340752470567,9329958,317833,335340752470567,335340744742109,-1,335340744108984,
0,116105034,335340735445180,335340735445180,0,335340735707734,335340735709442,335340736259109,335340736410192,335340787728055,335340735701150,16799771,335340736633900,335340744918567,335340746235442,335340760850359,335340768949317,9355583,289542,335340768949317,335340761461942,-1,335340760850359,
0,116105042,335340752244951,335340752244951,0,335340752505942,335340752507567,335340752995400,335340753303775,335340804527826,335340752498900,16799771,335340753528525,335340761640525,335340762935442,335340777331650,335340785204900,9512042,291208,335340785204900,335340777939150,-1,335340777331650,
0,116105050,335340769044722,335340769044722,0,335340769303692,335340769305025,335340769794567,335340769945734,335340821327597,335340769297442,16799771,335340770163984,335340778112109,335340779406275,335340794038984,335340801841942,9795208,283416,335340801841942,335340794639734,-1,335340794038984,
0,116105058,335340785844493,335340785844493,0,335340786104025,335340786105692,335340786601484,335340786752734,335340838127368,335340786097609,16799771,335340787162900,335340794813359,335340796219775,335340810828984,335340818569275,9800916,288625,335340818569275,335340811429192,-1,335340810828984,
0,116105066,335340802644264,335340802644264,0,335340802942859,335340802944317,335340803392859,335340803550525,335340854927139,335340802936359,16799771,335340803771734,335340811603734,335340812927442,335340827579734,335340835307150,9840792,544750,335340835307150,335340828443734,-1,335340827579734,
0,116105074,335340819444035,335340819444035,0,335340819702859,335340819704317,335340820169900,335340820321567,335340871726910,335340819696859,16799771,335340820533650,335340828619192,335340829894859,335340844485984,335340852219775,9642792,504458,335340852219775,335340845309692,-1,335340844485984,
0,116105082,335340836243806,335340836243806,0,335340836501900,335340836503400,335340836975984,335340837127317,335340888526681,335340836495775,16799771,335340837353650,335340845484192,335340846798775,335340861226859,335340869011192,9617500,511084,335340869011192,335340862056817,-1,335340861226859,
0,116105090,335340853043577,335340853043577,0,335340853303234,335340853304692,335340853747650,335340853901775,335340905326452,335340853297359,16799771,335340854118192,335340862233567,335340863500734,335340878038692,335340885770400,9731875,509458,335340885770400,335340878870692,-1,335340878038692,
0,116105098,335340869843348,335340869843348,0,335340870130734,335340870132567,335340870610442,335340870775150,335340922126223,335340870124150,16799771,335340871055359,335340879046359,335340880363317,335340894822567,335340902521942,9631416,506167,335340902521942,335340895648109,-1,335340894822567,
0,116105106,335340886643119,335340886643119,0,335340886899567,335340886900984,335340887338317,335340887505359,335340938925994,335340886893109,16799771,335340887695775,335340895824609,335340897134692,335340911649400,335340919366359,9640709,541459,335340919366359,335340912508775,-1,335340911649400,
0,116105114,335340903442890,335340903442890,0,335340903690484,335340903692025,335340904189817,335340904344775,335340955725765,335340903684317,16799771,335340904503609,335340912684150,335340913949900,335340930634942,335340938413567,10135083,633250,335340938413567,335340931654067,-1,335340930634942,
0,116105122,335340920242661,335340920242661,0,335340920571442,335340920573192,335340921172067,335340921356984,335340972525536,335340920563859,16799771,335340921547817,335340931867734,335340933496359,335340949683275,335340957427900,7435000,360291,335340957427900,335340950481942,-1,335340949683275,
0,116105130,335340937042432,335340937042432,0,335340937398609,335340937400400,335340938512317,335340938722609,335340989325307,335340937389692,16799771,335340939056192,335340950689359,335340952397234,335340965391525,335340973207984,5427958,675834,335340973207984,335340966490150,-1,335340965391525,
0,116105138,335340953842203,335340953842203,0,335340954136692,335340954138025,335340962943275,335340963148275,335341006125078,335340954129734,16799771,335340963306567,335340966722275,335340968455692,335340980584984,335340988378359,5813833,630458,335340988378359,335340981603275,-1,335340980584984,
0,116105146,335340970641974,335340970641974,0,335340970935817,335340970937567,335340971354067,335340971534942,335341022924849,335340970928567,16799771,335340971579234,335340981811400,335340983081109,335340998932359,335341006771692,8057459,712083,335341006771692,335341000118109,-1,335340998932359,
0,116105154,335340987441745,335340987441745,0,335340987813150,335340987815317,335340988238942,335340988452734,335341039724620,335340987804775,16799771,335340988496984,335341000338650,335341001821317,335341014313984,335341022162651,6193250,634667,335341022162651,335341015333025,-1,335341014313984,
0,116105162,335341004241516,335341004241516,0,335341004632859,335341004634734,335341005021859,335341005191817,335341056524391,335341004625525,16799771,335341005234817,335341015538442,335341016856400,335341032072401,335341039826651,8063667,619542,335341039826651,335341033105734,-1,335341032072401,
0,116105170,335341021041287,335341021041287,0,335341021361817,335341021363359,335341022158192,335341022351401,335341073324162,335341021354817,16799771,335341022397234,335341033309734,335341034579984,335341048646776,335341056448817,6993834,674500,335341056448817,335341049727067,-1,335341048646776,
0,116105178,335341037841058,335341037841058,0,335341038159817,335341038161609,335341038551192,335341038721609,335341090123933,335341038152484,16799771,335341038764442,335341049946276,335341051315484,335341064863817,335341072623109,7196792,623375,335341072623109,335341065876359,-1,335341064863817,
0,116105186,335341054640829,335341054640829,0,335341054991567,335341054993401,335341055412026,335341055594942,335341106923704,335341054982359,16799771,335341055640817,335341066080151,335341067344984,335341082038484,335341089765234,7941292,622583,335341089765234,335341083039442,-1,335341082038484,
0,116105194,335341071440600,335341071440600,0,335341071799442,335341071801317,335341072314026,335341072500942,335341123723475,335341071791359,16799771,335341072547776,335341083242817,335341084557734,335341099020859,335341106769276,7482500,739708,335341106769276,335341100185276,-1,335341099020859,
0,116105202,335341088240371,335341088240371,0,335341088550776,335341088552317,335341088936817,335341089108067,335341140523246,335341088543817,16799771,335341089151234,335341100414484,335341101687692,335341115661942,335341123417484,7095125,707375,335341123417484,335341116783234,-1,335341115661942,
0,116105210,335341105040142,335341105040142,0,335341105353526,335341105355151,335341105940442,335341106114067,335341157323017,335341105346192,16799771,335341106157526,335341117003317,335341118399484,335341133622359,335341141372817,7470042,680166,335341141372817,335341134725901,-1,335341133622359,
0,116105218,335341121839913,335341121839913,0,335341122183651,335341122185234,335341122923859,335341123126651,335341174122788,335341122175609,16799771,335341123175651,335341134947067,335341136359484,335341149749609,335341157497317,6094541,764833,335341157497317,335341150933692,-1,335341149749609,
0,116105488,335341760231211,335341760231211,0,335341760644526,335341760647276,335341774484318,335341774715609,335341778914544,335341760633984,16799771,335341779840151,335341780161109,335341782390234,335341790742776,335341807739609,32667,540875,335341807739609,335341791712651,-1,335341790742776,
0,116105495,335341777030982,335341777030982,0,335341782892818,335341782895109,335341784546109,335341785022693,335341829313857,335341782881026,16799771,335341785505776,335341791932734,335341793434318,335341811032609,335341829818193,23250,431833,335341829818193,335341811904276,-1,335341811032609,
0,116105502,335341793830753,335341793830753,0,335341794262068,335341794264234,335341795781443,335341796058401,335341862913399,335341794252734,16799771,335341796108901,335341812198693,335341815710193,335341830774193,335341846014484,26250,358333,335341846014484,335341831499734,-1,335341830774193,
0,116105510,335341810630524,335341810630524,0,335341817147943,335341817150276,335341818818193,335341819034026,335341879713170,335341817133401,16799771,335341819475859,335341831707318,335341833063193,335341860226901,335341866884818,15031625,431583,335341866884818,335341861420068,-1,335341860226901,
0,116105518,335341827430295,335341827430295,0,335341833395401,335341833396651,335341834570609,335341834756234,335341896512941,335341833387859,16799771,335341835264026,335341861642276,335341867759818,335341876654234,335341884694193,24875,394333,335341884694193,335341877477443,-1,335341876654234,
0,116105526,335341844230066,335341861029837,0,335341868184984,335341868186568,335341869622068,335341869835443,335341913312712,335341868167484,16799771,335341870354109,335341877708526,335341879536026,335341892399651,335341900423026,2082500,409500,335341900423026,335341893220651,-1,335341892399651,
0,116105535,335341877829608,335341877829608,0,335341881537359,335341881539359,335341882790359,335341883021026,335341930112483,335341881525401,16799771,335341883417234,335341893561068,335341895001193,335341906545276,335341914573026,3650875,403083,335341914573026,335341907354068,-1,335341906545276,
0,116105543,335341894629379,335341894629379,0,335341895368318,335341895369526,335341898428776,335341898667026,335341946912254,335341895359734,16799771,335341899132901,335341907583859,335341909096943,335341926872193,335341934901693,6499750,706708,335341934901693,335341927993984,-1,335341926872193,
0,116105551,335341911429150,335341911429150,0,335341911789068,335341911791318,335341913159193,335341913379443,335341963712025,335341911779901,16799771,335341915803734,335341928251943,335341929835651,335341941198109,335341949330359,2603791,1006500,335341949330359,335341942649984,-1,335341941198109,
0,116105559,335341928228921,335341928228921,0,335341931853901,335341931856151,335341933361484,335341933586234,335341980511796,335341931838026,16799771,335341934013901,335341942879776,335341944484193,335341957640109,335341965782109,4577250,722958,335341965782109,335341958778234,-1,335341957640109,
0,116105567,335341945028692,335341945028692,0,335341945388651,335341945390234,335341946645609,335341946848359,335341997311567,335341945381193,16799771,335341949142984,335341959005943,335341960589359,335341975501318,335341983727568,5506625,494334,335341983727568,335341976457776,-1,335341975501318,
0,116105575,335341961828463,335341961828463,0,335341962180193,335341962181818,335341963585943,335341963806068,335342014111338,335341962172609,16799771,335341966223318,335341976696318,335341978413443,335341988972651,335341997106276,4448417,595250,335341997106276,335341990022609,-1,335341988972651,
0,116105583,335341978628234,335341978628234,0,335341979018943,335341979020568,335341982697401,335341982942401,335342030911109,335341979009943,16799771,335341983409693,335341990206484,335341991407609,335342005135484,335342013137776,7638667,546833,335342013137776,335342006024443,-1,335342005135484,
0,116105591,335341995428005,335341995428005,0,335341995756484,335341995758109,335341997036193,335341997241109,335342047710880,335341995749109,16799771,335341999162193,335342006202984,335342007469901,335342020768609,335342028810318,8187292,292083,335342028810318,335342021382734,-1,335342020768609,
0,116105599,335342012227776,335342012227776,0,335342012515026,335342012516693,335342013590526,335342013750068,335342064510651,335342012507818,16799771,335342014051443,335342021559526,335342022664901,335342039187651,335342047175109,10035375,307292,335342047175109,335342039896526,-1,335342039187651,
0,116105607,335342029027547,335342029027547,0,335342029337859,335342029339484,335342030784359,335342030962026,335342081310422,335342029330109,16799771,335342032885526,335342040111151,335342041405359,335342057394318,335342065288484,8228834,370292,335342065288484,335342058161359,-1,335342057394318,
0,116105615,335342045827318,335342045827318,0,335342046175526,335342046177193,335342049504109,335342049728193,335342098110193,335342046168026,16799771,335342050168526,335342058464276,335342059911151,335342073166484,335342081318734,6287084,449000,335342081318734,335342074010484,-1,335342073166484,
0,116105623,335342062627089,335342062627089,0,335342062949859,335342062951484,335342063265526,335342063444401,335342114909964,335342062942568,16799771,335342063713068,335342074225276,335342075648068,335342091244109,335342099244026,7642500,402833,335342099244026,335342092160651,-1,335342091244109,
0,116105631,335342079426860,335342079426860,0,335342079742818,335342079744443,335342080091651,335342080323568,335342131709735,335342079735318,16799771,335342080576193,335342092377568,335342093881401,335342106805526,335342114497443,6152833,426833,335342114497443,335342107635068,-1,335342106805526,
---PROFILEDATA---


View hierarchy:

  com.auroratv.lab/com.auroratv.MainActivity/android.view.ViewRootImpl@1725dad
  357 views, 635.08 kB of render nodes


Total ViewRootImpl   : 1
Total attached Views : 357
Total RenderNode     : 635.08 kB (used) / 2550.89 kB (capacity)

