16683333
0	0	0
0	0	0
0	0	0
0	0	0
0	0	0
0	0	0
0	0	0
0	0	0
0	0	0
0	0	0
0	0	0
0	0	0
0	0	0
0	0	0
0	0	0
0	0	0
0	0	0
0	0	0
0	0	0
0	0	0
0	0	0
0	0	0
0	0	0
0	0	0
0	0	0
0	0	0
0	0	0
0	0	0
0	0	0
0	0	0
0	0	0
0	0	0
0	0	0
0	0	0
0	0	0
0	0	0
0	0	0
0	0	0
0	0	0
0	0	0
0	0	0
0	0	0
0	0	0
0	0	0
0	0	0
0	0	0
0	0	0
0	0	0
0	0	0
0	0	0
0	0	0
0	0	0
0	0	0
0	0	0
0	0	0
0	0	0
0	0	0
0	0	0
0	0	0
0	0	0
0	0	0
0	0	0
0	0	0
0	0	0
0	0	0
0	0	0
0	0	0
0	0	0
0	0	0
0	0	0
0	0	0
0	0	0
0	0	0
0	0	0
0	0	0
0	0	0
0	0	0
0	0	0
0	0	0
0	0	0
0	0	0
0	0	0
0	0	0
0	0	0
0	0	0
0	0	0
0	0	0
0	0	0
0	0	0
0	0	0
0	0	0
0	0	0
0	0	0
0	0	0
0	0	0
0	0	0
0	0	0
0	0	0
0	0	0
0	0	0
0	0	0
0	0	0
0	0	0
0	0	0
0	0	0
0	0	0
0	0	0
0	0	0
0	0	0
0	0	0
0	0	0
0	0	0
0	0	0
0	0	0
0	0	0
0	0	0
0	0	0
0	0	0
0	0	0
0	0	0
0	0	0
0	0	0
0	0	0
0	0	0
0	0	0
0	0	0
0	0	0

===
16683333
0	0	0
0	0	0
0	0	0
0	0	0
0	0	0
0	0	0
0	0	0
0	0	0
0	0	0
0	0	0
0	0	0
0	0	0
0	0	0
0	0	0
0	0	0
0	0	0
0	0	0
0	0	0
0	0	0
0	0	0
0	0	0
0	0	0
0	0	0
0	0	0
0	0	0
0	0	0
0	0	0
0	0	0
0	0	0
0	0	0
0	0	0
0	0	0
0	0	0
0	0	0
0	0	0
0	0	0
0	0	0
0	0	0
0	0	0
0	0	0
0	0	0
0	0	0
0	0	0
0	0	0
0	0	0
0	0	0
0	0	0
0	0	0
0	0	0
0	0	0
0	0	0
0	0	0
0	0	0
0	0	0
0	0	0
0	0	0
0	0	0
0	0	0
0	0	0
0	0	0
0	0	0
0	0	0
0	0	0
0	0	0
0	0	0
0	0	0
0	0	0
0	0	0
0	0	0
0	0	0
0	0	0
0	0	0
0	0	0
0	0	0
0	0	0
0	0	0
0	0	0
0	0	0
0	0	0
335332788181522	335332793489445	335332804398522
335332820516605	335332826856111	335332839090813
335332845039230	335332860222777	335332863617647
335332861023480	335332876906110	335332882739272
335332894595938	335332910272776	335332914045688
335332905775730	335332926956109	335332921889605
335332936933272	335332960322775	335332944606688
335332953171522	335332977006108	335332960755438
335332967751688	335332993689441	335332975426813
335332985382188	335333010372774	335332993123188
335333001755938	335333027056107	335333009796272
335333019946772	335333043739440	335333027609522
335333036372980	335333060422773	335333043927772
335333051935355	335333077106106	335333059645563
335333067847397	335333093789439	335333075518438
335333084470397	335333110472772	335333092080605
335333100193147	335333127156105	335333107796355
335333118044855	335333143839438	335333125505230
335333229373105	335333243939436	335333237923647
335333253996438	335333293989435	335333282352938
335333271609938	335333327356101	335333312851355
335333307107272	335333344039434	335333342620647
335333339540897	335333360722767	335333353906147
335333355271230	335333377406100	335333365125814
335333371306980	335333394089433	335333381203439
335333387230397	335333410772766	335333397123855
335333403536439	335333427456099	335333413454355
335333421711522	335333444139432	335333431458397
335333438745897	335333460822765	335333448539730
335333458745189	335333477506098	335333466118480
335333471337397	335333494189431	335333478769272
335333488981980	335333510872764	335333496353105
335333506550939	335333527556097	335333513930605
335333523401439	335333544239430	335333530847647
335333539242980	335333560922763	335333546690980
335333556883939	335333577606096	335333564235564
335333575066147	335333594289429	335333582513730
335333590422980	335333610972762	335333597732814
335333608265647	335333627656095	335333615617522
335333624053230	335333644339428	335333631356689
335333641931980	335333661022761	335333649255105
335333657666230	335333677706094	335333665020355
335333675298439	335333694389427	335333682648855
335333692208189	335333711072760	335333699523105
335333707557772	335333727756093	335333714913064
335333725355022	335333744439426	335333732812022
335333743389730	335333761122759	335333750412897
335333757932189	335333777806092	335333765316814

===
16683333
0	0	0
0	0	0
0	0	0
0	0	0
0	0	0
0	0	0
0	0	0
0	0	0
0	0	0
0	0	0
0	0	0
0	0	0
0	0	0
0	0	0
0	0	0
0	0	0
0	0	0
0	0	0
0	0	0
0	0	0
0	0	0
0	0	0
0	0	0
0	0	0
0	0	0
0	0	0
0	0	0
0	0	0
0	0	0
335332788181522	335332793489445	335332804398522
335332820516605	335332826856111	335332839090813
335332845039230	335332860222777	335332863617647
335332861023480	335332876906110	335332882739272
335332894595938	335332910272776	335332914045688
335332905775730	335332926956109	335332921889605
335332936933272	335332960322775	335332944606688
335332953171522	335332977006108	335332960755438
335332967751688	335332993689441	335332975426813
335332985382188	335333010372774	335332993123188
335333001755938	335333027056107	335333009796272
335333019946772	335333043739440	335333027609522
335333036372980	335333060422773	335333043927772
335333051935355	335333077106106	335333059645563
335333067847397	335333093789439	335333075518438
335333084470397	335333110472772	335333092080605
335333100193147	335333127156105	335333107796355
335333118044855	335333143839438	335333125505230
335333229373105	335333243939436	335333237923647
335333253996438	335333293989435	335333282352938
335333271609938	335333327356101	335333312851355
335333307107272	335333344039434	335333342620647
335333339540897	335333360722767	335333353906147
335333355271230	335333377406100	335333365125814
335333371306980	335333394089433	335333381203439
335333387230397	335333410772766	335333397123855
335333403536439	335333427456099	335333413454355
335333421711522	335333444139432	335333431458397
335333438745897	335333460822765	335333448539730
335333458745189	335333477506098	335333466118480
335333471337397	335333494189431	335333478769272
335333488981980	335333510872764	335333496353105
335333506550939	335333527556097	335333513930605
335333523401439	335333544239430	335333530847647
335333539242980	335333560922763	335333546690980
335333556883939	335333577606096	335333564235564
335333575066147	335333594289429	335333582513730
335333590422980	335333610972762	335333597732814
335333608265647	335333627656095	335333615617522
335333624053230	335333644339428	335333631356689
335333641931980	335333661022761	335333649255105
335333657666230	335333677706094	335333665020355
335333675298439	335333694389427	335333682648855
335333692208189	335333711072760	335333699523105
335333707557772	335333727756093	335333714913064
335333725355022	335333744439426	335333732812022
335333743389730	335333761122759	335333750412897
335333757932189	335333777806092	335333765316814
335333776573980	335333794489425	335333783941022
335333791270814	335333811172758	335333798621939
335333807599897	335333827856091	335333814996897
335333824322647	335333844539424	335333831673939
335333842467480	335333861222757	335333849755939
335333859424439	335333877906090	335333866835272
335333874858022	335333894589423	335333882235480
335333890782647	335333911272756	335333898182689
335333908840522	335333927956089	335333916313605
335333925322522	335333944639422	335333932820064
335333949852939	335333961322755	335333957520772
335333962185355	335333978006088	335333971920772
335333975801439	335333994689421	335333984901272
335333992570147	335334011372754	335334001009730
335334009161355	335334028056087	335334017174439
335334025733272	335334044739420	335334033498772
335334042408147	335334061422753	335334049943897
335334059209356	335334078106086	335334066658356
335334075112856	335334094789419	335334082570356
335334091844981	335334111472752	335334099243564
335334108558772	335334128156085	335334115951647
335334125230689	335334144839418	335334132626939
335334142304106	335334161522751	335334149679772
335334159000231	335334178206084	335334166373606
335334175804606	335334194889417	335334183189731
335334192699231	335334211572750	335334200072731
335334209854731	335334228256083	335334217171481
335334227218606	335334244939416	335334234628647
335334244473981	335334261622749	335334251883606
335334261942856	335334278306082	335334269330147
335334279714731	335334294989415	335334287016189
335334294449772	335334311672748	335334301787439
335334312413772	335334328356081	335334319799314
335334329406314	335334345039414	335334336664272
335334345506189	335334361722747	335334352841272
335334362486147	335334378406080	335334369871981
335334376898147	335334395089413	335334384268731
335334396736481	335334411772746	335334404163314
335334413410356	335334428456079	335334420722689
335334429815939	335334445139412	335334437122314
335334805295731	335334828856071	335334827353939
335334815268273	335334845539404	335334856166606
335334849893648	335334878906070	335334885921731
335334865126439	335334912272736	335334915108898
335334898637898	335334928956069	335334928505898
335334932577773	335334945639402	335334942423648
335334949185523	335334962322735	335334959039356
335334965611481	335334979006068	335334975503106
335334982289064	335334995689401	335334992243398
335334999452814	335335012372734	335335009366981

===
16683333
335333575066147	335333594289429	335333582513730
335333590422980	335333610972762	335333597732814
335333608265647	335333627656095	335333615617522
335333624053230	335333644339428	335333631356689
335333641931980	335333661022761	335333649255105
335333657666230	335333677706094	335333665020355
335333675298439	335333694389427	335333682648855
335333692208189	335333711072760	335333699523105
335333707557772	335333727756093	335333714913064
335333725355022	335333744439426	335333732812022
335333743389730	335333761122759	335333750412897
335333757932189	335333777806092	335333765316814
335333776573980	335333794489425	335333783941022
335333791270814	335333811172758	335333798621939
335333807599897	335333827856091	335333814996897
335333824322647	335333844539424	335333831673939
335333842467480	335333861222757	335333849755939
335333859424439	335333877906090	335333866835272
335333874858022	335333894589423	335333882235480
335333890782647	335333911272756	335333898182689
335333908840522	335333927956089	335333916313605
335333925322522	335333944639422	335333932820064
335333949852939	335333961322755	335333957520772
335333962185355	335333978006088	335333971920772
335333975801439	335333994689421	335333984901272
335333992570147	335334011372754	335334001009730
335334009161355	335334028056087	335334017174439
335334025733272	335334044739420	335334033498772
335334042408147	335334061422753	335334049943897
335334059209356	335334078106086	335334066658356
335334075112856	335334094789419	335334082570356
335334091844981	335334111472752	335334099243564
335334108558772	335334128156085	335334115951647
335334125230689	335334144839418	335334132626939
335334142304106	335334161522751	335334149679772
335334159000231	335334178206084	335334166373606
335334175804606	335334194889417	335334183189731
335334192699231	335334211572750	335334200072731
335334209854731	335334228256083	335334217171481
335334227218606	335334244939416	335334234628647
335334244473981	335334261622749	335334251883606
335334261942856	335334278306082	335334269330147
335334279714731	335334294989415	335334287016189
335334294449772	335334311672748	335334301787439
335334312413772	335334328356081	335334319799314
335334329406314	335334345039414	335334336664272
335334345506189	335334361722747	335334352841272
335334362486147	335334378406080	335334369871981
335334376898147	335334395089413	335334384268731
335334396736481	335334411772746	335334404163314
335334413410356	335334428456079	335334420722689
335334429815939	335334445139412	335334437122314
335334805295731	335334828856071	335334827353939
335334815268273	335334845539404	335334856166606
335334849893648	335334878906070	335334885921731
335334865126439	335334912272736	335334915108898
335334898637898	335334928956069	335334928505898
335334932577773	335334945639402	335334942423648
335334949185523	335334962322735	335334959039356
335334965611481	335334979006068	335334975503106
335334982289064	335334995689401	335334992243398
335334999452814	335335012372734	335335009366981
335335016296231	335335029056067	335335026199939
335335034835148	335335045739400	335335044565023
335335053207523	335335062422733	335335060601523
335335068590064	335335079106066	335335075906981
335335084746773	335335095789399	335335092182606
335335102956773	335335112472732	335335110286356
335335118544648	335335129156065	335335125903439
335335135433314	335335145839398	335335142803689
335335152680106	335335162522731	335335160032064
335335171167773	335335179206064	335335178521814
335335186247314	335335195889397	335335193562981
335335202427481	335335212572730	335335209769231
335335219236106	335335229256063	335335226586606
335335236990981	335335245939396	335335244360148
335335253089939	335335262622729	335335260435398
335335270389648	335335279306062	335335277730814
335335288284314	335335295989395	335335295633398
335335303376439	335335312672728	335335310726731
335335321201231	335335329356061	335335328541898
335335337769523	335335362722727	335335345129439
335335354943231	335335379406060	335335362279356
335335373060481	335335396089393	335335380418148
335335387866564	335335412772726	335335395203564
335335405270189	335335429456059	335335412676564
335335423162689	335335446139392	335335430507190
335335438203856	335335462822725	335335445584148
335335456108065	335335479506058	335335463512023
335335471373481	335335496189391	335335478713356
335335487147523	335335512872724	335335494528356
335335504779148	335335529556057	335335512145398
335335520811648	335335546239390	335335528169106
335335536990190	335335562922723	335335544412231
335335553784106	335335579606056	335335561199106
335335571122065	335335596289389	335335578577065
335335589087231	335335612972722	335335596548190
335335605825731	335335629656055	335335613223315
335335622438606	335335646339388	335335631463106
335335639017981	335335663022721	335335647488273
335335654689106	335335679706054	335335662711981
335335670822898	335335696389387	335335678564648
335335688048523	335335713072720	335335695558315
335335705217190	335335729756053	335335712703315
335335721007606	335335746439386	335335728494565
335335737769106	335335763122719	335335745228440
335335754372023	335335779806052	335335761766106
335335771181690	335335796489385	335335778558565
335335788044981	335335813172718	335335795409606
335335804921773	335335829856051	335335812287481
335335821686815	335335846539384	335335829030981
335335840750898	335335863222717	335335848096190
335335857408981	335335879906050	335335864760106
335335874929273	335335896589383	335335882224356
335335892586898	335335913272716	335335899906648
335335909102148	335335929956049	335335916508565
335335925183523	335335946639382	335335932537815
335335941968648	335335963322715	335335949304815
335335959139148	335335980006048	335335966462898
335335977191356	335335996689381	335335984492065
335335992317856	335336013372714	335335999632981
335336010812231	335336030056047	335336018124773
335336026506773	335336046739380	335336033837565
335336043938440	335336063422713	335336051306981
335336061298898	335336080106046	335336068599606
335336076744481	335336096789379	335336083866773
335336093314815	335336113472712	335336100725648

===
16683333
335334999452814	335335012372734	335335009366981
335335016296231	335335029056067	335335026199939
335335034835148	335335045739400	335335044565023
335335053207523	335335062422733	335335060601523
335335068590064	335335079106066	335335075906981
335335084746773	335335095789399	335335092182606
335335102956773	335335112472732	335335110286356
335335118544648	335335129156065	335335125903439
335335135433314	335335145839398	335335142803689
335335152680106	335335162522731	335335160032064
335335171167773	335335179206064	335335178521814
335335186247314	335335195889397	335335193562981
335335202427481	335335212572730	335335209769231
335335219236106	335335229256063	335335226586606
335335236990981	335335245939396	335335244360148
335335253089939	335335262622729	335335260435398
335335270389648	335335279306062	335335277730814
335335288284314	335335295989395	335335295633398
335335303376439	335335312672728	335335310726731
335335321201231	335335329356061	335335328541898
335335337769523	335335362722727	335335345129439
335335354943231	335335379406060	335335362279356
335335373060481	335335396089393	335335380418148
335335387866564	335335412772726	335335395203564
335335405270189	335335429456059	335335412676564
335335423162689	335335446139392	335335430507190
335335438203856	335335462822725	335335445584148
335335456108065	335335479506058	335335463512023
335335471373481	335335496189391	335335478713356
335335487147523	335335512872724	335335494528356
335335504779148	335335529556057	335335512145398
335335520811648	335335546239390	335335528169106
335335536990190	335335562922723	335335544412231
335335553784106	335335579606056	335335561199106
335335571122065	335335596289389	335335578577065
335335589087231	335335612972722	335335596548190
335335605825731	335335629656055	335335613223315
335335622438606	335335646339388	335335631463106
335335639017981	335335663022721	335335647488273
335335654689106	335335679706054	335335662711981
335335670822898	335335696389387	335335678564648
335335688048523	335335713072720	335335695558315
335335705217190	335335729756053	335335712703315
335335721007606	335335746439386	335335728494565
335335737769106	335335763122719	335335745228440
335335754372023	335335779806052	335335761766106
335335771181690	335335796489385	335335778558565
335335788044981	335335813172718	335335795409606
335335804921773	335335829856051	335335812287481
335335821686815	335335846539384	335335829030981
335335840750898	335335863222717	335335848096190
335335857408981	335335879906050	335335864760106
335335874929273	335335896589383	335335882224356
335335892586898	335335913272716	335335899906648
335335909102148	335335929956049	335335916508565
335335925183523	335335946639382	335335932537815
335335941968648	335335963322715	335335949304815
335335959139148	335335980006048	335335966462898
335335977191356	335335996689381	335335984492065
335335992317856	335336013372714	335335999632981
335336010812231	335336030056047	335336018124773
335336026506773	335336046739380	335336033837565
335336043938440	335336063422713	335336051306981
335336061298898	335336080106046	335336068599606
335336076744481	335336096789379	335336083866773
335336093314815	335336113472712	335336100725648
335336471346023	335336497189371	335336493351190
335336481597815	335336530556037	335336521201190
335336512559315	335336547239370	335336546182523
335336546368315	335336563922703	335336556044273
335336563166482	335336580606036	335336573127982
335336579181690	335336597289369	335336589223315
335336595613190	335336613972702	335336605435857
335336612340523	335336630656035	335336622148482
335336628858273	335336647339368	335336638716148
335336645641440	335336664022701	335336655527690
335336662418648	335336680706034	335336672434148
335336680921857	335336697389367	335336690799565
335336697990440	335336714072700	335336707771523
335336714946523	335336730756033	335336724734523
335336731794898	335336747439366	335336739243898
335336748704315	335336764122699	335336756085357
335336766377773	335336780806032	335336773752857
335336783520815	335336797489365	335336790952273
335336799017732	335336814172698	335336806421357
335336817435648	335336830856031	335336824909315
335336835061024	335336847539364	335336842412982
335336849702524	335336864222697	335336857080982
335336867060649	335336880906030	335336874434732
335336884548565	335336897589363	335336891913649
335336901221607	335336914272696	335336908673857
335336917784940	335336930956029	335336925161649
335336935612482	335336947639362	335336942999190
335336950293607	335336964322695	335336957638857
335336968469190	335336981006028	335336975816065
335336983711774	335336997689361	335336991117940
335337001293357	335337014372694	335337008649190
335337018486815	335337031056027	335337025826190
335337033971065	335337047739360	335337041312357
335337051566940	335337064422693	335337058911940
335337068710024	335337081106026	335337075836899
335337085317107	335337097789359	335337092653815
335337103406940	335337114472692	335337110823982
335337119793565	335337131156025	335337127233774
335337137767732	335337147839358	335337145105315
335337154117815	335337164522691	335337161427315
335337170545607	335337181206024	335337177892649
335337184646440	335337197889357	335337192083274
335337201163940	335337214572690	335337208665107
335337217876190	335337231256023	335337225449190
335337233640524	335337247939356	335337241033065
335337254223732	335337264622689	335337261680857
335337269443482	335337281306022	335337276926232
335337287045899	335337297989355	335337294680524
335337302760857	335337314672688	335337312492815
335337317566982	335337331356021	335337326631524
335337334130565	335337348039354	335337342563190
335337350883149	335337364722687	335337358890857
335337367637357	335337381406020	335337375381482
335337384136899	335337398089353	335337391640399
335337400883399	335337414772686	335337408393565
335337417638857	335337431456019	335337425108440
335337434440440	335337448139352	335337441828190
335337451163524	335337464822685	335337458572524
335337468116732	335337481506018	335337475482357
335337484825982	335337498189351	335337492213607
335337501610690	335337514872684	335337508993149

===
16683333
335335788044981	335335813172718	335335795409606
335335804921773	335335829856051	335335812287481
335335821686815	335335846539384	335335829030981
335335840750898	335335863222717	335335848096190
335335857408981	335335879906050	335335864760106
335335874929273	335335896589383	335335882224356
335335892586898	335335913272716	335335899906648
335335909102148	335335929956049	335335916508565
335335925183523	335335946639382	335335932537815
335335941968648	335335963322715	335335949304815
335335959139148	335335980006048	335335966462898
335335977191356	335335996689381	335335984492065
335335992317856	335336013372714	335335999632981
335336010812231	335336030056047	335336018124773
335336026506773	335336046739380	335336033837565
335336043938440	335336063422713	335336051306981
335336061298898	335336080106046	335336068599606
335336076744481	335336096789379	335336083866773
335336093314815	335336113472712	335336100725648
335336471346023	335336497189371	335336493351190
335336481597815	335336530556037	335336521201190
335336512559315	335336547239370	335336546182523
335336546368315	335336563922703	335336556044273
335336563166482	335336580606036	335336573127982
335336579181690	335336597289369	335336589223315
335336595613190	335336613972702	335336605435857
335336612340523	335336630656035	335336622148482
335336628858273	335336647339368	335336638716148
335336645641440	335336664022701	335336655527690
335336662418648	335336680706034	335336672434148
335336680921857	335336697389367	335336690799565
335336697990440	335336714072700	335336707771523
335336714946523	335336730756033	335336724734523
335336731794898	335336747439366	335336739243898
335336748704315	335336764122699	335336756085357
335336766377773	335336780806032	335336773752857
335336783520815	335336797489365	335336790952273
335336799017732	335336814172698	335336806421357
335336817435648	335336830856031	335336824909315
335336835061024	335336847539364	335336842412982
335336849702524	335336864222697	335336857080982
335336867060649	335336880906030	335336874434732
335336884548565	335336897589363	335336891913649
335336901221607	335336914272696	335336908673857
335336917784940	335336930956029	335336925161649
335336935612482	335336947639362	335336942999190
335336950293607	335336964322695	335336957638857
335336968469190	335336981006028	335336975816065
335336983711774	335336997689361	335336991117940
335337001293357	335337014372694	335337008649190
335337018486815	335337031056027	335337025826190
335337033971065	335337047739360	335337041312357
335337051566940	335337064422693	335337058911940
335337068710024	335337081106026	335337075836899
335337085317107	335337097789359	335337092653815
335337103406940	335337114472692	335337110823982
335337119793565	335337131156025	335337127233774
335337137767732	335337147839358	335337145105315
335337154117815	335337164522691	335337161427315
335337170545607	335337181206024	335337177892649
335337184646440	335337197889357	335337192083274
335337201163940	335337214572690	335337208665107
335337217876190	335337231256023	335337225449190
335337233640524	335337247939356	335337241033065
335337254223732	335337264622689	335337261680857
335337269443482	335337281306022	335337276926232
335337287045899	335337297989355	335337294680524
335337302760857	335337314672688	335337312492815
335337317566982	335337331356021	335337326631524
335337334130565	335337348039354	335337342563190
335337350883149	335337364722687	335337358890857
335337367637357	335337381406020	335337375381482
335337384136899	335337398089353	335337391640399
335337400883399	335337414772686	335337408393565
335337417638857	335337431456019	335337425108440
335337434440440	335337448139352	335337441828190
335337451163524	335337464822685	335337458572524
335337468116732	335337481506018	335337475482357
335337484825982	335337498189351	335337492213607
335337501610690	335337514872684	335337508993149
335337518401149	335337531556017	335337525801649
335337535700232	335337548239350	335337543122107
335337553830816	335337564922683	335337561189524
335337570923524	335337581606016	335337578316274
335337587064732	335337598289349	335337594368816
335337604746274	335337614972682	335337612090024
335337621568274	335337631656015	335337628883357
335337638257316	335337648339348	335337645520524
335337655222149	335337665022681	335337662549732
335337672119024	335337681706014	335337679468274
335337688630774	335337698389347	335337695957441
335337705613691	335337715072680	335337713021899
335337722460316	335337748439346	335337729747149
335337739134232	335337765122679	335337746462691
335337757468566	335337781806012	335337764772107
335337773755399	335337798489345	335337781057232
335338242515233	335338265622669	335338264682691
335338251796108	335338298989335	335338293454983
335338276387191	335338315672668	335338305422608
335338309088983	335338332356001	335338318940108
335338326331274	335338349039334	335338336374358
335338342754399	335338365722667	335338352803566
335338359588149	335338382406000	335338369430941
335338376159441	335338399089333	335338385962399
335338393024774	335338415772666	335338402883274
335338410003441	335338432455999	335338419889858
335338426930941	335338449139332	335338436811566
335338443485691	335338465822665	335338453386316
335338460196899	335338482505998	335338470085691
335338478524108	335338499189331	335338488375983
335338496083983	335338515872664	335338503408274
335338512819816	335338532555997	335338520286358
335338531053441	335338549239330	335338538516274
335338546414233	335338565922663	335338553786108
335338563835399	335338582605996	335338571217024
335338581454399	335338599289329	335338588812399
335338596436024	335338615972662	335338603780899
335338614328566	335338632655995	335338621669358
335338631194358	335338649339328	335338638608024
335338647018774	335338666022661	335338654366483
335338664794691	335338682705994	335338672134524
335338680886983	335338699389327	335338688311899
335338700563399	335338716072660	335338707928066
335338715060899	335338732755993	335338722456733
335338732433774	335338749439326	335338739840566
335338749399649	335338766122659	335338756724691
335338764914983	335338782805992	335338772303399

===
16683333
335337068710024	335337081106026	335337075836899
335337085317107	335337097789359	335337092653815
335337103406940	335337114472692	335337110823982
335337119793565	335337131156025	335337127233774
335337137767732	335337147839358	335337145105315
335337154117815	335337164522691	335337161427315
335337170545607	335337181206024	335337177892649
335337184646440	335337197889357	335337192083274
335337201163940	335337214572690	335337208665107
335337217876190	335337231256023	335337225449190
335337233640524	335337247939356	335337241033065
335337254223732	335337264622689	335337261680857
335337269443482	335337281306022	335337276926232
335337287045899	335337297989355	335337294680524
335337302760857	335337314672688	335337312492815
335337317566982	335337331356021	335337326631524
335337334130565	335337348039354	335337342563190
335337350883149	335337364722687	335337358890857
335337367637357	335337381406020	335337375381482
335337384136899	335337398089353	335337391640399
335337400883399	335337414772686	335337408393565
335337417638857	335337431456019	335337425108440
335337434440440	335337448139352	335337441828190
335337451163524	335337464822685	335337458572524
335337468116732	335337481506018	335337475482357
335337484825982	335337498189351	335337492213607
335337501610690	335337514872684	335337508993149
335337518401149	335337531556017	335337525801649
335337535700232	335337548239350	335337543122107
335337553830816	335337564922683	335337561189524
335337570923524	335337581606016	335337578316274
335337587064732	335337598289349	335337594368816
335337604746274	335337614972682	335337612090024
335337621568274	335337631656015	335337628883357
335337638257316	335337648339348	335337645520524
335337655222149	335337665022681	335337662549732
335337672119024	335337681706014	335337679468274
335337688630774	335337698389347	335337695957441
335337705613691	335337715072680	335337713021899
335337722460316	335337748439346	335337729747149
335337739134232	335337765122679	335337746462691
335337757468566	335337781806012	335337764772107
335337773755399	335337798489345	335337781057232
335338242515233	335338265622669	335338264682691
335338251796108	335338298989335	335338293454983
335338276387191	335338315672668	335338305422608
335338309088983	335338332356001	335338318940108
335338326331274	335338349039334	335338336374358
335338342754399	335338365722667	335338352803566
335338359588149	335338382406000	335338369430941
335338376159441	335338399089333	335338385962399
335338393024774	335338415772666	335338402883274
335338410003441	335338432455999	335338419889858
335338426930941	335338449139332	335338436811566
335338443485691	335338465822665	335338453386316
335338460196899	335338482505998	335338470085691
335338478524108	335338499189331	335338488375983
335338496083983	335338515872664	335338503408274
335338512819816	335338532555997	335338520286358
335338531053441	335338549239330	335338538516274
335338546414233	335338565922663	335338553786108
335338563835399	335338582605996	335338571217024
335338581454399	335338599289329	335338588812399
335338596436024	335338615972662	335338603780899
335338614328566	335338632655995	335338621669358
335338631194358	335338649339328	335338638608024
335338647018774	335338666022661	335338654366483
335338664794691	335338682705994	335338672134524
335338680886983	335338699389327	335338688311899
335338700563399	335338716072660	335338707928066
335338715060899	335338732755993	335338722456733
335338732433774	335338749439326	335338739840566
335338749399649	335338766122659	335338756724691
335338764914983	335338782805992	335338772303399
335338780931191	335338799489325	335338788219649
335338798782108	335338816172658	335338806199524
335338813766483	335338832855991	335338821177608
335338831062524	335338849539324	335338838414691
335338849524774	335338866222657	335338856860899
335338865450899	335338882905990	335338872764066
335338884293733	335338899589323	335338891522274
335338900074649	335338916272656	335338907477483
335338919527608	335338932955989	335338926537483
335338931888441	335338949639322	335338939411316
335338948430066	335338966322655	335338955863983
335338965164525	335338983005988	335338972576983
335338987032983	335338999689321	335338994333400
335339002479941	335339016372654	335339010197775
335339018273108	335339033055987	335339025861275
335339032326858	335339049739320	335339042061108
335339048680316	335339066422653	335339057663691
335339065196025	335339083105986	335339073643525
335339081854316	335339099789319	335339089860608
335339098722775	335339116472652	335339106341191
335339115053191	335339133155985	335339122523483
335339131454983	335339149839318	335339138958483
335339148058983	335339166522651	335339155492358
335339165142483	335339183205984	335339172547983
335339181580108	335339199889317	335339188996316
335339198437275	335339216572650	335339205846441
335339215486066	335339233255983	335339222859983
335339232532733	335339249939316	335339239922108
335339249261066	335339266622649	335339256653483
335339265604483	335339283305982	335339272968025
335339283183025	335339299989315	335339290540358
335339301961025	335339316672648	335339309286691
335339318281816	335339333355981	335339325507566
335339335924191	335339350039314	335339343233233
335339352570691	335339366722647	335339359889191
335339368858525	335339383405980	335339376226066
335339387959775	335339400089313	335339395281525
335339402823525	335339416772646	335339410131733
335339420741983	335339433455979	335339428066650
335339437415233	335339450139312	335339444713316
335339453358150	335339466822645	335339460670358
335339470557275	335339483505978	335339477880191
335339487812900	335339500189311	335339495129483
335339504308816	335339516872644	335339511553566
335339855901942	335339867222637	335339878015858
335339865436400	335339900589303	335339906879483
335339888609650	335339917272636	335339928468858
335339921807983	335339933955969	335339938338942
335339938618400	335339950639302	335339948653692
335339955167067	335339967322635	335339965004400
335339972345442	335339984005968	335339982180108
335339989267900	335340000689301	335339999132858
335340005815942	335340017372634	335340015701775

===
16683333
335338680886983	335338699389327	335338688311899
335338700563399	335338716072660	335338707928066
335338715060899	335338732755993	335338722456733
335338732433774	335338749439326	335338739840566
335338749399649	335338766122659	335338756724691
335338764914983	335338782805992	335338772303399
335338780931191	335338799489325	335338788219649
335338798782108	335338816172658	335338806199524
335338813766483	335338832855991	335338821177608
335338831062524	335338849539324	335338838414691
335338849524774	335338866222657	335338856860899
335338865450899	335338882905990	335338872764066
335338884293733	335338899589323	335338891522274
335338900074649	335338916272656	335338907477483
335338919527608	335338932955989	335338926537483
335338931888441	335338949639322	335338939411316
335338948430066	335338966322655	335338955863983
335338965164525	335338983005988	335338972576983
335338987032983	335338999689321	335338994333400
335339002479941	335339016372654	335339010197775
335339018273108	335339033055987	335339025861275
335339032326858	335339049739320	335339042061108
335339048680316	335339066422653	335339057663691
335339065196025	335339083105986	335339073643525
335339081854316	335339099789319	335339089860608
335339098722775	335339116472652	335339106341191
335339115053191	335339133155985	335339122523483
335339131454983	335339149839318	335339138958483
335339148058983	335339166522651	335339155492358
335339165142483	335339183205984	335339172547983
335339181580108	335339199889317	335339188996316
335339198437275	335339216572650	335339205846441
335339215486066	335339233255983	335339222859983
335339232532733	335339249939316	335339239922108
335339249261066	335339266622649	335339256653483
335339265604483	335339283305982	335339272968025
335339283183025	335339299989315	335339290540358
335339301961025	335339316672648	335339309286691
335339318281816	335339333355981	335339325507566
335339335924191	335339350039314	335339343233233
335339352570691	335339366722647	335339359889191
335339368858525	335339383405980	335339376226066
335339387959775	335339400089313	335339395281525
335339402823525	335339416772646	335339410131733
335339420741983	335339433455979	335339428066650
335339437415233	335339450139312	335339444713316
335339453358150	335339466822645	335339460670358
335339470557275	335339483505978	335339477880191
335339487812900	335339500189311	335339495129483
335339504308816	335339516872644	335339511553566
335339855901942	335339867222637	335339878015858
335339865436400	335339900589303	335339906879483
335339888609650	335339917272636	335339928468858
335339921807983	335339933955969	335339938338942
335339938618400	335339950639302	335339948653692
335339955167067	335339967322635	335339965004400
335339972345442	335339984005968	335339982180108
335339989267900	335340000689301	335339999132858
335340005815942	335340017372634	335340015701775
335340023037317	335340034055967	335340033063525
335340040318775	335340050739300	335340050259192
335340057489942	335340067422633	335340067271942
335340073107900	335340084105966	335340082969650
335340090921275	335340100789299	335340098297108
335340108441108	335340117472632	335340115834275
335340125579108	335340134155965	335340132954858
335340142163483	335340150839298	335340149437442
335340158171233	335340184205964	335340165560900
335340175714942	335340200889297	335340183105608
335340194346775	335340217572630	335340201698775
335340209671358	335340234255963	335340217030650
335340227204400	335340250939296	335340234560775
335340242685192	335340267622629	335340250018858
335340260572858	335340284305962	335340267907525
335340277426317	335340300989295	335340284716567
335340293918025	335340317672628	335340301257775
335340310729608	335340334355961	335340318078650
335340328423859	335340351039294	335340335758859
335340343395275	335340367722627	335340350778275
335340361294734	335340384405960	335340368664150
335340378907317	335340401089293	335340386227817
335340393729400	335340417772626	335340401101859
335340412152817	335340434455959	335340419527984
335340427377192	335340451139292	335340434717317
335340445510192	335340467822625	335340452950609
335340462232817	335340484505958	335340469614484
335340477796359	335340501189291	335340485134525
335340495576275	335340517872624	335340502979942
335340512725400	335340534555957	335340520053775
335340528224609	335340551239290	335340535552775
335340547013275	335340567922623	335340554369775
335340561439609	335340584605956	335340568874484
335340578656609	335340601289289	335340586017109
335340594032900	335340617972622	335340601398150
335340610681192	335340634655955	335340618125942
335340631151359	335340651339288	335340638503734
335340644813859	335340668022621	335340652479234
335340663007400	335340684705954	335340670600067
335340678695317	335340701389287	335340686277192
335340696243775	335340718072620	335340705966109
335340711078650	335340734755953	335340720123817
335340727670234	335340751439286	335340736106900
335340744444775	335340768122619	335340752470567
335340761192484	335340784805952	335340768949317
335340777671942	335340801489285	335340785204900
335340794375234	335340818172618	335340801841942
335340811164400	335340834855951	335340818569275
335340827916109	335340851539284	335340835307150
335340844824359	335340868222617	335340852219775
335340861564734	335340884905950	335340869011192
335340878378442	335340901589283	335340885770400
335340895160734	335340918272616	335340902521942
335340911984317	335340934955949	335340919366359
335340931038109	335340951639282	335340938413567
335340950153609	335340968322615	335340957427900
335340965827109	335340985005948	335340973207984
335340980988484	335341001689281	335340988378359
335340999363025	335341018372614	335341006771692
335341014712442	335341035055947	335341022162651
335341032499359	335341051739280	335341039826651
335341049068776	335341068422613	335341056448817
335341065269401	335341085105946	335341072623109
335341082433609	335341101789279	335341089765234
335341099454734	335341118472612	335341106769276
335341116129692	335341135155945	335341123417484
335341134058776	335341151839278	335341141372817
335341150182192	335341168522611	335341157497317

===
16683333
335339002479941	335339016372654	335339010197775
335339018273108	335339033055987	335339025861275
335339032326858	335339049739320	335339042061108
335339048680316	335339066422653	335339057663691
335339065196025	335339083105986	335339073643525
335339081854316	335339099789319	335339089860608
335339098722775	335339116472652	335339106341191
335339115053191	335339133155985	335339122523483
335339131454983	335339149839318	335339138958483
335339148058983	335339166522651	335339155492358
335339165142483	335339183205984	335339172547983
335339181580108	335339199889317	335339188996316
335339198437275	335339216572650	335339205846441
335339215486066	335339233255983	335339222859983
335339232532733	335339249939316	335339239922108
335339249261066	335339266622649	335339256653483
335339265604483	335339283305982	335339272968025
335339283183025	335339299989315	335339290540358
335339301961025	335339316672648	335339309286691
335339318281816	335339333355981	335339325507566
335339335924191	335339350039314	335339343233233
335339352570691	335339366722647	335339359889191
335339368858525	335339383405980	335339376226066
335339387959775	335339400089313	335339395281525
335339402823525	335339416772646	335339410131733
335339420741983	335339433455979	335339428066650
335339437415233	335339450139312	335339444713316
335339453358150	335339466822645	335339460670358
335339470557275	335339483505978	335339477880191
335339487812900	335339500189311	335339495129483
335339504308816	335339516872644	335339511553566
335339855901942	335339867222637	335339878015858
335339865436400	335339900589303	335339906879483
335339888609650	335339917272636	335339928468858
335339921807983	335339933955969	335339938338942
335339938618400	335339950639302	335339948653692
335339955167067	335339967322635	335339965004400
335339972345442	335339984005968	335339982180108
335339989267900	335340000689301	335339999132858
335340005815942	335340017372634	335340015701775
335340023037317	335340034055967	335340033063525
335340040318775	335340050739300	335340050259192
335340057489942	335340067422633	335340067271942
335340073107900	335340084105966	335340082969650
335340090921275	335340100789299	335340098297108
335340108441108	335340117472632	335340115834275
335340125579108	335340134155965	335340132954858
335340142163483	335340150839298	335340149437442
335340158171233	335340184205964	335340165560900
335340175714942	335340200889297	335340183105608
335340194346775	335340217572630	335340201698775
335340209671358	335340234255963	335340217030650
335340227204400	335340250939296	335340234560775
335340242685192	335340267622629	335340250018858
335340260572858	335340284305962	335340267907525
335340277426317	335340300989295	335340284716567
335340293918025	335340317672628	335340301257775
335340310729608	335340334355961	335340318078650
335340328423859	335340351039294	335340335758859
335340343395275	335340367722627	335340350778275
335340361294734	335340384405960	335340368664150
335340378907317	335340401089293	335340386227817
335340393729400	335340417772626	335340401101859
335340412152817	335340434455959	335340419527984
335340427377192	335340451139292	335340434717317
335340445510192	335340467822625	335340452950609
335340462232817	335340484505958	335340469614484
335340477796359	335340501189291	335340485134525
335340495576275	335340517872624	335340502979942
335340512725400	335340534555957	335340520053775
335340528224609	335340551239290	335340535552775
335340547013275	335340567922623	335340554369775
335340561439609	335340584605956	335340568874484
335340578656609	335340601289289	335340586017109
335340594032900	335340617972622	335340601398150
335340610681192	335340634655955	335340618125942
335340631151359	335340651339288	335340638503734
335340644813859	335340668022621	335340652479234
335340663007400	335340684705954	335340670600067
335340678695317	335340701389287	335340686277192
335340696243775	335340718072620	335340705966109
335340711078650	335340734755953	335340720123817
335340727670234	335340751439286	335340736106900
335340744444775	335340768122619	335340752470567
335340761192484	335340784805952	335340768949317
335340777671942	335340801489285	335340785204900
335340794375234	335340818172618	335340801841942
335340811164400	335340834855951	335340818569275
335340827916109	335340851539284	335340835307150
335340844824359	335340868222617	335340852219775
335340861564734	335340884905950	335340869011192
335340878378442	335340901589283	335340885770400
335340895160734	335340918272616	335340902521942
335340911984317	335340934955949	335340919366359
335340931038109	335340951639282	335340938413567
335340950153609	335340968322615	335340957427900
335340965827109	335340985005948	335340973207984
335340980988484	335341001689281	335340988378359
335340999363025	335341018372614	335341006771692
335341014712442	335341035055947	335341022162651
335341032499359	335341051739280	335341039826651
335341049068776	335341068422613	335341056448817
335341065269401	335341085105946	335341072623109
335341082433609	335341101789279	335341089765234
335341099454734	335341118472612	335341106769276
335341116129692	335341135155945	335341123417484
335341134058776	335341151839278	335341141372817
335341150182192	335341168522611	335341157497317
335341791311193	335341802489265	335341807739609
335341811511443	335341835855931	335341829818193
335341831174901	335341852539264	335341846014484
335341860812276	335341869222597	335341866884818
335341877117151	335341885905930	335341884694193
335341892852901	335341902589263	335341900423026
335341906989818	335341919272596	335341914573026
335341927322193	335341935955929	335341934901693
335341941656193	335341952639262	335341949330359
335341958063776	335341969322595	335341965782109
335341975966943	335341986005928	335341983727568
335341989427734	335342002689261	335341997106276
335342005492443	335342019372594	335342013137776
335342021111068	335342036055927	335342028810318
335342039605526	335342052739260	335342047175109
335342057802943	335342069422593	335342065288484
335342073568693	335342086105926	335342081318734
335342091767693	335342102789259	335342099244026
335342107226526	335342119472592	335342114497443

