Applications Graphics Acceleration Info:
Uptime: 304783880 Realtime: 339457991

** Graphics info for pid 20174 [com.auroratv.lab] **

Stats since: 304772946729200ns
Total frames rendered: 425
Janky frames: 22 (5.18%)
Janky frames (legacy): 392 (92.24%)
50th percentile: 23ms
90th percentile: 38ms
95th percentile: 46ms
99th percentile: 61ms
Number Missed Vsync: 3
Number High input latency: 799
Number Slow UI thread: 13
Number Slow bitmap uploads: 1
Number Slow issue draw commands: 22
Number Frame deadline missed: 22
Number Frame deadline missed (legacy): 26
HISTOGRAM: 5ms=0 6ms=0 7ms=0 8ms=0 9ms=0 10ms=0 11ms=0 12ms=0 13ms=0 14ms=0 15ms=0 16ms=0 17ms=2 18ms=2 19ms=5 20ms=5 21ms=54 22ms=114 23ms=76 24ms=36 25ms=6 26ms=7 27ms=14 28ms=4 29ms=4 30ms=7 31ms=5 32ms=11 34ms=19 36ms=8 38ms=9 40ms=8 42ms=3 44ms=3 46ms=4 48ms=6 53ms=5 57ms=2 61ms=2 65ms=0 69ms=0 73ms=1 77ms=1 81ms=0 85ms=0 89ms=0 93ms=0 97ms=0 101ms=0 105ms=0 109ms=0 113ms=1 117ms=0 121ms=0 125ms=0 129ms=0 133ms=0 150ms=1 200ms=0 250ms=0 300ms=0 350ms=0 400ms=0 450ms=0 500ms=0 550ms=0 600ms=0 650ms=0 700ms=0 750ms=0 800ms=0 850ms=0 900ms=0 950ms=0 1000ms=0 1050ms=0 1100ms=0 1150ms=0 1200ms=0 1250ms=0 1300ms=0 1350ms=0 1400ms=0 1450ms=0 1500ms=0 1550ms=0 1600ms=0 1650ms=0 1700ms=0 1750ms=0 1800ms=0 1850ms=0 1900ms=0 1950ms=0 2000ms=0 2050ms=0 2100ms=0 2150ms=0 2200ms=0 2250ms=0 2300ms=0 2350ms=0 2400ms=0 2450ms=0 2500ms=0 2550ms=0 2600ms=0 2650ms=0 2700ms=0 2750ms=0 2800ms=0 2850ms=0 2900ms=0 2950ms=0 3000ms=0 3050ms=0 3100ms=0 3150ms=0 3200ms=0 3250ms=0 3300ms=0 3350ms=0 3400ms=0 3450ms=0 3500ms=0 3550ms=0 3600ms=0 3650ms=0 3700ms=0 3750ms=0 3800ms=0 3850ms=0 3900ms=0 3950ms=0 4000ms=0 4050ms=0 4100ms=0 4150ms=0 4200ms=0 4250ms=0 4300ms=0 4350ms=0 4400ms=0 4450ms=0 4500ms=0 4550ms=0 4600ms=0 4650ms=0 4700ms=0 4750ms=0 4800ms=0 4850ms=0 4900ms=0 4950ms=0
50th gpu percentile: 6ms
90th gpu percentile: 7ms
95th gpu percentile: 12ms
99th gpu percentile: 19ms
GPU HISTOGRAM: 1ms=0 2ms=0 3ms=0 4ms=0 5ms=0 6ms=282 7ms=109 8ms=6 9ms=3 10ms=1 11ms=1 12ms=8 13ms=0 14ms=0 15ms=1 16ms=0 17ms=4 18ms=2 19ms=6 20ms=0 21ms=0 22ms=0 23ms=0 24ms=0 25ms=2 4950ms=0

Pipeline=Skia (OpenGL)
Memory policy:
  Max surface area: 2073600
  Max resource usage: 99.53MB (x48)
  Background retention: 50% (altUiHidden = true)
  GPU Context timeout: 10
Contexts: 1 (stopped = 0)
CPU Caches:
  Glyph Cache: 4.31 MB (1 entry)
  Glyph Count: 266 
Total CPU memory usage:
  4522816 bytes, 4.31 MB (0.00 bytes is purgeable)
GPU Caches:
  Image:
    Texture: 20.94 MB (59 entries)
  Other:
    Other: 1.33 MB (1 entry)
    Buffer Object: 464.00 bytes (2 entries)
    StencilAttachment: 338.00 KB (7 entries)
  Scratch:
    RenderTarget: 51.53 MB (380 entries)
    Texture: 7.72 MB (177 entries)
    Buffer Object: 78.03 KB (3 entries)
Total GPU memory usage:
  85911672 bytes, 81.93 MB (4.46 MB is purgeable)

Profile data in ms:

	com.auroratv.lab/com.auroratv.MainActivity/android.view.ViewRootImpl@4d184f5 (visibility=0)
Window: com.auroratv.lab/com.auroratv.MainActivity
Stats since: 304772946728283ns
Total frames rendered: 425
Janky frames: 22 (5.18%)
Janky frames (legacy): 392 (92.24%)
50th percentile: 23ms
90th percentile: 38ms
95th percentile: 46ms
99th percentile: 61ms
Number Missed Vsync: 3
Number High input latency: 799
Number Slow UI thread: 13
Number Slow bitmap uploads: 1
Number Slow issue draw commands: 22
Number Frame deadline missed: 22
Number Frame deadline missed (legacy): 26
HISTOGRAM: 5ms=0 6ms=0 7ms=0 8ms=0 9ms=0 10ms=0 11ms=0 12ms=0 13ms=0 14ms=0 15ms=0 16ms=0 17ms=2 18ms=2 19ms=5 20ms=5 21ms=54 22ms=114 23ms=76 24ms=36 25ms=6 26ms=7 27ms=14 28ms=4 29ms=4 30ms=7 31ms=5 32ms=11 34ms=19 36ms=8 38ms=9 40ms=8 42ms=3 44ms=3 46ms=4 48ms=6 53ms=5 57ms=2 61ms=2 65ms=0 69ms=0 73ms=1 77ms=1 81ms=0 85ms=0 89ms=0 93ms=0 97ms=0 101ms=0 105ms=0 109ms=0 113ms=1 117ms=0 121ms=0 125ms=0 129ms=0 133ms=0 150ms=1 200ms=0 250ms=0 300ms=0 350ms=0 400ms=0 450ms=0 500ms=0 550ms=0 600ms=0 650ms=0 700ms=0 750ms=0 800ms=0 850ms=0 900ms=0 950ms=0 1000ms=0 1050ms=0 1100ms=0 1150ms=0 1200ms=0 1250ms=0 1300ms=0 1350ms=0 1400ms=0 1450ms=0 1500ms=0 1550ms=0 1600ms=0 1650ms=0 1700ms=0 1750ms=0 1800ms=0 1850ms=0 1900ms=0 1950ms=0 2000ms=0 2050ms=0 2100ms=0 2150ms=0 2200ms=0 2250ms=0 2300ms=0 2350ms=0 2400ms=0 2450ms=0 2500ms=0 2550ms=0 2600ms=0 2650ms=0 2700ms=0 2750ms=0 2800ms=0 2850ms=0 2900ms=0 2950ms=0 3000ms=0 3050ms=0 3100ms=0 3150ms=0 3200ms=0 3250ms=0 3300ms=0 3350ms=0 3400ms=0 3450ms=0 3500ms=0 3550ms=0 3600ms=0 3650ms=0 3700ms=0 3750ms=0 3800ms=0 3850ms=0 3900ms=0 3950ms=0 4000ms=0 4050ms=0 4100ms=0 4150ms=0 4200ms=0 4250ms=0 4300ms=0 4350ms=0 4400ms=0 4450ms=0 4500ms=0 4550ms=0 4600ms=0 4650ms=0 4700ms=0 4750ms=0 4800ms=0 4850ms=0 4900ms=0 4950ms=0
50th gpu percentile: 6ms
90th gpu percentile: 7ms
95th gpu percentile: 12ms
99th gpu percentile: 19ms
GPU HISTOGRAM: 1ms=0 2ms=0 3ms=0 4ms=0 5ms=0 6ms=282 7ms=109 8ms=6 9ms=3 10ms=1 11ms=1 12ms=8 13ms=0 14ms=0 15ms=1 16ms=0 17ms=4 18ms=2 19ms=6 20ms=0 21ms=0 22ms=0 23ms=0 24ms=0 25ms=2 4950ms=0



---PROFILEDATA---
Flags,FrameTimelineVsyncId,IntendedVsync,Vsync,InputEventId,HandleInputStart,AnimationStart,PerformTraversalsStart,DrawStart,FrameDeadline,FrameInterval,FrameStartTime,SyncQueued,SyncStart,IssueDrawCommandsStart,SwapBuffers,FrameCompleted,DequeueBufferDuration,QueueBufferDuration,GpuCompleted,SwapBuffersCompleted,DisplayPresentTime,CommandSubmissionCompleted,
0,103159850,304781873189312,304781873189312,0,304781873523245,304781873525204,304781873892162,304781874068037,304781925472759,304781873516245,16800057,304781874298620,304781886872870,304781888180829,304781903218245,304781909148912,5609625,697750,304781909148912,304781904296912,-1,304781903218245,
0,103159858,304781889989369,304781889989369,0,304781890329120,304781890330620,304781890732954,304781890947079,304781942272816,304781890322162,16800057,304781891196954,304781904507662,304781905808454,304781919836204,304781925890454,4647417,679333,304781925890454,304781921015620,-1,304781919836204,
0,103159866,304781906789426,304781906789426,0,304781907092579,304781907093954,304781907429120,304781907639829,304781959072873,304781907086537,16800057,304781907871704,304781921308995,304781922687245,304781937507412,304781943454745,4657125,624792,304781943454745,304781938616620,-1,304781937507412,
0,103159874,304781923589483,304781923589483,0,304781923883329,304781923884662,304781924270495,304781924488495,304781975872930,304781923876995,16800057,304781924736787,304781938824579,304781940332370,304781952592662,304781958551495,3715583,680417,304781958551495,304781953673787,-1,304781952592662,
0,103159882,304781940389540,304781940389540,0,304781940683454,304781940684704,304781941035120,304781941274287,304781992672987,304781940677287,16800057,304781941502954,304781953886079,304781955160620,304781970871745,304781976795162,5757875,723875,304781976795162,304781971985120,-1,304781970871745,
0,103159890,304781957189597,304781957189597,0,304781957510704,304781957512287,304781957889704,304781958079995,304782009473044,304781957504120,16800057,304781958328829,304781972223829,304781973605620,304781986169579,304781992097079,3981542,676791,304781992097079,304781987231745,-1,304781986169579,
0,103159898,304781973989654,304781973989654,0,304781974327454,304781974328870,304781974664329,304781974895162,304782026273101,304781974321495,16800057,304781975124912,304781987441245,304781988761870,304782004651704,304782010584454,5714708,628625,304782010584454,304782005758120,-1,304782004651704,
0,103159906,304781990789711,304781990789711,0,304781991115579,304781991117120,304781991526162,304781991763162,304782043073158,304781991108870,16800057,304781992133954,304782006102495,304782007512995,304782019666579,304782025567787,3658042,619625,304782025567787,304782020616412,-1,304782019666579,
0,103159914,304782007589768,304782007589768,0,304782007890787,304782007892162,304782008266995,304782008470995,304782059873215,304782007884412,16800057,304782008701537,304782020796495,304782021923079,304782036246329,304782042148912,5862000,428375,304782042148912,304782037025829,-1,304782036246329,
0,103159922,304782024389825,304782024389825,0,304782024679412,304782024680996,304782025013204,304782025176746,304782076673272,304782024672954,16800057,304782025391079,304782037225704,304782038554496,304782053387162,304782059338704,6307875,613250,304782059338704,304782054361246,-1,304782053387162,
0,103159930,304782041189882,304782041189882,0,304782041475704,304782041477246,304782041864829,304782042068829,304782093473329,304782041469621,16800057,304782042373412,304782054554704,304782055756329,304782070872829,304782076809246,5748084,623459,304782076809246,304782071945037,-1,304782070872829,
0,103159938,304782057989939,304782057989939,0,304782058278787,304782058279912,304782058595787,304782058785121,304782110273386,304782058272579,16800057,304782058999746,304782072238537,304782073602787,304782086978121,304782092981454,4645709,692750,304782092981454,304782088141454,-1,304782086978121,
0,103159946,304782074789996,304782074789996,0,304782075070412,304782075071829,304782075430537,304782075598537,304782127073443,304782075059037,16800057,304782075815954,304782088450079,304782089815996,304782103195579,304782109220121,5368500,671917,304782109220121,304782104225329,-1,304782103195579,
0,103159954,304782091590053,304782091590053,0,304782091916621,304782091918079,304782092325579,304782092527329,304782143873500,304782091910246,16800057,304782092910829,304782104429787,304782105609662,304782120591329,304782126544037,6318000,349208,304782126544037,304782121331579,-1,304782120591329,
0,103159962,304782108390110,304782108390110,0,304782108719371,304782108720954,304782109096996,304782109309204,304782160673557,304782108711829,16800057,304782109558829,304782121528537,304782122717454,304782137274787,304782143194371,6084083,659750,304782143194371,304782138315746,-1,304782137274787,
0,103159970,304782125190167,304782125190167,0,304782125504579,304782125506537,304782125830579,304782125995287,304782177473614,304782125498454,16800057,304782126277579,304782138528496,304782139821871,304782154821704,304782160759371,5888625,692084,304782160759371,304782155903496,-1,304782154821704,
0,103159978,304782141990224,304782141990224,0,304782142313371,304782142314871,304782142737079,304782142950246,304782194273671,304782142306537,16800057,304782143233204,304782156159412,304782157460079,304782171655829,304782177586121,4932416,367333,304782177586121,304782172440121,-1,304782171655829,
0,103159986,304782158790281,304782158790281,0,304782159103579,304782159104829,304782159489162,304782159672246,304782211073728,304782159096496,16800057,304782159912246,304782172670037,304782173938996,304782188275871,304782194216621,5077708,682167,304782194216621,304782189348996,-1,304782188275871,
0,103159994,304782175590338,304782175590338,0,304782175881412,304782175882537,304782176225496,304782176389412,304782227873785,304782175875621,16800057,304782176595996,304782189557162,304782190825912,304782205489746,304782211427621,5222958,675834,304782211427621,304782206572954,-1,304782205489746,
0,103160002,304782192390395,304782192390395,0,304782192707496,304782192709079,304782193111412,304782193321162,304782244673842,304782192700912,16800057,304782193581912,304782206780621,304782208173829,304782222314662,304782228267829,4603916,339166,304782228267829,304782223019204,-1,304782222314662,
0,103160010,304782209190452,304782209190452,0,304782209523079,304782209525121,304782209967787,304782210153621,304782261473899,304782209515704,16800057,304782210388954,304782223291537,304782224603204,304782238772871,304782244712204,4869166,679458,304782244712204,304782239835787,-1,304782238772871,
0,103160018,304782225990509,304782225990509,0,304782226271579,304782226272954,304782226607162,304782226770037,304782278273956,304782226265496,16800057,304782226973496,304782240083037,304782241366371,304782256841954,304782262835829,5351625,633958,304782262835829,304782257964121,-1,304782256841954,
0,103160026,304782242790566,304782242790566,0,304782243089454,304782243090704,304782243459996,304782243656829,304782295074013,304782243083246,16800057,304782243879537,304782258173496,304782259722746,304782272555454,304782278583787,3445917,647584,304782278583787,304782273690579,-1,304782272555454,
0,103160034,304782259590623,304782259590623,0,304782259936579,304782259937662,304782260355954,304782260559037,304782311874070,304782259930329,16800057,304782260778371,304782274008162,304782275377079,304782288757912,304782294750246,4520792,751875,304782294750246,304782289901121,-1,304782288757912,
0,103160042,304782276390680,304782276390680,0,304782276664954,304782276666246,304782276976329,304782277188371,304782328674127,304782276659079,16800057,304782277406496,304782290112079,304782291539079,304782306419829,304782312353704,5630542,656167,304782312353704,304782307459912,-1,304782306419829,
0,103160050,304782293190737,304782293190737,0,304782293481496,304782293483121,304782293856454,304782294067412,304782345474184,304782293474996,16800057,304782294289579,304782307668287,304782308993121,304782324781537,304782330686121,4659000,325500,304782330686121,304782325447996,-1,304782324781537,
0,103160058,304782309990794,304782309990794,0,304782310309371,304782310310704,304782310668162,304782310840287,304782362274241,304782310302746,16800057,304782311062704,304782325640829,304782327298371,304782337993079,304782343992537,3048375,446334,304782343992537,304782338828579,-1,304782337993079,
0,103160066,304782326790851,304782326790851,0,304782327506037,304782327506912,304782327880537,304782328093704,304782379074298,304782327499204,16800057,304782328370454,304782339033537,304782340459787,304782356349204,304782362446746,6934875,344625,304782362446746,304782357209829,-1,304782356349204,
0,103160074,304782343590908,304782343590908,0,304782343923079,304782343924871,304782344551621,304782344729121,304782395874355,304782343915912,16800057,304782344946829,304782357406537,304782358654579,304782372231912,304782378838746,5095291,298458,304782378838746,304782372898829,-1,304782372231912,
0,103160082,304782360390965,304782360390965,0,304782360706704,304782360707996,304782361056954,304782361216204,304782412674412,304782360700996,16800057,304782361425621,304782373081996,304782374477454,304782392088287,304782400074746,9611375,522917,304782400074746,304782392955204,-1,304782392088287,
0,103160090,304782377191022,304782377191022,-413215608,304782377503496,304782377505121,304782378102162,304782378312579,304782429474469,304782377496829,16800057,304782378873579,304782393142746,304782394410162,304782405356912,304782411277121,3028209,509208,304782411277121,304782406188662,-1,304782405356912,
0,103160098,304782393991079,304782393991079,-816328817,304782394850996,304782394852204,304782400610579,304782400822246,304782446274526,304782394844871,16800057,304782402917412,304782406363746,304782408283496,304782429717912,304782436167871,6083833,293500,304782436167871,304782430579496,-1,304782429717912,
0,103160106,304782410791136,304782410791136,0,304782411116662,304782411118371,304782411939746,304782412194329,304782463074583,304782411110496,16800057,304782412527912,304782430785996,304782432173662,304782447369204,304782453688787,61125,322791,304782453688787,304782448134787,-1,304782447369204,
0,103160114,304782427591193,304782427591193,0,304782432407537,304782432408871,304782432881787,304782433100412,304782479874640,304782432402454,16800057,304782433331037,304782448335454,304782449910537,304782463464579,304782469766121,22458,361667,304782469766121,304782464165037,-1,304782463464579,
0,103160122,304782444391250,304782444391250,0,304782450201746,304782450202787,304782450668537,304782450818662,304782496674697,304782450195871,16800057,304782451089996,304782464763871,304782465916079,304782481629871,304782487994746,20042,515125,304782487994746,304782482546829,-1,304782481629871,
0,103160130,304782461191307,304782461191307,0,304782466257912,304782466259079,304782466733037,304782466884162,304782513474754,304782466251162,16800057,304782467095996,304782482711162,304782484035996,304782497593912,304782503936454,15542,454334,304782503936454,304782498417662,-1,304782497593912,
0,103160138,304782477991364,304782477991364,0,304782484316746,304782484317579,304782484770579,304782484925621,304782530274811,304782484311037,16800057,304782485137121,304782498614871,304782499811996,304782513078371,304782519433329,19417,488166,304782519433329,304782513914121,-1,304782513078371,
0,103160146,304782494791421,304782494791421,0,304782500154454,304782500155412,304782500622329,304782500770246,304782547074868,304782500147579,16800057,304782500974871,304782514158537,304782515515246,304782528777912,304782535097579,18709,636250,304782535097579,304782529749871,-1,304782528777912,
0,103160154,304782511591478,304782511591478,0,304782515894287,304782515895454,304782516425287,304782516581996,304782563874925,304782515887079,16800057,304782516788246,304782529931704,304782531269287,304782543218162,304782549321079,528500,657292,304782549321079,304782544201704,-1,304782543218162,
0,103160162,304782528391535,304782528391535,0,304782531719412,304782531721121,304782532312871,304782532472204,304782580674982,304782531711371,16800057,304782532720871,304782544379829,304782545726246,304782558545662,304782564553621,2789500,571833,304782564553621,304782559451329,-1,304782558545662,
0,103160170,304782545191592,304782545191592,0,304782545965996,304782545967204,304782546460412,304782546626371,304782597475039,304782545959912,16800057,304782546833412,304782559639996,304782560835746,304782575798996,304782581740287,4627042,585167,304782581740287,304782576795662,-1,304782575798996,
0,103160178,304782561991649,304782561991649,0,304782562269537,304782562270746,304782562740954,304782562898912,304782614275096,304782562263829,16800057,304782563123954,304782576980746,304782578085746,304782591995246,304782598050537,4201167,316291,304782598050537,304782592717037,-1,304782591995246,
0,103160186,304782578791706,304782578791706,0,304782579067704,304782579069079,304782579519996,304782579687204,304782631075153,304782579061954,16800057,304782579877496,304782592901329,304782594032996,304782608426871,304782614372621,5070416,563459,304782614372621,304782609318704,-1,304782608426871,
0,103160194,304782595591763,304782595591763,0,304782595863537,304782595864787,304782596416412,304782596574454,304782647875210,304782595857412,16800057,304782596781829,304782609494996,304782610661162,304782625756662,304782631718037,5152791,572333,304782631718037,304782626672996,-1,304782625756662,
0,103160202,304782612391820,304782612391820,0,304782612649204,304782612650162,304782613129204,304782613282621,304782664675267,304782612644537,16800057,304782613476496,304782626848996,304782627964162,304782641874954,304782647830287,4599292,586667,304782647830287,304782642810579,-1,304782641874954,
0,103160210,304782629191877,304782629191877,0,304782629466204,304782629467704,304782629930954,304782630080787,304782681475324,304782629460787,16800057,304782630289746,304782642989704,304782644181371,304782658585662,304782664556037,5142083,567917,304782664556037,304782659494662,-1,304782658585662,
0,103160218,304782645991934,304782645991934,0,304782646261787,304782646263454,304782646716162,304782646885412,304782698275381,304782646256496,16800057,304782647077746,304782659685954,304782660887079,304782676098954,304782682123954,5174792,551959,304782682123954,304782677027537,-1,304782676098954,
0,103160226,304782662791991,304782662791991,0,304782663089246,304782663090954,304782663517537,304782663668621,304782715075438,304782663083496,16800057,304782663860204,304782677202162,304782678424662,304782693112412,304782699077662,4852209,613291,304782699077662,304782694071079,-1,304782693112412,
0,103160234,304782679592048,304782679592048,0,304782679873996,304782679875287,304782680329662,304782680480037,304782731875495,304782679868579,16800057,304782680742496,304782694254621,304782695374746,304782709814162,304782715770954,4375084,630542,304782715770954,304782710791537,-1,304782709814162,
0,103160242,304782696392105,304782696392105,0,304782696685454,304782696686829,304782697122121,304782697270704,304782748675552,304782696679871,16800057,304782697463162,304782710981037,304782712220454,304782727034954,304782733007829,4625042,609833,304782733007829,304782727996913,-1,304782727034954,
0,103160250,304782713192162,304782713192162,0,304782713444121,304782713445037,304782713867954,304782714018079,304782765475609,304782713438621,16800057,304782714217162,304782728200413,304782729407538,304782742841663,304782748815996,4056458,575917,304782748815996,304782743768913,-1,304782742841663,
0,103160258,304782729992219,304782729992219,0,304782730256538,304782730257913,304782730717663,304782730914246,304782782275666,304782730251413,16800057,304782731125413,304782743949371,304782745141913,304782760532538,304782766571788,5025916,550292,304782766571788,304782761489954,-1,304782760532538,
0,103160266,304782746792276,304782746792276,0,304782747059704,304782747060913,304782747835038,304782747987621,304782799075723,304782747053663,16800057,304782748223954,304782761663829,304782762940288,304782779411954,304782785406454,4408666,615333,304782785406454,304782780508913,-1,304782779411954,
0,103160274,304782763592333,304782763592333,0,304782763874746,304782763876038,304782764374996,304782764523663,304782815875780,304782763869204,16800057,304782764720996,304782780690871,304782781803038,304782793131079,304782799148204,1996667,572792,304782799148204,304782794037913,-1,304782793131079,
0,103160282,304782780392390,304782780392390,0,304782781981996,304782781982829,304782782397746,304782782593913,304782832675837,304782781977538,16800057,304782782830954,304782794214704,304782795322579,304782810130621,304782816127038,5423709,589333,304782816127038,304782811056163,-1,304782810130621,
0,103160290,304782797192447,304782797192447,0,304782797512621,304782797514288,304782797942121,304782798093288,304782849475894,304782797506746,16800057,304782798287663,304782811252663,304782812474621,304782826696538,304782832653746,4956083,625459,304782832653746,304782827669371,-1,304782826696538,
0,103160298,304782813992504,304782813992504,0,304782814246329,304782814247704,304782814745913,304782814895329,304782866275951,304782814241538,16800057,304782815157204,304782827860788,304782829119121,304782844709329,304782850670829,5118916,318667,304782850670829,304782845369996,-1,304782844709329,
0,103160306,304782830792561,304782830792561,0,304782831060288,304782831061746,304782831508538,304782831669538,304782883076008,304782831055121,16800057,304782831892163,304782845554913,304782846777621,304782861641704,304782867602996,4232875,322292,304782867602996,304782862308538,-1,304782861641704,
0,103160314,304782847592618,304782847592618,0,304782848282954,304782848284496,304782848752663,304782848904788,304782899876065,304782848277621,16800057,304782849100538,304782862583996,304782863803871,304782877932121,304782883936746,3941250,291625,304782883936746,304782878549621,-1,304782877932121,
0,103160322,304782864392675,304782864392675,0,304782864697829,304782864699288,304782865125329,304782865276038,304782916676122,304782864691663,16800057,304782865473871,304782878729454,304782879945329,304782896089913,304782902044288,4860750,357750,304782902044288,304782896776954,-1,304782896089913,
0,103160330,304782881192732,304782881192732,0,304782881428954,304782881429996,304782881938788,304782882108371,304782933476179,304782881424371,16800057,304782882324246,304782896960079,304782898510163,304782909300246,304782915357079,2802208,316333,304782915357079,304782909958329,-1,304782909300246,
0,103160338,304782897992789,304782897992789,0,304782898685079,304782898685871,304782898998579,304782899149871,304782950276236,304782898680579,16800057,304782899342704,304782910144996,304782911387954,304782926655038,304782932637121,6738375,436167,304782932637121,304782927430038,-1,304782926655038,
0,103160346,304782914792846,304782914792846,0,304782915052204,304782915053496,304782915423371,304782915614496,304782967076293,304782915046454,16800057,304782915814621,304782927621704,304782928762663,304782942431996,304782948509163,6182917,315542,304782948509163,304782943179871,-1,304782942431996,
0,103160354,304782931592903,304782931592903,0,304782931852079,304782931853329,304782932257788,304782932449704,304782983876350,304782931846746,16800057,304782932702121,304782943363538,304782944551704,304782960035038,304782966040079,7172208,313833,304782966040079,304782960676579,-1,304782960035038,
0,103160362,304782948392960,304782948392960,0,304782948662163,304782948663913,304782948976788,304782949257829,304783000676407,304782948656204,16800057,304782949465288,304782961264121,304782962373913,304782977130621,304782983098413,6210667,314792,304782983098413,304782977781413,-1,304782977130621,
0,103160370,304782965193017,304782965193017,0,304782965484663,304782965486121,304782965825163,304782966014829,304783017476464,304782965479704,16800057,304782966279621,304782977971579,304782979190079,304782995387621,304783001399079,6179667,316417,304783001399079,304782996084954,-1,304782995387621,
0,103160378,304782981993074,304782981993074,0,304782982252371,304782982253621,304782982602038,304782982769413,304783034276521,304782982246829,16800057,304782982987621,304782996270746,304782997504954,304783010588746,304783016643538,4736042,312250,304783016643538,304783011251871,-1,304783010588746,
0,103160386,304782998793131,304782998793131,0,304782999065788,304782999067329,304782999397746,304782999559121,304783051076578,304782999059663,16800057,304782999757996,304783011442621,304783012751496,304783028228329,304783034179579,7378125,442125,304783034179579,304783029018871,-1,304783028228329,
0,103160394,304783015593188,304783015593188,0,304783015856079,304783015857454,304783016194621,304783016374288,304783067876635,304783015850163,16800057,304783016669996,304783029204163,304783030367663,304783043806538,304783049786579,5399167,446833,304783049786579,304783044627496,-1,304783043806538,
0,103160402,304783032393245,304783032393245,0,304783032672954,304783032674538,304783033023038,304783033177913,304783084676692,304783032667579,16800057,304783033377538,304783044817704,304783045981538,304783061374413,304783067349121,6789583,340125,304783067349121,304783062058413,-1,304783061374413,
0,103160410,304783049193302,304783049193302,0,304783049460454,304783049461871,304783049815163,304783050025829,304783101476749,304783049454579,16800057,304783050247663,304783062247663,304783063858788,304783077574579,304783083549913,5590000,740416,304783083549913,304783078667371,-1,304783077574579,
0,103160418,304783065993359,304783065993359,0,304783066258163,304783066259788,304783066559163,304783066728788,304783118276806,304783066253163,16800057,304783066963954,304783078867038,304783080080954,304783095193538,304783101165496,6115375,329708,304783101165496,304783095867746,-1,304783095193538,
0,103160426,304783082793416,304783082793416,0,304783083097496,304783083098871,304783083444788,304783083633704,304783135076863,304783083091288,16800057,304783083859746,304783096095788,304783097362038,304783112138788,304783118215663,5624375,397167,304783118215663,304783112987621,-1,304783112138788,
0,103160434,304783099593473,304783099593473,0,304783099883871,304783099885288,304783100244163,304783100401288,304783151876920,304783099877746,16800057,304783100600829,304783113178204,304783114498788,304783128794579,304783134785288,5396209,329500,304783134785288,304783129467079,-1,304783128794579,
0,103160442,304783116393530,304783116393530,0,304783116687121,304783116688663,304783117062621,304783117259413,304783168676977,304783116680704,16800057,304783117473746,304783129657954,304783131262121,304783145771121,304783151754871,5507458,485333,304783151754871,304783146623329,-1,304783145771121,
0,103160450,304783133193587,304783133193587,0,304783133449454,304783133450746,304783133772871,304783133927496,304783185477034,304783133444121,16800057,304783134127621,304783146814413,304783147969038,304783161756954,304783167801663,5422708,332833,304783167801663,304783162519371,-1,304783161756954,
0,103160458,304783149993644,304783149993644,0,304783150273704,304783150274996,304783150578704,304783150735163,304783202277091,304783150267954,16800057,304783150965579,304783162736704,304783164124913,304783178659246,304783184635913,6179542,325583,304783184635913,304783179328246,-1,304783178659246,
0,103160466,304783166793701,304783166793701,0,304783167151621,304783167153454,304783167491496,304783167656704,304783219077148,304783167145621,16800057,304783167880496,304783179520871,304783180982704,304783195351163,304783201337454,6035584,441959,304783201337454,304783196147329,-1,304783195351163,
0,103160474,304783183593758,304783183593758,0,304783183886746,304783183888246,304783184260871,304783184431788,304783235877205,304783183879871,16800057,304783184659746,304783196356621,304783197538663,304783213028121,304783219033829,6626125,370916,304783219033829,304783213841079,-1,304783213028121,
0,103160482,304783200393815,304783200393815,0,304783201054871,304783201056663,304783201452121,304783201679996,304783252677262,304783201048788,16800057,304783201915871,304783214054246,304783215358079,304783228366371,304783234364038,5288166,591375,304783234364038,304783229314996,-1,304783228366371,
0,103160490,304783217193872,304783217193872,0,304783217500788,304783217502329,304783217815204,304783217971621,304783269477319,304783217494538,16800057,304783218167579,304783229505704,304783230730038,304783246268371,304783252261538,6825541,619166,304783252261538,304783247247496,-1,304783246268371,
0,103160498,304783233993929,304783233993929,0,304783234408913,304783234410538,304783234893496,304783235077079,304783286277376,304783234401413,16800057,304783235306079,304783247437413,304783248680038,304783263082413,304783269069954,5644834,749583,304783269069954,304783264213663,-1,304783263082413,
0,103160506,304783250793986,304783250793986,0,304783251095663,304783251097121,304783251507246,304783251709954,304783303077433,304783251089288,16800057,304783251925496,304783264425204,304783265788913,304783278953496,304783284948163,5645917,307709,304783284948163,304783279596538,-1,304783278953496,
0,103160514,304783267594043,304783267594043,0,304783267893329,304783267894496,304783268245163,304783268402371,304783319877490,304783267887829,16800057,304783268603079,304783279787788,304783281027204,304783295575829,304783301563746,6905791,365000,304783301563746,304783296274413,-1,304783295575829,
0,103160522,304783284394100,304783284394100,0,304783284681454,304783284682788,304783285016788,304783285266996,304783336677547,304783284675163,16800057,304783285519246,304783296541038,304783297761579,304783311734079,304783317729413,6878959,329208,304783317729413,304783312455413,-1,304783311734079,
0,103160530,304783301194157,304783301194157,0,304783301475079,304783301476413,304783301805246,304783301958663,304783353477604,304783301469538,16800057,304783302152121,304783312655163,304783313798121,304783329088163,304783335083413,7808291,327166,304783335083413,304783329762704,-1,304783329088163,
0,103160538,304783317994214,304783317994214,0,304783318282538,304783318283954,304783318596746,304783319154871,304783370277661,304783318276163,16800057,304783319368496,304783329969496,304783331427871,304783347258246,304783353270038,6943250,321875,304783353270038,304783347944871,-1,304783347258246,
0,103160546,304783334794271,304783334794271,0,304783335100663,304783335102204,304783335466246,304783335636704,304783387077718,304783335094288,16800057,304783335854413,304783348179329,304783349352329,304783362678538,304783368696329,5658041,320667,304783368696329,304783363344913,-1,304783362678538,
0,103160554,304783351594328,304783351594328,0,304783351885663,304783351887454,304783352240288,304783352479413,304783403877775,304783351879746,16800057,304783352680621,304783363540288,304783364775996,304783381331871,304783387336371,7162041,318041,304783387336371,304783381992079,-1,304783381331871,
0,103160562,304783368394385,304783368394385,0,304783368816621,304783368818288,304783369165788,304783369333954,304783420677832,304783368789204,16800057,304783369546329,304783382184496,304783383555746,304783397271913,304783403269788,5238000,343959,304783403269788,304783398003496,-1,304783397271913,
0,103160570,304783385194442,304783385194442,0,304783385460579,304783385461663,304783385768329,304783385921996,304783437477889,304783385454829,16800057,304783386117871,304783398229663,304783399879746,304783413779246,304783419770455,5823875,416375,304783419770455,304783414557038,-1,304783413779246,
0,103160578,304783401994499,304783401994499,0,304783402284996,304783402286413,304783402682871,304783402841246,304783454277946,304783402279288,16800057,304783403040579,304783414768913,304783416060163,304783430781746,304783436797330,6357542,317042,304783436797330,304783431445955,-1,304783430781746,
0,103160586,304783418794556,304783418794556,0,304783419154996,304783419156871,304783419497580,304783419674996,304783471078003,304783419147788,16800057,304783419897955,304783431645080,304783432874246,304783448081038,304783454075080,6392541,321750,304783454075080,304783448749663,-1,304783448081038,
0,103160594,304783435594613,304783435594613,0,304783435856038,304783435856996,304783436919413,304783437179913,304783487878060,304783435850163,16800057,304783437453913,304783448953580,304783450128288,304783463336788,304783469330163,5679125,325000,304783469330163,304783464085871,-1,304783463336788,
0,103160602,304783452394670,304783452394670,0,304783452694413,304783452696038,304783453015288,304783453175246,304783504678117,304783452687705,16800057,304783453374246,304783464284621,304783465465038,304783482046496,304783488078163,7351292,340667,304783488078163,304783482803288,-1,304783482046496,
0,103160610,304783469194727,304783469194727,0,304783469571871,304783469573496,304783469906538,304783470111496,304783521478174,304783469564996,16800057,304783470325913,304783483032705,304783484322038,304783498568705,304783504618038,5733667,504084,304783504618038,304783499495455,-1,304783498568705,
0,103160618,304783485994784,304783485994784,0,304783486311871,304783486313496,304783486623371,304783486780538,304783538278231,304783486305746,16800057,304783486981080,304783499688038,304783501040038,304783513835496,304783519853413,5288167,319917,304783519853413,304783514497246,-1,304783513835496,
0,103160626,304783502794841,304783502794841,0,304783503084496,304783503086080,304783503405871,304783503567788,304783555078288,304783503077788,16800057,304783503769413,304783514694288,304783515877455,304783531522121,304783537540788,7275458,664084,304783537540788,304783532567830,-1,304783531522121,
0,103160634,304783519594898,304783519594898,0,304783519929371,304783519931080,304783520306371,304783520475455,304783571878345,304783519921830,16800057,304783520706788,304783532768288,304783533991663,304783549669830,304783555765413,5924042,637166,304783555765413,304783550724955,-1,304783549669830,
0,103160642,304783536394955,304783536394955,0,304783536698371,304783536699955,304783537008163,304783537179038,304783588678402,304783536691830,16800057,304783537401205,304783550934038,304783552414496,304783567241830,304783573245496,4720958,735167,304783573245496,304783568390080,-1,304783567241830,
0,103160650,304783553195012,304783553195012,0,304783553509330,304783553510996,304783553853705,304783554024538,304783605478459,304783553503080,16800057,304783554238288,304783568602455,304783570043871,304783583083455,304783589145913,3536166,704334,304783589145913,304783584194538,-1,304783583083455,
0,103160658,304783569995069,304783569995069,0,304783570300580,304783570301663,304783570655413,304783570825621,304783622278516,304783570295163,16800057,304783571040455,304783584402121,304783585740955,304783598860996,304783604855621,4590209,947584,304783604855621,304783600201080,-1,304783598860996,
0,103160666,304783586795126,304783586795126,0,304783587058538,304783587059830,304783587373830,304783587529955,304783639078573,304783587052121,16800057,304783587729871,304783600411496,304783601747163,304783616495330,304783622516246,5399458,695667,304783622516246,304783617580871,-1,304783616495330,
0,103160674,304783603595183,304783603595183,0,304783603897038,304783603898913,304783604262830,304783604432496,304783655878630,304783603891038,16800057,304783604648830,304783617776580,304783619044830,304783632882330,304783639131580,4791667,677500,304783639131580,304783634194288,-1,304783632882330,
0,103160682,304783620395240,304783620395240,0,304783620676621,304783620678038,304783620987955,304783621145038,304783672678687,304783620670371,16800057,304783621367121,304783634445580,304783635735538,304783649340496,304783655412163,4995459,1053834,304783655412163,304783650800496,-1,304783649340496,
0,103160690,304783637195297,304783637195297,0,304783637473163,304783637474871,304783637825371,304783637999746,304783689478744,304783637467871,16800057,304783638203663,304783651060830,304783652640621,304783666957496,304783672965205,5305959,609333,304783672965205,304783667931163,-1,304783666957496,
0,103160698,304783653995354,304783653995354,0,304783654538788,304783654540538,304783655055746,304783655254330,304783706278801,304783654531163,16800057,304783655528288,304783668194246,304783669554663,304783682439830,304783688531080,4662041,552250,304783688531080,304783683595246,-1,304783682439830,
0,103160706,304783670795411,304783670795411,0,304783671069830,304783671071371,304783671482788,304783671696205,304783723078858,304783671063746,16800057,304783671911830,304783683813788,304783685133455,304783698668955,304783704757288,5887792,614667,304783704757288,304783699657871,-1,304783698668955,
0,103160714,304783687595468,304783687595468,0,304783688061871,304783688063288,304783688447996,304783688655830,304783739878915,304783688054080,16800057,304783688864246,304783699847455,304783701536830,304783718138913,304783724209246,6913167,770166,304783724209246,304783719278371,-1,304783718138913,
0,103160722,304783704395525,304783704395525,0,304783704679205,304783704680705,304783705016330,304783705174746,304783756678972,304783704672913,16800057,304783705376746,304783719480538,304783720712121,304783733221371,304783739252288,4244125,314959,304783739252288,304783733869913,-1,304783733221371,
0,103160730,304783721195582,304783721195582,0,304783721481288,304783721482455,304783721810080,304783721970663,304783773479029,304783721475371,16800057,304783722179538,304783734065913,304783735421455,304783749143246,304783756393038,6182792,561708,304783756393038,304783750041413,-1,304783749143246,
0,103160738,304783737995639,304783737995639,0,304783738291871,304783738293246,304783738650580,304783738828455,304783790279086,304783738285413,16800057,304783739049205,304783750231288,304783751477871,304783767118996,304783773148038,6948166,573750,304783773148038,304783768091746,-1,304783767118996,
0,103160746,304783754795696,304783754795696,0,304783755110788,304783755112413,304783755623080,304783755804788,304783807079143,304783755102913,16800057,304783756084705,304783768281330,304783769460913,304783783250246,304783789276371,5600958,663459,304783789276371,304783784264163,-1,304783783250246,
0,103160754,304783771595753,304783771595753,0,304783771906371,304783771907621,304783772295996,304783772538413,304783823879200,304783771899996,16800057,304783772754455,304783784459955,304783785711955,304783801231705,304783807302913,6431084,562208,304783807302913,304783802138621,-1,304783801231705,
0,103160762,304783788395810,304783788395810,0,304783788729455,304783788731038,304783789125746,304783789317455,304783840679257,304783788722580,16800057,304783789557080,304783802327830,304783803535705,304783819021080,304783825175371,5583584,365708,304783825175371,304783819903205,-1,304783819021080,
0,103160770,304783805195867,304783805195867,0,304783805493705,304783805494955,304783806045705,304783806219746,304783857479314,304783805487955,16800057,304783806446788,304783820147371,304783821506955,304783833962330,304783840161163,4068125,708833,304783840161163,304783835172580,-1,304783833962330,
0,103160778,304783821995924,304783821995924,0,304783822284663,304783822286496,304783822702580,304783822887955,304783874279371,304783822278705,16800057,304783823145038,304783835379288,304783836940455,304783850695913,304783856824080,5343667,351459,304783856824080,304783851821746,-1,304783850695913,
0,103160786,304783838795981,304783838795981,0,304783839193205,304783839194538,304783839699746,304783839883455,304783891079428,304783839185330,16800057,304783840274163,304783852125455,304783853362580,304783867327496,304783873440330,5854375,448083,304783873440330,304783868158871,-1,304783867327496,
0,103160794,304783855596038,304783855596038,0,304783855897038,304783855898288,304783856724580,304783856903830,304783874279371,304783855891621,16800057,304783857106580,304783868552538,304783869874496,304783884745080,304783890807746,6263375,305250,304783890807746,304783885590038,-1,304783884745080,
0,103160802,304783872396095,304783872396095,0,304783872687788,304783872689288,304783873026955,304783873201371,304783891079428,304783872681455,16800057,304783873661496,304783885779413,304783887053038,304783899897121,304781891620120,5530333,314084,304781891620120,304783900665205,-1,304783899897121,
---PROFILEDATA---


View hierarchy:

  com.auroratv.lab/com.auroratv.MainActivity/android.view.ViewRootImpl@4d184f5
  357 views, 648.46 kB of render nodes


Total ViewRootImpl   : 1
Total attached Views : 357
Total RenderNode     : 648.46 kB (used) / 2575.90 kB (capacity)

